     7     1
    GDAS    18    12     1     0     0
    GDAS    19     1     1     0     0
    GDAS    19     2     1     0     0
    GDAS    19     3     1     0     0
    GDAS    19     4     1     0     0
    GDAS    19     5     1     0     0
    GDAS    19     6     1     0     0
     1 BACKWARD OMEGA   
    19     6    30    12   21.319 -157.670    10.0
     1 PRESSURE
     1     1    19     6    30    12     0     0     0.0   21.319 -157.670     10.0   1011.4
     1     1    19     6    30    11     0     1    -1.0   21.340 -157.477     37.1   1007.8
     1     1    19     6    30    10     0     2    -2.0   21.366 -157.265    106.2    999.5
     1     1    19     6    30     9     0     3    -3.0   21.387 -157.030    211.3    986.5
     1     1    19     6    30     8     0     2    -4.0   21.399 -156.777    331.0    972.2
     1     1    19     6    30     7     0     1    -5.0   21.400 -156.514    431.5    961.5
     1     1    19     6    30     6     0     0    -6.0   21.382 -156.250    495.2    954.7
     1     1    19     6    30     5     0     1    -7.0   21.344 -155.979    515.7    953.7
     1     1    19     6    30     4     0     2    -8.0   21.303 -155.694    518.9    956.0
     1     1    19     6    30     3     0     3    -9.0   21.276 -155.407    531.4    954.1
     1     1    19     6    30     2     0     2   -10.0   21.257 -155.127    554.8    952.2
     1     1    19     6    30     1     0     1   -11.0   21.243 -154.853    586.5    948.5
     1     1    19     6    30     0     0     0   -12.0   21.230 -154.581    618.6    945.3
     1     1    19     6    29    23     0     1   -13.0   21.215 -154.309    636.4    942.4
     1     1    19     6    29    22     0     2   -14.0   21.204 -154.042    623.7    943.9
     1     1    19     6    29    21     0     3   -15.0   21.202 -153.777    589.5    949.1
     1     1    19     6    29    20     0     2   -16.0   21.204 -153.506    558.1    953.7
     1     1    19     6    29    19     0     1   -17.0   21.206 -153.234    540.8    955.5
     1     1    19     6    29    18     0     0   -18.0   21.207 -152.973    535.4    955.9
     1     1    19     6    29    17     0     1   -19.0   21.208 -152.715    539.2    955.0
     1     1    19     6    29    16     0     2   -20.0   21.211 -152.449    548.3    953.5
     1     1    19     6    29    15     0     3   -21.0   21.218 -152.183    556.7    951.9
     1     1    19     6    29    14     0     2   -22.0   21.226 -151.912    562.1    951.4
     1     1    19     6    29    13     0     1   -23.0   21.232 -151.628    564.7    951.1
     1     1    19     6    29    12     0     0   -24.0   21.232 -151.330    554.7    951.1
     1     1    19     6    29    11     0     1   -25.0   21.237 -151.022    535.7    955.1
     1     1    19     6    29    10     0     2   -26.0   21.250 -150.704    532.1    957.4
     1     1    19     6    29     9     0     3   -27.0   21.266 -150.383    546.8    955.4
     1     1    19     6    29     8     0     2   -28.0   21.289 -150.058    564.0    952.8
     1     1    19     6    29     7     0     1   -29.0   21.325 -149.722    577.8    951.1
     1     1    19     6    29     6     0     0   -30.0   21.375 -149.368    585.5    949.8
     1     1    19     6    29     5     0     1   -31.0   21.435 -149.003    583.3    949.5
     1     1    19     6    29     4     0     2   -32.0   21.502 -148.648    574.3    950.4
     1     1    19     6    29     3     0     3   -33.0   21.573 -148.306    555.2    951.3
     1     1    19     6    29     2     0     2   -34.0   21.646 -147.974    527.3    955.4
     1     1    19     6    29     1     0     1   -35.0   21.719 -147.650    505.3    959.0
     1     1    19     6    29     0     0     0   -36.0   21.794 -147.333    486.7    960.2
     1     1    19     6    28    23     0     1   -37.0   21.865 -147.019    465.1    963.7
     1     1    19     6    28    22     0     2   -38.0   21.928 -146.699    452.2    966.7
     1     1    19     6    28    21     0     3   -39.0   21.982 -146.373    450.1    966.8
     1     1    19     6    28    20     0     2   -40.0   22.030 -146.044    449.9    966.6
     1     1    19     6    28    19     0     1   -41.0   22.082 -145.717    456.0    966.9
     1     1    19     6    28    18     0     0   -42.0   22.138 -145.392    478.6    964.6
     1     1    19     6    28    17     0     1   -43.0   22.193 -145.071    517.4    959.4
     1     1    19     6    28    16     0     2   -44.0   22.244 -144.752    552.6    953.3
     1     1    19     6    28    15     0     3   -45.0   22.294 -144.437    563.1    951.2
     1     1    19     6    28    14     0     2   -46.0   22.345 -144.120    539.3    953.1
     1     1    19     6    28    13     0     1   -47.0   22.395 -143.797    495.0    959.9
     1     1    19     6    28    12     0     0   -48.0   22.445 -143.473    459.5    965.3
     1     1    19     6    28    11     0     1   -49.0   22.497 -143.148    449.3    967.6
     1     1    19     6    28    10     0     2   -50.0   22.547 -142.819    460.0    965.6
     1     1    19     6    28     9     0     3   -51.0   22.593 -142.493    482.0    963.5
     1     1    19     6    28     8     0     2   -52.0   22.646 -142.165    509.3    959.5
     1     1    19     6    28     7     0     1   -53.0   22.710 -141.822    530.4    956.3
     1     1    19     6    28     6     0     0   -54.0   22.785 -141.466    539.7    955.2
     1     1    19     6    28     5     0     1   -55.0   22.868 -141.113    540.6    955.2
     1     1    19     6    28     4     0     2   -56.0   22.950 -140.776    538.2    955.6
     1     1    19     6    28     3     0     3   -57.0   23.030 -140.459    540.2    955.9
     1     1    19     6    28     2     0     2   -58.0   23.108 -140.157    538.5    954.6
     1     1    19     6    28     1     0     1   -59.0   23.181 -139.860    514.1    956.6
     1     1    19     6    28     0     0     0   -60.0   23.242 -139.563    472.5    962.5
     1     1    19     6    27    23     0     1   -61.0   23.295 -139.260    438.8    968.7
     1     1    19     6    27    22     0     2   -62.0   23.345 -138.950    419.5    970.4
     1     1    19     6    27    21     0     3   -63.0   23.392 -138.635    405.0    972.0
     1     1    19     6    27    20     0     2   -64.0   23.447 -138.323    389.5    973.5
     1     1    19     6    27    19     0     1   -65.0   23.506 -138.024    373.3    975.7
     1     1    19     6    27    18     0     0   -66.0   23.565 -137.736    365.5    977.4
     1     1    19     6    27    17     0     1   -67.0   23.626 -137.454    361.7    976.4
     1     1    19     6    27    16     0     2   -68.0   23.685 -137.178    342.8    977.3
     1     1    19     6    27    15     0     3   -69.0   23.739 -136.915    300.8    981.8
     1     1    19     6    27    14     0     2   -70.0   23.789 -136.660    265.6    989.0
     1     1    19     6    27    13     0     1   -71.0   23.837 -136.406    259.7    988.8
     1     1    19     6    27    12     0     0   -72.0   23.875 -136.159    280.0    986.0
     1     1    19     6    27    11     0     1   -73.0   23.910 -135.912    313.5    980.5
     1     1    19     6    27    10     0     2   -74.0   23.955 -135.656    342.6    977.1
     1     1    19     6    27     9     0     3   -75.0   24.013 -135.392    365.2    975.0
     1     1    19     6    27     8     0     2   -76.0   24.084 -135.123    381.3    973.3
     1     1    19     6    27     7     0     1   -77.0   24.169 -134.855    388.6    972.4
     1     1    19     6    27     6     0     0   -78.0   24.265 -134.592    389.2    973.0
     1     1    19     6    27     5     0     1   -79.0   24.369 -134.332    389.3    972.7
     1     1    19     6    27     4     0     2   -80.0   24.479 -134.068    388.6    971.9
     1     1    19     6    27     3     0     3   -81.0   24.597 -133.797    388.5    971.9
     1     1    19     6    27     2     0     2   -82.0   24.710 -133.538    384.7    971.4
     1     1    19     6    27     1     0     1   -83.0   24.808 -133.308    364.5    972.9
     1     1    19     6    27     0     0     0   -84.0   24.886 -133.099    320.8    977.2
     1     1    19     6    26    23     0     1   -85.0   24.954 -132.901    279.1    986.1
     1     1    19     6    26    22     0     2   -86.0   25.018 -132.706    261.7    988.1
     1     1    19     6    26    21     0     3   -87.0   25.078 -132.515    262.5    988.2
     1     1    19     6    26    20     0     2   -88.0   25.139 -132.320    265.8    986.3
     1     1    19     6    26    19     0     1   -89.0   25.207 -132.113    261.4    987.0
     1     1    19     6    26    18     0     0   -90.0   25.284 -131.895    253.6    987.8
     1     1    19     6    26    17     0     1   -91.0   25.372 -131.684    245.2    988.5
     1     1    19     6    26    16     0     2   -92.0   25.468 -131.492    236.4    989.2
     1     1    19     6    26    15     0     3   -93.0   25.575 -131.316    225.6    990.0
     1     1    19     6    26    14     0     2   -94.0   25.686 -131.155    214.9    991.0
     1     1    19     6    26    13     0     1   -95.0   25.795 -131.011    207.4    991.4
     1     1    19     6    26    12     0     0   -96.0   25.904 -130.888    205.5    991.3
     1     1    19     6    26    11     0     1   -97.0   26.010 -130.773    210.1    990.9
     1     1    19     6    26    10     0     2   -98.0   26.112 -130.649    219.2    989.9
     1     1    19     6    26     9     0     3   -99.0   26.213 -130.517    229.9    988.8
     1     1    19     6    26     8     0     2  -100.0   26.316 -130.380    236.0    987.8
     1     1    19     6    26     7     0     1  -101.0   26.426 -130.242    230.4    988.3
     1     1    19     6    26     6     0     0  -102.0   26.542 -130.100    210.1    990.5
     1     1    19     6    26     5     0     1  -103.0   26.664 -129.961    185.3    994.1
     1     1    19     6    26     4     0     2  -104.0   26.792 -129.833    168.7    996.1
     1     1    19     6    26     3     0     3  -105.0   26.924 -129.717    162.0    996.3
     1     1    19     6    26     2     0     2  -106.0   27.060 -129.610    160.7    995.9
     1     1    19     6    26     1     0     1  -107.0   27.195 -129.510    160.4    995.9
     1     1    19     6    26     0     0     0  -108.0   27.329 -129.415    160.4    995.9
     1     1    19     6    25    23     0     1  -109.0   27.464 -129.323    159.7    996.2
     1     1    19     6    25    22     0     2  -110.0   27.596 -129.230    157.5    996.7
     1     1    19     6    25    21     0     3  -111.0   27.724 -129.136    154.1    997.4
     1     1    19     6    25    20     0     2  -112.0   27.850 -129.042    150.9    998.2
     1     1    19     6    25    19     0     1  -113.0   27.980 -128.944    149.0    998.8
     1     1    19     6    25    18     0     0  -114.0   28.119 -128.840    148.6    999.0
     1     1    19     6    25    17     0     1  -115.0   28.267 -128.740    148.5    998.5
     1     1    19     6    25    16     0     2  -116.0   28.424 -128.655    148.5    998.1
     1     1    19     6    25    15     0     3  -117.0   28.592 -128.583    148.5    997.7
     1     1    19     6    25    14     0     2  -118.0   28.764 -128.521    148.4    997.4
     1     1    19     6    25    13     0     1  -119.0   28.932 -128.469    148.2    997.2
     1     1    19     6    25    12     0     0  -120.0   29.095 -128.427    148.2    996.9
     1     1    19     6    25    11     0     1  -121.0   29.254 -128.379    148.4    997.1
     1     1    19     6    25    10     0     2  -122.0   29.410 -128.309    149.1    997.1
     1     1    19     6    25     9     0     3  -123.0   29.565 -128.216    150.0    997.0
     1     1    19     6    25     8     0     2  -124.0   29.725 -128.109    152.7    997.2
     1     1    19     6    25     7     0     1  -125.0   29.897 -127.998    160.9    996.6
     1     1    19     6    25     6     0     0  -126.0   30.079 -127.884    174.9    995.0
     1     1    19     6    25     5     0     1  -127.0   30.268 -127.777    187.6    992.6
     1     1    19     6    25     4     0     2  -128.0   30.459 -127.675    195.0    991.7
     1     1    19     6    25     3     0     3  -129.0   30.654 -127.571    199.4    991.1
     1     1    19     6    25     2     0     2  -130.0   30.852 -127.461    201.7    990.8
     1     1    19     6    25     1     0     1  -131.0   31.056 -127.343    202.1    990.6
     1     1    19     6    25     0     0     0  -132.0   31.271 -127.221    200.2    990.7
     1     1    19     6    24    23     0     1  -133.0   31.500 -127.103    195.8    991.9
     1     1    19     6    24    22     0     2  -134.0   31.735 -126.991    190.1    993.2
     1     1    19     6    24    21     0     3  -135.0   31.971 -126.881    184.4    994.6
     1     1    19     6    24    20     0     2  -136.0   32.208 -126.775    181.1    995.3
     1     1    19     6    24    19     0     1  -137.0   32.448 -126.680    180.3    995.3
     1     1    19     6    24    18     0     0  -138.0   32.696 -126.595    180.9    995.2
     1     1    19     6    24    17     0     1  -139.0   32.964 -126.507    181.0    994.8
     1     1    19     6    24    16     0     2  -140.0   33.260 -126.405    178.4    994.8
     1     1    19     6    24    15     0     3  -141.0   33.583 -126.300    172.6    995.3
     1     1    19     6    24    14     0     2  -142.0   33.931 -126.208    165.3    996.3
     1     1    19     6    24    13     0     1  -143.0   34.297 -126.142    161.3    997.1
     1     1    19     6    24    12     0     0  -144.0   34.669 -126.097    161.5    996.8
     1     1    19     6    24    11     0     1  -145.0   35.044 -126.053    161.7    996.7
     1     1    19     6    24    10     0     2  -146.0   35.432 -126.005    161.9    997.2
     1     1    19     6    24     9     0     3  -147.0   35.861 -125.960    162.4    996.9
     1     1    19     6    24     8     0     2  -148.0   36.336 -125.930    162.4    997.5
     1     1    19     6    24     7     0     1  -149.0   36.840 -125.912    163.5    997.8
     1     1    19     6    24     6     0     0  -150.0   37.366 -125.896    168.4    997.9
     1     1    19     6    24     5     0     1  -151.0   37.920 -125.888    178.6    996.6
     1     1    19     6    24     4     0     2  -152.0   38.496 -125.890    188.5    995.3
     1     1    19     6    24     3     0     3  -153.0   39.084 -125.890    194.0    995.1
     1     1    19     6    24     2     0     2  -154.0   39.684 -125.918    200.5    995.5
     1     1    19     6    24     1     0     1  -155.0   40.296 -125.985    216.1    994.8
     1     1    19     6    24     0     0     0  -156.0   40.901 -126.053    247.2    992.2
     1     1    19     6    23    23     0     1  -157.0   41.471 -126.096    276.3    987.4
     1     1    19     6    23    22     0     2  -158.0   41.980 -126.120    275.8    987.7
     1     1    19     6    23    21     0     3  -159.0   42.426 -126.144    263.8    992.7
     1     1    19     6    23    20     0     2  -160.0   42.809 -126.162    265.8    993.6
     1     1    19     6    23    19     0     1  -161.0   43.137 -126.160    280.3    991.5
     1     1    19     6    23    18     0     0  -162.0   43.422 -126.146    301.6    988.9
     1     1    19     6    23    17     0     1  -163.0   43.689 -126.136    327.8    985.5
     1     1    19     6    23    16     0     2  -164.0   43.951 -126.141    355.7    981.9
     1     1    19     6    23    15     0     3  -165.0   44.210 -126.160    380.3    978.8
     1     1    19     6    23    14     0     2  -166.0   44.467 -126.198    400.1    976.8
     1     1    19     6    23    13     0     1  -167.0   44.722 -126.261    413.9    975.3
     1     1    19     6    23    12     0     0  -168.0   44.973 -126.352    418.8    974.8
