     7     1
    GDAS    19     6     1     0     0
    GDAS    19     7     1     0     0
    GDAS    19     8     1     0     0
    GDAS    19     9     1     0     0
    GDAS    19    10     1     0     0
    GDAS    19    11     1     0     0
    GDAS    19    12     1     0     0
     1 BACKWARD OMEGA   
    19    12    31     6   21.319 -157.670    10.0
     1 PRESSURE
     1     1    19    12    31     6     0     0     0.0   21.319 -157.670     10.0   1016.3
     1     1    19    12    31     5     0     1    -1.0   21.371 -157.406     29.3   1013.6
     1     1    19    12    31     4     0     2    -2.0   21.425 -157.105    123.5   1004.9
     1     1    19    12    31     3     0     3    -3.0   21.454 -156.747    285.6    981.8
     1     1    19    12    31     2     0     2    -4.0   21.439 -156.354    386.5    966.7
     1     1    19    12    31     1     0     1    -5.0   21.376 -155.940    416.4    969.5
     1     1    19    12    31     0     0     0    -6.0   21.290 -155.516    427.2    970.4
     1     1    19    12    30    23     0     1    -7.0   21.210 -155.107    442.9    969.7
     1     1    19    12    30    22     0     2    -8.0   21.133 -154.710    465.8    967.8
     1     1    19    12    30    21     0     3    -9.0   21.059 -154.320    485.7    965.1
     1     1    19    12    30    20     0     2   -10.0   20.995 -153.929    499.3    964.2
     1     1    19    12    30    19     0     1   -11.0   20.949 -153.532    518.2    962.2
     1     1    19    12    30    18     0     0   -12.0   20.922 -153.134    541.6    958.9
     1     1    19    12    30    17     0     1   -13.0   20.911 -152.731    562.8    956.4
     1     1    19    12    30    16     0     2   -14.0   20.913 -152.315    590.3    954.5
     1     1    19    12    30    15     0     3   -15.0   20.918 -151.893    633.4    949.8
     1     1    19    12    30    14     0     2   -16.0   20.927 -151.465    677.8    942.9
     1     1    19    12    30    13     0     1   -17.0   20.946 -151.026    708.3    939.0
     1     1    19    12    30    12     0     0   -18.0   20.973 -150.580    707.5    936.9
     1     1    19    12    30    11     0     1   -19.0   21.012 -150.128    686.8    943.2
     1     1    19    12    30    10     0     2   -20.0   21.068 -149.677    679.1    945.5
     1     1    19    12    30     9     0     3   -21.0   21.136 -149.237    675.8    945.0
     1     1    19    12    30     8     0     2   -22.0   21.208 -148.801    659.5    946.0
     1     1    19    12    30     7     0     1   -23.0   21.280 -148.360    650.1    949.2
     1     1    19    12    30     6     0     0   -24.0   21.350 -147.911    675.6    946.4
     1     1    19    12    30     5     0     1   -25.0   21.433 -147.462    705.0    938.5
     1     1    19    12    30     4     0     2   -26.0   21.536 -147.016    704.7    939.4
     1     1    19    12    30     3     0     3   -27.0   21.649 -146.571    699.4    941.5
     1     1    19    12    30     2     0     2   -28.0   21.769 -146.127    713.1    940.6
     1     1    19    12    30     1     0     1   -29.0   21.896 -145.684    747.2    935.3
     1     1    19    12    30     0     0     0   -30.0   22.025 -145.248    774.7    929.9
     1     1    19    12    29    23     0     1   -31.0   22.149 -144.819    797.9    930.8
     1     1    19    12    29    22     0     2   -32.0   22.267 -144.393    811.7    927.5
     1     1    19    12    29    21     0     3   -33.0   22.380 -143.970    768.0    931.1
     1     1    19    12    29    20     0     2   -34.0   22.490 -143.552    708.5    944.3
     1     1    19    12    29    19     0     1   -35.0   22.605 -143.143    679.5    946.7
     1     1    19    12    29    18     0     0   -36.0   22.734 -142.749    667.4    947.7
     1     1    19    12    29    17     0     1   -37.0   22.866 -142.362    647.4    947.6
     1     1    19    12    29    16     0     2   -38.0   22.998 -141.975    620.1    952.5
     1     1    19    12    29    15     0     3   -39.0   23.142 -141.587    606.6    954.1
     1     1    19    12    29    14     0     2   -40.0   23.290 -141.204    596.1    953.2
     1     1    19    12    29    13     0     1   -41.0   23.429 -140.832    580.8    954.9
     1     1    19    12    29    12     0     0   -42.0   23.558 -140.469    575.5    956.0
     1     1    19    12    29    11     0     1   -43.0   23.671 -140.106    587.9    954.9
     1     1    19    12    29    10     0     2   -44.0   23.764 -139.738    604.5    952.3
     1     1    19    12    29     9     0     3   -45.0   23.831 -139.363    602.6    951.7
     1     1    19    12    29     8     0     2   -46.0   23.890 -138.983    593.9    954.6
     1     1    19    12    29     7     0     1   -47.0   23.962 -138.605    596.2    954.2
     1     1    19    12    29     6     0     0   -48.0   24.038 -138.226    608.0    952.5
     1     1    19    12    29     5     0     1   -49.0   24.123 -137.854    617.0    950.5
     1     1    19    12    29     4     0     2   -50.0   24.229 -137.495    623.2    951.2
     1     1    19    12    29     3     0     3   -51.0   24.353 -137.152    635.3    949.8
     1     1    19    12    29     2     0     2   -52.0   24.472 -136.833    642.2    947.5
     1     1    19    12    29     1     0     1   -53.0   24.568 -136.546    635.7    947.8
     1     1    19    12    29     0     0     0   -54.0   24.636 -136.282    617.0    949.2
     1     1    19    12    28    23     0     1   -55.0   24.680 -136.008    605.7    952.7
     1     1    19    12    28    22     0     2   -56.0   24.714 -135.702    625.5    951.3
     1     1    19    12    28    21     0     3   -57.0   24.746 -135.375    692.2    945.5
     1     1    19    12    28    20     0     2   -58.0   24.780 -135.047    782.6    931.7
     1     1    19    12    28    19     0     1   -59.0   24.823 -134.729    834.4    924.5
     1     1    19    12    28    18     0     0   -60.0   24.870 -134.417    833.1    925.6
     1     1    19    12    28    17     0     1   -61.0   24.918 -134.108    793.7    930.2
     1     1    19    12    28    16     0     2   -62.0   24.971 -133.804    730.5    937.4
     1     1    19    12    28    15     0     3   -63.0   25.032 -133.509    671.7    946.5
     1     1    19    12    28    14     0     2   -64.0   25.091 -133.227    659.8    949.7
     1     1    19    12    28    13     0     1   -65.0   25.136 -132.956    704.2    942.8
     1     1    19    12    28    12     0     0   -66.0   25.169 -132.694    771.6    931.8
     1     1    19    12    28    11     0     1   -67.0   25.194 -132.435    831.5    925.3
     1     1    19    12    28    10     0     2   -68.0   25.217 -132.174    896.4    920.6
     1     1    19    12    28     9     0     3   -69.0   25.235 -131.916    996.0    911.0
     1     1    19    12    28     8     0     2   -70.0   25.253 -131.657   1093.6    895.1
     1     1    19    12    28     7     0     1   -71.0   25.272 -131.389   1126.2    890.5
     1     1    19    12    28     6     0     0   -72.0   25.293 -131.117   1067.4    895.0
     1     1    19    12    28     5     0     1   -73.0   25.322 -130.833    980.1    912.2
     1     1    19    12    28     4     0     2   -74.0   25.371 -130.531    940.1    916.3
     1     1    19    12    28     3     0     3   -75.0   25.438 -130.218    937.5    915.1
     1     1    19    12    28     2     0     2   -76.0   25.520 -129.907    955.0    911.6
     1     1    19    12    28     1     0     1   -77.0   25.610 -129.610    990.2    907.6
     1     1    19    12    28     0     0     0   -78.0   25.712 -129.325   1038.6    900.6
     1     1    19    12    27    23     0     1   -79.0   25.823 -129.055   1076.4    895.5
     1     1    19    12    27    22     0     2   -80.0   25.940 -128.801   1083.9    894.8
     1     1    19    12    27    21     0     3   -81.0   26.067 -128.566   1055.3    898.2
     1     1    19    12    27    20     0     2   -82.0   26.210 -128.342   1019.3    905.7
     1     1    19    12    27    19     0     1   -83.0   26.370 -128.124    999.9    907.7
     1     1    19    12    27    18     0     0   -84.0   26.546 -127.913    987.2    909.0
     1     1    19    12    27    17     0     1   -85.0   26.733 -127.719    971.3    909.8
     1     1    19    12    27    16     0     2   -86.0   26.928 -127.551    949.1    912.0
     1     1    19    12    27    15     0     3   -87.0   27.134 -127.409    929.2    914.7
     1     1    19    12    27    14     0     2   -88.0   27.351 -127.278    933.9    915.5
     1     1    19    12    27    13     0     1   -89.0   27.576 -127.147    966.7    910.1
     1     1    19    12    27    12     0     0   -90.0   27.804 -127.019   1004.9    903.8
     1     1    19    12    27    11     0     1   -91.0   28.041 -126.895   1016.8    900.6
     1     1    19    12    27    10     0     2   -92.0   28.297 -126.779   1012.9    904.4
     1     1    19    12    27     9     0     3   -93.0   28.570 -126.670   1031.8    903.6
     1     1    19    12    27     8     0     2   -94.0   28.850 -126.571   1086.5    897.9
     1     1    19    12    27     7     0     1   -95.0   29.131 -126.482   1169.5    888.0
     1     1    19    12    27     6     0     0   -96.0   29.419 -126.402   1252.6    876.6
     1     1    19    12    27     5     0     1   -97.0   29.722 -126.333   1301.6    869.4
     1     1    19    12    27     4     0     2   -98.0   30.046 -126.287   1295.3    869.1
     1     1    19    12    27     3     0     3   -99.0   30.393 -126.261   1259.8    875.6
     1     1    19    12    27     2     0     2  -100.0   30.760 -126.247   1239.1    878.8
     1     1    19    12    27     1     0     1  -101.0   31.148 -126.250   1242.3    877.1
     1     1    19    12    27     0     0     0  -102.0   31.564 -126.266   1266.8    874.2
     1     1    19    12    26    23     0     1  -103.0   32.007 -126.278   1335.5    868.6
     1     1    19    12    26    22     0     2  -104.0   32.466 -126.285   1459.7    854.6
     1     1    19    12    26    21     0     3  -105.0   32.947 -126.294   1628.2    836.5
     1     1    19    12    26    20     0     2  -106.0   33.456 -126.304   1805.0    815.2
     1     1    19    12    26    19     0     1  -107.0   33.965 -126.317   1939.6    799.9
     1     1    19    12    26    18     0     0  -108.0   34.484 -126.337   2009.3    792.4
     1     1    19    12    26    17     0     1  -109.0   35.024 -126.345   2046.0    791.4
     1     1    19    12    26    16     0     2  -110.0   35.566 -126.334   2081.5    786.8
     1     1    19    12    26    15     0     3  -111.0   36.095 -126.317   2096.4    783.1
     1     1    19    12    26    14     0     2  -112.0   36.601 -126.290   2135.5    784.9
     1     1    19    12    26    13     0     1  -113.0   37.072 -126.254   2249.4    771.7
     1     1    19    12    26    12     0     0  -114.0   37.503 -126.209   2374.1    754.7
     1     1    19    12    26    11     0     1  -115.0   37.900 -126.142   2464.1    746.0
     1     1    19    12    26    10     0     2  -116.0   38.267 -126.039   2583.5    740.4
     1     1    19    12    26     9     0     3  -117.0   38.603 -125.886   2804.1    719.4
     1     1    19    12    26     8     0     2  -118.0   38.900 -125.681   3023.9    691.3
     1     1    19    12    26     7     0     1  -119.0   39.164 -125.442   3160.5    679.1
     1     1    19    12    26     6     0     0  -120.0   39.406 -125.168   3223.8    673.7
     1     1    19    12    26     5     0     1  -121.0   39.640 -124.880   3247.5    672.4
     1     1    19    12    26     4     0     2  -122.0   39.870 -124.594   3263.5    667.2
     1     1    19    12    26     3     0     3  -123.0   40.081 -124.299   3306.2    660.1
     1     1    19    12    26     2     0     2  -124.0   40.256 -124.028   3388.9    645.8
     1     1    19    12    26     1     0     1  -125.0   40.394 -123.811   3453.8    616.9
     1     1    19    12    26     0     0     0  -126.0   40.506 -123.634   3511.1    591.2
     1     1    19    12    25    23     0     1  -127.0   40.608 -123.495   3575.1    571.8
     1     1    19    12    25    22     0     2  -128.0   40.716 -123.404   3686.5    553.5
     1     1    19    12    25    21     0     3  -129.0   40.836 -123.369   3887.3    535.1
     1     1    19    12    25    20     0     2  -130.0   40.986 -123.389   4191.5    512.6
     1     1    19    12    25    19     0     1  -131.0   41.162 -123.450   4546.8    491.0
     1     1    19    12    25    18     0     0  -132.0   41.335 -123.527   4880.4    474.3
     1     1    19    12    25    17     0     1  -133.0   41.474 -123.622   5137.4    459.9
     1     1    19    12    25    16     0     2  -134.0   41.573 -123.739   5304.5    458.1
     1     1    19    12    25    15     0     3  -135.0   41.660 -123.889   5433.9    459.1
     1     1    19    12    25    14     0     2  -136.0   41.717 -124.057   5556.3    459.9
     1     1    19    12    25    13     0     1  -137.0   41.712 -124.229   5693.2    456.4
     1     1    19    12    25    12     0     0  -138.0   41.674 -124.426   5853.6    452.3
     1     1    19    12    25    11     0     1  -139.0   41.625 -124.663   5977.3    447.5
     1     1    19    12    25    10     0     2  -140.0   41.551 -124.921   6006.5    453.3
     1     1    19    12    25     9     0     3  -141.0   41.455 -125.186   5976.3    460.6
     1     1    19    12    25     8     0     2  -142.0   41.369 -125.463   5987.8    462.6
     1     1    19    12    25     7     0     1  -143.0   41.288 -125.772   6042.5    456.6
     1     1    19    12    25     6     0     0  -144.0   41.186 -126.135   6088.4    452.8
     1     1    19    12    25     5     0     1  -145.0   41.145 -126.558   6138.9    450.9
     1     1    19    12    25     4     0     2  -146.0   41.149 -127.035   6195.5    445.8
     1     1    19    12    25     3     0     3  -147.0   41.140 -127.532   6297.8    442.9
     1     1    19    12    25     2     0     2  -148.0   41.174 -128.068   6506.5    430.3
     1     1    19    12    25     1     0     1  -149.0   41.227 -128.697   6758.7    410.5
     1     1    19    12    25     0     0     0  -150.0   41.288 -129.402   6925.0    396.0
     1     1    19    12    24    23     0     1  -151.0   41.449 -130.146   6976.8    396.3
     1     1    19    12    24    22     0     2  -152.0   41.661 -130.925   7070.3    392.8
     1     1    19    12    24    21     0     3  -153.0   41.834 -131.706   7124.3    388.7
     1     1    19    12    24    20     0     2  -154.0   42.024 -132.490   7120.1    390.7
     1     1    19    12    24    19     0     1  -155.0   42.288 -133.388   7162.3    386.6
     1     1    19    12    24    18     0     0  -156.0   42.564 -134.363   7121.6    390.1
     1     1    19    12    24    17     0     1  -157.0   42.866 -135.350   7141.0    388.3
     1     1    19    12    24    16     0     2  -158.0   43.177 -136.445   7162.4    386.7
     1     1    19    12    24    15     0     3  -159.0   43.459 -137.719   7170.3    385.9
     1     1    19    12    24    14     0     2  -160.0   43.823 -139.065   7104.7    387.3
     1     1    19    12    24    13     0     1  -161.0   44.133 -140.597   6785.7    408.6
     1     1    19    12    24    12     0     0  -162.0   44.452 -142.245   6292.3    435.6
     1     1    19    12    24    11     0     1  -163.0   44.685 -143.993   5647.5    482.1
     1     1    19    12    24    10     0     2  -164.0   44.975 -145.805   5353.9    502.7
     1     1    19    12    24     9     0     3  -165.0   45.340 -147.711   5193.7    511.3
     1     1    19    12    24     8     0     2  -166.0   45.778 -149.810   4867.1    535.3
     1     1    19    12    24     7     0     1  -167.0   46.282 -151.970   4557.3    559.2
     1     1    19    12    24     6     0     0  -168.0   46.798 -154.012   4376.5    570.3
