     7     1
    GDAS    18    12     1     0     0
    GDAS    19     1     1     0     0
    GDAS    19     2     1     0     0
    GDAS    19     3     1     0     0
    GDAS    19     4     1     0     0
    GDAS    19     5     1     0     0
    GDAS    19     6     1     0     0
     1 BACKWARD OMEGA   
    19     3    18    12   21.319 -157.670    10.0
     1 PRESSURE
     1     1    19     3    18    12     0     0     0.0   21.319 -157.670     10.0   1015.0
     1     1    19     3    18    11     0     1    -1.0   21.468 -157.517     10.2   1015.0
     1     1    19     3    18    10     0     2    -2.0   21.621 -157.372     10.6   1015.6
     1     1    19     3    18     9     0     3    -3.0   21.781 -157.238     11.3   1017.1
     1     1    19     3    18     8     0     2    -4.0   21.942 -157.120     11.8   1017.1
     1     1    19     3    18     7     0     1    -5.0   22.098 -157.022     11.8   1016.2
     1     1    19     3    18     6     0     0    -6.0   22.253 -156.944     11.8   1014.9
     1     1    19     3    18     5     0     1    -7.0   22.415 -156.886     11.8   1014.6
     1     1    19     3    18     4     0     2    -8.0   22.586 -156.849     11.8   1014.3
     1     1    19     3    18     3     0     3    -9.0   22.766 -156.833     11.8   1014.0
     1     1    19     3    18     2     0     2   -10.0   22.952 -156.834     11.8   1014.0
     1     1    19     3    18     1     0     1   -11.0   23.143 -156.850     11.8   1013.9
     1     1    19     3    18     0     0     0   -12.0   23.342 -156.883     11.8   1013.9
     1     1    19     3    17    23     0     1   -13.0   23.552 -156.926     11.8   1014.8
     1     1    19     3    17    22     0     2   -14.0   23.777 -156.976     11.8   1015.7
     1     1    19     3    17    21     0     3   -15.0   24.012 -157.035     11.8   1016.5
     1     1    19     3    17    20     0     2   -16.0   24.258 -157.109     11.8   1016.4
     1     1    19     3    17    19     0     1   -17.0   24.518 -157.204     11.8   1016.2
     1     1    19     3    17    18     0     0   -18.0   24.792 -157.326     11.8   1016.1
     1     1    19     3    17    17     0     1   -19.0   25.075 -157.477     11.8   1014.7
     1     1    19     3    17    16     0     2   -20.0   25.368 -157.654     11.8   1013.2
     1     1    19     3    17    15     0     3   -21.0   25.674 -157.861     11.8   1011.8
     1     1    19     3    17    14     0     2   -22.0   25.985 -158.104     11.8   1012.0
     1     1    19     3    17    13     0     1   -23.0   26.296 -158.381     11.8   1012.5
     1     1    19     3    17    12     0     0   -24.0   26.610 -158.694     11.8   1012.3
     1     1    19     3    17    11     0     1   -25.0   26.929 -159.039     11.8   1012.5
     1     1    19     3    17    10     0     2   -26.0   27.257 -159.406     11.8   1013.2
     1     1    19     3    17     9     0     3   -27.0   27.589 -159.796     11.8   1013.7
     1     1    19     3    17     8     0     2   -28.0   27.924 -160.225     11.8   1013.1
     1     1    19     3    17     7     0     1   -29.0   28.266 -160.692     11.8   1012.5
     1     1    19     3    17     6     0     0   -30.0   28.614 -161.198     12.0   1011.8
     1     1    19     3    17     5     0     1   -31.0   28.960 -161.740     12.1   1011.6
     1     1    19     3    17     4     0     2   -32.0   29.306 -162.310     12.4   1010.9
     1     1    19     3    17     3     0     3   -33.0   29.646 -162.902     12.7   1010.4
     1     1    19     3    17     2     0     2   -34.0   29.977 -163.517     12.7   1010.5
     1     1    19     3    17     1     0     1   -35.0   30.306 -164.157     12.7   1010.4
     1     1    19     3    17     0     0     0   -36.0   30.635 -164.823     12.7   1010.4
     1     1    19     3    16    23     0     1   -37.0   30.966 -165.497     12.7   1011.0
     1     1    19     3    16    22     0     2   -38.0   31.296 -166.166     12.7   1011.7
     1     1    19     3    16    21     0     3   -39.0   31.622 -166.833     12.7   1012.1
     1     1    19     3    16    20     0     2   -40.0   31.940 -167.509     12.7   1011.9
     1     1    19     3    16    19     0     1   -41.0   32.259 -168.202     12.7   1011.9
     1     1    19     3    16    18     0     0   -42.0   32.582 -168.911     12.7   1012.1
     1     1    19     3    16    17     0     1   -43.0   32.902 -169.620     12.7   1011.3
     1     1    19     3    16    16     0     2   -44.0   33.216 -170.318     12.7   1010.4
     1     1    19     3    16    15     0     3   -45.0   33.525 -171.009     12.7   1010.5
     1     1    19     3    16    14     0     2   -46.0   33.826 -171.700     12.1   1011.5
     1     1    19     3    16    13     0     1   -47.0   34.123 -172.397     11.1   1012.4
     1     1    19     3    16    12     0     0   -48.0   34.413 -173.109     10.6   1011.7
     1     1    19     3    16    11     0     1   -49.0   34.702 -173.825     10.6   1012.5
     1     1    19     3    16    10     0     2   -50.0   34.995 -174.526     10.6   1012.9
     1     1    19     3    16     9     0     3   -51.0   35.291 -175.213     10.6   1012.8
     1     1    19     3    16     8     0     2   -52.0   35.583 -175.896     10.6   1012.2
     1     1    19     3    16     7     0     1   -53.0   35.867 -176.591     10.6   1012.4
     1     1    19     3    16     6     0     0   -54.0   36.149 -177.298     10.6   1012.9
     1     1    19     3    16     5     0     1   -55.0   36.424 -178.008     10.6   1012.8
     1     1    19     3    16     4     0     2   -56.0   36.685 -178.708     10.6   1013.2
     1     1    19     3    16     3     0     3   -57.0   36.936 -179.396     10.6   1013.4
     1     1    19     3    16     2     0     2   -58.0   37.176  179.915     10.6   1013.1
     1     1    19     3    16     1     0     1   -59.0   37.409  179.213     10.6   1012.8
     1     1    19     3    16     0     0     0   -60.0   37.645  178.501     10.6   1012.9
     1     1    19     3    15    23     0     1   -61.0   37.882  177.798     10.6   1013.3
     1     1    19     3    15    22     0     2   -62.0   38.111  177.115     10.6   1013.6
     1     1    19     3    15    21     0     3   -63.0   38.329  176.442     10.6   1013.7
     1     1    19     3    15    20     0     2   -64.0   38.548  175.772     10.5   1013.3
     1     1    19     3    15    19     0     1   -65.0   38.766  175.105     10.0   1012.6
     1     1    19     3    15    18     0     0   -66.0   38.972  174.432      8.8   1011.3
     1     1    19     3    15    17     0     1   -67.0   39.173  173.746      7.8   1011.6
     1     1    19     3    15    16     0     2   -68.0   39.375  173.049      7.4   1011.2
     1     1    19     3    15    15     0     3   -69.0   39.572  172.346      7.1   1010.7
     1     1    19     3    15    14     0     2   -70.0   39.757  171.635      6.7   1010.7
     1     1    19     3    15    13     0     1   -71.0   39.928  170.907      6.9   1009.8
     1     1    19     3    15    12     0     0   -72.0   40.092  170.164      8.1   1011.2
     1     1    19     3    15    11     0     1   -73.0   40.264  169.433      9.7   1010.0
     1     1    19     3    15    10     0     2   -74.0   40.440  168.721     11.6   1008.4
     1     1    19     3    15     9     0     3   -75.0   40.610  168.007     14.2   1007.9
     1     1    19     3    15     8     0     2   -76.0   40.785  167.288     18.3   1006.7
     1     1    19     3    15     7     0     1   -77.0   40.973  166.565     24.5   1004.7
     1     1    19     3    15     6     0     0   -78.0   41.162  165.831     34.0   1002.9
     1     1    19     3    15     5     0     1   -79.0   41.344  165.096     44.6   1001.3
     1     1    19     3    15     4     0     2   -80.0   41.508  164.374     54.0   1000.0
     1     1    19     3    15     3     0     3   -81.0   41.641  163.655     64.8    998.2
     1     1    19     3    15     2     0     2   -82.0   41.757  162.961     76.5    995.8
     1     1    19     3    15     1     0     1   -83.0   41.878  162.295     87.0    993.9
     1     1    19     3    15     0     0     0   -84.0   42.003  161.623     94.9    992.4
     1     1    19     3    14    23     0     1   -85.0   42.107  160.957    100.3    991.1
     1     1    19     3    14    22     0     2   -86.0   42.195  160.316    107.8    989.9
     1     1    19     3    14    21     0     3   -87.0   42.286  159.685    119.3    987.8
     1     1    19     3    14    20     0     2   -88.0   42.361  159.063    132.0    986.0
     1     1    19     3    14    19     0     1   -89.0   42.414  158.471    143.2    983.9
     1     1    19     3    14    18     0     0   -90.0   42.463  157.915    151.9    982.1
     1     1    19     3    14    17     0     1   -91.0   42.502  157.347    158.2    981.3
     1     1    19     3    14    16     0     2   -92.0   42.522  156.745    160.8    980.8
     1     1    19     3    14    15     0     3   -93.0   42.531  156.155    159.4    980.9
     1     1    19     3    14    14     0     2   -94.0   42.542  155.578    159.5    982.2
     1     1    19     3    14    13     0     1   -95.0   42.553  155.008    162.8    981.7
     1     1    19     3    14    12     0     0   -96.0   42.549  154.475    165.9    981.5
     1     1    19     3    14    11     0     1   -97.0   42.541  153.961    169.5    981.3
     1     1    19     3    14    10     0     2   -98.0   42.548  153.438    177.2    980.6
     1     1    19     3    14     9     0     3   -99.0   42.558  152.920    191.1    979.0
     1     1    19     3    14     8     0     2  -100.0   42.569  152.412    207.1    976.2
     1     1    19     3    14     7     0     1  -101.0   42.596  151.909    222.5    974.6
     1     1    19     3    14     6     0     0  -102.0   42.633  151.414    238.0    972.2
     1     1    19     3    14     5     0     1  -103.0   42.673  150.941    247.8    970.8
     1     1    19     3    14     4     0     2  -104.0   42.706  150.487    255.8    970.9
     1     1    19     3    14     3     0     3  -105.0   42.725  150.034    272.7    969.8
     1     1    19     3    14     2     0     2  -106.0   42.738  149.620    293.0    965.9
     1     1    19     3    14     1     0     1  -107.0   42.750  149.284    306.2    964.0
     1     1    19     3    14     0     0     0  -108.0   42.753  149.009    309.2    963.6
     1     1    19     3    13    23     0     1  -109.0   42.761  148.784    307.8    964.4
     1     1    19     3    13    22     0     2  -110.0   42.796  148.602    307.5    963.8
     1     1    19     3    13    21     0     3  -111.0   42.857  148.458    304.5    963.5
     1     1    19     3    13    20     0     2  -112.0   42.938  148.343    301.8    964.5
     1     1    19     3    13    19     0     1  -113.0   43.033  148.244    305.1    964.3
     1     1    19     3    13    18     0     0  -114.0   43.140  148.163    314.4    963.1
     1     1    19     3    13    17     0     1  -115.0   43.252  148.107    324.4    961.4
     1     1    19     3    13    16     0     2  -116.0   43.361  148.074    330.4    960.8
     1     1    19     3    13    15     0     3  -117.0   43.471  148.060    332.8    960.7
     1     1    19     3    13    14     0     2  -118.0   43.577  148.045    335.1    961.2
     1     1    19     3    13    13     0     1  -119.0   43.674  148.013    339.4    961.0
     1     1    19     3    13    12     0     0  -120.0   43.760  147.966    344.7    960.7
     1     1    19     3    13    11     0     1  -121.0   43.851  147.899    349.7    959.8
     1     1    19     3    13    10     0     2  -122.0   43.966  147.804    352.3    959.1
     1     1    19     3    13     9     0     3  -123.0   44.112  147.687    359.0    956.8
     1     1    19     3    13     8     0     2  -124.0   44.286  147.552    384.4    952.1
     1     1    19     3    13     7     0     1  -125.0   44.478  147.392    426.8    945.8
     1     1    19     3    13     6     0     0  -126.0   44.681  147.212    475.4    940.1
     1     1    19     3    13     5     0     1  -127.0   44.884  147.023    504.9    937.2
     1     1    19     3    13     4     0     2  -128.0   45.079  146.830    499.0    939.0
     1     1    19     3    13     3     0     3  -129.0   45.270  146.640    472.4    942.9
     1     1    19     3    13     2     0     2  -130.0   45.471  146.484    444.9    947.9
     1     1    19     3    13     1     0     1  -131.0   45.691  146.384    426.5    949.6
     1     1    19     3    13     0     0     0  -132.0   45.932  146.340    414.7    950.6
     1     1    19     3    12    23     0     1  -133.0   46.186  146.354    404.7    951.1
     1     1    19     3    12    22     0     2  -134.0   46.448  146.429    393.9    952.3
     1     1    19     3    12    21     0     3  -135.0   46.725  146.576    384.7    953.2
     1     1    19     3    12    20     0     2  -136.0   47.028  146.812    380.1    953.7
     1     1    19     3    12    19     0     1  -137.0   47.351  147.137    378.9    953.3
     1     1    19     3    12    18     0     0  -138.0   47.681  147.555    373.8    953.4
     1     1    19     3    12    17     0     1  -139.0   48.019  148.079    358.2    955.1
     1     1    19     3    12    16     0     2  -140.0   48.348  148.690    341.0    958.8
     1     1    19     3    12    15     0     3  -141.0   48.657  149.380    329.3    960.5
     1     1    19     3    12    14     0     2  -142.0   48.939  150.180    311.6    962.0
     1     1    19     3    12    13     0     1  -143.0   49.176  151.103    284.8    966.9
     1     1    19     3    12    12     0     0  -144.0   49.355  152.084    271.2    970.0
     1     1    19     3    12    11     0     1  -145.0   49.482  153.054    273.4    970.5
     1     1    19     3    12    10     0     2  -146.0   49.564  153.996    276.4    971.2
     1     1    19     3    12     9     0     3  -147.0   49.625  154.939    313.1    968.9
     1     1    19     3    12     8     0     2  -148.0   49.689  155.909    341.6    964.0
     1     1    19     3    12     7     0     1  -149.0   49.739  156.849    320.1    970.4
     1     1    19     3    12     6     0     0  -150.0   49.752  157.707    318.4    971.1
     1     1    19     3    12     5     0     1  -151.0   49.747  158.490    318.4    972.4
     1     1    19     3    12     4     0     2  -152.0   49.738  159.198    318.4    973.6
     1     1    19     3    12     3     0     3  -153.0   49.728  159.827    318.4    974.9
     1     1    19     3    12     2     0     2  -154.0   49.723  160.372    319.0    975.9
     1     1    19     3    12     1     0     1  -155.0   49.729  160.829    320.6    976.6
     1     1    19     3    12     0     0     0  -156.0   49.749  161.204    323.1    977.1
     1     1    19     3    11    23     0     1  -157.0   49.787  161.501    327.8    977.0
     1     1    19     3    11    22     0     2  -158.0   49.847  161.720    337.3    976.2
     1     1    19     3    11    21     0     3  -159.0   49.931  161.868    353.6    974.5
     1     1    19     3    11    20     0     2  -160.0   50.039  161.948    375.3    971.5
     1     1    19     3    11    19     0     1  -161.0   50.174  161.963    397.8    968.7
     1     1    19     3    11    18     0     0  -162.0   50.334  161.919    418.0    966.1
     1     1    19     3    11    17     0     1  -163.0   50.519  161.820    434.5    963.8
     1     1    19     3    11    16     0     2  -164.0   50.729  161.665    448.2    961.8
     1     1    19     3    11    15     0     3  -165.0   50.958  161.464    461.2    960.0
     1     1    19     3    11    14     0     2  -166.0   51.204  161.217    478.7    957.8
     1     1    19     3    11    13     0     1  -167.0   51.465  160.927    498.5    954.2
     1     1    19     3    11    12     0     0  -168.0   51.729  160.596    503.3    951.9
