     7     1
    GDAS    18    12     1     0     0
    GDAS    19     1     1     0     0
    GDAS    19     2     1     0     0
    GDAS    19     3     1     0     0
    GDAS    19     4     1     0     0
    GDAS    19     5     1     0     0
    GDAS    19     6     1     0     0
     1 BACKWARD OMEGA   
    19     4    29    12   21.319 -157.670    10.0
     1 PRESSURE
     1     1    19     4    29    12     0     0     0.0   21.319 -157.670     10.0   1010.9
     1     1    19     4    29    11     0     1    -1.0   21.352 -157.629     11.1   1010.5
     1     1    19     4    29    10     0     2    -2.0   21.371 -157.590     11.4   1010.3
     1     1    19     4    29     9     0     3    -3.0   21.377 -157.553     10.9   1010.2
     1     1    19     4    29     8     0     2    -4.0   21.376 -157.523     10.1   1010.4
     1     1    19     4    29     7     0     1    -5.0   21.377 -157.501      9.5   1010.5
     1     1    19     4    29     6     0     0    -6.0   21.380 -157.487      9.2   1010.7
     1     1    19     4    29     5     0     1    -7.0   21.380 -157.478      8.8   1010.7
     1     1    19     4    29     4     0     2    -8.0   21.371 -157.474      8.1   1010.6
     1     1    19     4    29     3     0     3    -9.0   21.353 -157.476      7.0   1010.6
     1     1    19     4    29     2     0     2   -10.0   21.332 -157.480      6.1   1010.5
     1     1    19     4    29     1     0     1   -11.0   21.312 -157.477      5.7   1010.3
     1     1    19     4    29     0     0     0   -12.0   21.293 -157.466      5.9   1010.1
     1     1    19     4    28    23     0     1   -13.0   21.275 -157.443      6.2   1010.2
     1     1    19     4    28    22     0     2   -14.0   21.257 -157.402      6.5   1010.2
     1     1    19     4    28    21     0     3   -15.0   21.239 -157.343      6.5   1010.0
     1     1    19     4    28    20     0     2   -16.0   21.231 -157.281      7.1   1009.8
     1     1    19     4    28    19     0     1   -17.0   21.242 -157.230      8.9   1009.8
     1     1    19     4    28    18     0     0   -18.0   21.273 -157.187     12.2   1009.7
     1     1    19     4    28    17     0     1   -19.0   21.306 -157.145     18.3   1008.5
     1     1    19     4    28    16     0     2   -20.0   21.328 -157.101     27.6   1007.1
     1     1    19     4    28    15     0     3   -21.0   21.340 -157.055     40.7   1005.3
     1     1    19     4    28    14     0     2   -22.0   21.349 -157.013     57.9   1003.6
     1     1    19     4    28    13     0     1   -23.0   21.359 -156.978     77.3   1001.0
     1     1    19     4    28    12     0     0   -24.0   21.368 -156.946     98.2    998.7
     1     1    19     4    28    11     0     1   -25.0   21.372 -156.914    122.6    996.7
     1     1    19     4    28    10     0     2   -26.0   21.370 -156.876    153.4    994.0
     1     1    19     4    28     9     0     3   -27.0   21.363 -156.834    191.5    989.9
     1     1    19     4    28     8     0     2   -28.0   21.352 -156.791    233.2    984.8
     1     1    19     4    28     7     0     1   -29.0   21.337 -156.757    273.6    980.2
     1     1    19     4    28     6     0     0   -30.0   21.321 -156.732    311.2    975.3
     1     1    19     4    28     5     0     1   -31.0   21.302 -156.713    344.8    971.2
     1     1    19     4    28     4     0     2   -32.0   21.280 -156.693    374.9    967.8
     1     1    19     4    28     3     0     3   -33.0   21.253 -156.672    401.8    964.7
     1     1    19     4    28     2     0     2   -34.0   21.219 -156.649    424.3    962.4
     1     1    19     4    28     1     0     1   -35.0   21.177 -156.623    442.9    960.3
     1     1    19     4    28     0     0     0   -36.0   21.127 -156.593    459.9    958.5
     1     1    19     4    27    23     0     1   -37.0   21.077 -156.543    498.2    957.0
     1     1    19     4    27    22     0     2   -38.0   21.029 -156.455    588.9    948.4
     1     1    19     4    27    21     0     3   -39.0   20.983 -156.327    740.8    933.1
     1     1    19     4    27    20     0     2   -40.0   20.953 -156.193    923.4    911.5
     1     1    19     4    27    19     0     1   -41.0   20.948 -156.086   1097.3    892.9
     1     1    19     4    27    18     0     0   -42.0   20.965 -156.012   1252.5    876.8
     1     1    19     4    27    17     0     1   -43.0   20.990 -155.970   1395.3    862.6
     1     1    19     4    27    16     0     2   -44.0   21.010 -155.956   1536.5    848.4
     1     1    19     4    27    15     0     3   -45.0   21.014 -155.964   1686.2    833.7
     1     1    19     4    27    14     0     2   -46.0   21.000 -155.994   1856.1    817.6
     1     1    19     4    27    13     0     1   -47.0   20.980 -156.043   2044.3    798.6
     1     1    19     4    27    12     0     0   -48.0   20.962 -156.107   2240.3    779.9
     1     1    19     4    27    11     0     1   -49.0   20.955 -156.185   2422.3    761.1
     1     1    19     4    27    10     0     2   -50.0   20.962 -156.276   2573.9    747.3
     1     1    19     4    27     9     0     3   -51.0   20.979 -156.378   2696.0    736.5
     1     1    19     4    27     8     0     2   -52.0   20.995 -156.487   2792.8    727.5
     1     1    19     4    27     7     0     1   -53.0   21.004 -156.598   2867.9    720.3
     1     1    19     4    27     6     0     0   -54.0   21.007 -156.714   2924.1    714.9
     1     1    19     4    27     5     0     1   -55.0   21.007 -156.827   2960.8    710.8
     1     1    19     4    27     4     0     2   -56.0   21.007 -156.933   2976.0    708.8
     1     1    19     4    27     3     0     3   -57.0   21.005 -157.028   2971.3    708.9
     1     1    19     4    27     2     0     2   -58.0   21.000 -157.119   2954.9    711.4
     1     1    19     4    27     1     0     1   -59.0   20.988 -157.210   2934.8    713.7
     1     1    19     4    27     0     0     0   -60.0   20.969 -157.300   2913.1    716.2
     1     1    19     4    26    23     0     1   -61.0   20.947 -157.388   2893.0    718.9
     1     1    19     4    26    22     0     2   -62.0   20.931 -157.469   2875.8    721.0
     1     1    19     4    26    21     0     3   -63.0   20.919 -157.542   2860.1    723.0
     1     1    19     4    26    20     0     2   -64.0   20.912 -157.608   2847.0    724.5
     1     1    19     4    26    19     0     1   -65.0   20.904 -157.667   2838.6    725.4
     1     1    19     4    26    18     0     0   -66.0   20.897 -157.719   2835.4    725.8
     1     1    19     4    26    17     0     1   -67.0   20.890 -157.768   2836.5    725.6
     1     1    19     4    26    16     0     2   -68.0   20.882 -157.816   2841.2    725.2
     1     1    19     4    26    15     0     3   -69.0   20.873 -157.864   2849.5    724.5
     1     1    19     4    26    14     0     2   -70.0   20.865 -157.910   2857.2    723.6
     1     1    19     4    26    13     0     1   -71.0   20.862 -157.953   2860.1    723.6
     1     1    19     4    26    12     0     0   -72.0   20.863 -157.995   2857.9    724.0
     1     1    19     4    26    11     0     1   -73.0   20.869 -158.033   2850.9    725.1
     1     1    19     4    26    10     0     2   -74.0   20.881 -158.068   2839.4    726.5
     1     1    19     4    26     9     0     3   -75.0   20.898 -158.098   2823.1    728.4
     1     1    19     4    26     8     0     2   -76.0   20.922 -158.126   2805.3    730.2
     1     1    19     4    26     7     0     1   -77.0   20.954 -158.152   2789.7    731.4
     1     1    19     4    26     6     0     0   -78.0   20.993 -158.179   2776.9    732.5
     1     1    19     4    26     5     0     1   -79.0   21.035 -158.205   2763.8    733.2
     1     1    19     4    26     4     0     2   -80.0   21.073 -158.226   2747.3    734.6
     1     1    19     4    26     3     0     3   -81.0   21.108 -158.244   2727.3    736.2
     1     1    19     4    26     2     0     2   -82.0   21.140 -158.260   2709.4    738.4
     1     1    19     4    26     1     0     1   -83.0   21.172 -158.279   2698.9    739.4
     1     1    19     4    26     0     0     0   -84.0   21.203 -158.300   2695.4    739.8
     1     1    19     4    25    23     0     1   -85.0   21.235 -158.321   2696.4    739.7
     1     1    19     4    25    22     0     2   -86.0   21.268 -158.339   2699.4    739.7
     1     1    19     4    25    21     0     3   -87.0   21.304 -158.355   2705.0    739.5
     1     1    19     4    25    20     0     2   -88.0   21.343 -158.374   2713.0    738.7
     1     1    19     4    25    19     0     1   -89.0   21.386 -158.403   2723.1    737.7
     1     1    19     4    25    18     0     0   -90.0   21.433 -158.441   2736.5    736.5
     1     1    19     4    25    17     0     1   -91.0   21.477 -158.486   2751.6    734.8
     1     1    19     4    25    16     0     2   -92.0   21.513 -158.534   2764.6    733.3
     1     1    19     4    25    15     0     3   -93.0   21.539 -158.584   2772.8    732.3
     1     1    19     4    25    14     0     2   -94.0   21.561 -158.638   2776.5    732.2
     1     1    19     4    25    13     0     1   -95.0   21.586 -158.695   2777.1    732.3
     1     1    19     4    25    12     0     0   -96.0   21.614 -158.755   2775.8    732.6
     1     1    19     4    25    11     0     1   -97.0   21.642 -158.811   2774.2    733.2
     1     1    19     4    25    10     0     2   -98.0   21.668 -158.857   2773.4    733.6
     1     1    19     4    25     9     0     3   -99.0   21.691 -158.893   2773.1    733.9
     1     1    19     4    25     8     0     2  -100.0   21.715 -158.925   2772.9    733.8
     1     1    19     4    25     7     0     1  -101.0   21.743 -158.959   2772.7    733.7
     1     1    19     4    25     6     0     0  -102.0   21.776 -158.996   2772.7    733.6
     1     1    19     4    25     5     0     1  -103.0   21.815 -159.033   2770.1    733.4
     1     1    19     4    25     4     0     2  -104.0   21.860 -159.067   2761.1    734.0
     1     1    19     4    25     3     0     3  -105.0   21.909 -159.098   2744.8    735.2
     1     1    19     4    25     2     0     2  -106.0   21.961 -159.128   2730.1    737.6
     1     1    19     4    25     1     0     1  -107.0   22.013 -159.160   2727.6    738.0
     1     1    19     4    25     0     0     0  -108.0   22.067 -159.192   2738.0    737.2
     1     1    19     4    24    23     0     1  -109.0   22.121 -159.216   2752.6    735.5
     1     1    19     4    24    22     0     2  -110.0   22.174 -159.228   2761.4    735.0
     1     1    19     4    24    21     0     3  -111.0   22.225 -159.228   2764.3    735.1
     1     1    19     4    24    20     0     2  -112.0   22.275 -159.224   2768.0    735.3
     1     1    19     4    24    19     0     1  -113.0   22.324 -159.224   2778.4    734.3
     1     1    19     4    24    18     0     0  -114.0   22.373 -159.231   2794.3    732.8
     1     1    19     4    24    17     0     1  -115.0   22.424 -159.241   2808.8    730.8
     1     1    19     4    24    16     0     2  -116.0   22.476 -159.250   2816.2    730.1
     1     1    19     4    24    15     0     3  -117.0   22.529 -159.259   2817.6    729.9
     1     1    19     4    24    14     0     2  -118.0   22.582 -159.268   2816.5    730.4
     1     1    19     4    24    13     0     1  -119.0   22.635 -159.275   2816.0    730.7
     1     1    19     4    24    12     0     0  -120.0   22.688 -159.283   2815.9    730.9
     1     1    19     4    24    11     0     1  -121.0   22.744 -159.289   2815.9    731.2
     1     1    19     4    24    10     0     2  -122.0   22.802 -159.294   2815.7    731.6
     1     1    19     4    24     9     0     3  -123.0   22.862 -159.299   2815.3    732.0
     1     1    19     4    24     8     0     2  -124.0   22.923 -159.308   2817.9    731.9
     1     1    19     4    24     7     0     1  -125.0   22.985 -159.327   2826.8    730.9
     1     1    19     4    24     6     0     0  -126.0   23.047 -159.355   2842.8    729.4
     1     1    19     4    24     5     0     1  -127.0   23.106 -159.391   2860.0    727.3
     1     1    19     4    24     4     0     2  -128.0   23.159 -159.430   2871.0    726.3
     1     1    19     4    24     3     0     3  -129.0   23.205 -159.472   2874.7    725.9
     1     1    19     4    24     2     0     2  -130.0   23.242 -159.515   2874.7    726.4
     1     1    19     4    24     1     0     1  -131.0   23.271 -159.557   2874.7    726.6
     1     1    19     4    24     0     0     0  -132.0   23.290 -159.598   2874.7    726.7
     1     1    19     4    23    23     0     1  -133.0   23.302 -159.632   2874.7    727.0
     1     1    19     4    23    22     0     2  -134.0   23.306 -159.654   2874.7    727.3
     1     1    19     4    23    21     0     3  -135.0   23.303 -159.664   2874.7    727.6
     1     1    19     4    23    20     0     2  -136.0   23.291 -159.663   2870.6    727.5
     1     1    19     4    23    19     0     1  -137.0   23.270 -159.656   2857.9    728.5
     1     1    19     4    23    18     0     0  -138.0   23.240 -159.639   2836.4    730.3
     1     1    19     4    23    17     0     1  -139.0   23.205 -159.610   2811.5    732.8
     1     1    19     4    23    16     0     2  -140.0   23.170 -159.566   2789.8    734.5
     1     1    19     4    23    15     0     3  -141.0   23.135 -159.509   2772.3    735.8
     1     1    19     4    23    14     0     2  -142.0   23.102 -159.437   2764.0    737.1
     1     1    19     4    23    13     0     1  -143.0   23.071 -159.350   2770.0    736.7
     1     1    19     4    23    12     0     0  -144.0   23.043 -159.251   2791.4    735.0
     1     1    19     4    23    11     0     1  -145.0   23.020 -159.143   2817.5    732.1
     1     1    19     4    23    10     0     2  -146.0   23.002 -159.029   2835.4    730.8
     1     1    19     4    23     9     0     3  -147.0   22.990 -158.909   2841.9    730.6
     1     1    19     4    23     8     0     2  -148.0   22.984 -158.787   2843.2    731.1
     1     1    19     4    23     7     0     1  -149.0   22.984 -158.666   2847.2    730.7
     1     1    19     4    23     6     0     0  -150.0   22.989 -158.548   2853.9    730.1
     1     1    19     4    23     5     0     1  -151.0   22.991 -158.435   2860.9    729.2
     1     1    19     4    23     4     0     2  -152.0   22.982 -158.327   2865.2    728.7
     1     1    19     4    23     3     0     3  -153.0   22.961 -158.222   2866.7    728.4
     1     1    19     4    23     2     0     2  -154.0   22.932 -158.116   2869.0    728.7
     1     1    19     4    23     1     0     1  -155.0   22.893 -158.002   2875.2    728.3
     1     1    19     4    23     0     0     0  -156.0   22.846 -157.881   2884.2    727.6
     1     1    19     4    22    23     0     1  -157.0   22.793 -157.740   2894.6    726.8
     1     1    19     4    22    22     0     2  -158.0   22.738 -157.571   2905.4    726.0
     1     1    19     4    22    21     0     3  -159.0   22.678 -157.374   2916.1    725.2
     1     1    19     4    22    20     0     2  -160.0   22.615 -157.156   2921.3    724.1
     1     1    19     4    22    19     0     1  -161.0   22.552 -156.924   2914.3    724.4
     1     1    19     4    22    18     0     0  -162.0   22.494 -156.679   2897.3    726.0
     1     1    19     4    22    17     0     1  -163.0   22.445 -156.427   2884.9    727.9
     1     1    19     4    22    16     0     2  -164.0   22.404 -156.175   2887.6    727.5
     1     1    19     4    22    15     0     3  -165.0   22.371 -155.921   2904.2    725.7
     1     1    19     4    22    14     0     2  -166.0   22.343 -155.661   2926.7    723.2
     1     1    19     4    22    13     0     1  -167.0   22.318 -155.392   2948.3    721.3
     1     1    19     4    22    12     0     0  -168.0   22.297 -155.115   2968.0    719.6
