     7     1
    GDAS    18    12     1     0     0
    GDAS    19     1     1     0     0
    GDAS    19     2     1     0     0
    GDAS    19     3     1     0     0
    GDAS    19     4     1     0     0
    GDAS    19     5     1     0     0
    GDAS    19     6     1     0     0
     1 BACKWARD OMEGA   
    19     5    30     0   21.319 -157.670    10.0
     1 PRESSURE
     1     1    19     5    30     0     0     0     0.0   21.319 -157.670     10.0   1014.1
     1     1    19     5    29    23     0     1    -1.0   21.336 -157.546     10.5   1013.3
     1     1    19     5    29    22     0     2    -2.0   21.354 -157.425     11.2   1012.5
     1     1    19     5    29    21     0     3    -3.0   21.369 -157.308     11.9   1011.8
     1     1    19     5    29    20     0     2    -4.0   21.379 -157.197     12.5   1011.5
     1     1    19     5    29    19     0     1    -5.0   21.385 -157.093     12.8   1011.4
     1     1    19     5    29    18     0     0    -6.0   21.384 -156.997     12.8   1011.3
     1     1    19     5    29    17     0     1    -7.0   21.372 -156.894     12.9   1011.8
     1     1    19     5    29    16     0     2    -8.0   21.345 -156.772     13.3   1012.1
     1     1    19     5    29    15     0     3    -9.0   21.301 -156.634     14.0   1012.2
     1     1    19     5    29    14     0     2   -10.0   21.245 -156.490     15.1   1012.9
     1     1    19     5    29    13     0     1   -11.0   21.180 -156.346     16.9   1013.7
     1     1    19     5    29    12     0     0   -12.0   21.106 -156.201     19.8   1014.4
     1     1    19     5    29    11     0     1   -13.0   21.021 -156.054     24.1   1015.8
     1     1    19     5    29    10     0     2   -14.0   20.935 -155.908     29.9   1016.5
     1     1    19     5    29     9     0     3   -15.0   20.860 -155.767     35.7   1016.3
     1     1    19     5    29     8     0     2   -16.0   20.795 -155.633     41.8   1015.0
     1     1    19     5    29     7     0     1   -17.0   20.735 -155.508     48.8   1013.8
     1     1    19     5    29     6     0     0   -18.0   20.674 -155.390     56.7   1012.7
     1     1    19     5    29     5     0     1   -19.0   20.610 -155.269     62.5   1010.9
     1     1    19     5    29     4     0     2   -20.0   20.537 -155.132     61.1   1010.4
     1     1    19     5    29     3     0     3   -21.0   20.454 -154.970     50.8   1011.4
     1     1    19     5    29     2     0     2   -22.0   20.368 -154.794     39.7   1013.3
     1     1    19     5    29     1     0     1   -23.0   20.284 -154.620     33.0   1014.2
     1     1    19     5    29     0     0     0   -24.0   20.203 -154.449     29.3   1014.7
     1     1    19     5    28    23     0     1   -25.0   20.134 -154.273     26.4   1014.9
     1     1    19     5    28    22     0     2   -26.0   20.085 -154.086     24.2   1015.0
     1     1    19     5    28    21     0     3   -27.0   20.054 -153.887     23.4   1014.6
     1     1    19     5    28    20     0     2   -28.0   20.033 -153.678     23.4   1014.7
     1     1    19     5    28    19     0     1   -29.0   20.015 -153.461     23.4   1014.8
     1     1    19     5    28    18     0     0   -30.0   20.001 -153.236     23.4   1015.0
     1     1    19     5    28    17     0     1   -31.0   19.990 -153.010     23.4   1014.7
     1     1    19     5    28    16     0     2   -32.0   19.984 -152.789     23.3   1014.5
     1     1    19     5    28    15     0     3   -33.0   19.982 -152.574     22.8   1014.2
     1     1    19     5    28    14     0     2   -34.0   19.978 -152.362     22.1   1014.3
     1     1    19     5    28    13     0     1   -35.0   19.971 -152.154     21.6   1014.4
     1     1    19     5    28    12     0     0   -36.0   19.961 -151.947     21.3   1014.4
     1     1    19     5    28    11     0     1   -37.0   19.950 -151.738     21.3   1014.3
     1     1    19     5    28    10     0     2   -38.0   19.939 -151.524     21.3   1014.2
     1     1    19     5    28     9     0     3   -39.0   19.929 -151.306     21.3   1014.1
     1     1    19     5    28     8     0     2   -40.0   19.918 -151.086     21.7   1014.2
     1     1    19     5    28     7     0     1   -41.0   19.904 -150.863     22.9   1014.1
     1     1    19     5    28     6     0     0   -42.0   19.887 -150.636     25.1   1014.0
     1     1    19     5    28     5     0     1   -43.0   19.867 -150.407     27.5   1013.5
     1     1    19     5    28     4     0     2   -44.0   19.844 -150.177     28.9   1013.1
     1     1    19     5    28     3     0     3   -45.0   19.819 -149.946     29.5   1012.9
     1     1    19     5    28     2     0     2   -46.0   19.792 -149.712     29.5   1013.3
     1     1    19     5    28     1     0     1   -47.0   19.766 -149.473     29.5   1013.5
     1     1    19     5    28     0     0     0   -48.0   19.739 -149.229     29.5   1013.7
     1     1    19     5    27    23     0     1   -49.0   19.712 -148.982     29.6   1013.9
     1     1    19     5    27    22     0     2   -50.0   19.688 -148.733     29.9   1014.0
     1     1    19     5    27    21     0     3   -51.0   19.666 -148.480     30.3   1014.1
     1     1    19     5    27    20     0     2   -52.0   19.648 -148.222     30.9   1014.3
     1     1    19     5    27    19     0     1   -53.0   19.640 -147.957     31.8   1014.4
     1     1    19     5    27    18     0     0   -54.0   19.642 -147.688     33.5   1014.4
     1     1    19     5    27    17     0     1   -55.0   19.650 -147.418     36.3   1014.2
     1     1    19     5    27    16     0     2   -56.0   19.664 -147.150     39.2   1014.0
     1     1    19     5    27    15     0     3   -57.0   19.680 -146.882     41.5   1013.8
     1     1    19     5    27    14     0     2   -58.0   19.697 -146.617     43.3   1013.5
     1     1    19     5    27    13     0     1   -59.0   19.714 -146.357     44.8   1013.2
     1     1    19     5    27    12     0     0   -60.0   19.731 -146.099     45.4   1013.0
     1     1    19     5    27    11     0     1   -61.0   19.750 -145.837     45.4   1013.4
     1     1    19     5    27    10     0     2   -62.0   19.772 -145.573     45.4   1013.6
     1     1    19     5    27     9     0     3   -63.0   19.799 -145.307     45.4   1013.9
     1     1    19     5    27     8     0     2   -64.0   19.830 -145.044     45.4   1013.8
     1     1    19     5    27     7     0     1   -65.0   19.863 -144.783     45.4   1013.8
     1     1    19     5    27     6     0     0   -66.0   19.898 -144.526     45.4   1013.8
     1     1    19     5    27     5     0     1   -67.0   19.933 -144.273     45.4   1013.5
     1     1    19     5    27     4     0     2   -68.0   19.965 -144.024     45.4   1013.2
     1     1    19     5    27     3     0     3   -69.0   19.993 -143.777     45.4   1012.9
     1     1    19     5    27     2     0     2   -70.0   20.017 -143.526     45.4   1012.8
     1     1    19     5    27     1     0     1   -71.0   20.039 -143.269     45.4   1012.7
     1     1    19     5    27     0     0     0   -72.0   20.057 -143.006     45.4   1012.6
     1     1    19     5    26    23     0     1   -73.0   20.080 -142.740     45.4   1012.4
     1     1    19     5    26    22     0     2   -74.0   20.116 -142.476     45.4   1012.3
     1     1    19     5    26    21     0     3   -75.0   20.164 -142.214     45.4   1012.2
     1     1    19     5    26    20     0     2   -76.0   20.224 -141.956     45.7   1013.1
     1     1    19     5    26    19     0     1   -77.0   20.294 -141.704     47.0   1013.9
     1     1    19     5    26    18     0     0   -78.0   20.372 -141.459     49.3   1014.1
     1     1    19     5    26    17     0     1   -79.0   20.456 -141.218     52.1   1013.4
     1     1    19     5    26    16     0     2   -80.0   20.544 -140.981     54.9   1012.7
     1     1    19     5    26    15     0     3   -81.0   20.637 -140.744     58.0   1011.9
     1     1    19     5    26    14     0     2   -82.0   20.729 -140.506     61.0   1011.2
     1     1    19     5    26    13     0     1   -83.0   20.818 -140.266     63.0   1010.7
     1     1    19     5    26    12     0     0   -84.0   20.905 -140.025     63.5   1010.4
     1     1    19     5    26    11     0     1   -85.0   20.990 -139.783     64.1   1011.2
     1     1    19     5    26    10     0     2   -86.0   21.077 -139.541     66.3   1011.5
     1     1    19     5    26     9     0     3   -87.0   21.167 -139.297     69.4   1011.7
     1     1    19     5    26     8     0     2   -88.0   21.266 -139.051     72.7   1011.1
     1     1    19     5    26     7     0     1   -89.0   21.375 -138.807     74.9   1010.7
     1     1    19     5    26     6     0     0   -90.0   21.494 -138.566     75.6   1010.6
     1     1    19     5    26     5     0     1   -91.0   21.615 -138.333     75.6   1010.4
     1     1    19     5    26     4     0     2   -92.0   21.730 -138.108     75.6   1010.1
     1     1    19     5    26     3     0     3   -93.0   21.842 -137.892     75.6   1009.8
     1     1    19     5    26     2     0     2   -94.0   21.947 -137.683     75.6   1009.9
     1     1    19     5    26     1     0     1   -95.0   22.044 -137.479     75.6   1009.9
     1     1    19     5    26     0     0     0   -96.0   22.136 -137.279     75.6   1009.9
     1     1    19     5    25    23     0     1   -97.0   22.232 -137.078     75.6   1010.1
     1     1    19     5    25    22     0     2   -98.0   22.340 -136.872     75.6   1010.3
     1     1    19     5    25    21     0     3   -99.0   22.460 -136.663     75.6   1010.5
     1     1    19     5    25    20     0     2  -100.0   22.593 -136.454     75.6   1010.7
     1     1    19     5    25    19     0     1  -101.0   22.739 -136.246     75.6   1011.1
     1     1    19     5    25    18     0     0  -102.0   22.893 -136.042     75.6   1012.0
     1     1    19     5    25    17     0     1  -103.0   23.051 -135.846     75.6   1011.9
     1     1    19     5    25    16     0     2  -104.0   23.212 -135.659     75.6   1011.6
     1     1    19     5    25    15     0     3  -105.0   23.379 -135.479     75.6   1011.2
     1     1    19     5    25    14     0     2  -106.0   23.552 -135.306     75.4   1011.1
     1     1    19     5    25    13     0     1  -107.0   23.728 -135.137     75.1   1011.1
     1     1    19     5    25    12     0     0  -108.0   23.907 -134.974     75.0   1011.1
     1     1    19     5    25    11     0     1  -109.0   24.090 -134.816     74.8   1011.0
     1     1    19     5    25    10     0     2  -110.0   24.278 -134.662     74.2   1011.0
     1     1    19     5    25     9     0     3  -111.0   24.473 -134.516     73.9   1011.0
     1     1    19     5    25     8     0     2  -112.0   24.673 -134.373     75.0   1011.8
     1     1    19     5    25     7     0     1  -113.0   24.881 -134.228     78.6   1012.1
     1     1    19     5    25     6     0     0  -114.0   25.096 -134.082     85.0   1012.0
     1     1    19     5    25     5     0     1  -115.0   25.315 -133.940     91.0   1010.6
     1     1    19     5    25     4     0     2  -116.0   25.531 -133.804     93.8   1010.1
     1     1    19     5    25     3     0     3  -117.0   25.744 -133.675     94.5   1009.8
     1     1    19     5    25     2     0     2  -118.0   25.956 -133.551     94.6   1010.0
     1     1    19     5    25     1     0     1  -119.0   26.171 -133.430     94.7   1010.0
     1     1    19     5    25     0     0     0  -120.0   26.390 -133.313     94.7   1010.0
     1     1    19     5    24    23     0     1  -121.0   26.613 -133.200     94.7   1010.6
     1     1    19     5    24    22     0     2  -122.0   26.847 -133.086     94.7   1011.3
     1     1    19     5    24    21     0     3  -123.0   27.089 -132.972     94.7   1011.9
     1     1    19     5    24    20     0     2  -124.0   27.337 -132.863     95.7   1011.9
     1     1    19     5    24    19     0     1  -125.0   27.585 -132.762     98.7   1011.7
     1     1    19     5    24    18     0     0  -126.0   27.833 -132.670    103.8   1011.2
     1     1    19     5    24    17     0     1  -127.0   28.083 -132.581    109.6   1010.2
     1     1    19     5    24    16     0     2  -128.0   28.340 -132.489    114.5   1009.5
     1     1    19     5    24    15     0     3  -129.0   28.601 -132.393    119.1   1008.9
     1     1    19     5    24    14     0     2  -130.0   28.867 -132.297    123.7   1008.3
     1     1    19     5    24    13     0     1  -131.0   29.135 -132.203    127.2   1008.0
     1     1    19     5    24    12     0     0  -132.0   29.403 -132.112    130.8   1007.7
     1     1    19     5    24    11     0     1  -133.0   29.671 -132.022    135.2   1007.8
     1     1    19     5    24    10     0     2  -134.0   29.944 -131.927    139.2   1007.8
     1     1    19     5    24     9     0     3  -135.0   30.221 -131.826    140.9   1008.0
     1     1    19     5    24     8     0     2  -136.0   30.507 -131.725    140.9   1008.2
     1     1    19     5    24     7     0     1  -137.0   30.803 -131.631    140.9   1008.3
     1     1    19     5    24     6     0     0  -138.0   31.111 -131.542    140.9   1008.4
     1     1    19     5    24     5     0     1  -139.0   31.432 -131.468    141.8   1008.1
     1     1    19     5    24     4     0     2  -140.0   31.764 -131.415    144.5   1007.5
     1     1    19     5    24     3     0     3  -141.0   32.106 -131.383    149.1   1006.7
     1     1    19     5    24     2     0     2  -142.0   32.456 -131.369    154.2   1005.9
     1     1    19     5    24     1     0     1  -143.0   32.815 -131.374    159.5   1005.4
     1     1    19     5    24     0     0     0  -144.0   33.176 -131.393    165.6   1004.8
     1     1    19     5    23    23     0     1  -145.0   33.541 -131.416    171.3   1004.5
     1     1    19     5    23    22     0     2  -146.0   33.910 -131.433    176.6   1004.7
     1     1    19     5    23    21     0     3  -147.0   34.287 -131.444    182.7   1004.4
     1     1    19     5    23    20     0     2  -148.0   34.674 -131.461    186.8   1003.7
     1     1    19     5    23    19     0     1  -149.0   35.074 -131.492    187.7   1003.7
     1     1    19     5    23    18     0     0  -150.0   35.485 -131.537    187.7   1003.8
     1     1    19     5    23    17     0     1  -151.0   35.905 -131.593    187.7   1003.4
     1     1    19     5    23    16     0     2  -152.0   36.335 -131.656    187.7   1003.2
     1     1    19     5    23    15     0     3  -153.0   36.772 -131.726    187.7   1003.0
     1     1    19     5    23    14     0     2  -154.0   37.206 -131.801    188.0   1003.3
     1     1    19     5    23    13     0     1  -155.0   37.631 -131.879    188.9   1003.5
     1     1    19     5    23    12     0     0  -156.0   38.043 -131.959    190.3   1003.5
     1     1    19     5    23    11     0     1  -157.0   38.446 -132.036    191.5   1004.1
     1     1    19     5    23    10     0     2  -158.0   38.846 -132.104    192.0   1004.7
     1     1    19     5    23     9     0     3  -159.0   39.243 -132.165    192.1   1005.1
     1     1    19     5    23     8     0     2  -160.0   39.635 -132.228    194.1   1005.3
     1     1    19     5    23     7     0     1  -161.0   40.021 -132.299    199.5   1004.8
     1     1    19     5    23     6     0     0  -162.0   40.403 -132.379    208.6   1004.0
     1     1    19     5    23     5     0     1  -163.0   40.776 -132.469    219.0   1002.2
     1     1    19     5    23     4     0     2  -164.0   41.136 -132.570    226.3   1001.2
     1     1    19     5    23     3     0     3  -165.0   41.482 -132.683    228.9   1000.7
     1     1    19     5    23     2     0     2  -166.0   41.814 -132.807    231.7   1001.1
     1     1    19     5    23     1     0     1  -167.0   42.131 -132.941    241.2   1000.4
     1     1    19     5    23     0     0     0  -168.0   42.434 -133.082    255.6    998.5
