     7     1
    GDAS    18    12     1     0     0
    GDAS    19     1     1     0     0
    GDAS    19     2     1     0     0
    GDAS    19     3     1     0     0
    GDAS    19     4     1     0     0
    GDAS    19     5     1     0     0
    GDAS    19     6     1     0     0
     1 BACKWARD OMEGA   
    19     1    20     0   21.319 -157.670    10.0
     1 PRESSURE
     1     1    19     1    20     0     0     0     0.0   21.319 -157.670     10.0   1015.3
     1     1    19     1    19    23     0     1    -1.0   21.369 -157.455      9.6   1015.0
     1     1    19     1    19    22     0     2    -2.0   21.426 -157.223      8.4   1015.2
     1     1    19     1    19    21     0     3    -3.0   21.488 -156.979      6.6   1016.0
     1     1    19     1    19    20     0     2    -4.0   21.551 -156.734      4.9   1017.2
     1     1    19     1    19    19     0     1    -5.0   21.613 -156.499      3.7   1018.0
     1     1    19     1    19    18     0     0    -6.0   21.672 -156.276      2.9   1018.6
     1     1    19     1    19    17     0     1    -7.0   21.725 -156.051      2.1   1019.2
     1     1    19     1    19    16     0     2    -8.0   21.777 -155.813      1.3   1019.1
     1     1    19     1    19    15     0     3    -9.0   21.833 -155.562      1.0   1018.7
     1     1    19     1    19    14     0     2   -10.0   21.904 -155.308      1.2   1018.4
     1     1    19     1    19    13     0     1   -11.0   22.000 -155.062      1.6   1018.3
     1     1    19     1    19    12     0     0   -12.0   22.117 -154.828      1.8   1018.2
     1     1    19     1    19    11     0     1   -13.0   22.248 -154.607      1.9   1018.4
     1     1    19     1    19    10     0     2   -14.0   22.384 -154.397      2.1   1018.9
     1     1    19     1    19     9     0     3   -15.0   22.525 -154.200      2.1   1019.8
     1     1    19     1    19     8     0     2   -16.0   22.672 -154.016      2.1   1019.6
     1     1    19     1    19     7     0     1   -17.0   22.827 -153.841      2.1   1019.0
     1     1    19     1    19     6     0     0   -18.0   22.990 -153.674      2.1   1018.0
     1     1    19     1    19     5     0     1   -19.0   23.152 -153.517      2.1   1018.1
     1     1    19     1    19     4     0     2   -20.0   23.309 -153.371      2.1   1018.1
     1     1    19     1    19     3     0     3   -21.0   23.464 -153.241      2.1   1018.2
     1     1    19     1    19     2     0     2   -22.0   23.626 -153.134      2.1   1018.4
     1     1    19     1    19     1     0     1   -23.0   23.803 -153.051      2.1   1018.6
     1     1    19     1    19     0     0     0   -24.0   23.991 -152.991      2.1   1018.8
     1     1    19     1    18    23     0     1   -25.0   24.189 -152.955      2.1   1018.9
     1     1    19     1    18    22     0     2   -26.0   24.395 -152.946      2.1   1019.0
     1     1    19     1    18    21     0     3   -27.0   24.605 -152.965      2.1   1019.1
     1     1    19     1    18    20     0     2   -28.0   24.811 -153.010      2.2   1019.1
     1     1    19     1    18    19     0     1   -29.0   25.012 -153.078      2.7   1019.6
     1     1    19     1    18    18     0     0   -30.0   25.208 -153.167      3.5   1019.8
     1     1    19     1    18    17     0     1   -31.0   25.397 -153.269      4.5   1018.6
     1     1    19     1    18    16     0     2   -32.0   25.583 -153.379      5.4   1017.5
     1     1    19     1    18    15     0     3   -33.0   25.774 -153.499      6.0   1016.3
     1     1    19     1    18    14     0     2   -34.0   25.968 -153.637      6.2   1016.5
     1     1    19     1    18    13     0     1   -35.0   26.159 -153.792      6.2   1016.6
     1     1    19     1    18    12     0     0   -36.0   26.344 -153.957      6.2   1016.8
     1     1    19     1    18    11     0     1   -37.0   26.533 -154.139      6.4   1016.2
     1     1    19     1    18    10     0     2   -38.0   26.736 -154.349      6.6   1015.2
     1     1    19     1    18     9     0     3   -39.0   26.967 -154.592      6.8   1013.4
     1     1    19     1    18     8     0     2   -40.0   27.216 -154.876      7.2   1013.4
     1     1    19     1    18     7     0     1   -41.0   27.467 -155.203      8.3   1013.6
     1     1    19     1    18     6     0     0   -42.0   27.723 -155.574      9.8   1013.5
     1     1    19     1    18     5     0     1   -43.0   27.974 -155.980     11.8   1011.9
     1     1    19     1    18     4     0     2   -44.0   28.218 -156.411     14.5   1010.2
     1     1    19     1    18     3     0     3   -45.0   28.465 -156.858     17.4   1008.5
     1     1    19     1    18     2     0     2   -46.0   28.701 -157.331     20.2   1007.6
     1     1    19     1    18     1     0     1   -47.0   28.917 -157.842     23.1   1007.1
     1     1    19     1    18     0     0     0   -48.0   29.132 -158.381     25.4   1006.8
     1     1    19     1    17    23     0     1   -49.0   29.361 -158.924     28.9   1006.3
     1     1    19     1    17    22     0     2   -50.0   29.608 -159.461     34.6   1005.4
     1     1    19     1    17    21     0     3   -51.0   29.896 -159.977     42.4   1005.1
     1     1    19     1    17    20     0     2   -52.0   30.197 -160.468     52.4   1003.2
     1     1    19     1    17    19     0     1   -53.0   30.498 -160.950     62.6   1001.0
     1     1    19     1    17    18     0     0   -54.0   30.831 -161.415     71.0    999.7
     1     1    19     1    17    17     0     1   -55.0   31.161 -161.844     78.3    998.5
     1     1    19     1    17    16     0     2   -56.0   31.467 -162.224     82.6    997.1
     1     1    19     1    17    15     0     3   -57.0   31.775 -162.535     82.5    996.6
     1     1    19     1    17    14     0     2   -58.0   32.078 -162.768     80.1    997.1
     1     1    19     1    17    13     0     1   -59.0   32.366 -162.937     77.6    997.5
     1     1    19     1    17    12     0     0   -60.0   32.656 -163.044     75.6    997.9
     1     1    19     1    17    11     0     1   -61.0   32.961 -163.077     74.5    998.2
     1     1    19     1    17    10     0     2   -62.0   33.274 -163.058     75.5    998.3
     1     1    19     1    17     9     0     3   -63.0   33.583 -163.022     80.9    998.1
     1     1    19     1    17     8     0     2   -64.0   33.889 -162.982     89.1    996.6
     1     1    19     1    17     7     0     1   -65.0   34.195 -162.941     96.4    995.5
     1     1    19     1    17     6     0     0   -66.0   34.504 -162.908    103.6    994.8
     1     1    19     1    17     5     0     1   -67.0   34.792 -162.886    112.5    993.4
     1     1    19     1    17     4     0     2   -68.0   35.044 -162.852    120.1    992.0
     1     1    19     1    17     3     0     3   -69.0   35.268 -162.804    123.6    991.1
     1     1    19     1    17     2     0     2   -70.0   35.473 -162.768    125.0    991.6
     1     1    19     1    17     1     0     1   -71.0   35.663 -162.759    127.2    991.7
     1     1    19     1    17     0     0     0   -72.0   35.834 -162.766    129.7    991.7
     1     1    19     1    16    23     0     1   -73.0   35.995 -162.779    132.6    992.0
     1     1    19     1    16    22     0     2   -74.0   36.156 -162.802    136.9    992.2
     1     1    19     1    16    21     0     3   -75.0   36.317 -162.841    142.9    992.0
     1     1    19     1    16    20     0     2   -76.0   36.479 -162.910    150.9    990.9
     1     1    19     1    16    19     0     1   -77.0   36.643 -163.016    160.4    989.6
     1     1    19     1    16    18     0     0   -78.0   36.812 -163.153    171.2    988.2
     1     1    19     1    16    17     0     1   -79.0   36.983 -163.320    181.6    986.5
     1     1    19     1    16    16     0     2   -80.0   37.151 -163.513    189.8    985.4
     1     1    19     1    16    15     0     3   -81.0   37.314 -163.727    197.1    984.3
     1     1    19     1    16    14     0     2   -82.0   37.480 -163.968    203.7    984.0
     1     1    19     1    16    13     0     1   -83.0   37.655 -164.240    208.8    983.8
     1     1    19     1    16    12     0     0   -84.0   37.847 -164.543    210.4    983.9
     1     1    19     1    16    11     0     1   -85.0   38.056 -164.873    210.5    984.4
     1     1    19     1    16    10     0     2   -86.0   38.270 -165.217    213.3    984.2
     1     1    19     1    16     9     0     3   -87.0   38.483 -165.573    218.9    983.6
     1     1    19     1    16     8     0     2   -88.0   38.710 -165.953    228.7    982.7
     1     1    19     1    16     7     0     1   -89.0   38.968 -166.371    242.8    981.0
     1     1    19     1    16     6     0     0   -90.0   39.255 -166.816    256.9    979.2
     1     1    19     1    16     5     0     1   -91.0   39.538 -167.272    268.3    977.8
     1     1    19     1    16     4     0     2   -92.0   39.796 -167.740    279.9    976.4
     1     1    19     1    16     3     0     3   -93.0   40.044 -168.220    296.4    974.3
     1     1    19     1    16     2     0     2   -94.0   40.291 -168.712    319.4    971.4
     1     1    19     1    16     1     0     1   -95.0   40.538 -169.217    341.3    967.9
     1     1    19     1    16     0     0     0   -96.0   40.789 -169.741    346.8    966.6
     1     1    19     1    15    23     0     1   -97.0   41.050 -170.270    344.8    968.8
     1     1    19     1    15    22     0     2   -98.0   41.320 -170.783    351.3    967.9
     1     1    19     1    15    21     0     3   -99.0   41.593 -171.282    365.5    966.2
     1     1    19     1    15    20     0     2  -100.0   41.865 -171.785    382.7    963.3
     1     1    19     1    15    19     0     1  -101.0   42.143 -172.298    396.0    961.2
     1     1    19     1    15    18     0     0  -102.0   42.430 -172.817    399.3    960.1
     1     1    19     1    15    17     0     1  -103.0   42.722 -173.332    399.9    960.7
     1     1    19     1    15    16     0     2  -104.0   43.011 -173.842    405.3    959.3
     1     1    19     1    15    15     0     3  -105.0   43.296 -174.346    408.5    958.0
     1     1    19     1    15    14     0     2  -106.0   43.583 -174.840    410.0    957.9
     1     1    19     1    15    13     0     1  -107.0   43.878 -175.324    412.2    956.9
     1     1    19     1    15    12     0     0  -108.0   44.179 -175.797    412.9    956.4
     1     1    19     1    15    11     0     1  -109.0   44.493 -176.255    416.5    955.9
     1     1    19     1    15    10     0     2  -110.0   44.825 -176.703    423.7    954.2
     1     1    19     1    15     9     0     3  -111.0   45.172 -177.142    427.4    952.9
     1     1    19     1    15     8     0     2  -112.0   45.535 -177.575    430.7    952.6
     1     1    19     1    15     7     0     1  -113.0   45.915 -177.997    442.1    950.7
     1     1    19     1    15     6     0     0  -114.0   46.313 -178.412    461.0    947.2
     1     1    19     1    15     5     0     1  -115.0   46.717 -178.831    480.3    943.4
     1     1    19     1    15     4     0     2  -116.0   47.121 -179.252    495.3    940.6
     1     1    19     1    15     3     0     3  -117.0   47.526 -179.675    512.0    938.8
     1     1    19     1    15     2     0     2  -118.0   47.935  179.907    534.4    935.2
     1     1    19     1    15     1     0     1  -119.0   48.352  179.498    554.7    931.8
     1     1    19     1    15     0     0     0  -120.0   48.775  179.092    573.0    929.8
     1     1    19     1    14    23     0     1  -121.0   49.205  178.698    592.1    926.8
     1     1    19     1    14    22     0     2  -122.0   49.647  178.329    609.9    924.3
     1     1    19     1    14    21     0     3  -123.0   50.093  177.983    630.7    922.2
     1     1    19     1    14    20     0     2  -124.0   50.550  177.647    649.9    918.1
     1     1    19     1    14    19     0     1  -125.0   51.026  177.312    666.2    916.5
     1     1    19     1    14    18     0     0  -126.0   51.520  176.981    689.5    913.4
     1     1    19     1    14    17     0     1  -127.0   52.021  176.656    712.1    909.2
     1     1    19     1    14    16     0     2  -128.0   52.527  176.341    727.3    907.3
     1     1    19     1    14    15     0     3  -129.0   53.043  176.046    742.9    905.8
     1     1    19     1    14    14     0     2  -130.0   53.576  175.775    756.3    903.0
     1     1    19     1    14    13     0     1  -131.0   54.130  175.530    765.3    902.2
     1     1    19     1    14    12     0     0  -132.0   54.700  175.319    775.7    900.8
     1     1    19     1    14    11     0     1  -133.0   55.279  175.158    784.3    899.4
     1     1    19     1    14    10     0     2  -134.0   55.863  175.045    789.1    899.3
     1     1    19     1    14     9     0     3  -135.0   56.445  174.977    799.3    899.0
     1     1    19     1    14     8     0     2  -136.0   57.025  174.956    817.9    896.5
     1     1    19     1    14     7     0     1  -137.0   57.607  174.983    834.2    893.9
     1     1    19     1    14     6     0     0  -138.0   58.192  175.060    844.5    893.3
     1     1    19     1    14     5     0     1  -139.0   58.772  175.191    861.0    892.7
     1     1    19     1    14     4     0     2  -140.0   59.342  175.366    883.9    889.2
     1     1    19     1    14     3     0     3  -141.0   59.901  175.562    898.9    887.1
     1     1    19     1    14     2     0     2  -142.0   60.442  175.798    903.1    887.3
     1     1    19     1    14     1     0     1  -143.0   60.964  176.086    885.8    888.4
     1     1    19     1    14     0     0     0  -144.0   61.477  176.434    874.2    895.0
     1     1    19     1    13    23     0     1  -145.0   62.014  176.940    925.7    890.3
     1     1    19     1    13    22     0     2  -146.0   62.557  177.570   1081.0    855.8
     1     1    19     1    13    21     0     3  -147.0   63.028  178.201   1338.2    816.5
     1     1    19     1    13    20     0     2  -148.0   63.412  178.764   1583.4    793.0
     1     1    19     1    13    19     0     1  -149.0   63.757  179.263   1709.4    789.1
     1     1    19     1    13    18     0     0  -150.0   64.083  179.737   1745.1    790.4
     1     1    19     1    13    17     0     1  -151.0   64.395 -179.780   1762.3    793.7
     1     1    19     1    13    16     0     2  -152.0   64.695 -179.270   1804.2    789.2
     1     1    19     1    13    15     0     3  -153.0   64.991 -178.734   1854.3    783.6
     1     1    19     1    13    14     0     2  -154.0   65.261 -178.181   1869.6    777.0
     1     1    19     1    13    13     0     1  -155.0   65.486 -177.601   1853.9    777.0
     1     1    19     1    13    12     0     0  -156.0   65.683 -176.944   1874.1    768.2
     1     1    19     1    13    11     0     1  -157.0   65.863 -176.201   1948.6    756.4
     1     1    19     1    13    10     0     2  -158.0   66.036 -175.377   2055.8    744.7
     1     1    19     1    13     9     0     3  -159.0   66.215 -174.497   2117.7    746.8
     1     1    19     1    13     8     0     2  -160.0   66.394 -173.620   2156.3    744.3
     1     1    19     1    13     7     0     1  -161.0   66.553 -172.782   2159.3    741.8
     1     1    19     1    13     6     0     0  -162.0   66.697 -171.932   2114.9    746.4
     1     1    19     1    13     5     0     1  -163.0   66.830 -171.014   2116.6    753.6
     1     1    19     1    13     4     0     2  -164.0   66.953 -170.046   2145.6    755.2
     1     1    19     1    13     3     0     3  -165.0   67.068 -169.059   2147.5    756.1
     1     1    19     1    13     2     0     2  -166.0   67.162 -168.111   2147.1    756.3
     1     1    19     1    13     1     0     1  -167.0   67.229 -167.215   2146.2    756.8
     1     1    19     1    13     0     0     0  -168.0   67.272 -166.359   2143.2    757.0
