     7     1
    GDAS    18    12     1     0     0
    GDAS    19     1     1     0     0
    GDAS    19     2     1     0     0
    GDAS    19     3     1     0     0
    GDAS    19     4     1     0     0
    GDAS    19     5     1     0     0
    GDAS    19     6     1     0     0
     1 BACKWARD OMEGA   
    19     1    22    18   21.319 -157.670    10.0
     1 PRESSURE
     1     1    19     1    22    18     0     0     0.0   21.319 -157.670     10.0   1016.0
     1     1    19     1    22    17     0     1    -1.0   21.300 -157.555      7.0   1014.1
     1     1    19     1    22    16     0     2    -2.0   21.294 -157.432      3.7   1012.3
     1     1    19     1    22    15     0     3    -3.0   21.296 -157.298      0.2   1010.4
     1     1    19     1    22    14     0     2    -4.0   21.299 -157.161      0.0   1009.9
     1     1    19     1    22    13     0     1    -5.0   21.303 -157.031      0.0   1009.4
     1     1    19     1    22    12     0     0    -6.0   21.303 -156.900      0.0   1010.2
     1     1    19     1    22    11     0     1    -7.0   21.296 -156.755      0.0   1011.6
     1     1    19     1    22    10     0     2    -8.0   21.281 -156.583      0.0   1013.1
     1     1    19     1    22     9     0     3    -9.0   21.256 -156.391      0.6   1014.9
     1     1    19     1    22     8     0     2   -10.0   21.224 -156.192      1.3   1016.9
     1     1    19     1    22     7     0     1   -11.0   21.184 -156.000      1.7   1019.0
     1     1    19     1    22     6     0     0   -12.0   21.145 -155.814      2.0   1018.8
     1     1    19     1    22     5     0     1   -13.0   21.113 -155.637      2.5   1017.6
     1     1    19     1    22     4     0     2   -14.0   21.079 -155.470      3.4   1016.7
     1     1    19     1    22     3     0     3   -15.0   21.041 -155.314      4.4   1016.2
     1     1    19     1    22     2     0     2   -16.0   20.981 -155.161      5.3   1016.5
     1     1    19     1    22     1     0     1   -17.0   20.880 -155.001      6.2   1016.8
     1     1    19     1    22     0     0     0   -18.0   20.732 -154.833      7.8   1017.0
     1     1    19     1    21    23     0     1   -19.0   20.563 -154.654     10.2   1017.2
     1     1    19     1    21    22     0     2   -20.0   20.396 -154.463     13.6   1016.7
     1     1    19     1    21    21     0     3   -21.0   20.241 -154.254     17.6   1015.8
     1     1    19     1    21    20     0     2   -22.0   20.111 -154.035     19.9   1015.0
     1     1    19     1    21    19     0     1   -23.0   20.007 -153.814     20.4   1015.1
     1     1    19     1    21    18     0     0   -24.0   19.922 -153.591     20.4   1015.4
     1     1    19     1    21    17     0     1   -25.0   19.855 -153.365     20.4   1015.2
     1     1    19     1    21    16     0     2   -26.0   19.806 -153.136     20.4   1015.0
     1     1    19     1    21    15     0     3   -27.0   19.772 -152.904     20.4   1014.7
     1     1    19     1    21    14     0     2   -28.0   19.742 -152.666     20.4   1014.7
     1     1    19     1    21    13     0     1   -29.0   19.710 -152.418     20.4   1014.6
     1     1    19     1    21    12     0     0   -30.0   19.677 -152.158     20.4   1014.5
     1     1    19     1    21    11     0     1   -31.0   19.648 -151.882     20.4   1015.3
     1     1    19     1    21    10     0     2   -32.0   19.626 -151.592     20.4   1016.0
     1     1    19     1    21     9     0     3   -33.0   19.613 -151.294     20.4   1016.8
     1     1    19     1    21     8     0     2   -34.0   19.608 -150.991     20.4   1016.1
     1     1    19     1    21     7     0     1   -35.0   19.608 -150.678     20.4   1015.3
     1     1    19     1    21     6     0     0   -36.0   19.610 -150.346     20.4   1014.8
     1     1    19     1    21     5     0     1   -37.0   19.613 -149.996     20.4   1014.8
     1     1    19     1    21     4     0     2   -38.0   19.616 -149.635     20.4   1014.9
     1     1    19     1    21     3     0     3   -39.0   19.622 -149.273     20.4   1014.9
     1     1    19     1    21     2     0     2   -40.0   19.632 -148.915     20.5   1014.9
     1     1    19     1    21     1     0     1   -41.0   19.649 -148.564     20.9   1014.9
     1     1    19     1    21     0     0     0   -42.0   19.676 -148.223     21.2   1014.9
     1     1    19     1    20    23     0     1   -43.0   19.720 -147.887     21.4   1015.7
     1     1    19     1    20    22     0     2   -44.0   19.783 -147.550     21.4   1016.6
     1     1    19     1    20    21     0     3   -45.0   19.863 -147.220     21.4   1017.8
     1     1    19     1    20    20     0     2   -46.0   19.958 -146.900     21.3   1018.2
     1     1    19     1    20    19     0     1   -47.0   20.060 -146.586     20.9   1018.4
     1     1    19     1    20    18     0     0   -48.0   20.165 -146.278     19.8   1018.6
     1     1    19     1    20    17     0     1   -49.0   20.270 -145.976     18.3   1018.9
     1     1    19     1    20    16     0     2   -50.0   20.373 -145.678     17.0   1019.1
     1     1    19     1    20    15     0     3   -51.0   20.474 -145.383     15.9   1019.3
     1     1    19     1    20    14     0     2   -52.0   20.573 -145.094     15.2   1018.4
     1     1    19     1    20    13     0     1   -53.0   20.670 -144.811     14.8   1017.4
     1     1    19     1    20    12     0     0   -54.0   20.770 -144.534     14.7   1016.4
     1     1    19     1    20    11     0     1   -55.0   20.870 -144.259     14.6   1017.5
     1     1    19     1    20    10     0     2   -56.0   20.963 -143.986     14.1   1019.0
     1     1    19     1    20     9     0     3   -57.0   21.041 -143.719     13.4   1020.6
     1     1    19     1    20     8     0     2   -58.0   21.110 -143.460     13.1   1020.3
     1     1    19     1    20     7     0     1   -59.0   21.180 -143.209     13.1   1020.3
     1     1    19     1    20     6     0     0   -60.0   21.251 -142.966     13.1   1020.8
     1     1    19     1    20     5     0     1   -61.0   21.322 -142.730     13.1   1019.9
     1     1    19     1    20     4     0     2   -62.0   21.391 -142.498     13.6   1019.1
     1     1    19     1    20     3     0     3   -63.0   21.463 -142.270     14.4   1018.3
     1     1    19     1    20     2     0     2   -64.0   21.536 -142.048     15.4   1018.4
     1     1    19     1    20     1     0     1   -65.0   21.605 -141.837     16.3   1018.4
     1     1    19     1    20     0     0     0   -66.0   21.671 -141.637     17.4   1018.5
     1     1    19     1    19    23     0     1   -67.0   21.732 -141.448     18.7   1018.6
     1     1    19     1    19    22     0     2   -68.0   21.784 -141.269     19.9   1018.5
     1     1    19     1    19    21     0     3   -69.0   21.825 -141.098     20.6   1018.4
     1     1    19     1    19    20     0     2   -70.0   21.853 -140.931     21.2   1019.4
     1     1    19     1    19    19     0     1   -71.0   21.872 -140.762     22.7   1020.2
     1     1    19     1    19    18     0     0   -72.0   21.882 -140.593     25.3   1020.8
     1     1    19     1    19    17     0     1   -73.0   21.892 -140.425     28.5   1019.8
     1     1    19     1    19    16     0     2   -74.0   21.906 -140.261     31.1   1019.0
     1     1    19     1    19    15     0     3   -75.0   21.922 -140.098     32.4   1018.4
     1     1    19     1    19    14     0     2   -76.0   21.934 -139.933     32.6   1017.4
     1     1    19     1    19    13     0     1   -77.0   21.934 -139.760     32.6   1016.4
     1     1    19     1    19    12     0     0   -78.0   21.927 -139.579     32.6   1015.3
     1     1    19     1    19    11     0     1   -79.0   21.919 -139.399     32.6   1016.3
     1     1    19     1    19    10     0     2   -80.0   21.915 -139.224     32.6   1017.3
     1     1    19     1    19     9     0     3   -81.0   21.915 -139.054     32.6   1018.3
     1     1    19     1    19     8     0     2   -82.0   21.916 -138.884     32.6   1018.2
     1     1    19     1    19     7     0     1   -83.0   21.918 -138.708     32.6   1018.2
     1     1    19     1    19     6     0     0   -84.0   21.917 -138.524     32.6   1018.1
     1     1    19     1    19     5     0     1   -85.0   21.908 -138.328     32.6   1017.1
     1     1    19     1    19     4     0     2   -86.0   21.885 -138.121     32.6   1016.1
     1     1    19     1    19     3     0     3   -87.0   21.853 -137.906     32.6   1015.2
     1     1    19     1    19     2     0     2   -88.0   21.819 -137.689     32.6   1015.3
     1     1    19     1    19     1     0     1   -89.0   21.788 -137.479     32.6   1015.5
     1     1    19     1    19     0     0     0   -90.0   21.760 -137.281     32.6   1015.7
     1     1    19     1    18    23     0     1   -91.0   21.733 -137.091     32.6   1016.7
     1     1    19     1    18    22     0     2   -92.0   21.703 -136.904     32.6   1017.6
     1     1    19     1    18    21     0     3   -93.0   21.667 -136.720     33.0   1018.5
     1     1    19     1    18    20     0     2   -94.0   21.627 -136.537     33.7   1017.8
     1     1    19     1    18    19     0     1   -95.0   21.582 -136.348     34.5   1017.2
     1     1    19     1    18    18     0     0   -96.0   21.531 -136.150     35.0   1016.8
     1     1    19     1    18    17     0     1   -97.0   21.480 -135.942     35.1   1016.9
     1     1    19     1    18    16     0     2   -98.0   21.434 -135.726     35.2   1017.0
     1     1    19     1    18    15     0     3   -99.0   21.392 -135.501     35.3   1016.9
     1     1    19     1    18    14     0     2  -100.0   21.353 -135.269     35.3   1017.0
     1     1    19     1    18    13     0     1  -101.0   21.317 -135.031     35.3   1017.2
     1     1    19     1    18    12     0     0  -102.0   21.284 -134.788     35.3   1017.3
     1     1    19     1    18    11     0     1  -103.0   21.256 -134.541     35.3   1017.4
     1     1    19     1    18    10     0     2  -104.0   21.235 -134.292     35.3   1017.5
     1     1    19     1    18     9     0     3  -105.0   21.219 -134.037     35.3   1017.6
     1     1    19     1    18     8     0     2  -106.0   21.208 -133.779     35.9   1017.8
     1     1    19     1    18     7     0     1  -107.0   21.201 -133.519     37.8   1017.7
     1     1    19     1    18     6     0     0  -108.0   21.199 -133.259     41.3   1017.4
     1     1    19     1    18     5     0     1  -109.0   21.200 -132.998     46.1   1015.9
     1     1    19     1    18     4     0     2  -110.0   21.200 -132.739     51.5   1014.4
     1     1    19     1    18     3     0     3  -111.0   21.204 -132.482     57.4   1013.0
     1     1    19     1    18     2     0     2  -112.0   21.210 -132.229     62.9   1012.1
     1     1    19     1    18     1     0     1  -113.0   21.215 -131.987     66.5   1011.4
     1     1    19     1    18     0     0     0  -114.0   21.219 -131.757     67.8   1011.1
     1     1    19     1    17    23     0     1  -115.0   21.220 -131.534     67.8   1012.2
     1     1    19     1    17    22     0     2  -116.0   21.213 -131.313     67.8   1013.2
     1     1    19     1    17    21     0     3  -117.0   21.199 -131.095     67.8   1014.2
     1     1    19     1    17    20     0     2  -118.0   21.178 -130.877     69.0   1014.2
     1     1    19     1    17    19     0     1  -119.0   21.156 -130.655     72.8   1013.7
     1     1    19     1    17    18     0     0  -120.0   21.130 -130.429     79.7   1012.9
     1     1    19     1    17    17     0     1  -121.0   21.111 -130.196     88.9   1011.3
     1     1    19     1    17    16     0     2  -122.0   21.108 -129.952     98.8   1009.7
     1     1    19     1    17    15     0     3  -123.0   21.121 -129.697    109.6   1008.2
     1     1    19     1    17    14     0     2  -124.0   21.148 -129.441    119.4   1006.8
     1     1    19     1    17    13     0     1  -125.0   21.189 -129.193    126.3   1005.9
     1     1    19     1    17    12     0     0  -126.0   21.245 -128.953    130.7   1005.4
     1     1    19     1    17    11     0     1  -127.0   21.307 -128.725    134.0   1005.4
     1     1    19     1    17    10     0     2  -128.0   21.368 -128.508    137.6   1005.2
     1     1    19     1    17     9     0     3  -129.0   21.428 -128.304    142.2   1004.9
     1     1    19     1    17     8     0     2  -130.0   21.482 -128.105    149.7   1003.9
     1     1    19     1    17     7     0     1  -131.0   21.523 -127.906    161.2   1002.1
     1     1    19     1    17     6     0     0  -132.0   21.552 -127.705    176.6   1000.0
     1     1    19     1    17     5     0     1  -133.0   21.573 -127.505    194.5    997.2
     1     1    19     1    17     4     0     2  -134.0   21.593 -127.313    212.9    994.7
     1     1    19     1    17     3     0     3  -135.0   21.612 -127.125    231.6    992.2
     1     1    19     1    17     2     0     2  -136.0   21.632 -126.945    248.6    990.0
     1     1    19     1    17     1     0     1  -137.0   21.658 -126.780    261.3    988.5
     1     1    19     1    17     0     0     0  -138.0   21.691 -126.629    269.1    987.3
     1     1    19     1    16    23     0     1  -139.0   21.719 -126.485    273.5    987.4
     1     1    19     1    16    22     0     2  -140.0   21.728 -126.341    276.0    987.6
     1     1    19     1    16    21     0     3  -141.0   21.719 -126.196    277.3    987.9
     1     1    19     1    16    20     0     2  -142.0   21.696 -126.048    279.7    988.0
     1     1    19     1    16    19     0     1  -143.0   21.665 -125.894    286.1    987.3
     1     1    19     1    16    18     0     0  -144.0   21.628 -125.733    297.4    986.1
     1     1    19     1    16    17     0     1  -145.0   21.592 -125.565    311.4    983.6
     1     1    19     1    16    16     0     2  -146.0   21.561 -125.393    324.9    981.6
     1     1    19     1    16    15     0     3  -147.0   21.534 -125.218    336.8    979.7
     1     1    19     1    16    14     0     2  -148.0   21.512 -125.042    347.5    978.3
     1     1    19     1    16    13     0     1  -149.0   21.495 -124.868    357.2    976.9
     1     1    19     1    16    12     0     0  -150.0   21.483 -124.697    365.5    975.6
     1     1    19     1    16    11     0     1  -151.0   21.475 -124.527    372.9    975.2
     1     1    19     1    16    10     0     2  -152.0   21.471 -124.357    381.1    974.6
     1     1    19     1    16     9     0     3  -153.0   21.470 -124.190    391.4    973.9
     1     1    19     1    16     8     0     2  -154.0   21.482 -124.028    404.0    972.5
     1     1    19     1    16     7     0     1  -155.0   21.517 -123.871    418.1    971.0
     1     1    19     1    16     6     0     0  -156.0   21.574 -123.720    433.6    969.5
     1     1    19     1    16     5     0     1  -157.0   21.648 -123.579    447.4    967.1
     1     1    19     1    16     4     0     2  -158.0   21.734 -123.454    455.8    965.9
     1     1    19     1    16     3     0     3  -159.0   21.832 -123.346    458.6    965.3
     1     1    19     1    16     2     0     2  -160.0   21.932 -123.258    456.0    965.3
     1     1    19     1    16     1     0     1  -161.0   22.024 -123.192    448.3    965.9
     1     1    19     1    16     0     0     0  -162.0   22.109 -123.145    436.0    967.1
     1     1    19     1    15    23     0     1  -163.0   22.187 -123.113    426.2    969.3
     1     1    19     1    15    22     0     2  -164.0   22.254 -123.092    425.2    969.5
     1     1    19     1    15    21     0     3  -165.0   22.309 -123.082    431.7    969.0
     1     1    19     1    15    20     0     2  -166.0   22.355 -123.081    444.0    967.4
     1     1    19     1    15    19     0     1  -167.0   22.395 -123.085    461.1    965.6
     1     1    19     1    15    18     0     0  -168.0   22.428 -123.094    485.2    962.9
