     7     1
    GDAS    19     6     1     0     0
    GDAS    19     7     1     0     0
    GDAS    19     8     1     0     0
    GDAS    19     9     1     0     0
    GDAS    19    10     1     0     0
    GDAS    19    11     1     0     0
    GDAS    19    12     1     0     0
     1 BACKWARD OMEGA   
    19    11    15     0   21.319 -157.670    10.0
     1 PRESSURE
     1     1    19    11    15     0     0     0     0.0   21.319 -157.670     10.0   1007.7
     1     1    19    11    14    23     0     1    -1.0   21.244 -157.576      6.4   1008.3
     1     1    19    11    14    22     0     2    -2.0   21.190 -157.491      3.6   1009.2
     1     1    19    11    14    21     0     3    -3.0   21.152 -157.409      2.9   1010.2
     1     1    19    11    14    20     0     2    -4.0   21.127 -157.333      4.2   1009.2
     1     1    19    11    14    19     0     1    -5.0   21.116 -157.269      6.6   1008.1
     1     1    19    11    14    18     0     0    -6.0   21.118 -157.216     10.3   1007.1
     1     1    19    11    14    17     0     1    -7.0   21.130 -157.161     20.7   1006.2
     1     1    19    11    14    16     0     2    -8.0   21.149 -157.090     59.9   1002.1
     1     1    19    11    14    15     0     3    -9.0   21.177 -156.998    141.7    991.6
     1     1    19    11    14    14     0     2   -10.0   21.207 -156.893    229.0    980.4
     1     1    19    11    14    13     0     1   -11.0   21.230 -156.787    299.9    973.2
     1     1    19    11    14    12     0     0   -12.0   21.244 -156.684    351.1    967.8
     1     1    19    11    14    11     0     1   -13.0   21.247 -156.568    390.0    966.4
     1     1    19    11    14    10     0     2   -14.0   21.242 -156.424    423.0    964.8
     1     1    19    11    14     9     0     3   -15.0   21.232 -156.253    445.8    963.8
     1     1    19    11    14     8     0     2   -16.0   21.216 -156.068    448.8    963.6
     1     1    19    11    14     7     0     1   -17.0   21.197 -155.887    432.5    966.1
     1     1    19    11    14     6     0     0   -18.0   21.182 -155.718    405.4    968.8
     1     1    19    11    14     5     0     1   -19.0   21.172 -155.556    384.6    972.0
     1     1    19    11    14     4     0     2   -20.0   21.171 -155.392    381.7    971.9
     1     1    19    11    14     3     0     3   -21.0   21.184 -155.224    395.7    970.0
     1     1    19    11    14     2     0     2   -22.0   21.204 -155.059    413.1    966.6
     1     1    19    11    14     1     0     1   -23.0   21.214 -154.905    420.5    965.7
     1     1    19    11    14     0     0     0   -24.0   21.211 -154.762    422.3    965.7
     1     1    19    11    13    23     0     1   -25.0   21.211 -154.620    425.2    966.4
     1     1    19    11    13    22     0     2   -26.0   21.233 -154.472    430.4    966.4
     1     1    19    11    13    21     0     3   -27.0   21.278 -154.314    433.7    966.4
     1     1    19    11    13    20     0     2   -28.0   21.334 -154.158    442.5    966.4
     1     1    19    11    13    19     0     1   -29.0   21.390 -154.021    467.1    963.5
     1     1    19    11    13    18     0     0   -30.0   21.446 -153.901    503.7    958.7
     1     1    19    11    13    17     0     1   -31.0   21.499 -153.783    537.6    953.6
     1     1    19    11    13    16     0     2   -32.0   21.547 -153.653    556.8    951.4
     1     1    19    11    13    15     0     3   -33.0   21.592 -153.515    564.3    950.7
     1     1    19    11    13    14     0     2   -34.0   21.641 -153.373    568.3    950.6
     1     1    19    11    13    13     0     1   -35.0   21.698 -153.231    567.9    949.8
     1     1    19    11    13    12     0     0   -36.0   21.764 -153.092    550.3    950.7
     1     1    19    11    13    11     0     1   -37.0   21.840 -152.948    526.5    956.1
     1     1    19    11    13    10     0     2   -38.0   21.922 -152.790    519.6    958.3
     1     1    19    11    13     9     0     3   -39.0   22.012 -152.618    537.4    957.2
     1     1    19    11    13     8     0     2   -40.0   22.106 -152.445    555.2    952.2
     1     1    19    11    13     7     0     1   -41.0   22.204 -152.283    549.8    953.1
     1     1    19    11    13     6     0     0   -42.0   22.309 -152.133    528.5    955.6
     1     1    19    11    13     5     0     1   -43.0   22.409 -151.987    506.6    958.9
     1     1    19    11    13     4     0     2   -44.0   22.493 -151.840    492.7    959.5
     1     1    19    11    13     3     0     3   -45.0   22.564 -151.692    481.8    960.0
     1     1    19    11    13     2     0     2   -46.0   22.628 -151.546    466.6    960.9
     1     1    19    11    13     1     0     1   -47.0   22.692 -151.402    443.6    963.5
     1     1    19    11    13     0     0     0   -48.0   22.756 -151.258    415.5    966.6
     1     1    19    11    12    23     0     1   -49.0   22.823 -151.118    394.9    970.8
     1     1    19    11    12    22     0     2   -50.0   22.902 -150.992    392.5    971.9
     1     1    19    11    12    21     0     3   -51.0   22.998 -150.880    405.1    971.0
     1     1    19    11    12    20     0     2   -52.0   23.106 -150.774    423.7    968.4
     1     1    19    11    12    19     0     1   -53.0   23.219 -150.666    443.6    966.2
     1     1    19    11    12    18     0     0   -54.0   23.336 -150.557    467.1    963.4
     1     1    19    11    12    17     0     1   -55.0   23.453 -150.451    485.6    959.9
     1     1    19    11    12    16     0     2   -56.0   23.569 -150.351    493.1    959.2
     1     1    19    11    12    15     0     3   -57.0   23.686 -150.262    497.0    959.0
     1     1    19    11    12    14     0     2   -58.0   23.802 -150.180    502.2    958.3
     1     1    19    11    12    13     0     1   -59.0   23.918 -150.099    507.8    957.2
     1     1    19    11    12    12     0     0   -60.0   24.037 -150.014    510.3    956.5
     1     1    19    11    12    11     0     1   -61.0   24.160 -149.922    511.7    957.3
     1     1    19    11    12    10     0     2   -62.0   24.289 -149.825    517.6    957.4
     1     1    19    11    12     9     0     3   -63.0   24.423 -149.725    531.7    956.6
     1     1    19    11    12     8     0     2   -64.0   24.562 -149.629    551.7    953.8
     1     1    19    11    12     7     0     1   -65.0   24.710 -149.541    569.6    951.4
     1     1    19    11    12     6     0     0   -66.0   24.875 -149.460    577.6    950.0
     1     1    19    11    12     5     0     1   -67.0   25.054 -149.381    583.0    950.2
     1     1    19    11    12     4     0     2   -68.0   25.234 -149.312    595.8    948.2
     1     1    19    11    12     3     0     3   -69.0   25.414 -149.262    611.6    945.9
     1     1    19    11    12     2     0     2   -70.0   25.592 -149.226    618.7    944.0
     1     1    19    11    12     1     0     1   -71.0   25.763 -149.198    612.0    944.7
     1     1    19    11    12     0     0     0   -72.0   25.922 -149.183    598.7    946.2
     1     1    19    11    11    23     0     1   -73.0   26.076 -149.170    595.1    948.7
     1     1    19    11    11    22     0     2   -74.0   26.229 -149.150    609.5    947.7
     1     1    19    11    11    21     0     3   -75.0   26.380 -149.121    636.5    945.4
     1     1    19    11    11    20     0     2   -76.0   26.533 -149.083    669.3    941.0
     1     1    19    11    11    19     0     1   -77.0   26.696 -149.045    705.0    937.1
     1     1    19    11    11    18     0     0   -78.0   26.869 -149.020    747.2    932.4
     1     1    19    11    11    17     0     1   -79.0   27.051 -149.031    800.1    926.5
     1     1    19    11    11    16     0     2   -80.0   27.241 -149.082    859.9    919.1
     1     1    19    11    11    15     0     3   -81.0   27.440 -149.162    910.6    912.1
     1     1    19    11    11    14     0     2   -82.0   27.641 -149.271    953.8    908.2
     1     1    19    11    11    13     0     1   -83.0   27.852 -149.420    995.2    903.0
     1     1    19    11    11    12     0     0   -84.0   28.088 -149.595   1000.8    899.3
     1     1    19    11    11    11     0     1   -85.0   28.330 -149.741    978.1    906.1
     1     1    19    11    11    10     0     2   -86.0   28.554 -149.863    984.9    906.1
     1     1    19    11    11     9     0     3   -87.0   28.760 -149.980    991.9    902.3
     1     1    19    11    11     8     0     2   -88.0   28.955 -150.081    973.6    905.0
     1     1    19    11    11     7     0     1   -89.0   29.146 -150.170    977.5    909.7
     1     1    19    11    11     6     0     0   -90.0   29.315 -150.298   1068.7    902.2
     1     1    19    11    11     5     0     1   -91.0   29.440 -150.485   1240.7    881.1
     1     1    19    11    11     4     0     2   -92.0   29.517 -150.729   1476.5    857.4
     1     1    19    11    11     3     0     3   -93.0   29.534 -151.063   1850.4    825.0
     1     1    19    11    11     2     0     2   -94.0   29.470 -151.497   2150.3    771.0
     1     1    19    11    11     1     0     1   -95.0   29.382 -151.960   2201.2    774.5
     1     1    19    11    11     0     0     0   -96.0   29.289 -152.413   2161.2    782.9
     1     1    19    11    10    23     0     1   -97.0   29.195 -152.836   2091.9    790.4
     1     1    19    11    10    22     0     2   -98.0   29.099 -153.232   2030.6    799.9
     1     1    19    11    10    21     0     3   -99.0   29.008 -153.612   1961.0    802.8
     1     1    19    11    10    20     0     2  -100.0   28.941 -153.952   1880.3    814.2
     1     1    19    11    10    19     0     1  -101.0   28.894 -154.258   1853.9    820.0
     1     1    19    11    10    18     0     0  -102.0   28.850 -154.571   1891.6    814.3
     1     1    19    11    10    17     0     1  -103.0   28.807 -154.905   1952.0    805.3
     1     1    19    11    10    16     0     2  -104.0   28.766 -155.255   1983.7    799.3
     1     1    19    11    10    15     0     3  -105.0   28.734 -155.600   1940.3    801.3
     1     1    19    11    10    14     0     2  -106.0   28.714 -155.909   1852.5    814.4
     1     1    19    11    10    13     0     1  -107.0   28.700 -156.178   1798.9    822.5
     1     1    19    11    10    12     0     0  -108.0   28.689 -156.434   1802.2    821.4
     1     1    19    11    10    11     0     1  -109.0   28.683 -156.701   1831.2    816.1
     1     1    19    11    10    10     0     2  -110.0   28.693 -156.975   1863.7    813.8
     1     1    19    11    10     9     0     3  -111.0   28.720 -157.256   1912.5    809.8
     1     1    19    11    10     8     0     2  -112.0   28.761 -157.564   1961.2    802.1
     1     1    19    11    10     7     0     1  -113.0   28.816 -157.895   1978.5    799.2
     1     1    19    11    10     6     0     0  -114.0   28.885 -158.228   1946.8    800.9
     1     1    19    11    10     5     0     1  -115.0   28.970 -158.545   1900.5    809.6
     1     1    19    11    10     4     0     2  -116.0   29.067 -158.858   1877.0    810.5
     1     1    19    11    10     3     0     3  -117.0   29.173 -159.168   1864.5    811.1
     1     1    19    11    10     2     0     2  -118.0   29.277 -159.483   1880.1    811.1
     1     1    19    11    10     1     0     1  -119.0   29.376 -159.812   1936.8    804.5
     1     1    19    11    10     0     0     0  -120.0   29.480 -160.146   2024.9    795.1
     1     1    19    11     9    23     0     1  -121.0   29.600 -160.494   2114.1    784.0
     1     1    19    11     9    22     0     2  -122.0   29.750 -160.846   2179.6    778.0
     1     1    19    11     9    21     0     3  -123.0   29.941 -161.182   2218.1    774.3
     1     1    19    11     9    20     0     2  -124.0   30.159 -161.524   2254.8    773.0
     1     1    19    11     9    19     0     1  -125.0   30.400 -161.901   2308.8    766.0
     1     1    19    11     9    18     0     0  -126.0   30.674 -162.293   2369.7    759.9
     1     1    19    11     9    17     0     1  -127.0   30.971 -162.703   2443.8    752.7
     1     1    19    11     9    16     0     2  -128.0   31.277 -163.130   2534.1    743.9
     1     1    19    11     9    15     0     3  -129.0   31.588 -163.560   2627.3    733.7
     1     1    19    11     9    14     0     2  -130.0   31.916 -163.994   2715.9    725.5
     1     1    19    11     9    13     0     1  -131.0   32.271 -164.430   2817.1    716.9
     1     1    19    11     9    12     0     0  -132.0   32.642 -164.857   2927.4    705.0
     1     1    19    11     9    11     0     1  -133.0   33.034 -165.288   3032.2    695.7
     1     1    19    11     9    10     0     2  -134.0   33.463 -165.733   3151.2    687.0
     1     1    19    11     9     9     0     3  -135.0   33.941 -166.176   3294.4    673.6
     1     1    19    11     9     8     0     2  -136.0   34.449 -166.623   3432.0    659.4
     1     1    19    11     9     7     0     1  -137.0   34.983 -167.074   3575.4    649.6
     1     1    19    11     9     6     0     0  -138.0   35.557 -167.502   3774.6    633.8
     1     1    19    11     9     5     0     1  -139.0   36.153 -167.915   3978.3    611.1
     1     1    19    11     9     4     0     2  -140.0   36.774 -168.332   4135.7    599.2
     1     1    19    11     9     3     0     3  -141.0   37.429 -168.758   4242.7    588.7
     1     1    19    11     9     2     0     2  -142.0   38.091 -169.169   4299.7    585.0
     1     1    19    11     9     1     0     1  -143.0   38.754 -169.531   4369.4    582.2
     1     1    19    11     9     0     0     0  -144.0   39.435 -169.854   4438.1    571.7
     1     1    19    11     8    23     0     1  -145.0   40.118 -170.137   4505.1    570.2
     1     1    19    11     8    22     0     2  -146.0   40.808 -170.408   4580.8    561.0
     1     1    19    11     8    21     0     3  -147.0   41.505 -170.701   4618.1    557.8
     1     1    19    11     8    20     0     2  -148.0   42.190 -170.966   4656.9    557.4
     1     1    19    11     8    19     0     1  -149.0   42.850 -171.187   4728.5    549.6
     1     1    19    11     8    18     0     0  -150.0   43.507 -171.411   4787.3    543.1
     1     1    19    11     8    17     0     1  -151.0   44.145 -171.600   4831.4    540.7
     1     1    19    11     8    16     0     2  -152.0   44.740 -171.744   4871.7    536.3
     1     1    19    11     8    15     0     3  -153.0   45.310 -171.902   4890.4    534.0
     1     1    19    11     8    14     0     2  -154.0   45.842 -172.056   4906.7    534.4
     1     1    19    11     8    13     0     1  -155.0   46.316 -172.163   4944.2    530.7
     1     1    19    11     8    12     0     0  -156.0   46.752 -172.231   4996.8    527.0
     1     1    19    11     8    11     0     1  -157.0   47.143 -172.252   5051.0    521.4
     1     1    19    11     8    10     0     2  -158.0   47.472 -172.208   5093.4    518.1
     1     1    19    11     8     9     0     3  -159.0   47.758 -172.112   5126.3    515.4
     1     1    19    11     8     8     0     2  -160.0   48.011 -172.004   5145.7    513.5
     1     1    19    11     8     7     0     1  -161.0   48.222 -171.905   5149.3    513.1
     1     1    19    11     8     6     0     0  -162.0   48.392 -171.811   5137.7    513.6
     1     1    19    11     8     5     0     1  -163.0   48.540 -171.750   5109.1    515.6
     1     1    19    11     8     4     0     2  -164.0   48.677 -171.750   5067.2    518.9
     1     1    19    11     8     3     0     3  -165.0   48.799 -171.803   5022.5    522.5
     1     1    19    11     8     2     0     2  -166.0   48.915 -171.911   4990.9    525.9
     1     1    19    11     8     1     0     1  -167.0   49.032 -172.075   4980.3    526.7
     1     1    19    11     8     0     0     0  -168.0   49.142 -172.283   4973.8    526.6
