     7     1
    GDAS    19     6     1     0     0
    GDAS    19     7     1     0     0
    GDAS    19     8     1     0     0
    GDAS    19     9     1     0     0
    GDAS    19    10     1     0     0
    GDAS    19    11     1     0     0
    GDAS    19    12     1     0     0
     1 BACKWARD OMEGA   
    19     7    14     0   21.319 -157.670    10.0
     1 PRESSURE
     1     1    19     7    14     0     0     0     0.0   21.319 -157.670     10.0   1010.2
     1     1    19     7    13    23     0     1    -1.0   21.410 -157.440     75.3   1006.3
     1     1    19     7    13    22     0     2    -2.0   21.482 -157.170    219.8    986.9
     1     1    19     7    13    21     0     3    -3.0   21.526 -156.872    384.8    967.0
     1     1    19     7    13    20     0     2    -4.0   21.532 -156.569    507.3    950.3
     1     1    19     7    13    19     0     1    -5.0   21.506 -156.273    564.5    947.2
     1     1    19     7    13    18     0     0    -6.0   21.457 -155.970    578.2    948.2
     1     1    19     7    13    17     0     1    -7.0   21.391 -155.672    580.8    950.1
     1     1    19     7    13    16     0     2    -8.0   21.315 -155.393    597.0    948.0
     1     1    19     7    13    15     0     3    -9.0   21.228 -155.129    624.1    944.7
     1     1    19     7    13    14     0     2   -10.0   21.145 -154.873    660.1    940.9
     1     1    19     7    13    13     0     1   -11.0   21.085 -154.621    706.5    936.0
     1     1    19     7    13    12     0     0   -12.0   21.046 -154.369    767.7    929.6
     1     1    19     7    13    11     0     1   -13.0   21.022 -154.113    831.0    921.8
     1     1    19     7    13    10     0     2   -14.0   21.008 -153.844    877.0    917.1
     1     1    19     7    13     9     0     3   -15.0   21.004 -153.565    904.3    914.6
     1     1    19     7    13     8     0     2   -16.0   21.010 -153.283    918.6    913.1
     1     1    19     7    13     7     0     1   -17.0   21.036 -153.000    926.3    912.2
     1     1    19     7    13     6     0     0   -18.0   21.080 -152.716    933.5    911.4
     1     1    19     7    13     5     0     1   -19.0   21.126 -152.434    942.8    910.0
     1     1    19     7    13     4     0     2   -20.0   21.163 -152.161    953.0    908.5
     1     1    19     7    13     3     0     3   -21.0   21.193 -151.897    964.3    906.9
     1     1    19     7    13     2     0     2   -22.0   21.218 -151.632    977.3    905.7
     1     1    19     7    13     1     0     1   -23.0   21.238 -151.359    989.5    904.1
     1     1    19     7    13     0     0     0   -24.0   21.253 -151.084    995.7    903.3
     1     1    19     7    12    23     0     1   -25.0   21.268 -150.812   1011.5    903.9
     1     1    19     7    12    22     0     2   -26.0   21.285 -150.548   1052.7    899.7
     1     1    19     7    12    21     0     3   -27.0   21.302 -150.289   1118.4    893.3
     1     1    19     7    12    20     0     2   -28.0   21.311 -150.034   1192.0    883.9
     1     1    19     7    12    19     0     1   -29.0   21.308 -149.784   1248.1    877.2
     1     1    19     7    12    18     0     0   -30.0   21.302 -149.533   1282.1    874.0
     1     1    19     7    12    17     0     1   -31.0   21.299 -149.278   1306.8    872.3
     1     1    19     7    12    16     0     2   -32.0   21.309 -149.015   1332.8    869.3
     1     1    19     7    12    15     0     3   -33.0   21.327 -148.747   1369.8    866.3
     1     1    19     7    12    14     0     2   -34.0   21.353 -148.483   1419.3    860.5
     1     1    19     7    12    13     0     1   -35.0   21.386 -148.230   1458.1    855.6
     1     1    19     7    12    12     0     0   -36.0   21.430 -147.986   1464.4    854.1
     1     1    19     7    12    11     0     1   -37.0   21.481 -147.740   1452.3    858.2
     1     1    19     7    12    10     0     2   -38.0   21.532 -147.482   1450.1    859.0
     1     1    19     7    12     9     0     3   -39.0   21.591 -147.216   1460.5    858.5
     1     1    19     7    12     8     0     2   -40.0   21.658 -146.948   1473.1    856.1
     1     1    19     7    12     7     0     1   -41.0   21.733 -146.679   1472.3    855.7
     1     1    19     7    12     6     0     0   -42.0   21.817 -146.413   1450.8    857.4
     1     1    19     7    12     5     0     1   -43.0   21.904 -146.156   1426.1    861.6
     1     1    19     7    12     4     0     2   -44.0   21.987 -145.909   1423.1    862.2
     1     1    19     7    12     3     0     3   -45.0   22.060 -145.671   1451.1    859.6
     1     1    19     7    12     2     0     2   -46.0   22.121 -145.439   1484.2    853.4
     1     1    19     7    12     1     0     1   -47.0   22.182 -145.209   1491.0    852.4
     1     1    19     7    12     0     0     0   -48.0   22.246 -144.983   1465.6    854.7
     1     1    19     7    11    23     0     1   -49.0   22.309 -144.759   1436.2    861.0
     1     1    19     7    11    22     0     2   -50.0   22.371 -144.532   1429.5    862.1
     1     1    19     7    11    21     0     3   -51.0   22.431 -144.298   1444.3    861.0
     1     1    19     7    11    20     0     2   -52.0   22.495 -144.054   1467.6    857.4
     1     1    19     7    11    19     0     1   -53.0   22.566 -143.804   1484.4    855.6
     1     1    19     7    11    18     0     0   -54.0   22.639 -143.553   1493.0    854.7
     1     1    19     7    11    17     0     1   -55.0   22.707 -143.307   1503.1    854.5
     1     1    19     7    11    16     0     2   -56.0   22.771 -143.077   1520.5    852.0
     1     1    19     7    11    15     0     3   -57.0   22.840 -142.861   1540.3    849.7
     1     1    19     7    11    14     0     2   -58.0   22.921 -142.656   1559.9    847.3
     1     1    19     7    11    13     0     1   -59.0   23.011 -142.458   1579.4    845.2
     1     1    19     7    11    12     0     0   -60.0   23.106 -142.267   1597.5    842.8
     1     1    19     7    11    11     0     1   -61.0   23.203 -142.075   1615.1    841.8
     1     1    19     7    11    10     0     2   -62.0   23.301 -141.876   1635.6    840.2
     1     1    19     7    11     9     0     3   -63.0   23.399 -141.673   1662.2    838.2
     1     1    19     7    11     8     0     2   -64.0   23.502 -141.470   1688.2    834.8
     1     1    19     7    11     7     0     1   -65.0   23.609 -141.272   1703.9    833.2
     1     1    19     7    11     6     0     0   -66.0   23.722 -141.076   1706.7    832.8
     1     1    19     7    11     5     0     1   -67.0   23.841 -140.887   1705.1    833.8
     1     1    19     7    11     4     0     2   -68.0   23.970 -140.708   1709.7    833.3
     1     1    19     7    11     3     0     3   -69.0   24.110 -140.539   1721.3    832.0
     1     1    19     7    11     2     0     2   -70.0   24.254 -140.372   1731.4    830.1
     1     1    19     7    11     1     0     1   -71.0   24.390 -140.205   1732.6    830.0
     1     1    19     7    11     0     0     0   -72.0   24.516 -140.039   1729.1    830.6
     1     1    19     7    10    23     0     1   -73.0   24.636 -139.877   1730.7    831.5
     1     1    19     7    10    22     0     2   -74.0   24.755 -139.722   1742.7    830.5
     1     1    19     7    10    21     0     3   -75.0   24.874 -139.571   1764.7    828.8
     1     1    19     7    10    20     0     2   -76.0   24.995 -139.426   1793.6    825.6
     1     1    19     7    10    19     0     1   -77.0   25.120 -139.284   1820.5    822.6
     1     1    19     7    10    18     0     0   -78.0   25.253 -139.143   1837.6    820.7
     1     1    19     7    10    17     0     1   -79.0   25.394 -139.003   1847.5    820.1
     1     1    19     7    10    16     0     2   -80.0   25.546 -138.867   1858.2    819.2
     1     1    19     7    10    15     0     3   -81.0   25.705 -138.739   1872.2    817.7
     1     1    19     7    10    14     0     2   -82.0   25.867 -138.624   1884.7    815.6
     1     1    19     7    10    13     0     1   -83.0   26.026 -138.525   1890.1    814.8
     1     1    19     7    10    12     0     0   -84.0   26.181 -138.441   1888.9    814.7
     1     1    19     7    10    11     0     1   -85.0   26.328 -138.362   1887.5    815.6
     1     1    19     7    10    10     0     2   -86.0   26.465 -138.279   1890.8    815.6
     1     1    19     7    10     9     0     3   -87.0   26.592 -138.194   1897.7    815.1
     1     1    19     7    10     8     0     2   -88.0   26.718 -138.112   1904.4    814.3
     1     1    19     7    10     7     0     1   -89.0   26.853 -138.037   1908.3    814.0
     1     1    19     7    10     6     0     0   -90.0   26.999 -137.969   1910.2    814.0
     1     1    19     7    10     5     0     1   -91.0   27.153 -137.908   1910.2    813.8
     1     1    19     7    10     4     0     2   -92.0   27.310 -137.857   1908.9    813.9
     1     1    19     7    10     3     0     3   -93.0   27.471 -137.817   1908.4    813.9
     1     1    19     7    10     2     0     2   -94.0   27.630 -137.788   1907.7    813.5
     1     1    19     7    10     1     0     1   -95.0   27.780 -137.770   1905.2    813.7
     1     1    19     7    10     0     0     0   -96.0   27.917 -137.760   1902.1    813.9
     1     1    19     7     9    23     0     1   -97.0   28.049 -137.754   1894.6    814.5
     1     1    19     7     9    22     0     2   -98.0   28.182 -137.754   1879.4    816.4
     1     1    19     7     9    21     0     3   -99.0   28.320 -137.757   1860.0    818.8
     1     1    19     7     9    20     0     2  -100.0   28.462 -137.768   1846.5    820.7
     1     1    19     7     9    19     0     1  -101.0   28.609 -137.791   1843.8    820.6
     1     1    19     7     9    18     0     0  -102.0   28.760 -137.825   1846.8    820.0
     1     1    19     7     9    17     0     1  -103.0   28.913 -137.869   1851.5    819.1
     1     1    19     7     9    16     0     2  -104.0   29.063 -137.922   1859.5    818.3
     1     1    19     7     9    15     0     3  -105.0   29.211 -137.989   1876.5    816.5
     1     1    19     7     9    14     0     2  -106.0   29.359 -138.072   1903.4    813.5
     1     1    19     7     9    13     0     1  -107.0   29.503 -138.172   1936.2    810.0
     1     1    19     7     9    12     0     0  -108.0   29.645 -138.287   1971.8    806.3
     1     1    19     7     9    11     0     1  -109.0   29.783 -138.408   2000.7    803.1
     1     1    19     7     9    10     0     2  -110.0   29.916 -138.532   2016.6    802.0
     1     1    19     7     9     9     0     3  -111.0   30.045 -138.662   2022.5    802.0
     1     1    19     7     9     8     0     2  -112.0   30.174 -138.796   2025.8    802.2
     1     1    19     7     9     7     0     1  -113.0   30.303 -138.933   2031.2    801.8
     1     1    19     7     9     6     0     0  -114.0   30.429 -139.075   2038.7    801.2
     1     1    19     7     9     5     0     1  -115.0   30.555 -139.227   2052.5    800.3
     1     1    19     7     9     4     0     2  -116.0   30.685 -139.389   2079.3    798.0
     1     1    19     7     9     3     0     3  -117.0   30.816 -139.560   2123.5    794.1
     1     1    19     7     9     2     0     2  -118.0   30.943 -139.737   2171.1    788.2
     1     1    19     7     9     1     0     1  -119.0   31.064 -139.918   2200.6    785.1
     1     1    19     7     9     0     0     0  -120.0   31.180 -140.099   2208.8    784.5
     1     1    19     7     8    23     0     1  -121.0   31.292 -140.284   2210.6    785.8
     1     1    19     7     8    22     0     2  -122.0   31.397 -140.476   2217.5    785.1
     1     1    19     7     8    21     0     3  -123.0   31.500 -140.675   2226.1    784.4
     1     1    19     7     8    20     0     2  -124.0   31.602 -140.880   2230.9    783.6
     1     1    19     7     8    19     0     1  -125.0   31.701 -141.089   2230.5    783.9
     1     1    19     7     8    18     0     0  -126.0   31.793 -141.303   2229.1    784.2
     1     1    19     7     8    17     0     1  -127.0   31.876 -141.512   2227.6    784.1
     1     1    19     7     8    16     0     2  -128.0   31.951 -141.707   2222.4    784.1
     1     1    19     7     8    15     0     3  -129.0   32.017 -141.889   2206.9    785.1
     1     1    19     7     8    14     0     2  -130.0   32.075 -142.063   2183.1    787.9
     1     1    19     7     8    13     0     1  -131.0   32.129 -142.236   2160.6    790.7
     1     1    19     7     8    12     0     0  -132.0   32.179 -142.404   2147.5    792.4
     1     1    19     7     8    11     0     1  -133.0   32.222 -142.565   2141.3    793.0
     1     1    19     7     8    10     0     2  -134.0   32.259 -142.717   2134.7    793.8
     1     1    19     7     8     9     0     3  -135.0   32.286 -142.858   2124.0    795.1
     1     1    19     7     8     8     0     2  -136.0   32.307 -142.992   2115.4    796.9
     1     1    19     7     8     7     0     1  -137.0   32.331 -143.127   2118.2    797.0
     1     1    19     7     8     6     0     0  -138.0   32.358 -143.266   2129.6    795.9
     1     1    19     7     8     5     0     1  -139.0   32.387 -143.412   2140.7    794.2
     1     1    19     7     8     4     0     2  -140.0   32.417 -143.563   2150.5    793.7
     1     1    19     7     8     3     0     3  -141.0   32.442 -143.719   2169.4    792.4
     1     1    19     7     8     2     0     2  -142.0   32.453 -143.875   2194.2    789.5
     1     1    19     7     8     1     0     1  -143.0   32.444 -144.028   2209.1    787.7
     1     1    19     7     8     0     0     0  -144.0   32.417 -144.176   2206.2    788.0
     1     1    19     7     7    23     0     1  -145.0   32.380 -144.309   2192.9    790.2
     1     1    19     7     7    22     0     2  -146.0   32.338 -144.417   2175.4    791.9
     1     1    19     7     7    21     0     3  -147.0   32.288 -144.497   2151.3    794.2
     1     1    19     7     7    20     0     2  -148.0   32.236 -144.555   2125.5    797.3
     1     1    19     7     7    19     0     1  -149.0   32.185 -144.595   2105.2    799.4
     1     1    19     7     7    18     0     0  -150.0   32.136 -144.620   2093.6    800.7
     1     1    19     7     7    17     0     1  -151.0   32.096 -144.625   2089.4    800.7
     1     1    19     7     7    16     0     2  -152.0   32.073 -144.608   2089.7    800.4
     1     1    19     7     7    15     0     3  -153.0   32.066 -144.570   2093.8    799.7
     1     1    19     7     7    14     0     2  -154.0   32.071 -144.519   2101.0    799.0
     1     1    19     7     7    13     0     1  -155.0   32.079 -144.463   2110.4    798.2
     1     1    19     7     7    12     0     0  -156.0   32.092 -144.404   2121.0    797.1
     1     1    19     7     7    11     0     1  -157.0   32.112 -144.337   2134.0    796.4
     1     1    19     7     7    10     0     2  -158.0   32.140 -144.260   2151.5    795.1
     1     1    19     7     7     9     0     3  -159.0   32.179 -144.173   2175.2    793.4
     1     1    19     7     7     8     0     2  -160.0   32.233 -144.092   2205.1    790.5
     1     1    19     7     7     7     0     1  -161.0   32.307 -144.031   2240.2    787.4
     1     1    19     7     7     6     0     0  -162.0   32.401 -143.989   2279.2    783.7
     1     1    19     7     7     5     0     1  -163.0   32.496 -143.963   2315.4    779.4
     1     1    19     7     7     4     0     2  -164.0   32.578 -143.947   2344.3    776.6
     1     1    19     7     7     3     0     3  -165.0   32.647 -143.942   2367.5    774.2
     1     1    19     7     7     2     0     2  -166.0   32.702 -143.936   2384.8    772.6
     1     1    19     7     7     1     0     1  -167.0   32.743 -143.921   2394.8    771.8
     1     1    19     7     7     0     0     0  -168.0   32.771 -143.895   2398.1    771.7
