     7     1
    GDAS    18    12     1     0     0
    GDAS    19     1     1     0     0
    GDAS    19     2     1     0     0
    GDAS    19     3     1     0     0
    GDAS    19     4     1     0     0
    GDAS    19     5     1     0     0
    GDAS    19     6     1     0     0
     1 BACKWARD OMEGA   
    19     2     9     0   21.319 -157.670    10.0
     1 PRESSURE
     1     1    19     2     9     0     0     0     0.0   21.319 -157.670     10.0   1010.2
     1     1    19     2     8    23     0     1    -1.0   21.543 -157.707     10.5   1011.6
     1     1    19     2     8    22     0     2    -2.0   21.774 -157.749     11.0   1012.9
     1     1    19     2     8    21     0     3    -3.0   22.006 -157.799     11.2   1014.1
     1     1    19     2     8    20     0     2    -4.0   22.243 -157.855     11.2   1013.7
     1     1    19     2     8    19     0     1    -5.0   22.496 -157.914     11.2   1013.2
     1     1    19     2     8    18     0     0    -6.0   22.760 -157.979     11.2   1012.8
     1     1    19     2     8    17     0     1    -7.0   23.042 -158.046     11.2   1012.4
     1     1    19     2     8    16     0     2    -8.0   23.345 -158.109     11.2   1012.0
     1     1    19     2     8    15     0     3    -9.0   23.668 -158.168     11.2   1011.7
     1     1    19     2     8    14     0     2   -10.0   24.002 -158.233     11.2   1011.7
     1     1    19     2     8    13     0     1   -11.0   24.343 -158.310     11.2   1012.0
     1     1    19     2     8    12     0     0   -12.0   24.700 -158.394     11.2   1012.4
     1     1    19     2     8    11     0     1   -13.0   25.070 -158.479     11.2   1013.1
     1     1    19     2     8    10     0     2   -14.0   25.446 -158.554     11.2   1013.7
     1     1    19     2     8     9     0     3   -15.0   25.828 -158.617     11.2   1014.0
     1     1    19     2     8     8     0     2   -16.0   26.214 -158.673     11.5   1013.3
     1     1    19     2     8     7     0     1   -17.0   26.605 -158.728     12.5   1012.6
     1     1    19     2     8     6     0     0   -18.0   27.003 -158.780     14.4   1011.9
     1     1    19     2     8     5     0     1   -19.0   27.396 -158.814     16.6   1011.6
     1     1    19     2     8     4     0     2   -20.0   27.763 -158.819     18.1   1011.3
     1     1    19     2     8     3     0     3   -21.0   28.101 -158.803     18.6   1011.0
     1     1    19     2     8     2     0     2   -22.0   28.409 -158.762     18.7   1011.2
     1     1    19     2     8     1     0     1   -23.0   28.690 -158.693     18.9   1011.3
     1     1    19     2     8     0     0     0   -24.0   28.947 -158.594     19.8   1011.4
     1     1    19     2     7    23     0     1   -25.0   29.177 -158.459     21.2   1011.2
     1     1    19     2     7    22     0     2   -26.0   29.376 -158.278     22.4   1011.0
     1     1    19     2     7    21     0     3   -27.0   29.545 -158.044     22.9   1010.9
     1     1    19     2     7    20     0     2   -28.0   29.692 -157.761     23.5   1010.8
     1     1    19     2     7    19     0     1   -29.0   29.828 -157.442     25.4   1010.4
     1     1    19     2     7    18     0     0   -30.0   29.950 -157.090     28.9   1010.0
     1     1    19     2     7    17     0     1   -31.0   30.047 -156.724     32.7   1009.6
     1     1    19     2     7    16     0     2   -32.0   30.108 -156.357     35.1   1009.5
     1     1    19     2     7    15     0     3   -33.0   30.141 -155.984     35.9   1009.5
     1     1    19     2     7    14     0     2   -34.0   30.146 -155.595     35.8   1009.7
     1     1    19     2     7    13     0     1   -35.0   30.125 -155.188     35.6   1009.9
     1     1    19     2     7    12     0     0   -36.0   30.084 -154.761     35.3   1010.1
     1     1    19     2     7    11     0     1   -37.0   30.031 -154.320     35.1   1011.1
     1     1    19     2     7    10     0     2   -38.0   29.975 -153.871     35.0   1012.6
     1     1    19     2     7     9     0     3   -39.0   29.927 -153.418     35.0   1013.8
     1     1    19     2     7     8     0     2   -40.0   29.882 -152.966     34.8   1014.0
     1     1    19     2     7     7     0     1   -41.0   29.828 -152.518     34.2   1014.5
     1     1    19     2     7     6     0     0   -42.0   29.768 -152.079     33.8   1014.9
     1     1    19     2     7     5     0     1   -43.0   29.708 -151.652     33.5   1015.0
     1     1    19     2     7     4     0     2   -44.0   29.652 -151.239     32.8   1015.2
     1     1    19     2     7     3     0     3   -45.0   29.598 -150.837     31.9   1015.5
     1     1    19     2     7     2     0     2   -46.0   29.550 -150.440     31.3   1015.9
     1     1    19     2     7     1     0     1   -47.0   29.508 -150.049     31.2   1016.2
     1     1    19     2     7     0     0     0   -48.0   29.469 -149.667     31.2   1016.5
     1     1    19     2     6    23     0     1   -49.0   29.431 -149.300     31.2   1017.2
     1     1    19     2     6    22     0     2   -50.0   29.388 -148.947     31.2   1018.0
     1     1    19     2     6    21     0     3   -51.0   29.340 -148.602     31.1   1019.3
     1     1    19     2     6    20     0     2   -52.0   29.293 -148.259     31.2   1019.6
     1     1    19     2     6    19     0     1   -53.0   29.257 -147.914     31.3   1019.5
     1     1    19     2     6    18     0     0   -54.0   29.229 -147.568     31.9   1019.7
     1     1    19     2     6    17     0     1   -55.0   29.211 -147.222     33.7   1019.6
     1     1    19     2     6    16     0     2   -56.0   29.201 -146.879     36.5   1018.7
     1     1    19     2     6    15     0     3   -57.0   29.197 -146.549     39.9   1017.6
     1     1    19     2     6    14     0     2   -58.0   29.193 -146.237     44.3   1017.5
     1     1    19     2     6    13     0     1   -59.0   29.190 -145.941     50.9   1017.2
     1     1    19     2     6    12     0     0   -60.0   29.188 -145.653     59.5   1016.1
     1     1    19     2     6    11     0     1   -61.0   29.180 -145.361     65.7   1015.3
     1     1    19     2     6    10     0     2   -62.0   29.161 -145.063     67.3   1015.5
     1     1    19     2     6     9     0     3   -63.0   29.134 -144.757     66.3   1016.1
     1     1    19     2     6     8     0     2   -64.0   29.113 -144.441     64.3   1016.4
     1     1    19     2     6     7     0     1   -65.0   29.104 -144.118     62.6   1016.7
     1     1    19     2     6     6     0     0   -66.0   29.109 -143.792     61.4   1016.9
     1     1    19     2     6     5     0     1   -67.0   29.128 -143.465     60.1   1016.8
     1     1    19     2     6     4     0     2   -68.0   29.160 -143.145     58.7   1017.0
     1     1    19     2     6     3     0     3   -69.0   29.200 -142.836     58.0   1017.0
     1     1    19     2     6     2     0     2   -70.0   29.249 -142.530     58.0   1017.0
     1     1    19     2     6     1     0     1   -71.0   29.305 -142.222     58.0   1017.1
     1     1    19     2     6     0     0     0   -72.0   29.366 -141.914     58.0   1017.2
     1     1    19     2     5    23     0     1   -73.0   29.436 -141.611     58.0   1017.1
     1     1    19     2     5    22     0     2   -74.0   29.516 -141.319     58.0   1017.1
     1     1    19     2     5    21     0     3   -75.0   29.600 -141.039     58.0   1017.1
     1     1    19     2     5    20     0     2   -76.0   29.691 -140.766     58.6   1017.1
     1     1    19     2     5    19     0     1   -77.0   29.792 -140.496     59.9   1016.9
     1     1    19     2     5    18     0     0   -78.0   29.901 -140.231     61.3   1016.7
     1     1    19     2     5    17     0     1   -79.0   30.019 -139.977     61.8   1016.3
     1     1    19     2     5    16     0     2   -80.0   30.145 -139.737     61.8   1016.1
     1     1    19     2     5    15     0     3   -81.0   30.275 -139.512     61.8   1015.9
     1     1    19     2     5    14     0     2   -82.0   30.413 -139.296     61.8   1015.8
     1     1    19     2     5    13     0     1   -83.0   30.564 -139.085     61.8   1015.8
     1     1    19     2     5    12     0     0   -84.0   30.727 -138.880     61.8   1015.7
     1     1    19     2     5    11     0     1   -85.0   30.899 -138.683     61.8   1015.6
     1     1    19     2     5    10     0     2   -86.0   31.073 -138.500     61.8   1015.5
     1     1    19     2     5     9     0     3   -87.0   31.248 -138.328     61.8   1015.3
     1     1    19     2     5     8     0     2   -88.0   31.434 -138.161     63.0   1015.2
     1     1    19     2     5     7     0     1   -89.0   31.636 -137.993     65.7   1014.6
     1     1    19     2     5     6     0     0   -90.0   31.855 -137.828     68.2   1013.9
     1     1    19     2     5     5     0     1   -91.0   32.089 -137.669     69.0   1013.7
     1     1    19     2     5     4     0     2   -92.0   32.335 -137.518     69.0   1013.6
     1     1    19     2     5     3     0     3   -93.0   32.592 -137.378     69.0   1013.5
     1     1    19     2     5     2     0     2   -94.0   32.862 -137.254     69.0   1013.4
     1     1    19     2     5     1     0     1   -95.0   33.147 -137.150     69.0   1013.3
     1     1    19     2     5     0     0     0   -96.0   33.446 -137.067     69.0   1013.3
     1     1    19     2     4    23     0     1   -97.0   33.755 -136.999     69.0   1013.2
     1     1    19     2     4    22     0     2   -98.0   34.066 -136.943     69.0   1013.1
     1     1    19     2     4    21     0     3   -99.0   34.378 -136.897     69.0   1013.1
     1     1    19     2     4    20     0     2  -100.0   34.700 -136.862     69.0   1013.0
     1     1    19     2     4    19     0     1  -101.0   35.037 -136.844     69.0   1012.9
     1     1    19     2     4    18     0     0  -102.0   35.388 -136.843     69.0   1012.8
     1     1    19     2     4    17     0     1  -103.0   35.745 -136.852     69.0   1012.7
     1     1    19     2     4    16     0     2  -104.0   36.101 -136.867     69.0   1012.6
     1     1    19     2     4    15     0     3  -105.0   36.456 -136.889     69.0   1012.5
     1     1    19     2     4    14     0     2  -106.0   36.818 -136.919     69.0   1012.4
     1     1    19     2     4    13     0     1  -107.0   37.194 -136.959     69.0   1012.3
     1     1    19     2     4    12     0     0  -108.0   37.582 -137.005     69.0   1012.3
     1     1    19     2     4    11     0     1  -109.0   37.977 -137.048     69.0   1012.4
     1     1    19     2     4    10     0     2  -110.0   38.375 -137.085     69.0   1012.5
     1     1    19     2     4     9     0     3  -111.0   38.778 -137.118     69.0   1012.6
     1     1    19     2     4     8     0     2  -112.0   39.193 -137.150     69.0   1011.9
     1     1    19     2     4     7     0     1  -113.0   39.629 -137.186     69.0   1011.2
     1     1    19     2     4     6     0     0  -114.0   40.082 -137.229     69.0   1010.6
     1     1    19     2     4     5     0     1  -115.0   40.549 -137.279     69.0   1010.7
     1     1    19     2     4     4     0     2  -116.0   41.027 -137.335     69.0   1010.9
     1     1    19     2     4     3     0     3  -117.0   41.520 -137.395     69.0   1011.2
     1     1    19     2     4     2     0     2  -118.0   42.019 -137.464     70.3   1011.0
     1     1    19     2     4     1     0     1  -119.0   42.516 -137.550     74.3   1010.2
     1     1    19     2     4     0     0     0  -120.0   43.015 -137.658     81.5   1008.9
     1     1    19     2     3    23     0     1  -121.0   43.520 -137.765     88.4   1007.9
     1     1    19     2     3    22     0     2  -122.0   44.027 -137.853     91.0   1007.8
     1     1    19     2     3    21     0     3  -123.0   44.534 -137.927     91.3   1008.3
     1     1    19     2     3    20     0     2  -124.0   45.044 -137.989     92.7   1008.2
     1     1    19     2     3    19     0     1  -125.0   45.564 -138.044     97.1   1007.7
     1     1    19     2     3    18     0     0  -126.0   46.098 -138.099    104.4   1006.7
     1     1    19     2     3    17     0     1  -127.0   46.640 -138.144    110.2   1005.7
     1     1    19     2     3    16     0     2  -128.0   47.181 -138.171    112.0   1005.7
     1     1    19     2     3    15     0     3  -129.0   47.726 -138.186    112.9   1005.8
     1     1    19     2     3    14     0     2  -130.0   48.274 -138.189    113.9   1005.7
     1     1    19     2     3    13     0     1  -131.0   48.822 -138.182    114.3   1005.7
     1     1    19     2     3    12     0     0  -132.0   49.372 -138.177    114.4   1005.8
     1     1    19     2     3    11     0     1  -133.0   49.916 -138.164    114.7   1005.9
     1     1    19     2     3    10     0     2  -134.0   50.446 -138.131    115.3   1006.0
     1     1    19     2     3     9     0     3  -135.0   50.963 -138.093    115.8   1006.1
     1     1    19     2     3     8     0     2  -136.0   51.469 -138.041    117.4   1006.0
     1     1    19     2     3     7     0     1  -137.0   51.973 -137.973    119.8   1005.7
     1     1    19     2     3     6     0     0  -138.0   52.479 -137.902    123.0   1005.5
     1     1    19     2     3     5     0     1  -139.0   52.975 -137.822    127.4   1004.8
     1     1    19     2     3     4     0     2  -140.0   53.444 -137.725    130.0   1004.2
     1     1    19     2     3     3     0     3  -141.0   53.880 -137.623    127.6   1004.2
     1     1    19     2     3     2     0     2  -142.0   54.287 -137.515    122.4   1005.0
     1     1    19     2     3     1     0     1  -143.0   54.660 -137.397    118.2   1005.5
     1     1    19     2     3     0     0     0  -144.0   54.994 -137.298    116.6   1005.7
     1     1    19     2     2    23     0     1  -145.0   55.313 -137.167    116.5   1005.1
     1     1    19     2     2    22     0     2  -146.0   55.631 -136.942    116.5   1004.8
     1     1    19     2     2    21     0     3  -147.0   55.935 -136.624    116.5   1005.0
     1     1    19     2     2    20     0     2  -148.0   56.206 -136.270    119.1   1004.5
     1     1    19     2     2    19     0     1  -149.0   56.453 -135.935    126.3   1001.0
     1     1    19     2     2    18     0     0  -150.0   56.689 -135.617    142.0    980.1
     1     1    19     2     2    17     0     1  -151.0   56.914 -135.325    176.8    946.3
     1     1    19     2     2    16     0     2  -152.0   57.122 -135.083    227.7    921.7
     1     1    19     2     2    15     0     3  -153.0   57.342 -134.876    288.6    930.8
     1     1    19     2     2    14     0     2  -154.0   57.593 -134.676    355.3    941.7
     1     1    19     2     2    13     0     1  -155.0   57.870 -134.464    435.1    942.5
     1     1    19     2     2    12     0     0  -156.0   58.168 -134.193    568.8    904.4
     1     1    19     2     2    11     0     1  -157.0   58.484 -133.716    833.8    817.6
     1     1    19     2     2    10     0     2  -158.0   58.768 -133.010   1184.6    754.3
     1     1    19     2     2     9     0     3  -159.0   59.023 -132.214   1191.1    728.2
     1     1    19     2     2     8     0     2  -160.0   59.299 -131.357    954.2    769.2
     1     1    19     2     2     7     0     1  -161.0   59.535 -130.370    981.0    755.9
     1     1    19     2     2     6     0     0  -162.0   59.720 -129.433    930.5    783.7
     1     1    19     2     2     5     0     1  -163.0   59.872 -128.566    779.8    833.6
     1     1    19     2     2     4     0     2  -164.0   60.016 -127.655    750.0    835.0
     1     1    19     2     2     3     0     3  -165.0   60.162 -126.678    725.0    815.1
     1     1    19     2     2     2     0     2  -166.0   60.267 -125.643    791.6    802.7
     1     1    19     2     2     1     0     1  -167.0   60.375 -124.700    761.0    830.5
     1     1    19     2     2     0     0     0  -168.0   60.616 -124.054    704.3    855.2
