     7     1
    GDAS    19     6     1     0     0
    GDAS    19     7     1     0     0
    GDAS    19     8     1     0     0
    GDAS    19     9     1     0     0
    GDAS    19    10     1     0     0
    GDAS    19    11     1     0     0
    GDAS    19    12     1     0     0
     1 BACKWARD OMEGA   
    19    10     5     0   21.319 -157.670    10.0
     1 PRESSURE
     1     1    19    10     5     0     0     0     0.0   21.319 -157.670     10.0   1010.6
     1     1    19    10     4    23     0     1    -1.0   21.456 -157.415     74.5   1006.6
     1     1    19    10     4    22     0     2    -2.0   21.566 -157.122    215.3    988.3
     1     1    19    10     4    21     0     3    -3.0   21.636 -156.801    366.4    969.6
     1     1    19    10     4    20     0     2    -4.0   21.678 -156.471    465.3    957.2
     1     1    19    10     4    19     0     1    -5.0   21.696 -156.143    505.3    956.4
     1     1    19    10     4    18     0     0    -6.0   21.688 -155.822    527.6    956.7
     1     1    19    10     4    17     0     1    -7.0   21.682 -155.504    556.3    953.8
     1     1    19    10     4    16     0     2    -8.0   21.696 -155.188    604.0    949.3
     1     1    19    10     4    15     0     3    -9.0   21.718 -154.874    674.4    941.2
     1     1    19    10     4    14     0     2   -10.0   21.749 -154.549    745.5    930.9
     1     1    19    10     4    13     0     1   -11.0   21.790 -154.206    805.1    925.2
     1     1    19    10     4    12     0     0   -12.0   21.829 -153.856    869.9    918.9
     1     1    19    10     4    11     0     1   -13.0   21.872 -153.496    938.1    911.1
     1     1    19    10     4    10     0     2   -14.0   21.922 -153.125   1007.1    905.0
     1     1    19    10     4     9     0     3   -15.0   21.972 -152.742   1081.5    897.7
     1     1    19    10     4     8     0     2   -16.0   22.027 -152.354   1148.1    889.6
     1     1    19    10     4     7     0     1   -17.0   22.092 -151.966   1207.7    884.5
     1     1    19    10     4     6     0     0   -18.0   22.170 -151.576   1263.4    877.3
     1     1    19    10     4     5     0     1   -19.0   22.260 -151.186   1303.8    872.7
     1     1    19    10     4     4     0     2   -20.0   22.354 -150.803   1337.3    870.0
     1     1    19    10     4     3     0     3   -21.0   22.447 -150.428   1379.3    866.1
     1     1    19    10     4     2     0     2   -22.0   22.531 -150.065   1428.3    860.4
     1     1    19    10     4     1     0     1   -23.0   22.600 -149.719   1473.9    855.4
     1     1    19    10     4     0     0     0   -24.0   22.653 -149.390   1504.9    851.1
     1     1    19    10     3    23     0     1   -25.0   22.691 -149.058   1512.7    850.7
     1     1    19    10     3    22     0     2   -26.0   22.720 -148.703   1495.9    852.9
     1     1    19    10     3    21     0     3   -27.0   22.737 -148.320   1456.5    857.5
     1     1    19    10     3    20     0     2   -28.0   22.762 -147.915   1411.3    863.0
     1     1    19    10     3    19     0     1   -29.0   22.818 -147.504   1365.1    867.1
     1     1    19    10     3    18     0     0   -30.0   22.898 -147.092   1307.0    872.2
     1     1    19    10     3    17     0     1   -31.0   23.001 -146.676   1279.5    880.0
     1     1    19    10     3    16     0     2   -32.0   23.122 -146.259   1317.7    874.1
     1     1    19    10     3    15     0     3   -33.0   23.250 -145.854   1382.8    865.3
     1     1    19    10     3    14     0     2   -34.0   23.384 -145.467   1438.2    857.8
     1     1    19    10     3    13     0     1   -35.0   23.518 -145.092   1471.4    854.7
     1     1    19    10     3    12     0     0   -36.0   23.646 -144.717   1485.0    852.9
     1     1    19    10     3    11     0     1   -37.0   23.776 -144.338   1479.1    854.4
     1     1    19    10     3    10     0     2   -38.0   23.905 -143.955   1442.7    857.2
     1     1    19    10     3     9     0     3   -39.0   24.029 -143.579   1411.1    865.6
     1     1    19    10     3     8     0     2   -40.0   24.166 -143.216   1423.8    863.9
     1     1    19    10     3     7     0     1   -41.0   24.310 -142.854   1443.1    858.5
     1     1    19    10     3     6     0     0   -42.0   24.451 -142.494   1432.6    859.3
     1     1    19    10     3     5     0     1   -43.0   24.595 -142.148   1400.5    863.2
     1     1    19    10     3     4     0     2   -44.0   24.738 -141.812   1368.8    867.2
     1     1    19    10     3     3     0     3   -45.0   24.878 -141.480   1364.9    868.8
     1     1    19    10     3     2     0     2   -46.0   25.026 -141.157   1393.2    864.8
     1     1    19    10     3     1     0     1   -47.0   25.172 -140.843   1427.7    859.7
     1     1    19    10     3     0     0     0   -48.0   25.313 -140.545   1452.6    857.0
     1     1    19    10     2    23     0     1   -49.0   25.457 -140.262   1461.7    855.9
     1     1    19    10     2    22     0     2   -50.0   25.594 -139.976   1431.3    857.3
     1     1    19    10     2    21     0     3   -51.0   25.716 -139.677   1366.5    866.3
     1     1    19    10     2    20     0     2   -52.0   25.836 -139.374   1333.1    874.5
     1     1    19    10     2    19     0     1   -53.0   25.957 -139.075   1345.7    871.0
     1     1    19    10     2    18     0     0   -54.0   26.072 -138.780   1366.1    867.8
     1     1    19    10     2    17     0     1   -55.0   26.193 -138.497   1375.7    865.9
     1     1    19    10     2    16     0     2   -56.0   26.326 -138.227   1359.6    866.0
     1     1    19    10     2    15     0     3   -57.0   26.465 -137.964   1316.6    870.7
     1     1    19    10     2    14     0     2   -58.0   26.607 -137.709   1285.2    877.0
     1     1    19    10     2    13     0     1   -59.0   26.748 -137.469   1279.5    876.2
     1     1    19    10     2    12     0     0   -60.0   26.886 -137.244   1280.2    875.0
     1     1    19    10     2    11     0     1   -61.0   27.013 -137.018   1288.4    875.3
     1     1    19    10     2    10     0     2   -62.0   27.126 -136.770   1302.0    872.6
     1     1    19    10     2     9     0     3   -63.0   27.228 -136.507   1325.7    872.3
     1     1    19    10     2     8     0     2   -64.0   27.334 -136.249   1349.9    866.9
     1     1    19    10     2     7     0     1   -65.0   27.453 -136.003   1339.2    867.7
     1     1    19    10     2     6     0     0   -66.0   27.579 -135.763   1299.2    873.2
     1     1    19    10     2     5     0     1   -67.0   27.716 -135.530   1280.3    879.0
     1     1    19    10     2     4     0     2   -68.0   27.864 -135.307   1310.5    874.1
     1     1    19    10     2     3     0     3   -69.0   28.017 -135.093   1348.6    867.2
     1     1    19    10     2     2     0     2   -70.0   28.171 -134.890   1367.7    865.2
     1     1    19    10     2     1     0     1   -71.0   28.322 -134.696   1378.1    865.4
     1     1    19    10     2     0     0     0   -72.0   28.469 -134.517   1397.6    864.1
     1     1    19    10     1    23     0     1   -73.0   28.616 -134.346   1419.3    860.8
     1     1    19    10     1    22     0     2   -74.0   28.765 -134.176   1420.8    859.8
     1     1    19    10     1    21     0     3   -75.0   28.913 -134.008   1377.1    862.8
     1     1    19    10     1    20     0     2   -76.0   29.061 -133.836   1331.0    873.5
     1     1    19    10     1    19     0     1   -77.0   29.220 -133.663   1324.3    873.6
     1     1    19    10     1    18     0     0   -78.0   29.386 -133.495   1338.3    871.2
     1     1    19    10     1    17     0     1   -79.0   29.550 -133.347   1354.0    868.2
     1     1    19    10     1    16     0     2   -80.0   29.710 -133.229   1373.0    866.9
     1     1    19    10     1    15     0     3   -81.0   29.870 -133.138   1406.4    863.5
     1     1    19    10     1    14     0     2   -82.0   30.034 -133.057   1443.2    858.2
     1     1    19    10     1    13     0     1   -83.0   30.205 -132.965   1465.3    855.2
     1     1    19    10     1    12     0     0   -84.0   30.377 -132.864   1464.1    854.8
     1     1    19    10     1    11     0     1   -85.0   30.543 -132.763   1445.0    857.7
     1     1    19    10     1    10     0     2   -86.0   30.696 -132.665   1422.0    860.9
     1     1    19    10     1     9     0     3   -87.0   30.840 -132.568   1402.3    863.3
     1     1    19    10     1     8     0     2   -88.0   30.989 -132.468   1388.7    865.0
     1     1    19    10     1     7     0     1   -89.0   31.157 -132.365   1381.4    865.7
     1     1    19    10     1     6     0     0   -90.0   31.342 -132.266   1380.5    866.2
     1     1    19    10     1     5     0     1   -91.0   31.536 -132.179   1384.5    865.1
     1     1    19    10     1     4     0     2   -92.0   31.732 -132.109   1385.3    864.4
     1     1    19    10     1     3     0     3   -93.0   31.925 -132.051   1375.8    864.8
     1     1    19    10     1     2     0     2   -94.0   32.120 -132.000   1364.4    867.2
     1     1    19    10     1     1     0     1   -95.0   32.325 -131.954   1365.6    867.2
     1     1    19    10     1     0     0     0   -96.0   32.538 -131.911   1378.8    865.6
     1     1    19     9    30    23     0     1   -97.0   32.747 -131.874   1390.0    863.6
     1     1    19     9    30    22     0     2   -98.0   32.937 -131.849   1378.2    864.1
     1     1    19     9    30    21     0     3   -99.0   33.113 -131.839   1336.5    868.9
     1     1    19     9    30    20     0     2  -100.0   33.294 -131.842   1301.0    876.3
     1     1    19     9    30    19     0     1  -101.0   33.489 -131.857   1304.2    875.7
     1     1    19     9    30    18     0     0  -102.0   33.690 -131.878   1336.5    871.7
     1     1    19     9    30    17     0     1  -103.0   33.887 -131.896   1362.2    865.6
     1     1    19     9    30    16     0     2  -104.0   34.075 -131.908   1349.3    866.4
     1     1    19     9    30    15     0     3  -105.0   34.259 -131.920   1296.8    872.0
     1     1    19     9    30    14     0     2  -106.0   34.449 -131.938   1241.0    881.5
     1     1    19     9    30    13     0     1  -107.0   34.653 -131.963   1217.9    883.7
     1     1    19     9    30    12     0     0  -108.0   34.871 -131.991   1217.3    882.9
     1     1    19     9    30    11     0     1  -109.0   35.095 -132.021   1218.5    881.3
     1     1    19     9    30    10     0     2  -110.0   35.322 -132.053   1211.6    882.3
     1     1    19     9    30     9     0     3  -111.0   35.559 -132.089   1195.9    883.6
     1     1    19     9    30     8     0     2  -112.0   35.811 -132.131   1184.6    886.9
     1     1    19     9    30     7     0     1  -113.0   36.080 -132.183   1199.0    886.0
     1     1    19     9    30     6     0     0  -114.0   36.357 -132.244   1230.5    881.1
     1     1    19     9    30     5     0     1  -115.0   36.645 -132.313   1251.4    877.2
     1     1    19     9    30     4     0     2  -116.0   36.946 -132.394   1249.0    877.6
     1     1    19     9    30     3     0     3  -117.0   37.265 -132.487   1234.4    880.0
     1     1    19     9    30     2     0     2  -118.0   37.595 -132.587   1224.5    881.9
     1     1    19     9    30     1     0     1  -119.0   37.927 -132.693   1227.7    881.4
     1     1    19     9    30     0     0     0  -120.0   38.260 -132.809   1239.7    879.5
     1     1    19     9    29    23     0     1  -121.0   38.594 -132.925   1245.6    878.2
     1     1    19     9    29    22     0     2  -122.0   38.924 -133.035   1241.0    879.8
     1     1    19     9    29    21     0     3  -123.0   39.249 -133.140   1251.4    881.1
     1     1    19     9    29    20     0     2  -124.0   39.587 -133.243   1302.4    876.1
     1     1    19     9    29    19     0     1  -125.0   39.953 -133.347   1392.7    865.7
     1     1    19     9    29    18     0     0  -126.0   40.349 -133.454   1479.3    853.4
     1     1    19     9    29    17     0     1  -127.0   40.761 -133.564   1515.3    848.4
     1     1    19     9    29    16     0     2  -128.0   41.175 -133.679   1509.7    850.6
     1     1    19     9    29    15     0     3  -129.0   41.583 -133.810   1490.0    853.8
     1     1    19     9    29    14     0     2  -130.0   41.982 -133.942   1482.1    856.2
     1     1    19     9    29    13     0     1  -131.0   42.375 -134.062   1492.5    854.3
     1     1    19     9    29    12     0     0  -132.0   42.770 -134.179   1510.0    852.3
     1     1    19     9    29    11     0     1  -133.0   43.176 -134.286   1529.4    850.3
     1     1    19     9    29    10     0     2  -134.0   43.593 -134.372   1545.6    849.1
     1     1    19     9    29     9     0     3  -135.0   44.014 -134.440   1562.6    848.3
     1     1    19     9    29     8     0     2  -136.0   44.442 -134.492   1586.0    845.9
     1     1    19     9    29     7     0     1  -137.0   44.881 -134.530   1613.6    842.5
     1     1    19     9    29     6     0     0  -138.0   45.330 -134.566   1640.1    839.5
     1     1    19     9    29     5     0     1  -139.0   45.791 -134.601   1670.3    837.2
     1     1    19     9    29     4     0     2  -140.0   46.262 -134.631   1707.1    833.1
     1     1    19     9    29     3     0     3  -141.0   46.736 -134.659   1740.2    829.2
     1     1    19     9    29     2     0     2  -142.0   47.206 -134.694   1759.0    827.0
     1     1    19     9    29     1     0     1  -143.0   47.668 -134.741   1766.0    827.2
     1     1    19     9    29     0     0     0  -144.0   48.120 -134.797   1766.6    827.1
     1     1    19     9    28    23     0     1  -145.0   48.564 -134.861   1777.9    828.2
     1     1    19     9    28    22     0     2  -146.0   48.996 -134.933   1830.5    824.3
     1     1    19     9    28    21     0     3  -147.0   49.414 -135.017   1919.3    813.9
     1     1    19     9    28    20     0     2  -148.0   49.822 -135.096   2001.3    803.3
     1     1    19     9    28    19     0     1  -149.0   50.218 -135.158   2057.8    798.5
     1     1    19     9    28    18     0     0  -150.0   50.597 -135.213   2109.6    795.0
     1     1    19     9    28    17     0     1  -151.0   50.967 -135.267   2162.6    788.9
     1     1    19     9    28    16     0     2  -152.0   51.339 -135.317   2202.7    784.6
     1     1    19     9    28    15     0     3  -153.0   51.708 -135.364   2260.0    782.4
     1     1    19     9    28    14     0     2  -154.0   52.069 -135.419   2343.3    771.8
     1     1    19     9    28    13     0     1  -155.0   52.419 -135.488   2423.3    764.0
     1     1    19     9    28    12     0     0  -156.0   52.755 -135.573   2501.6    757.0
     1     1    19     9    28    11     0     1  -157.0   53.076 -135.662   2590.7    749.5
     1     1    19     9    28    10     0     2  -158.0   53.384 -135.741   2681.1    739.4
     1     1    19     9    28     9     0     3  -159.0   53.674 -135.811   2742.5    732.4
     1     1    19     9    28     8     0     2  -160.0   53.952 -135.871   2752.6    730.6
     1     1    19     9    28     7     0     1  -161.0   54.225 -135.915   2698.6    735.6
     1     1    19     9    28     6     0     0  -162.0   54.490 -135.938   2557.1    746.7
     1     1    19     9    28     5     0     1  -163.0   54.756 -135.942   2404.4    770.2
     1     1    19     9    28     4     0     2  -164.0   55.029 -135.945   2354.3    776.5
     1     1    19     9    28     3     0     3  -165.0   55.299 -135.961   2443.5    769.7
     1     1    19     9    28     2     0     2  -166.0   55.555 -135.992   2607.3    745.7
     1     1    19     9    28     1     0     1  -167.0   55.797 -136.020   2746.4    731.8
     1     1    19     9    28     0     0     0  -168.0   56.024 -136.037   2845.3    721.8
