     7     1
    GDAS    19     6     1     0     0
    GDAS    19     7     1     0     0
    GDAS    19     8     1     0     0
    GDAS    19     9     1     0     0
    GDAS    19    10     1     0     0
    GDAS    19    11     1     0     0
    GDAS    19    12     1     0     0
     1 BACKWARD OMEGA   
    19     8     7    12   21.319 -157.670    10.0
     1 PRESSURE
     1     1    19     8     7    12     0     0     0.0   21.319 -157.670     10.0   1013.6
     1     1    19     8     7    11     0     1    -1.0   21.223 -157.673     10.7   1013.2
     1     1    19     8     7    10     0     2    -2.0   21.114 -157.656     11.6   1012.6
     1     1    19     8     7     9     0     3    -3.0   20.994 -157.623     13.6   1011.7
     1     1    19     8     7     8     0     2    -4.0   20.871 -157.581     16.4   1010.9
     1     1    19     8     7     7     0     1    -5.0   20.753 -157.535     19.6   1010.3
     1     1    19     8     7     6     0     0    -6.0   20.639 -157.484     23.3   1009.7
     1     1    19     8     7     5     0     1    -7.0   20.519 -157.437     31.1   1008.7
     1     1    19     8     7     4     0     2    -8.0   20.385 -157.399     46.3   1006.8
     1     1    19     8     7     3     0     3    -9.0   20.235 -157.369     62.7   1004.5
     1     1    19     8     7     2     0     2   -10.0   20.081 -157.344     71.0   1004.1
     1     1    19     8     7     1     0     1   -11.0   19.933 -157.321     72.4   1005.1
     1     1    19     8     7     0     0     0   -12.0   19.789 -157.295     73.3   1005.3
     1     1    19     8     6    23     0     1   -13.0   19.642 -157.251     74.1   1005.1
     1     1    19     8     6    22     0     2   -14.0   19.486 -157.179     73.4   1005.3
     1     1    19     8     6    21     0     3   -15.0   19.322 -157.076     72.5   1005.7
     1     1    19     8     6    20     0     2   -16.0   19.153 -156.948     76.1   1005.6
     1     1    19     8     6    19     0     1   -17.0   18.985 -156.799     93.1   1004.2
     1     1    19     8     6    18     0     0   -18.0   18.822 -156.623    128.9   1000.5
     1     1    19     8     6    17     0     1   -19.0   18.666 -156.434    172.8    994.2
     1     1    19     8     6    16     0     2   -20.0   18.512 -156.246    214.4    988.7
     1     1    19     8     6    15     0     3   -21.0   18.365 -156.070    252.1    984.3
     1     1    19     8     6    14     0     2   -22.0   18.226 -155.907    279.1    980.5
     1     1    19     8     6    13     0     1   -23.0   18.092 -155.749    291.8    979.6
     1     1    19     8     6    12     0     0   -24.0   17.956 -155.592    300.2    979.4
     1     1    19     8     6    11     0     1   -25.0   17.815 -155.431    305.0    978.4
     1     1    19     8     6    10     0     2   -26.0   17.672 -155.261    306.6    979.0
     1     1    19     8     6     9     0     3   -27.0   17.527 -155.081    315.8    978.9
     1     1    19     8     6     8     0     2   -28.0   17.388 -154.891    324.6    976.0
     1     1    19     8     6     7     0     1   -29.0   17.263 -154.695    319.8    976.5
     1     1    19     8     6     6     0     0   -30.0   17.144 -154.494    309.4    978.1
     1     1    19     8     6     5     0     1   -31.0   17.028 -154.298    303.6    978.9
     1     1    19     8     6     4     0     2   -32.0   16.915 -154.111    307.4    978.2
     1     1    19     8     6     3     0     3   -33.0   16.803 -153.933    322.9    976.2
     1     1    19     8     6     2     0     2   -34.0   16.695 -153.765    344.9    973.0
     1     1    19     8     6     1     0     1   -35.0   16.590 -153.606    363.5    970.9
     1     1    19     8     6     0     0     0   -36.0   16.487 -153.457    376.0    969.6
     1     1    19     8     5    23     0     1   -37.0   16.386 -153.313    381.9    969.4
     1     1    19     8     5    22     0     2   -38.0   16.289 -153.175    382.8    970.1
     1     1    19     8     5    21     0     3   -39.0   16.196 -153.048    382.4    970.8
     1     1    19     8     5    20     0     2   -40.0   16.108 -152.932    385.8    970.9
     1     1    19     8     5    19     0     1   -41.0   16.021 -152.824    398.4    969.7
     1     1    19     8     5    18     0     0   -42.0   15.933 -152.724    420.0    967.3
     1     1    19     8     5    17     0     1   -43.0   15.849 -152.626    442.3    963.5
     1     1    19     8     5    16     0     2   -44.0   15.771 -152.525    458.8    960.9
     1     1    19     8     5    15     0     3   -45.0   15.694 -152.421    469.7    959.1
     1     1    19     8     5    14     0     2   -46.0   15.623 -152.316    478.2    958.4
     1     1    19     8     5    13     0     1   -47.0   15.564 -152.215    487.9    957.4
     1     1    19     8     5    12     0     0   -48.0   15.517 -152.124    501.1    955.9
     1     1    19     8     5    11     0     1   -49.0   15.483 -152.036    515.0    954.4
     1     1    19     8     5    10     0     2   -50.0   15.465 -151.946    526.7    953.6
     1     1    19     8     5     9     0     3   -51.0   15.461 -151.853    536.9    953.0
     1     1    19     8     5     8     0     2   -52.0   15.474 -151.763    548.6    951.7
     1     1    19     8     5     7     0     1   -53.0   15.505 -151.679    562.9    949.7
     1     1    19     8     5     6     0     0   -54.0   15.554 -151.601    578.2    947.7
     1     1    19     8     5     5     0     1   -55.0   15.618 -151.532    586.3    945.8
     1     1    19     8     5     4     0     2   -56.0   15.694 -151.471    578.7    946.2
     1     1    19     8     5     3     0     3   -57.0   15.783 -151.417    553.5    948.5
     1     1    19     8     5     2     0     2   -58.0   15.882 -151.372    517.3    953.3
     1     1    19     8     5     1     0     1   -59.0   15.987 -151.338    476.8    957.8
     1     1    19     8     5     0     0     0   -60.0   16.100 -151.317    435.5    963.2
     1     1    19     8     4    23     0     1   -61.0   16.227 -151.294    404.7    967.6
     1     1    19     8     4    22     0     2   -62.0   16.369 -151.254    389.9    969.6
     1     1    19     8     4    21     0     3   -63.0   16.524 -151.197    391.5    970.0
     1     1    19     8     4    20     0     2   -64.0   16.694 -151.126    402.3    968.0
     1     1    19     8     4    19     0     1   -65.0   16.876 -151.046    408.4    967.0
     1     1    19     8     4    18     0     0   -66.0   17.070 -150.959    400.8    967.3
     1     1    19     8     4    17     0     1   -67.0   17.274 -150.863    386.3    969.6
     1     1    19     8     4    16     0     2   -68.0   17.490 -150.751    374.5    970.3
     1     1    19     8     4    15     0     3   -69.0   17.725 -150.619    363.1    971.1
     1     1    19     8     4    14     0     2   -70.0   17.980 -150.474    355.8    972.5
     1     1    19     8     4    13     0     1   -71.0   18.249 -150.319    356.7    972.5
     1     1    19     8     4    12     0     0   -72.0   18.525 -150.157    362.1    971.8
     1     1    19     8     4    11     0     1   -73.0   18.811 -149.970    370.8    972.0
     1     1    19     8     4    10     0     2   -74.0   19.108 -149.742    385.7    971.1
     1     1    19     8     4     9     0     3   -75.0   19.403 -149.465    400.8    969.5
     1     1    19     8     4     8     0     2   -76.0   19.697 -149.151    408.1    968.3
     1     1    19     8     4     7     0     1   -77.0   20.005 -148.807    412.2    968.4
     1     1    19     8     4     6     0     0   -78.0   20.316 -148.431    417.2    967.8
     1     1    19     8     4     5     0     1   -79.0   20.613 -148.039    419.9    967.1
     1     1    19     8     4     4     0     2   -80.0   20.889 -147.623    422.7    966.8
     1     1    19     8     4     3     0     3   -81.0   21.138 -147.173    425.8    965.7
     1     1    19     8     4     2     0     2   -82.0   21.361 -146.710    429.7    966.1
     1     1    19     8     4     1     0     1   -83.0   21.563 -146.243    440.3    965.2
     1     1    19     8     4     0     0     0   -84.0   21.740 -145.766    451.1    963.2
     1     1    19     8     3    23     0     1   -85.0   21.893 -145.282    461.9    963.3
     1     1    19     8     3    22     0     2   -86.0   22.031 -144.790    481.8    961.6
     1     1    19     8     3    21     0     3   -87.0   22.161 -144.295    486.1    958.8
     1     1    19     8     3    20     0     2   -88.0   22.280 -143.811    467.0    963.2
     1     1    19     8     3    19     0     1   -89.0   22.387 -143.348    454.3    966.4
     1     1    19     8     3    18     0     0   -90.0   22.486 -142.904    448.1    965.6
     1     1    19     8     3    17     0     1   -91.0   22.568 -142.474    446.3    967.3
     1     1    19     8     3    16     0     2   -92.0   22.620 -142.047    452.9    965.4
     1     1    19     8     3    15     0     3   -93.0   22.653 -141.626    469.7    964.5
     1     1    19     8     3    14     0     2   -94.0   22.692 -141.227    519.2    960.1
     1     1    19     8     3    13     0     1   -95.0   22.751 -140.859    598.1    949.5
     1     1    19     8     3    12     0     0   -96.0   22.822 -140.523    675.2    939.5
     1     1    19     8     3    11     0     1   -97.0   22.875 -140.206    733.6    933.2
     1     1    19     8     3    10     0     2   -98.0   22.888 -139.888    773.1    929.6
     1     1    19     8     3     9     0     3   -99.0   22.875 -139.563    786.2    927.3
     1     1    19     8     3     8     0     2  -100.0   22.860 -139.234    779.2    930.0
     1     1    19     8     3     7     0     1  -101.0   22.857 -138.915    786.8    931.4
     1     1    19     8     3     6     0     0  -102.0   22.857 -138.617    832.8    927.3
     1     1    19     8     3     5     0     1  -103.0   22.856 -138.345    898.3    917.5
     1     1    19     8     3     4     0     2  -104.0   22.856 -138.087    955.0    910.6
     1     1    19     8     3     3     0     3  -105.0   22.855 -137.841    997.7    905.5
     1     1    19     8     3     2     0     2  -106.0   22.844 -137.603   1016.1    902.8
     1     1    19     8     3     1     0     1  -107.0   22.817 -137.368   1000.8    904.2
     1     1    19     8     3     0     0     0  -108.0   22.780 -137.129    948.3    909.7
     1     1    19     8     2    23     0     1  -109.0   22.742 -136.871    887.9    920.0
     1     1    19     8     2    22     0     2  -110.0   22.711 -136.592    852.5    924.2
     1     1    19     8     2    21     0     3  -111.0   22.683 -136.304    833.6    925.4
     1     1    19     8     2    20     0     2  -112.0   22.664 -136.010    818.5    926.5
     1     1    19     8     2    19     0     1  -113.0   22.661 -135.708    801.5    927.8
     1     1    19     8     2    18     0     0  -114.0   22.673 -135.396    771.9    930.1
     1     1    19     8     2    17     0     1  -115.0   22.691 -135.077    739.2    935.0
     1     1    19     8     2    16     0     2  -116.0   22.706 -134.760    727.8    936.8
     1     1    19     8     2    15     0     3  -117.0   22.716 -134.455    741.7    934.5
     1     1    19     8     2    14     0     2  -118.0   22.729 -134.162    770.1    930.3
     1     1    19     8     2    13     0     1  -119.0   22.751 -133.878    804.3    926.2
     1     1    19     8     2    12     0     0  -120.0   22.777 -133.599    838.5    921.9
     1     1    19     8     2    11     0     1  -121.0   22.795 -133.322    861.0    919.5
     1     1    19     8     2    10     0     2  -122.0   22.796 -133.042    866.7    919.7
     1     1    19     8     2     9     0     3  -123.0   22.785 -132.755    865.0    921.0
     1     1    19     8     2     8     0     2  -124.0   22.783 -132.468    868.9    921.4
     1     1    19     8     2     7     0     1  -125.0   22.802 -132.191    879.5    920.1
     1     1    19     8     2     6     0     0  -126.0   22.838 -131.925    893.1    918.8
     1     1    19     8     2     5     0     1  -127.0   22.876 -131.671    903.6    916.6
     1     1    19     8     2     4     0     2  -128.0   22.909 -131.425    906.2    915.9
     1     1    19     8     2     3     0     3  -129.0   22.937 -131.184    902.7    916.0
     1     1    19     8     2     2     0     2  -130.0   22.966 -130.950    900.9    916.8
     1     1    19     8     2     1     0     1  -131.0   23.004 -130.729    905.1    915.8
     1     1    19     8     2     0     0     0  -132.0   23.049 -130.519    909.8    914.8
     1     1    19     8     1    23     0     1  -133.0   23.092 -130.317    919.5    914.9
     1     1    19     8     1    22     0     2  -134.0   23.124 -130.122    941.9    912.8
     1     1    19     8     1    21     0     3  -135.0   23.145 -129.939    979.2    909.3
     1     1    19     8     1    20     0     2  -136.0   23.153 -129.768   1018.8    903.9
     1     1    19     8     1    19     0     1  -137.0   23.149 -129.602   1044.6    901.4
     1     1    19     8     1    18     0     0  -138.0   23.131 -129.439   1054.7    900.6
     1     1    19     8     1    17     0     1  -139.0   23.108 -129.276   1061.9    900.7
     1     1    19     8     1    16     0     2  -140.0   23.093 -129.112   1081.7    898.4
     1     1    19     8     1    15     0     3  -141.0   23.086 -128.946   1116.6    894.4
     1     1    19     8     1    14     0     2  -142.0   23.073 -128.778   1147.4    889.3
     1     1    19     8     1    13     0     1  -143.0   23.047 -128.607   1153.2    888.3
     1     1    19     8     1    12     0     0  -144.0   23.013 -128.439   1128.8    890.3
     1     1    19     8     1    11     0     1  -145.0   22.982 -128.263   1078.5    896.1
     1     1    19     8     1    10     0     2  -146.0   22.961 -128.071   1000.0    903.6
     1     1    19     8     1     9     0     3  -147.0   22.951 -127.861    892.6    916.2
     1     1    19     8     1     8     0     2  -148.0   22.963 -127.635    809.9    929.4
     1     1    19     8     1     7     0     1  -149.0   22.998 -127.399    784.9    931.4
     1     1    19     8     1     6     0     0  -150.0   23.046 -127.156    802.5    929.1
     1     1    19     8     1     5     0     1  -151.0   23.101 -126.911    840.4    923.0
     1     1    19     8     1     4     0     2  -152.0   23.170 -126.668    868.3    918.2
     1     1    19     8     1     3     0     3  -153.0   23.264 -126.422    875.0    917.0
     1     1    19     8     1     2     0     2  -154.0   23.373 -126.182    874.8    918.2
     1     1    19     8     1     1     0     1  -155.0   23.481 -125.961    877.9    917.5
     1     1    19     8     1     0     0     0  -156.0   23.586 -125.760    878.1    917.0
     1     1    19     7    31    23     0     1  -157.0   23.688 -125.572    875.4    918.0
     1     1    19     7    31    22     0     2  -158.0   23.790 -125.392    871.2    918.5
     1     1    19     7    31    21     0     3  -159.0   23.892 -125.220    859.3    919.6
     1     1    19     7    31    20     0     2  -160.0   23.996 -125.049    837.2    922.3
     1     1    19     7    31    19     0     1  -161.0   24.096 -124.880    817.8    925.8
     1     1    19     7    31    18     0     0  -162.0   24.188 -124.716    809.3    926.7
     1     1    19     7    31    17     0     1  -163.0   24.275 -124.556    801.2    926.2
     1     1    19     7    31    16     0     2  -164.0   24.366 -124.391    792.3    927.3
     1     1    19     7    31    15     0     3  -165.0   24.455 -124.222    794.2    927.2
     1     1    19     7    31    14     0     2  -166.0   24.539 -124.054    807.5    925.1
     1     1    19     7    31    13     0     1  -167.0   24.618 -123.893    819.7    923.0
     1     1    19     7    31    12     0     0  -168.0   24.692 -123.737    818.3    922.4
