     7     1
    GDAS    19     6     1     0     0
    GDAS    19     7     1     0     0
    GDAS    19     8     1     0     0
    GDAS    19     9     1     0     0
    GDAS    19    10     1     0     0
    GDAS    19    11     1     0     0
    GDAS    19    12     1     0     0
     1 BACKWARD OMEGA   
    19     7     2     0   21.319 -157.670    10.0
     1 PRESSURE
     1     1    19     7     2     0     0     0     0.0   21.319 -157.670     10.0   1012.3
     1     1    19     7     1    23     0     1    -1.0   21.372 -157.497     55.3   1007.6
     1     1    19     7     1    22     0     2    -2.0   21.416 -157.306    148.5    994.1
     1     1    19     7     1    21     0     3    -3.0   21.448 -157.096    235.0    982.5
     1     1    19     7     1    20     0     2    -4.0   21.467 -156.877    306.5    975.2
     1     1    19     7     1    19     0     1    -5.0   21.468 -156.652    365.9    969.7
     1     1    19     7     1    18     0     0    -6.0   21.448 -156.417    413.0    966.2
     1     1    19     7     1    17     0     1    -7.0   21.403 -156.166    446.2    963.0
     1     1    19     7     1    16     0     2    -8.0   21.329 -155.901    462.1    961.6
     1     1    19     7     1    15     0     3    -9.0   21.241 -155.636    466.8    961.5
     1     1    19     7     1    14     0     2   -10.0   21.156 -155.376    472.7    961.4
     1     1    19     7     1    13     0     1   -11.0   21.084 -155.121    483.9    960.0
     1     1    19     7     1    12     0     0   -12.0   21.030 -154.868    501.5    958.2
     1     1    19     7     1    11     0     1   -13.0   20.980 -154.612    520.7    955.9
     1     1    19     7     1    10     0     2   -14.0   20.935 -154.350    527.9    955.0
     1     1    19     7     1     9     0     3   -15.0   20.914 -154.078    513.5    956.7
     1     1    19     7     1     8     0     2   -16.0   20.909 -153.804    497.9    960.9
     1     1    19     7     1     7     0     1   -17.0   20.903 -153.528    486.9    960.0
     1     1    19     7     1     6     0     0   -18.0   20.903 -153.241    446.6    962.5
     1     1    19     7     1     5     0     1   -19.0   20.912 -152.951    397.4    971.6
     1     1    19     7     1     4     0     2   -20.0   20.918 -152.673    378.4    974.0
     1     1    19     7     1     3     0     3   -21.0   20.919 -152.402    378.5    971.4
     1     1    19     7     1     2     0     2   -22.0   20.917 -152.127    368.0    971.5
     1     1    19     7     1     1     0     1   -23.0   20.913 -151.848    348.2    974.9
     1     1    19     7     1     0     0     0   -24.0   20.900 -151.569    328.9    976.9
     1     1    19     6    30    23     0     1   -25.0   20.881 -151.294    313.1    979.6
     1     1    19     6    30    22     0     2   -26.0   20.876 -151.022    304.6    981.1
     1     1    19     6    30    21     0     3   -27.0   20.887 -150.749    299.4    981.6
     1     1    19     6    30    20     0     2   -28.0   20.902 -150.467    287.1    982.4
     1     1    19     6    30    19     0     1   -29.0   20.924 -150.172    267.6    985.4
     1     1    19     6    30    18     0     0   -30.0   20.970 -149.862    248.2    987.8
     1     1    19     6    30    17     0     1   -31.0   21.021 -149.539    230.4    989.2
     1     1    19     6    30    16     0     2   -32.0   21.066 -149.214    216.0    990.6
     1     1    19     6    30    15     0     3   -33.0   21.120 -148.888    207.5    991.2
     1     1    19     6    30    14     0     2   -34.0   21.169 -148.562    199.2    991.5
     1     1    19     6    30    13     0     1   -35.0   21.201 -148.237    186.5    993.3
     1     1    19     6    30    12     0     0   -36.0   21.234 -147.914    172.3    995.3
     1     1    19     6    30    11     0     1   -37.0   21.265 -147.592    162.3    997.8
     1     1    19     6    30    10     0     2   -38.0   21.294 -147.264    154.4    998.7
     1     1    19     6    30     9     0     3   -39.0   21.325 -146.936    140.2   1001.1
     1     1    19     6    30     8     0     2   -40.0   21.363 -146.606    129.2   1003.2
     1     1    19     6    30     7     0     1   -41.0   21.408 -146.269    126.2   1002.7
     1     1    19     6    30     6     0     0   -42.0   21.460 -145.925    121.8   1002.5
     1     1    19     6    30     5     0     1   -43.0   21.519 -145.583    117.6   1003.0
     1     1    19     6    30     4     0     2   -44.0   21.583 -145.245    116.3   1002.4
     1     1    19     6    30     3     0     3   -45.0   21.644 -144.914    113.3   1002.0
     1     1    19     6    30     2     0     2   -46.0   21.708 -144.585    109.5   1002.8
     1     1    19     6    30     1     0     1   -47.0   21.782 -144.253    107.8   1003.1
     1     1    19     6    30     0     0     0   -48.0   21.858 -143.916    107.3   1003.2
     1     1    19     6    29    23     0     1   -49.0   21.930 -143.580    106.1   1003.9
     1     1    19     6    29    22     0     2   -50.0   21.993 -143.252    101.6   1004.8
     1     1    19     6    29    21     0     3   -51.0   22.047 -142.926     92.1   1006.4
     1     1    19     6    29    20     0     2   -52.0   22.100 -142.606     82.7   1008.3
     1     1    19     6    29    19     0     1   -53.0   22.163 -142.290     77.7   1008.8
     1     1    19     6    29    18     0     0   -54.0   22.236 -141.976     76.2   1009.0
     1     1    19     6    29    17     0     1   -55.0   22.320 -141.662     75.9   1008.6
     1     1    19     6    29    16     0     2   -56.0   22.415 -141.348     75.2   1008.5
     1     1    19     6    29    15     0     3   -57.0   22.515 -141.031     74.7   1008.4
     1     1    19     6    29    14     0     2   -58.0   22.616 -140.718     73.7   1008.4
     1     1    19     6    29    13     0     1   -59.0   22.718 -140.409     72.6   1008.9
     1     1    19     6    29    12     0     0   -60.0   22.823 -140.088     75.2   1008.7
     1     1    19     6    29    11     0     1   -61.0   22.935 -139.762     79.2   1008.0
     1     1    19     6    29    10     0     2   -62.0   23.053 -139.451     82.1   1008.6
     1     1    19     6    29     9     0     3   -63.0   23.179 -139.141     91.5   1008.5
     1     1    19     6    29     8     0     2   -64.0   23.313 -138.824    104.2   1005.7
     1     1    19     6    29     7     0     1   -65.0   23.452 -138.504    108.4   1005.0
     1     1    19     6    29     6     0     0   -66.0   23.604 -138.186    107.6   1005.6
     1     1    19     6    29     5     0     1   -67.0   23.765 -137.868    105.9   1005.7
     1     1    19     6    29     4     0     2   -68.0   23.928 -137.550    102.6   1005.7
     1     1    19     6    29     3     0     3   -69.0   24.089 -137.240     96.6   1006.0
     1     1    19     6    29     2     0     2   -70.0   24.247 -136.949     90.2   1007.2
     1     1    19     6    29     1     0     1   -71.0   24.405 -136.676     85.1   1008.0
     1     1    19     6    29     0     0     0   -72.0   24.562 -136.411     80.2   1008.7
     1     1    19     6    28    23     0     1   -73.0   24.713 -136.148     75.5   1009.8
     1     1    19     6    28    22     0     2   -74.0   24.850 -135.881     71.8   1010.6
     1     1    19     6    28    21     0     3   -75.0   24.974 -135.613     70.1   1011.3
     1     1    19     6    28    20     0     2   -76.0   25.097 -135.348     71.1   1011.6
     1     1    19     6    28    19     0     1   -77.0   25.222 -135.082     75.6   1011.5
     1     1    19     6    28    18     0     0   -78.0   25.348 -134.807     82.8   1010.4
     1     1    19     6    28    17     0     1   -79.0   25.479 -134.531     86.0   1009.5
     1     1    19     6    28    16     0     2   -80.0   25.615 -134.265     85.3   1010.0
     1     1    19     6    28    15     0     3   -81.0   25.744 -134.008     86.6   1010.1
     1     1    19     6    28    14     0     2   -82.0   25.867 -133.754     91.0   1008.7
     1     1    19     6    28    13     0     1   -83.0   25.986 -133.502     96.3   1007.5
     1     1    19     6    28    12     0     0   -84.0   26.109 -133.254    102.5   1006.3
     1     1    19     6    28    11     0     1   -85.0   26.238 -133.002    109.3   1006.4
     1     1    19     6    28    10     0     2   -86.0   26.371 -132.742    114.0   1006.2
     1     1    19     6    28     9     0     3   -87.0   26.500 -132.475    113.5   1006.7
     1     1    19     6    28     8     0     2   -88.0   26.629 -132.211    111.1   1007.4
     1     1    19     6    28     7     0     1   -89.0   26.765 -131.951    110.1   1007.6
     1     1    19     6    28     6     0     0   -90.0   26.911 -131.690    111.1   1007.7
     1     1    19     6    28     5     0     1   -91.0   27.071 -131.435    114.6   1007.1
     1     1    19     6    28     4     0     2   -92.0   27.249 -131.198    120.0   1006.4
     1     1    19     6    28     3     0     3   -93.0   27.449 -130.982    125.4   1005.5
     1     1    19     6    28     2     0     2   -94.0   27.654 -130.782    126.9   1005.1
     1     1    19     6    28     1     0     1   -95.0   27.841 -130.596    124.6   1005.7
     1     1    19     6    28     0     0     0   -96.0   28.010 -130.427    123.2   1006.2
     1     1    19     6    27    23     0     1   -97.0   28.162 -130.264    124.0   1006.4
     1     1    19     6    27    22     0     2   -98.0   28.295 -130.095    124.2   1006.5
     1     1    19     6    27    21     0     3   -99.0   28.414 -129.916    120.8   1007.1
     1     1    19     6    27    20     0     2  -100.0   28.526 -129.733    115.2   1008.1
     1     1    19     6    27    19     0     1  -101.0   28.637 -129.548    109.8   1008.7
     1     1    19     6    27    18     0     0  -102.0   28.740 -129.359    104.6   1009.3
     1     1    19     6    27    17     0     1  -103.0   28.841 -129.169     99.1   1009.3
     1     1    19     6    27    16     0     2  -104.0   28.952 -128.984     95.4   1009.5
     1     1    19     6    27    15     0     3  -105.0   29.082 -128.805     97.0   1008.8
     1     1    19     6    27    14     0     2  -106.0   29.230 -128.633    102.0   1007.6
     1     1    19     6    27    13     0     1  -107.0   29.387 -128.466    106.6   1006.6
     1     1    19     6    27    12     0     0  -108.0   29.549 -128.305    109.9   1005.8
     1     1    19     6    27    11     0     1  -109.0   29.711 -128.147    110.5   1005.8
     1     1    19     6    27    10     0     2  -110.0   29.868 -127.996    107.9   1006.4
     1     1    19     6    27     9     0     3  -111.0   30.020 -127.854    103.5   1007.1
     1     1    19     6    27     8     0     2  -112.0   30.174 -127.724    101.4   1007.8
     1     1    19     6    27     7     0     1  -113.0   30.337 -127.602    103.9   1007.6
     1     1    19     6    27     6     0     0  -114.0   30.508 -127.486    108.9   1007.2
     1     1    19     6    27     5     0     1  -115.0   30.685 -127.373    114.6   1006.1
     1     1    19     6    27     4     0     2  -116.0   30.866 -127.260    120.8   1005.1
     1     1    19     6    27     3     0     3  -117.0   31.048 -127.148    129.5   1003.9
     1     1    19     6    27     2     0     2  -118.0   31.232 -127.050    138.8   1002.8
     1     1    19     6    27     1     0     1  -119.0   31.417 -126.975    146.2   1002.0
     1     1    19     6    27     0     0     0  -120.0   31.600 -126.916    154.0   1001.2
     1     1    19     6    26    23     0     1  -121.0   31.782 -126.865    162.6   1000.1
     1     1    19     6    26    22     0     2  -122.0   31.964 -126.815    168.4    999.3
     1     1    19     6    26    21     0     3  -123.0   32.143 -126.770    169.5    999.3
     1     1    19     6    26    20     0     2  -124.0   32.316 -126.736    167.8    999.7
     1     1    19     6    26    19     0     1  -125.0   32.483 -126.717    165.7    999.8
     1     1    19     6    26    18     0     0  -126.0   32.648 -126.709    163.5   1000.0
     1     1    19     6    26    17     0     1  -127.0   32.817 -126.712    162.3    999.7
     1     1    19     6    26    16     0     2  -128.0   32.991 -126.730    162.5    999.0
     1     1    19     6    26    15     0     3  -129.0   33.174 -126.764    162.6    998.3
     1     1    19     6    26    14     0     2  -130.0   33.361 -126.814    164.8    998.1
     1     1    19     6    26    13     0     1  -131.0   33.547 -126.879    172.2    996.9
     1     1    19     6    26    12     0     0  -132.0   33.727 -126.959    185.0    995.1
     1     1    19     6    26    11     0     1  -133.0   33.905 -127.050    198.2    993.1
     1     1    19     6    26    10     0     2  -134.0   34.085 -127.149    207.1    992.3
     1     1    19     6    26     9     0     3  -135.0   34.267 -127.260    214.1    991.9
     1     1    19     6    26     8     0     2  -136.0   34.450 -127.380    222.4    991.2
     1     1    19     6    26     7     0     1  -137.0   34.633 -127.506    232.0    990.2
     1     1    19     6    26     6     0     0  -138.0   34.811 -127.635    240.2    989.4
     1     1    19     6    26     5     0     1  -139.0   34.984 -127.776    245.6    988.4
     1     1    19     6    26     4     0     2  -140.0   35.149 -127.938    251.2    987.8
     1     1    19     6    26     3     0     3  -141.0   35.305 -128.122    260.5    986.4
     1     1    19     6    26     2     0     2  -142.0   35.454 -128.312    271.1    985.1
     1     1    19     6    26     1     0     1  -143.0   35.596 -128.498    281.8    983.9
     1     1    19     6    26     0     0     0  -144.0   35.733 -128.679    293.0    982.7
     1     1    19     6    25    23     0     1  -145.0   35.868 -128.856    301.5    981.4
     1     1    19     6    25    22     0     2  -146.0   36.004 -129.030    302.2    981.2
     1     1    19     6    25    21     0     3  -147.0   36.134 -129.208    295.0    982.4
     1     1    19     6    25    20     0     2  -148.0   36.261 -129.394    287.7    984.2
     1     1    19     6    25    19     0     1  -149.0   36.389 -129.588    285.5    984.5
     1     1    19     6    25    18     0     0  -150.0   36.516 -129.780    286.4    984.5
     1     1    19     6    25    17     0     1  -151.0   36.644 -129.976    287.4    983.8
     1     1    19     6    25    16     0     2  -152.0   36.778 -130.189    287.4    983.8
     1     1    19     6    25    15     0     3  -153.0   36.921 -130.420    288.0    983.5
     1     1    19     6    25    14     0     2  -154.0   37.064 -130.662    290.5    983.4
     1     1    19     6    25    13     0     1  -155.0   37.200 -130.908    296.7    982.7
     1     1    19     6    25    12     0     0  -156.0   37.333 -131.159    307.6    981.4
     1     1    19     6    25    11     0     1  -157.0   37.464 -131.412    319.8    980.0
     1     1    19     6    25    10     0     2  -158.0   37.591 -131.669    331.2    979.3
     1     1    19     6    25     9     0     3  -159.0   37.723 -131.932    345.1    978.5
     1     1    19     6    25     8     0     2  -160.0   37.860 -132.203    358.8    976.6
     1     1    19     6    25     7     0     1  -161.0   38.003 -132.487    367.0    975.7
     1     1    19     6    25     6     0     0  -162.0   38.154 -132.782    368.9    975.7
     1     1    19     6    25     5     0     1  -163.0   38.303 -133.078    368.8    976.4
     1     1    19     6    25     4     0     2  -164.0   38.436 -133.376    369.5    976.3
     1     1    19     6    25     3     0     3  -165.0   38.555 -133.680    365.3    976.6
     1     1    19     6    25     2     0     2  -166.0   38.667 -133.988    354.6    978.3
     1     1    19     6    25     1     0     1  -167.0   38.768 -134.292    348.1    980.3
     1     1    19     6    25     0     0     0  -168.0   38.859 -134.586    354.4    979.8
