     7     1
    GDAS    19     6     1     0     0
    GDAS    19     7     1     0     0
    GDAS    19     8     1     0     0
    GDAS    19     9     1     0     0
    GDAS    19    10     1     0     0
    GDAS    19    11     1     0     0
    GDAS    19    12     1     0     0
     1 BACKWARD OMEGA   
    19    12    16     0   21.319 -157.670    10.0
     1 PRESSURE
     1     1    19    12    16     0     0     0     0.0   21.319 -157.670     10.0   1009.7
     1     1    19    12    15    23     0     1    -1.0   21.423 -157.447     83.6   1004.0
     1     1    19    12    15    22     0     2    -2.0   21.504 -157.191    195.9    988.2
     1     1    19    12    15    21     0     3    -3.0   21.566 -156.913    308.5    974.9
     1     1    19    12    15    20     0     2    -4.0   21.601 -156.623    379.4    965.9
     1     1    19    12    15    19     0     1    -5.0   21.616 -156.332    385.4    966.5
     1     1    19    12    15    18     0     0    -6.0   21.638 -156.039    324.8    974.0
     1     1    19    12    15    17     0     1    -7.0   21.666 -155.749    264.0    988.0
     1     1    19    12    15    16     0     2    -8.0   21.688 -155.469    235.2    989.2
     1     1    19    12    15    15     0     3    -9.0   21.727 -155.195    216.6    989.8
     1     1    19    12    15    14     0     2   -10.0   21.779 -154.923    201.5    991.7
     1     1    19    12    15    13     0     1   -11.0   21.817 -154.652    186.7    993.0
     1     1    19    12    15    12     0     0   -12.0   21.848 -154.386    163.7    995.2
     1     1    19    12    15    11     0     1   -13.0   21.886 -154.119    138.8   1000.1
     1     1    19    12    15    10     0     2   -14.0   21.930 -153.849    123.2   1002.7
     1     1    19    12    15     9     0     3   -15.0   21.983 -153.578    118.3   1003.6
     1     1    19    12    15     8     0     2   -16.0   22.038 -153.302    115.8   1003.1
     1     1    19    12    15     7     0     1   -17.0   22.086 -153.022    107.9   1003.8
     1     1    19    12    15     6     0     0   -18.0   22.134 -152.737     95.1   1005.5
     1     1    19    12    15     5     0     1   -19.0   22.184 -152.439     82.3   1007.0
     1     1    19    12    15     4     0     2   -20.0   22.234 -152.135     71.9   1008.2
     1     1    19    12    15     3     0     3   -21.0   22.278 -151.836     63.7   1009.0
     1     1    19    12    15     2     0     2   -22.0   22.319 -151.535     57.2   1009.2
     1     1    19    12    15     1     0     1   -23.0   22.358 -151.232     50.9   1009.4
     1     1    19    12    15     0     0     0   -24.0   22.396 -150.933     44.0   1010.0
     1     1    19    12    14    23     0     1   -25.0   22.433 -150.628     38.8   1011.8
     1     1    19    12    14    22     0     2   -26.0   22.467 -150.309     36.6   1012.9
     1     1    19    12    14    21     0     3   -27.0   22.502 -149.987     34.9   1014.1
     1     1    19    12    14    20     0     2   -28.0   22.538 -149.659     33.9   1014.2
     1     1    19    12    14    19     0     1   -29.0   22.574 -149.319     34.7   1014.4
     1     1    19    12    14    18     0     0   -30.0   22.606 -148.973     36.8   1014.8
     1     1    19    12    14    17     0     1   -31.0   22.634 -148.620     38.4   1014.3
     1     1    19    12    14    16     0     2   -32.0   22.662 -148.254     37.8   1014.2
     1     1    19    12    14    15     0     3   -33.0   22.685 -147.882     36.1   1014.3
     1     1    19    12    14    14     0     2   -34.0   22.712 -147.511     34.8   1015.2
     1     1    19    12    14    13     0     1   -35.0   22.746 -147.144     34.8   1015.6
     1     1    19    12    14    12     0     0   -36.0   22.784 -146.777     35.1   1015.8
     1     1    19    12    14    11     0     1   -37.0   22.831 -146.411     35.8   1015.7
     1     1    19    12    14    10     0     2   -38.0   22.888 -146.047     38.0   1015.3
     1     1    19    12    14     9     0     3   -39.0   22.952 -145.682     41.2   1014.8
     1     1    19    12    14     8     0     2   -40.0   23.030 -145.321     43.1   1014.9
     1     1    19    12    14     7     0     1   -41.0   23.123 -144.966     43.2   1015.2
     1     1    19    12    14     6     0     0   -42.0   23.229 -144.611     43.0   1015.4
     1     1    19    12    14     5     0     1   -43.0   23.344 -144.265     43.1   1015.2
     1     1    19    12    14     4     0     2   -44.0   23.466 -143.932     43.3   1014.9
     1     1    19    12    14     3     0     3   -45.0   23.587 -143.606     43.4   1014.7
     1     1    19    12    14     2     0     2   -46.0   23.695 -143.283     43.7   1014.6
     1     1    19    12    14     1     0     1   -47.0   23.786 -142.968     42.1   1014.7
     1     1    19    12    14     0     0     0   -48.0   23.866 -142.664     37.7   1015.4
     1     1    19    12    13    23     0     1   -49.0   23.934 -142.370     33.4   1016.4
     1     1    19    12    13    22     0     2   -50.0   23.991 -142.079     30.3   1016.8
     1     1    19    12    13    21     0     3   -51.0   24.037 -141.789     27.8   1017.9
     1     1    19    12    13    20     0     2   -52.0   24.075 -141.496     26.9   1018.7
     1     1    19    12    13    19     0     1   -53.0   24.106 -141.196     28.2   1018.6
     1     1    19    12    13    18     0     0   -54.0   24.129 -140.890     31.2   1018.0
     1     1    19    12    13    17     0     1   -55.0   24.148 -140.596     33.3   1018.8
     1     1    19    12    13    16     0     2   -56.0   24.167 -140.324     33.1   1019.5
     1     1    19    12    13    15     0     3   -57.0   24.187 -140.064     32.6   1019.8
     1     1    19    12    13    14     0     2   -58.0   24.201 -139.807     32.1   1019.0
     1     1    19    12    13    13     0     1   -59.0   24.204 -139.553     31.2   1018.2
     1     1    19    12    13    12     0     0   -60.0   24.202 -139.302     30.2   1017.5
     1     1    19    12    13    11     0     1   -61.0   24.196 -139.047     29.2   1018.7
     1     1    19    12    13    10     0     2   -62.0   24.183 -138.778     28.0   1019.9
     1     1    19    12    13     9     0     3   -63.0   24.162 -138.498     26.8   1021.2
     1     1    19    12    13     8     0     2   -64.0   24.138 -138.211     26.4   1020.5
     1     1    19    12    13     7     0     1   -65.0   24.115 -137.917     26.1   1019.7
     1     1    19    12    13     6     0     0   -66.0   24.097 -137.616     25.2   1018.9
     1     1    19    12    13     5     0     1   -67.0   24.084 -137.307     24.1   1019.0
     1     1    19    12    13     4     0     2   -68.0   24.079 -136.986     23.4   1019.0
     1     1    19    12    13     3     0     3   -69.0   24.082 -136.653     23.2   1018.9
     1     1    19    12    13     2     0     2   -70.0   24.095 -136.320     23.2   1018.2
     1     1    19    12    13     1     0     1   -71.0   24.112 -135.996     23.3   1017.4
     1     1    19    12    13     0     0     0   -72.0   24.134 -135.679     23.7   1016.8
     1     1    19    12    12    23     0     1   -73.0   24.157 -135.363     24.5   1017.7
     1     1    19    12    12    22     0     2   -74.0   24.181 -135.046     25.3   1018.7
     1     1    19    12    12    21     0     3   -75.0   24.209 -134.730     25.7   1019.8
     1     1    19    12    12    20     0     2   -76.0   24.241 -134.416     25.7   1020.3
     1     1    19    12    12    19     0     1   -77.0   24.274 -134.102     25.7   1020.8
     1     1    19    12    12    18     0     0   -78.0   24.307 -133.788     25.6   1021.0
     1     1    19    12    12    17     0     1   -79.0   24.346 -133.480     25.2   1020.6
     1     1    19    12    12    16     0     2   -80.0   24.396 -133.184     24.9   1020.3
     1     1    19    12    12    15     0     3   -81.0   24.457 -132.898     24.7   1020.2
     1     1    19    12    12    14     0     2   -82.0   24.521 -132.616     24.5   1019.9
     1     1    19    12    12    13     0     1   -83.0   24.582 -132.337     24.9   1019.8
     1     1    19    12    12    12     0     0   -84.0   24.640 -132.065     27.0   1019.7
     1     1    19    12    12    11     0     1   -85.0   24.694 -131.796     29.9   1019.8
     1     1    19    12    12    10     0     2   -86.0   24.742 -131.524     32.1   1020.0
     1     1    19    12    12     9     0     3   -87.0   24.785 -131.250     33.2   1020.3
     1     1    19    12    12     8     0     2   -88.0   24.835 -130.970     33.5   1020.6
     1     1    19    12    12     7     0     1   -89.0   24.905 -130.685     33.4   1020.9
     1     1    19    12    12     6     0     0   -90.0   24.993 -130.394     33.4   1021.2
     1     1    19    12    12     5     0     1   -91.0   25.097 -130.111     33.1   1020.2
     1     1    19    12    12     4     0     2   -92.0   25.216 -129.846     32.4   1019.3
     1     1    19    12    12     3     0     3   -93.0   25.355 -129.597     31.2   1018.9
     1     1    19    12    12     2     0     2   -94.0   25.502 -129.364     30.2   1019.2
     1     1    19    12    12     1     0     1   -95.0   25.646 -129.148     29.6   1019.1
     1     1    19    12    12     0     0     0   -96.0   25.787 -128.955     29.3   1018.7
     1     1    19    12    11    23     0     1   -97.0   25.917 -128.773     29.0   1019.3
     1     1    19    12    11    22     0     2   -98.0   26.028 -128.591     28.4   1019.7
     1     1    19    12    11    21     0     3   -99.0   26.116 -128.405     28.0   1019.8
     1     1    19    12    11    20     0     2  -100.0   26.190 -128.214     27.9   1020.5
     1     1    19    12    11    19     0     1  -101.0   26.262 -128.019     27.9   1021.5
     1     1    19    12    11    18     0     0  -102.0   26.333 -127.821     27.9   1022.6
     1     1    19    12    11    17     0     1  -103.0   26.412 -127.633     28.0   1022.3
     1     1    19    12    11    16     0     2  -104.0   26.504 -127.462     28.4   1021.9
     1     1    19    12    11    15     0     3  -105.0   26.607 -127.307     29.2   1021.5
     1     1    19    12    11    14     0     2  -106.0   26.713 -127.162     30.0   1020.3
     1     1    19    12    11    13     0     1  -107.0   26.813 -127.020     30.2   1019.3
     1     1    19    12    11    12     0     0  -108.0   26.909 -126.883     29.4   1018.3
     1     1    19    12    11    11     0     1  -109.0   26.999 -126.750     28.6   1019.4
     1     1    19    12    11    10     0     2  -110.0   27.084 -126.619     28.7   1020.3
     1     1    19    12    11     9     0     3  -111.0   27.165 -126.493     29.8   1020.9
     1     1    19    12    11     8     0     2  -112.0   27.247 -126.366     31.3   1020.9
     1     1    19    12    11     7     0     1  -113.0   27.333 -126.235     32.4   1021.0
     1     1    19    12    11     6     0     0  -114.0   27.423 -126.098     32.4   1021.2
     1     1    19    12    11     5     0     1  -115.0   27.509 -125.961     31.1   1020.9
     1     1    19    12    11     4     0     2  -116.0   27.590 -125.829     29.1   1020.8
     1     1    19    12    11     3     0     3  -117.0   27.666 -125.701     26.8   1020.7
     1     1    19    12    11     2     0     2  -118.0   27.743 -125.577     25.0   1020.5
     1     1    19    12    11     1     0     1  -119.0   27.825 -125.459     23.9   1020.1
     1     1    19    12    11     0     0     0  -120.0   27.911 -125.350     23.4   1019.5
     1     1    19    12    10    23     0     1  -121.0   28.002 -125.248     23.5   1019.9
     1     1    19    12    10    22     0     2  -122.0   28.096 -125.151     23.9   1020.4
     1     1    19    12    10    21     0     3  -123.0   28.192 -125.060     24.2   1021.0
     1     1    19    12    10    20     0     2  -124.0   28.290 -124.980     24.0   1021.3
     1     1    19    12    10    19     0     1  -125.0   28.390 -124.915     23.0   1021.8
     1     1    19    12    10    18     0     0  -126.0   28.491 -124.864     21.5   1022.3
     1     1    19    12    10    17     0     1  -127.0   28.586 -124.812     20.0   1022.3
     1     1    19    12    10    16     0     2  -128.0   28.671 -124.746     18.8   1022.2
     1     1    19    12    10    15     0     3  -129.0   28.750 -124.667     17.8   1022.1
     1     1    19    12    10    14     0     2  -130.0   28.832 -124.591     17.0   1022.3
     1     1    19    12    10    13     0     1  -131.0   28.923 -124.535     16.7   1022.6
     1     1    19    12    10    12     0     0  -132.0   29.023 -124.500     16.5   1023.1
     1     1    19    12    10    11     0     1  -133.0   29.130 -124.474     16.8   1023.0
     1     1    19    12    10    10     0     2  -134.0   29.243 -124.444     17.3   1022.7
     1     1    19    12    10     9     0     3  -135.0   29.358 -124.406     18.4   1022.5
     1     1    19    12    10     8     0     2  -136.0   29.476 -124.357     20.0   1022.4
     1     1    19    12    10     7     0     1  -137.0   29.598 -124.292     22.0   1022.2
     1     1    19    12    10     6     0     0  -138.0   29.729 -124.206     24.2   1022.1
     1     1    19    12    10     5     0     1  -139.0   29.877 -124.129     26.3   1020.6
     1     1    19    12    10     4     0     2  -140.0   30.047 -124.097     27.7   1019.3
     1     1    19    12    10     3     0     3  -141.0   30.240 -124.112     28.4   1018.1
     1     1    19    12    10     2     0     2  -142.0   30.442 -124.152     29.0   1018.3
     1     1    19    12    10     1     0     1  -143.0   30.643 -124.198     29.3   1018.5
     1     1    19    12    10     0     0     0  -144.0   30.842 -124.256     29.3   1018.7
     1     1    19    12     9    23     0     1  -145.0   31.034 -124.314     28.7   1018.6
     1     1    19    12     9    22     0     2  -146.0   31.209 -124.357     27.0   1018.6
     1     1    19    12     9    21     0     3  -147.0   31.365 -124.383     24.7   1018.7
     1     1    19    12     9    20     0     2  -148.0   31.517 -124.392     22.8   1019.4
     1     1    19    12     9    19     0     1  -149.0   31.679 -124.382     22.1   1019.8
     1     1    19    12     9    18     0     0  -150.0   31.852 -124.353     22.7   1020.0
     1     1    19    12     9    17     0     1  -151.0   32.036 -124.333     24.1   1019.5
     1     1    19    12     9    16     0     2  -152.0   32.221 -124.347     24.7   1019.2
     1     1    19    12     9    15     0     3  -153.0   32.405 -124.395     24.1   1019.1
     1     1    19    12     9    14     0     2  -154.0   32.582 -124.468     23.5   1019.5
     1     1    19    12     9    13     0     1  -155.0   32.748 -124.554     23.5   1019.7
     1     1    19    12     9    12     0     0  -156.0   32.907 -124.650     24.1   1019.9
     1     1    19    12     9    11     0     1  -157.0   33.066 -124.736     24.8   1019.3
     1     1    19    12     9    10     0     2  -158.0   33.228 -124.796     25.3   1019.0
     1     1    19    12     9     9     0     3  -159.0   33.390 -124.834     25.6   1018.8
     1     1    19    12     9     8     0     2  -160.0   33.559 -124.866     26.0   1018.2
     1     1    19    12     9     7     0     1  -161.0   33.742 -124.903     27.2   1017.5
     1     1    19    12     9     6     0     0  -162.0   33.947 -124.936     29.6   1016.6
     1     1    19    12     9     5     0     1  -163.0   34.164 -124.978     33.1   1016.1
     1     1    19    12     9     4     0     2  -164.0   34.380 -125.040     36.3   1015.6
     1     1    19    12     9     3     0     3  -165.0   34.598 -125.108     38.3   1015.2
     1     1    19    12     9     2     0     2  -166.0   34.820 -125.180     39.2   1014.7
     1     1    19    12     9     1     0     1  -167.0   35.050 -125.261     40.0   1014.0
     1     1    19    12     9     0     0     0  -168.0   35.289 -125.354     41.4   1013.7
