     7     1
    GDAS    18    12     1     0     0
    GDAS    19     1     1     0     0
    GDAS    19     2     1     0     0
    GDAS    19     3     1     0     0
    GDAS    19     4     1     0     0
    GDAS    19     5     1     0     0
    GDAS    19     6     1     0     0
     1 BACKWARD OMEGA   
    19     3     9    12   21.319 -157.670    10.0
     1 PRESSURE
     1     1    19     3     9    12     0     0     0.0   21.319 -157.670     10.0   1017.5
     1     1    19     3     9    11     0     1    -1.0   21.454 -157.377     14.1   1016.4
     1     1    19     3     9    10     0     2    -2.0   21.587 -157.062     24.1   1015.4
     1     1    19     3     9     9     0     3    -3.0   21.713 -156.722     38.6   1015.8
     1     1    19     3     9     8     0     2    -4.0   21.833 -156.378     47.6   1016.1
     1     1    19     3     9     7     0     1    -5.0   21.962 -156.047     49.8   1016.7
     1     1    19     3     9     6     0     0    -6.0   22.107 -155.725     49.7   1016.9
     1     1    19     3     9     5     0     1    -7.0   22.271 -155.405     49.6   1016.7
     1     1    19     3     9     4     0     2    -8.0   22.448 -155.090     49.5   1016.6
     1     1    19     3     9     3     0     3    -9.0   22.637 -154.785     49.9   1016.2
     1     1    19     3     9     2     0     2   -10.0   22.833 -154.490     50.4   1016.2
     1     1    19     3     9     1     0     1   -11.0   23.033 -154.203     50.0   1016.8
     1     1    19     3     9     0     0     0   -12.0   23.230 -153.922     48.4   1017.2
     1     1    19     3     8    23     0     1   -13.0   23.422 -153.647     46.5   1017.8
     1     1    19     3     8    22     0     2   -14.0   23.611 -153.379     44.8   1018.7
     1     1    19     3     8    21     0     3   -15.0   23.798 -153.124     43.4   1020.0
     1     1    19     3     8    20     0     2   -16.0   23.987 -152.883     43.2   1019.6
     1     1    19     3     8    19     0     1   -17.0   24.176 -152.646     44.3   1018.9
     1     1    19     3     8    18     0     0   -18.0   24.362 -152.409     46.1   1019.0
     1     1    19     3     8    17     0     1   -19.0   24.544 -152.169     47.9   1018.8
     1     1    19     3     8    16     0     2   -20.0   24.724 -151.927     49.4   1018.3
     1     1    19     3     8    15     0     3   -21.0   24.902 -151.690     51.2   1017.5
     1     1    19     3     8    14     0     2   -22.0   25.084 -151.460     53.9   1017.5
     1     1    19     3     8    13     0     1   -23.0   25.272 -151.235     56.5   1017.3
     1     1    19     3     8    12     0     0   -24.0   25.460 -151.011     57.5   1017.3
     1     1    19     3     8    11     0     1   -25.0   25.654 -150.789     57.4   1017.7
     1     1    19     3     8    10     0     2   -26.0   25.858 -150.570     57.4   1018.1
     1     1    19     3     8     9     0     3   -27.0   26.079 -150.363     57.4   1018.4
     1     1    19     3     8     8     0     2   -28.0   26.316 -150.172     58.1   1018.5
     1     1    19     3     8     7     0     1   -29.0   26.564 -149.999     60.2   1018.2
     1     1    19     3     8     6     0     0   -30.0   26.819 -149.840     63.6   1017.7
     1     1    19     3     8     5     0     1   -31.0   27.069 -149.699     67.9   1016.9
     1     1    19     3     8     4     0     2   -32.0   27.306 -149.583     72.1   1016.1
     1     1    19     3     8     3     0     3   -33.0   27.532 -149.487     75.2   1015.5
     1     1    19     3     8     2     0     2   -34.0   27.751 -149.402     77.4   1015.2
     1     1    19     3     8     1     0     1   -35.0   27.964 -149.321     79.8   1015.1
     1     1    19     3     8     0     0     0   -36.0   28.172 -149.250     82.9   1014.7
     1     1    19     3     7    23     0     1   -37.0   28.372 -149.191     86.2   1014.3
     1     1    19     3     7    22     0     2   -38.0   28.561 -149.139     89.0   1014.0
     1     1    19     3     7    21     0     3   -39.0   28.740 -149.090     90.9   1013.8
     1     1    19     3     7    20     0     2   -40.0   28.921 -149.043     92.7   1013.5
     1     1    19     3     7    19     0     1   -41.0   29.121 -149.000     95.9   1013.0
     1     1    19     3     7    18     0     0   -42.0   29.340 -148.969    101.2   1012.2
     1     1    19     3     7    17     0     1   -43.0   29.569 -148.956    107.4   1011.1
     1     1    19     3     7    16     0     2   -44.0   29.797 -148.966    112.3   1010.3
     1     1    19     3     7    15     0     3   -45.0   30.024 -148.994    114.3   1009.7
     1     1    19     3     7    14     0     2   -46.0   30.248 -149.037    116.4   1009.8
     1     1    19     3     7    13     0     1   -47.0   30.467 -149.096    120.7   1009.2
     1     1    19     3     7    12     0     0   -48.0   30.679 -149.164    124.6   1008.6
     1     1    19     3     7    11     0     1   -49.0   30.887 -149.233    126.5   1008.5
     1     1    19     3     7    10     0     2   -50.0   31.096 -149.294    127.0   1008.6
     1     1    19     3     7     9     0     3   -51.0   31.310 -149.349    127.0   1008.7
     1     1    19     3     7     8     0     2   -52.0   31.533 -149.408    127.8   1008.5
     1     1    19     3     7     7     0     1   -53.0   31.773 -149.479    130.5   1008.0
     1     1    19     3     7     6     0     0   -54.0   32.032 -149.558    135.1   1007.3
     1     1    19     3     7     5     0     1   -55.0   32.305 -149.652    141.3   1006.2
     1     1    19     3     7     4     0     2   -56.0   32.582 -149.765    148.0   1004.9
     1     1    19     3     7     3     0     3   -57.0   32.861 -149.889    154.4   1003.6
     1     1    19     3     7     2     0     2   -58.0   33.144 -150.029    161.0   1002.8
     1     1    19     3     7     1     0     1   -59.0   33.434 -150.190    168.3   1001.9
     1     1    19     3     7     0     0     0   -60.0   33.731 -150.368    176.1   1000.9
     1     1    19     3     6    23     0     1   -61.0   34.026 -150.555    183.3   1000.1
     1     1    19     3     6    22     0     2   -62.0   34.312 -150.745    189.8    999.6
     1     1    19     3     6    21     0     3   -63.0   34.591 -150.938    196.2    999.1
     1     1    19     3     6    20     0     2   -64.0   34.873 -151.137    205.4    998.3
     1     1    19     3     6    19     0     1   -65.0   35.166 -151.346    220.4    996.5
     1     1    19     3     6    18     0     0   -66.0   35.473 -151.562    240.3    994.2
     1     1    19     3     6    17     0     1   -67.0   35.788 -151.785    261.0    991.5
     1     1    19     3     6    16     0     2   -68.0   36.101 -152.008    277.5    989.1
     1     1    19     3     6    15     0     3   -69.0   36.414 -152.227    287.8    987.5
     1     1    19     3     6    14     0     2   -70.0   36.730 -152.441    295.0    987.2
     1     1    19     3     6    13     0     1   -71.0   37.054 -152.650    302.7    986.3
     1     1    19     3     6    12     0     0   -72.0   37.392 -152.860    312.5    985.4
     1     1    19     3     6    11     0     1   -73.0   37.753 -153.070    324.9    983.9
     1     1    19     3     6    10     0     2   -74.0   38.133 -153.275    337.8    982.4
     1     1    19     3     6     9     0     3   -75.0   38.527 -153.482    351.8    981.2
     1     1    19     3     6     8     0     2   -76.0   38.933 -153.699    371.2    979.3
     1     1    19     3     6     7     0     1   -77.0   39.356 -153.929    398.0    976.3
     1     1    19     3     6     6     0     0   -78.0   39.798 -154.170    434.8    972.7
     1     1    19     3     6     5     0     1   -79.0   40.254 -154.416    473.4    966.2
     1     1    19     3     6     4     0     2   -80.0   40.716 -154.657    501.7    962.6
     1     1    19     3     6     3     0     3   -81.0   41.194 -154.897    522.9    960.4
     1     1    19     3     6     2     0     2   -82.0   41.696 -155.141    538.9    957.9
     1     1    19     3     6     1     0     1   -83.0   42.226 -155.387    552.3    956.5
     1     1    19     3     6     0     0     0   -84.0   42.776 -155.644    575.8    954.5
     1     1    19     3     5    23     0     1   -85.0   43.328 -155.909    610.7    950.0
     1     1    19     3     5    22     0     2   -86.0   43.866 -156.182    643.0    945.7
     1     1    19     3     5    21     0     3   -87.0   44.384 -156.475    670.5    942.8
     1     1    19     3     5    20     0     2   -88.0   44.880 -156.795    702.2    939.4
     1     1    19     3     5    19     0     1   -89.0   45.356 -157.146    742.6    934.3
     1     1    19     3     5    18     0     0   -90.0   45.807 -157.538    789.7    928.4
     1     1    19     3     5    17     0     1   -91.0   46.232 -157.977    836.3    921.6
     1     1    19     3     5    16     0     2   -92.0   46.638 -158.455    876.5    916.4
     1     1    19     3     5    15     0     3   -93.0   47.035 -158.960    910.0    911.5
     1     1    19     3     5    14     0     2   -94.0   47.417 -159.490    941.5    908.1
     1     1    19     3     5    13     0     1   -95.0   47.779 -160.042    975.6    903.4
     1     1    19     3     5    12     0     0   -96.0   48.121 -160.610   1009.1    899.0
     1     1    19     3     5    11     0     1   -97.0   48.429 -161.188   1037.2    895.1
     1     1    19     3     5    10     0     2   -98.0   48.695 -161.778   1061.1    892.7
     1     1    19     3     5     9     0     3   -99.0   48.927 -162.385   1089.1    889.7
     1     1    19     3     5     8     0     2  -100.0   49.121 -162.993   1114.8    885.7
     1     1    19     3     5     7     0     1  -101.0   49.282 -163.595   1130.5    883.8
     1     1    19     3     5     6     0     0  -102.0   49.425 -164.195   1140.6    882.7
     1     1    19     3     5     5     0     1  -103.0   49.545 -164.803   1155.2    881.5
     1     1    19     3     5     4     0     2  -104.0   49.637 -165.423   1177.1    878.0
     1     1    19     3     5     3     0     3  -105.0   49.715 -166.051   1207.6    874.8
     1     1    19     3     5     2     0     2  -106.0   49.766 -166.683   1237.3    869.4
     1     1    19     3     5     1     0     1  -107.0   49.786 -167.319   1257.1    867.7
     1     1    19     3     5     0     0     0  -108.0   49.796 -167.960   1294.4    865.8
     1     1    19     3     4    23     0     1  -109.0   49.786 -168.605   1333.5    857.4
     1     1    19     3     4    22     0     2  -110.0   49.752 -169.246   1355.4    856.8
     1     1    19     3     4    21     0     3  -111.0   49.710 -169.880   1370.1    854.4
     1     1    19     3     4    20     0     2  -112.0   49.661 -170.503   1382.7    854.0
     1     1    19     3     4    19     0     1  -113.0   49.603 -171.119   1400.9    851.2
     1     1    19     3     4    18     0     0  -114.0   49.550 -171.720   1433.7    848.6
     1     1    19     3     4    17     0     1  -115.0   49.479 -172.304   1486.8    842.2
     1     1    19     3     4    16     0     2  -116.0   49.382 -172.882   1546.7    834.9
     1     1    19     3     4    15     0     3  -117.0   49.275 -173.460   1603.0    828.3
     1     1    19     3     4    14     0     2  -118.0   49.158 -174.039   1643.5    823.0
     1     1    19     3     4    13     0     1  -119.0   49.028 -174.613   1666.3    821.3
     1     1    19     3     4    12     0     0  -120.0   48.903 -175.185   1680.2    820.0
     1     1    19     3     4    11     0     1  -121.0   48.766 -175.753   1691.7    819.3
     1     1    19     3     4    10     0     2  -122.0   48.603 -176.318   1711.0    817.8
     1     1    19     3     4     9     0     3  -123.0   48.434 -176.880   1746.2    814.2
     1     1    19     3     4     8     0     2  -124.0   48.253 -177.440   1795.1    808.6
     1     1    19     3     4     7     0     1  -125.0   48.066 -178.003   1840.1    802.5
     1     1    19     3     4     6     0     0  -126.0   47.889 -178.574   1869.0    799.3
     1     1    19     3     4     5     0     1  -127.0   47.710 -179.163   1891.1    797.1
     1     1    19     3     4     4     0     2  -128.0   47.513 -179.767   1916.9    794.1
     1     1    19     3     4     3     0     3  -129.0   47.306  179.628   1950.8    790.2
     1     1    19     3     4     2     0     2  -130.0   47.099  179.032   1991.5    785.4
     1     1    19     3     4     1     0     1  -131.0   46.891  178.442   2027.6    780.5
     1     1    19     3     4     0     0     0  -132.0   46.690  177.858   2057.2    777.8
     1     1    19     3     3    23     0     1  -133.0   46.487  177.281   2078.0    774.7
     1     1    19     3     3    22     0     2  -134.0   46.270  176.713   2085.3    773.9
     1     1    19     3     3    21     0     3  -135.0   46.062  176.148   2092.4    773.9
     1     1    19     3     3    20     0     2  -136.0   45.864  175.568   2099.9    771.7
     1     1    19     3     3    19     0     1  -137.0   45.668  174.981   2097.9    771.1
     1     1    19     3     3    18     0     0  -138.0   45.485  174.394   2102.2    771.9
     1     1    19     3     3    17     0     1  -139.0   45.315  173.786   2114.1    768.7
     1     1    19     3     3    16     0     2  -140.0   45.142  173.151   2117.1    768.1
     1     1    19     3     3    15     0     3  -141.0   44.970  172.502   2124.1    768.4
     1     1    19     3     3    14     0     2  -142.0   44.804  171.854   2143.1    765.7
     1     1    19     3     3    13     0     1  -143.0   44.638  171.219   2159.6    762.9
     1     1    19     3     3    12     0     0  -144.0   44.480  170.596   2170.0    762.0
     1     1    19     3     3    11     0     1  -145.0   44.339  169.961   2177.9    760.9
     1     1    19     3     3    10     0     2  -146.0   44.218  169.309   2189.6    760.3
     1     1    19     3     3     9     0     3  -147.0   44.116  168.659   2204.4    757.8
     1     1    19     3     3     8     0     2  -148.0   44.026  168.011   2199.7    756.3
     1     1    19     3     3     7     0     1  -149.0   43.941  167.358   2179.4    759.7
     1     1    19     3     3     6     0     0  -150.0   43.874  166.700   2167.6    760.9
     1     1    19     3     3     5     0     1  -151.0   43.822  166.038   2153.3    760.3
     1     1    19     3     3     4     0     2  -152.0   43.777  165.375   2125.2    763.3
     1     1    19     3     3     3     0     3  -153.0   43.744  164.710   2093.0    766.6
     1     1    19     3     3     2     0     2  -154.0   43.724  164.052   2059.0    769.6
     1     1    19     3     3     1     0     1  -155.0   43.714  163.412   2012.7    773.3
     1     1    19     3     3     0     0     0  -156.0   43.715  162.798   1951.6    779.9
     1     1    19     3     2    23     0     1  -157.0   43.738  162.194   1891.7    787.2
     1     1    19     3     2    22     0     2  -158.0   43.786  161.591   1844.5    792.2
     1     1    19     3     2    21     0     3  -159.0   43.859  160.994   1820.9    795.3
     1     1    19     3     2    20     0     2  -160.0   43.942  160.407   1814.4    794.0
     1     1    19     3     2    19     0     1  -161.0   44.028  159.838   1818.6    794.3
     1     1    19     3     2    18     0     0  -162.0   44.118  159.279   1834.9    791.3
     1     1    19     3     2    17     0     1  -163.0   44.207  158.725   1845.4    789.5
     1     1    19     3     2    16     0     2  -164.0   44.294  158.183   1844.3    789.6
     1     1    19     3     2    15     0     3  -165.0   44.375  157.650   1831.4    790.7
     1     1    19     3     2    14     0     2  -166.0   44.450  157.125   1810.9    793.4
     1     1    19     3     2    13     0     1  -167.0   44.522  156.609   1794.0    795.6
     1     1    19     3     2    12     0     0  -168.0   44.581  156.100   1773.6    796.4
