     7     1
    GDAS    19     6     1     0     0
    GDAS    19     7     1     0     0
    GDAS    19     8     1     0     0
    GDAS    19     9     1     0     0
    GDAS    19    10     1     0     0
    GDAS    19    11     1     0     0
    GDAS    19    12     1     0     0
     1 BACKWARD OMEGA   
    19     8     4    18   21.319 -157.670    10.0
     1 PRESSURE
     1     1    19     8     4    18     0     0     0.0   21.319 -157.670     10.0   1011.5
     1     1    19     8     4    17     0     1    -1.0   21.311 -157.539     15.4   1009.6
     1     1    19     8     4    16     0     2    -2.0   21.288 -157.398     24.9   1006.8
     1     1    19     8     4    15     0     3    -3.0   21.251 -157.248     38.5   1003.4
     1     1    19     8     4    14     0     2    -4.0   21.219 -157.102     70.0   1000.9
     1     1    19     8     4    13     0     1    -5.0   21.204 -156.958    131.2    993.4
     1     1    19     8     4    12     0     0    -6.0   21.195 -156.790    217.8    984.5
     1     1    19     8     4    11     0     1    -7.0   21.170 -156.580    292.0    974.8
     1     1    19     8     4    10     0     2    -8.0   21.120 -156.328    322.3    973.4
     1     1    19     8     4     9     0     3    -9.0   21.042 -156.026    303.7    978.3
     1     1    19     8     4     8     0     2   -10.0   20.951 -155.706    272.4    986.5
     1     1    19     8     4     7     0     1   -11.0   20.866 -155.412    257.8    986.9
     1     1    19     8     4     6     0     0   -12.0   20.787 -155.136    248.1    987.2
     1     1    19     8     4     5     0     1   -13.0   20.707 -154.863    242.9    987.7
     1     1    19     8     4     4     0     2   -14.0   20.631 -154.587    245.9    986.8
     1     1    19     8     4     3     0     3   -15.0   20.570 -154.313    255.6    985.2
     1     1    19     8     4     2     0     2   -16.0   20.528 -154.034    271.6    983.9
     1     1    19     8     4     1     0     1   -17.0   20.498 -153.743    294.2    981.4
     1     1    19     8     4     0     0     0   -18.0   20.467 -153.445    323.7    978.3
     1     1    19     8     3    23     0     1   -19.0   20.438 -153.145    351.0    974.6
     1     1    19     8     3    22     0     2   -20.0   20.426 -152.840    365.5    973.4
     1     1    19     8     3    21     0     3   -21.0   20.431 -152.516    375.1    973.6
     1     1    19     8     3    20     0     2   -22.0   20.451 -152.174    384.7    972.1
     1     1    19     8     3    19     0     1   -23.0   20.489 -151.834    383.3    971.4
     1     1    19     8     3    18     0     0   -24.0   20.542 -151.497    362.8    973.3
     1     1    19     8     3    17     0     1   -25.0   20.598 -151.161    342.1    977.3
     1     1    19     8     3    16     0     2   -26.0   20.652 -150.828    339.7    977.1
     1     1    19     8     3    15     0     3   -27.0   20.716 -150.495    344.1    974.9
     1     1    19     8     3    14     0     2   -28.0   20.787 -150.167    341.6    975.1
     1     1    19     8     3    13     0     1   -29.0   20.852 -149.845    338.6    976.2
     1     1    19     8     3    12     0     0   -30.0   20.905 -149.535    342.8    975.6
     1     1    19     8     3    11     0     1   -31.0   20.958 -149.227    356.2    975.1
     1     1    19     8     3    10     0     2   -32.0   21.019 -148.909    383.6    973.2
     1     1    19     8     3     9     0     3   -33.0   21.085 -148.572    423.4    969.5
     1     1    19     8     3     8     0     2   -34.0   21.154 -148.218    458.0    963.9
     1     1    19     8     3     7     0     1   -35.0   21.227 -147.854    479.6    961.9
     1     1    19     8     3     6     0     0   -36.0   21.307 -147.482    494.7    960.2
     1     1    19     8     3     5     0     1   -37.0   21.395 -147.113    512.0    958.7
     1     1    19     8     3     4     0     2   -38.0   21.489 -146.754    538.4    955.1
     1     1    19     8     3     3     0     3   -39.0   21.587 -146.409    570.5    950.9
     1     1    19     8     3     2     0     2   -40.0   21.682 -146.065    594.8    947.5
     1     1    19     8     3     1     0     1   -41.0   21.764 -145.705    604.0    947.2
     1     1    19     8     3     0     0     0   -42.0   21.829 -145.325    615.8    947.5
     1     1    19     8     2    23     0     1   -43.0   21.887 -144.940    647.3    945.1
     1     1    19     8     2    22     0     2   -44.0   21.952 -144.568    677.6    939.1
     1     1    19     8     2    21     0     3   -45.0   22.031 -144.207    670.5    939.4
     1     1    19     8     2    20     0     2   -46.0   22.117 -143.842    646.2    945.5
     1     1    19     8     2    19     0     1   -47.0   22.192 -143.468    636.1    947.1
     1     1    19     8     2    18     0     0   -48.0   22.260 -143.098    637.6    946.1
     1     1    19     8     2    17     0     1   -49.0   22.334 -142.735    645.7    944.8
     1     1    19     8     2    16     0     2   -50.0   22.418 -142.376    662.0    942.5
     1     1    19     8     2    15     0     3   -51.0   22.505 -142.024    683.2    939.3
     1     1    19     8     2    14     0     2   -52.0   22.585 -141.679    703.5    936.6
     1     1    19     8     2    13     0     1   -53.0   22.651 -141.337    713.2    934.5
     1     1    19     8     2    12     0     0   -54.0   22.709 -140.995    700.3    935.2
     1     1    19     8     2    11     0     1   -55.0   22.766 -140.651    681.0    940.4
     1     1    19     8     2    10     0     2   -56.0   22.822 -140.306    672.8    941.4
     1     1    19     8     2     9     0     3   -57.0   22.880 -139.958    669.4    942.0
     1     1    19     8     2     8     0     2   -58.0   22.935 -139.600    670.1    942.3
     1     1    19     8     2     7     0     1   -59.0   22.978 -139.224    685.0    941.6
     1     1    19     8     2     6     0     0   -60.0   23.007 -138.832    725.7    937.4
     1     1    19     8     2     5     0     1   -61.0   23.038 -138.446    768.3    929.5
     1     1    19     8     2     4     0     2   -62.0   23.093 -138.081    798.1    927.6
     1     1    19     8     2     3     0     3   -63.0   23.172 -137.733    826.8    924.0
     1     1    19     8     2     2     0     2   -64.0   23.259 -137.403    846.3    921.2
     1     1    19     8     2     1     0     1   -65.0   23.335 -137.093    861.2    920.4
     1     1    19     8     2     0     0     0   -66.0   23.397 -136.801    878.6    918.3
     1     1    19     8     1    23     0     1   -67.0   23.443 -136.519    892.0    916.7
     1     1    19     8     1    22     0     2   -68.0   23.471 -136.238    897.6    916.9
     1     1    19     8     1    21     0     3   -69.0   23.483 -135.961    901.8    917.4
     1     1    19     8     1    20     0     2   -70.0   23.490 -135.682    911.8    916.9
     1     1    19     8     1    19     0     1   -71.0   23.500 -135.398    925.6    914.9
     1     1    19     8     1    18     0     0   -72.0   23.511 -135.105    932.0    913.8
     1     1    19     8     1    17     0     1   -73.0   23.524 -134.807    936.2    913.8
     1     1    19     8     1    16     0     2   -74.0   23.539 -134.509    948.7    911.8
     1     1    19     8     1    15     0     3   -75.0   23.557 -134.213    968.2    909.0
     1     1    19     8     1    14     0     2   -76.0   23.569 -133.923    991.4    906.3
     1     1    19     8     1    13     0     1   -77.0   23.569 -133.644   1014.0    903.7
     1     1    19     8     1    12     0     0   -78.0   23.557 -133.371   1027.9    901.5
     1     1    19     8     1    11     0     1   -79.0   23.543 -133.094   1029.9    901.9
     1     1    19     8     1    10     0     2   -80.0   23.536 -132.803   1034.7    902.8
     1     1    19     8     1     9     0     3   -81.0   23.532 -132.495   1060.3    901.0
     1     1    19     8     1     8     0     2   -82.0   23.526 -132.181   1101.2    895.7
     1     1    19     8     1     7     0     1   -83.0   23.520 -131.868   1133.3    891.5
     1     1    19     8     1     6     0     0   -84.0   23.523 -131.561   1139.3    890.5
     1     1    19     8     1     5     0     1   -85.0   23.543 -131.265   1133.0    892.6
     1     1    19     8     1     4     0     2   -86.0   23.581 -130.987   1143.0    891.9
     1     1    19     8     1     3     0     3   -87.0   23.636 -130.727   1167.6    888.0
     1     1    19     8     1     2     0     2   -88.0   23.696 -130.477   1192.0    884.8
     1     1    19     8     1     1     0     1   -89.0   23.745 -130.227   1206.2    882.9
     1     1    19     8     1     0     0     0   -90.0   23.783 -129.976   1203.3    882.8
     1     1    19     7    31    23     0     1   -91.0   23.817 -129.723   1191.7    885.5
     1     1    19     7    31    22     0     2   -92.0   23.847 -129.467   1175.7    886.7
     1     1    19     7    31    21     0     3   -93.0   23.871 -129.209   1140.3    889.6
     1     1    19     7    31    20     0     2   -94.0   23.897 -128.947   1105.8    896.2
     1     1    19     7    31    19     0     1   -95.0   23.929 -128.688   1107.0    897.0
     1     1    19     7    31    18     0     0   -96.0   23.960 -128.434   1135.5    893.1
     1     1    19     7    31    17     0     1   -97.0   23.989 -128.186   1160.6    888.4
     1     1    19     7    31    16     0     2   -98.0   24.022 -127.946   1175.2    887.3
     1     1    19     7    31    15     0     3   -99.0   24.062 -127.715   1190.9    885.5
     1     1    19     7    31    14     0     2  -100.0   24.105 -127.492   1204.9    883.3
     1     1    19     7    31    13     0     1  -101.0   24.146 -127.271   1212.9    882.5
     1     1    19     7    31    12     0     0  -102.0   24.185 -127.054   1218.3    882.0
     1     1    19     7    31    11     0     1  -103.0   24.225 -126.832   1218.4    881.5
     1     1    19     7    31    10     0     2  -104.0   24.269 -126.600   1217.1    882.6
     1     1    19     7    31     9     0     3  -105.0   24.323 -126.364   1235.2    881.9
     1     1    19     7    31     8     0     2  -106.0   24.394 -126.134   1269.3    877.0
     1     1    19     7    31     7     0     1  -107.0   24.486 -125.912   1293.2    873.6
     1     1    19     7    31     6     0     0  -108.0   24.597 -125.689   1299.5    873.4
     1     1    19     7    31     5     0     1  -109.0   24.722 -125.467   1297.8    874.0
     1     1    19     7    31     4     0     2  -110.0   24.859 -125.249   1294.0    874.1
     1     1    19     7    31     3     0     3  -111.0   25.009 -125.033   1290.7    874.5
     1     1    19     7    31     2     0     2  -112.0   25.160 -124.832   1288.8    874.2
     1     1    19     7    31     1     0     1  -113.0   25.305 -124.655   1283.6    874.3
     1     1    19     7    31     0     0     0  -114.0   25.446 -124.495   1273.0    875.0
     1     1    19     7    30    23     0     1  -115.0   25.582 -124.339   1255.4    877.0
     1     1    19     7    30    22     0     2  -116.0   25.717 -124.178   1227.9    879.9
     1     1    19     7    30    21     0     3  -117.0   25.853 -124.013   1185.0    884.3
     1     1    19     7    30    20     0     2  -118.0   25.994 -123.845   1141.6    890.8
     1     1    19     7    30    19     0     1  -119.0   26.140 -123.678   1115.9    893.5
     1     1    19     7    30    18     0     0  -120.0   26.294 -123.516   1101.7    894.5
     1     1    19     7    30    17     0     1  -121.0   26.450 -123.363   1090.6    895.2
     1     1    19     7    30    16     0     2  -122.0   26.605 -123.219   1080.2    896.1
     1     1    19     7    30    15     0     3  -123.0   26.762 -123.085   1069.7    896.8
     1     1    19     7    30    14     0     2  -124.0   26.922 -122.956   1063.1    897.6
     1     1    19     7    30    13     0     1  -125.0   27.086 -122.834   1066.0    897.0
     1     1    19     7    30    12     0     0  -126.0   27.250 -122.720   1079.2    895.3
     1     1    19     7    30    11     0     1  -127.0   27.417 -122.609   1090.4    893.2
     1     1    19     7    30    10     0     2  -128.0   27.590 -122.490   1088.1    893.6
     1     1    19     7    30     9     0     3  -129.0   27.771 -122.360   1071.3    895.4
     1     1    19     7    30     8     0     2  -130.0   27.966 -122.229   1043.1    899.0
     1     1    19     7    30     7     0     1  -131.0   28.180 -122.112   1011.6    902.9
     1     1    19     7    30     6     0     0  -132.0   28.413 -122.013    991.8    906.4
     1     1    19     7    30     5     0     1  -133.0   28.660 -121.929    999.3    906.0
     1     1    19     7    30     4     0     2  -134.0   28.918 -121.860   1027.4    901.9
     1     1    19     7    30     3     0     3  -135.0   29.191 -121.810   1059.7    897.9
     1     1    19     7    30     2     0     2  -136.0   29.468 -121.776   1089.1    894.4
     1     1    19     7    30     1     0     1  -137.0   29.738 -121.751   1107.6    892.0
     1     1    19     7    30     0     0     0  -138.0   30.007 -121.737   1106.6    891.4
     1     1    19     7    29    23     0     1  -139.0   30.272 -121.734   1099.0    894.3
     1     1    19     7    29    22     0     2  -140.0   30.526 -121.740   1098.9    894.4
     1     1    19     7    29    21     0     3  -141.0   30.762 -121.746   1099.9    894.4
     1     1    19     7    29    20     0     2  -142.0   30.987 -121.754   1097.5    894.8
     1     1    19     7    29    19     0     1  -143.0   31.214 -121.771   1098.7    895.9
     1     1    19     7    29    18     0     0  -144.0   31.443 -121.795   1113.7    894.7
     1     1    19     7    29    17     0     1  -145.0   31.681 -121.824   1129.4    891.5
     1     1    19     7    29    16     0     2  -146.0   31.934 -121.864   1125.2    890.9
     1     1    19     7    29    15     0     3  -147.0   32.208 -121.920   1096.0    893.5
     1     1    19     7    29    14     0     2  -148.0   32.502 -121.994   1071.5    898.4
     1     1    19     7    29    13     0     1  -149.0   32.811 -122.087   1076.8    897.6
     1     1    19     7    29    12     0     0  -150.0   33.138 -122.204   1106.7    893.9
     1     1    19     7    29    11     0     1  -151.0   33.468 -122.351   1146.3    889.3
     1     1    19     7    29    10     0     2  -152.0   33.783 -122.533   1187.9    885.5
     1     1    19     7    29     9     0     3  -153.0   34.082 -122.742   1254.8    881.0
     1     1    19     7    29     8     0     2  -154.0   34.361 -122.969   1349.1    869.4
     1     1    19     7    29     7     0     1  -155.0   34.627 -123.204   1421.9    859.9
     1     1    19     7    29     6     0     0  -156.0   34.886 -123.448   1455.4    857.7
     1     1    19     7    29     5     0     1  -157.0   35.148 -123.697   1496.3    857.3
     1     1    19     7    29     4     0     2  -158.0   35.409 -123.936   1566.0    848.4
     1     1    19     7    29     3     0     3  -159.0   35.668 -124.153   1645.1    840.4
     1     1    19     7    29     2     0     2  -160.0   35.924 -124.354   1726.2    831.9
     1     1    19     7    29     1     0     1  -161.0   36.175 -124.551   1801.9    824.9
     1     1    19     7    29     0     0     0  -162.0   36.421 -124.750   1868.7    818.1
     1     1    19     7    28    23     0     1  -163.0   36.659 -124.944   1908.1    813.2
     1     1    19     7    28    22     0     2  -164.0   36.894 -125.124   1920.4    813.4
     1     1    19     7    28    21     0     3  -165.0   37.132 -125.288   1940.6    813.8
     1     1    19     7    28    20     0     2  -166.0   37.370 -125.439   1991.6    809.1
     1     1    19     7    28    19     0     1  -167.0   37.612 -125.582   2065.3    801.7
     1     1    19     7    28    18     0     0  -168.0   37.853 -125.719   2148.8    793.8
