     7     1
    GDAS    18    12     1     0     0
    GDAS    19     1     1     0     0
    GDAS    19     2     1     0     0
    GDAS    19     3     1     0     0
    GDAS    19     4     1     0     0
    GDAS    19     5     1     0     0
    GDAS    19     6     1     0     0
     1 BACKWARD OMEGA   
    19     5    17     0   21.319 -157.670    10.0
     1 PRESSURE
     1     1    19     5    17     0     0     0     0.0   21.319 -157.670     10.0   1014.6
     1     1    19     5    16    23     0     1    -1.0   21.449 -157.485     15.0   1014.3
     1     1    19     5    16    22     0     2    -2.0   21.562 -157.298     24.0   1013.7
     1     1    19     5    16    21     0     3    -3.0   21.655 -157.105     37.0   1012.9
     1     1    19     5    16    20     0     2    -4.0   21.735 -156.907     51.2   1012.0
     1     1    19     5    16    19     0     1    -5.0   21.808 -156.701     61.0   1011.3
     1     1    19     5    16    18     0     0    -6.0   21.876 -156.482     64.6   1011.6
     1     1    19     5    16    17     0     1    -7.0   21.943 -156.240     64.6   1011.3
     1     1    19     5    16    16     0     2    -8.0   22.012 -155.969     64.1   1010.7
     1     1    19     5    16    15     0     3    -9.0   22.084 -155.681     64.1   1009.8
     1     1    19     5    16    14     0     2   -10.0   22.161 -155.399     64.1   1010.0
     1     1    19     5    16    13     0     1   -11.0   22.245 -155.135     64.1   1010.1
     1     1    19     5    16    12     0     0   -12.0   22.337 -154.887     64.1   1010.1
     1     1    19     5    16    11     0     1   -13.0   22.438 -154.653     64.1   1011.0
     1     1    19     5    16    10     0     2   -14.0   22.548 -154.429     64.1   1012.0
     1     1    19     5    16     9     0     3   -15.0   22.666 -154.213     64.1   1013.0
     1     1    19     5    16     8     0     2   -16.0   22.793 -154.005     64.1   1012.8
     1     1    19     5    16     7     0     1   -17.0   22.929 -153.805     64.1   1012.9
     1     1    19     5    16     6     0     0   -18.0   23.077 -153.617     64.1   1013.0
     1     1    19     5    16     5     0     1   -19.0   23.230 -153.439     64.1   1012.4
     1     1    19     5    16     4     0     2   -20.0   23.380 -153.271     64.1   1011.8
     1     1    19     5    16     3     0     3   -21.0   23.525 -153.112     64.1   1011.2
     1     1    19     5    16     2     0     2   -22.0   23.664 -152.964     65.1   1011.6
     1     1    19     5    16     1     0     1   -23.0   23.800 -152.825     68.4   1011.6
     1     1    19     5    16     0     0     0   -24.0   23.934 -152.697     74.2   1011.3
     1     1    19     5    15    23     0     1   -25.0   24.065 -152.574     81.3   1010.2
     1     1    19     5    15    22     0     2   -26.0   24.196 -152.456     87.9   1009.4
     1     1    19     5    15    21     0     3   -27.0   24.324 -152.343     93.6   1008.8
     1     1    19     5    15    20     0     2   -28.0   24.450 -152.235     98.4   1008.2
     1     1    19     5    15    19     0     1   -29.0   24.577 -152.132    103.2   1007.7
     1     1    19     5    15    18     0     0   -30.0   24.707 -152.034    108.5   1007.1
     1     1    19     5    15    17     0     1   -31.0   24.840 -151.944    115.8   1006.1
     1     1    19     5    15    16     0     2   -32.0   24.977 -151.863    126.8   1004.6
     1     1    19     5    15    15     0     3   -33.0   25.120 -151.790    141.0   1002.8
     1     1    19     5    15    14     0     2   -34.0   25.271 -151.730    153.4   1000.5
     1     1    19     5    15    13     0     1   -35.0   25.428 -151.684    160.2    999.7
     1     1    19     5    15    12     0     0   -36.0   25.590 -151.653    163.1    999.3
     1     1    19     5    15    11     0     1   -37.0   25.758 -151.636    164.4    999.6
     1     1    19     5    15    10     0     2   -38.0   25.934 -151.635    165.9    999.8
     1     1    19     5    15     9     0     3   -39.0   26.116 -151.651    167.7    999.8
     1     1    19     5    15     8     0     2   -40.0   26.301 -151.684    172.0    999.3
     1     1    19     5    15     7     0     1   -41.0   26.484 -151.733    181.1    998.1
     1     1    19     5    15     6     0     0   -42.0   26.665 -151.795    195.3    996.3
     1     1    19     5    15     5     0     1   -43.0   26.844 -151.871    209.7    993.8
     1     1    19     5    15     4     0     2   -44.0   27.018 -151.965    218.5    992.5
     1     1    19     5    15     3     0     3   -45.0   27.184 -152.076    222.3    991.9
     1     1    19     5    15     2     0     2   -46.0   27.343 -152.203    226.0    992.1
     1     1    19     5    15     1     0     1   -47.0   27.495 -152.341    233.5    991.4
     1     1    19     5    15     0     0     0   -48.0   27.641 -152.491    244.9    990.3
     1     1    19     5    14    23     0     1   -49.0   27.779 -152.651    257.4    989.0
     1     1    19     5    14    22     0     2   -50.0   27.913 -152.822    268.6    988.1
     1     1    19     5    14    21     0     3   -51.0   28.039 -153.008    279.3    987.1
     1     1    19     5    14    20     0     2   -52.0   28.158 -153.200    289.1    985.7
     1     1    19     5    14    19     0     1   -53.0   28.270 -153.392    296.5    984.6
     1     1    19     5    14    18     0     0   -54.0   28.376 -153.585    301.9    984.0
     1     1    19     5    14    17     0     1   -55.0   28.473 -153.779    309.0    983.2
     1     1    19     5    14    16     0     2   -56.0   28.556 -153.969    319.2    981.5
     1     1    19     5    14    15     0     3   -57.0   28.625 -154.158    328.5    979.8
     1     1    19     5    14    14     0     2   -58.0   28.683 -154.336    335.1    979.1
     1     1    19     5    14    13     0     1   -59.0   28.736 -154.499    341.8    978.7
     1     1    19     5    14    12     0     0   -60.0   28.781 -154.647    352.5    977.7
     1     1    19     5    14    11     0     1   -61.0   28.826 -154.781    365.1    976.2
     1     1    19     5    14    10     0     2   -62.0   28.877 -154.902    373.8    975.5
     1     1    19     5    14     9     0     3   -63.0   28.932 -155.011    375.7    975.5
     1     1    19     5    14     8     0     2   -64.0   28.990 -155.113    374.0    976.1
     1     1    19     5    14     7     0     1   -65.0   29.047 -155.214    372.9    976.0
     1     1    19     5    14     6     0     0   -66.0   29.101 -155.317    371.9    975.9
     1     1    19     5    14     5     0     1   -67.0   29.160 -155.424    370.9    976.0
     1     1    19     5    14     4     0     2   -68.0   29.230 -155.538    370.4    976.1
     1     1    19     5    14     3     0     3   -69.0   29.306 -155.660    371.1    976.0
     1     1    19     5    14     2     0     2   -70.0   29.378 -155.788    372.7    975.9
     1     1    19     5    14     1     0     1   -71.0   29.439 -155.917    373.8    975.9
     1     1    19     5    14     0     0     0   -72.0   29.488 -156.046    374.2    976.0
     1     1    19     5    13    23     0     1   -73.0   29.524 -156.170    373.2    976.2
     1     1    19     5    13    22     0     2   -74.0   29.547 -156.288    370.5    976.7
     1     1    19     5    13    21     0     3   -75.0   29.557 -156.398    366.6    977.3
     1     1    19     5    13    20     0     2   -76.0   29.558 -156.496    363.3    977.8
     1     1    19     5    13    19     0     1   -77.0   29.556 -156.578    361.6    978.0
     1     1    19     5    13    18     0     0   -78.0   29.550 -156.644    361.1    978.1
     1     1    19     5    13    17     0     1   -79.0   29.542 -156.694    361.1    977.7
     1     1    19     5    13    16     0     2   -80.0   29.533 -156.729    361.1    977.3
     1     1    19     5    13    15     0     3   -81.0   29.522 -156.748    361.1    976.9
     1     1    19     5    13    14     0     2   -82.0   29.508 -156.748    361.1    977.1
     1     1    19     5    13    13     0     1   -83.0   29.489 -156.728    361.1    977.2
     1     1    19     5    13    12     0     0   -84.0   29.465 -156.685    361.1    977.4
     1     1    19     5    13    11     0     1   -85.0   29.450 -156.621    361.2    977.8
     1     1    19     5    13    10     0     2   -86.0   29.458 -156.536    361.6    978.1
     1     1    19     5    13     9     0     3   -87.0   29.485 -156.429    362.5    978.4
     1     1    19     5    13     8     0     2   -88.0   29.529 -156.307    363.8    978.0
     1     1    19     5    13     7     0     1   -89.0   29.586 -156.177    365.6    977.6
     1     1    19     5    13     6     0     0   -90.0   29.658 -156.036    368.1    977.1
     1     1    19     5    13     5     0     1   -91.0   29.739 -155.889    370.4    976.4
     1     1    19     5    13     4     0     2   -92.0   29.822 -155.742    371.3    976.0
     1     1    19     5    13     3     0     3   -93.0   29.908 -155.595    371.0    975.8
     1     1    19     5    13     2     0     2   -94.0   29.998 -155.444    370.6    976.1
     1     1    19     5    13     1     0     1   -95.0   30.096 -155.287    370.2    976.2
     1     1    19     5    13     0     0     0   -96.0   30.202 -155.121    368.2    976.6
     1     1    19     5    12    23     0     1   -97.0   30.314 -154.949    366.1    977.5
     1     1    19     5    12    22     0     2   -98.0   30.429 -154.773    366.9    977.8
     1     1    19     5    12    21     0     3   -99.0   30.542 -154.597    370.6    977.7
     1     1    19     5    12    20     0     2  -100.0   30.658 -154.422    374.3    976.9
     1     1    19     5    12    19     0     1  -101.0   30.782 -154.246    375.8    976.7
     1     1    19     5    12    18     0     0  -102.0   30.920 -154.068    376.2    976.6
     1     1    19     5    12    17     0     1  -103.0   31.066 -153.890    376.0    976.4
     1     1    19     5    12    16     0     2  -104.0   31.211 -153.718    374.2    976.2
     1     1    19     5    12    15     0     3  -105.0   31.356 -153.553    368.7    976.5
     1     1    19     5    12    14     0     2  -106.0   31.503 -153.405    359.4    977.7
     1     1    19     5    12    13     0     1  -107.0   31.652 -153.284    349.3    979.2
     1     1    19     5    12    12     0     0  -108.0   31.800 -153.192    343.0    980.2
     1     1    19     5    12    11     0     1  -109.0   31.939 -153.119    340.2    980.5
     1     1    19     5    12    10     0     2  -110.0   32.061 -153.052    338.9    980.9
     1     1    19     5    12     9     0     3  -111.0   32.172 -152.988    337.8    981.1
     1     1    19     5    12     8     0     2  -112.0   32.283 -152.925    334.8    981.1
     1     1    19     5    12     7     0     1  -113.0   32.403 -152.865    328.5    981.6
     1     1    19     5    12     6     0     0  -114.0   32.530 -152.812    318.3    982.6
     1     1    19     5    12     5     0     1  -115.0   32.660 -152.778    307.8    984.1
     1     1    19     5    12     4     0     2  -116.0   32.795 -152.775    300.8    984.8
     1     1    19     5    12     3     0     3  -117.0   32.935 -152.807    298.2    985.1
     1     1    19     5    12     2     0     2  -118.0   33.076 -152.867    297.8    984.7
     1     1    19     5    12     1     0     1  -119.0   33.216 -152.944    295.8    984.8
     1     1    19     5    12     0     0     0  -120.0   33.353 -153.042    290.0    985.4
     1     1    19     5    11    23     0     1  -121.0   33.482 -153.164    282.9    986.7
     1     1    19     5    11    22     0     2  -122.0   33.599 -153.312    276.8    987.5
     1     1    19     5    11    21     0     3  -123.0   33.698 -153.489    270.6    988.2
     1     1    19     5    11    20     0     2  -124.0   33.776 -153.686    265.3    989.2
     1     1    19     5    11    19     0     1  -125.0   33.831 -153.895    264.9    989.4
     1     1    19     5    11    18     0     0  -126.0   33.857 -154.116    270.3    988.7
     1     1    19     5    11    17     0     1  -127.0   33.863 -154.344    276.7    987.0
     1     1    19     5    11    16     0     2  -128.0   33.850 -154.573    281.1    986.2
     1     1    19     5    11    15     0     3  -129.0   33.811 -154.808    285.0    985.4
     1     1    19     5    11    14     0     2  -130.0   33.751 -155.043    286.5    985.0
     1     1    19     5    11    13     0     1  -131.0   33.681 -155.269    285.1    985.5
     1     1    19     5    11    12     0     0  -132.0   33.600 -155.484    284.1    986.0
     1     1    19     5    11    11     0     1  -133.0   33.511 -155.678    284.4    986.2
     1     1    19     5    11    10     0     2  -134.0   33.421 -155.843    284.6    986.5
     1     1    19     5    11     9     0     3  -135.0   33.333 -155.978    284.7    986.8
     1     1    19     5    11     8     0     2  -136.0   33.257 -156.095    284.6    986.8
     1     1    19     5    11     7     0     1  -137.0   33.197 -156.204    284.3    986.8
     1     1    19     5    11     6     0     0  -138.0   33.151 -156.307    284.2    986.7
     1     1    19     5    11     5     0     1  -139.0   33.110 -156.407    285.7    986.7
     1     1    19     5    11     4     0     2  -140.0   33.062 -156.506    290.2    986.0
     1     1    19     5    11     3     0     3  -141.0   33.008 -156.603    297.7    985.0
     1     1    19     5    11     2     0     2  -142.0   32.951 -156.695    305.9    984.0
     1     1    19     5    11     1     0     1  -143.0   32.897 -156.773    312.4    983.4
     1     1    19     5    11     0     0     0  -144.0   32.844 -156.839    316.3    983.1
     1     1    19     5    10    23     0     1  -145.0   32.788 -156.891    320.0    983.2
     1     1    19     5    10    22     0     2  -146.0   32.725 -156.930    327.2    982.6
     1     1    19     5    10    21     0     3  -147.0   32.654 -156.956    338.7    981.4
     1     1    19     5    10    20     0     2  -148.0   32.585 -156.962    350.8    979.6
     1     1    19     5    10    19     0     1  -149.0   32.523 -156.942    358.6    978.7
     1     1    19     5    10    18     0     0  -150.0   32.470 -156.896    361.8    978.4
     1     1    19     5    10    17     0     1  -151.0   32.424 -156.825    364.2    978.5
     1     1    19     5    10    16     0     2  -152.0   32.386 -156.735    370.3    977.8
     1     1    19     5    10    15     0     3  -153.0   32.358 -156.625    380.7    976.7
     1     1    19     5    10    14     0     2  -154.0   32.339 -156.496    390.4    975.2
     1     1    19     5    10    13     0     1  -155.0   32.332 -156.347    394.4    975.0
     1     1    19     5    10    12     0     0  -156.0   32.335 -156.176    393.4    975.3
     1     1    19     5    10    11     0     1  -157.0   32.351 -155.980    391.6    976.3
     1     1    19     5    10    10     0     2  -158.0   32.385 -155.758    391.2    976.5
     1     1    19     5    10     9     0     3  -159.0   32.437 -155.513    391.1    976.9
     1     1    19     5    10     8     0     2  -160.0   32.508 -155.255    391.1    976.8
     1     1    19     5    10     7     0     1  -161.0   32.599 -154.995    391.1    976.6
     1     1    19     5    10     6     0     0  -162.0   32.711 -154.737    391.1    976.5
     1     1    19     5    10     5     0     1  -163.0   32.843 -154.486    391.2    976.6
     1     1    19     5    10     4     0     2  -164.0   32.991 -154.249    391.2    976.6
     1     1    19     5    10     3     0     3  -165.0   33.153 -154.031    391.2    976.6
     1     1    19     5    10     2     0     2  -166.0   33.325 -153.830    393.3    976.6
     1     1    19     5    10     1     0     1  -167.0   33.506 -153.641    399.2    975.9
     1     1    19     5    10     0     0     0  -168.0   33.695 -153.465    409.4    974.9
