     7     1
    GDAS    18    12     1     0     0
    GDAS    19     1     1     0     0
    GDAS    19     2     1     0     0
    GDAS    19     3     1     0     0
    GDAS    19     4     1     0     0
    GDAS    19     5     1     0     0
    GDAS    19     6     1     0     0
     1 BACKWARD OMEGA   
    19     5    18    18   21.319 -157.670    10.0
     1 PRESSURE
     1     1    19     5    18    18     0     0     0.0   21.319 -157.670     10.0   1016.0
     1     1    19     5    18    17     0     1    -1.0   21.394 -157.465     13.0   1014.9
     1     1    19     5    18    16     0     2    -2.0   21.471 -157.255     19.0   1013.3
     1     1    19     5    18    15     0     3    -3.0   21.544 -157.038     30.2   1011.3
     1     1    19     5    18    14     0     2    -4.0   21.609 -156.813     44.1   1011.3
     1     1    19     5    18    13     0     1    -5.0   21.663 -156.579     54.6   1011.5
     1     1    19     5    18    12     0     0    -6.0   21.707 -156.337     60.3   1011.6
     1     1    19     5    18    11     0     1    -7.0   21.743 -156.085     61.8   1012.0
     1     1    19     5    18    10     0     2    -8.0   21.775 -155.828     60.0   1012.7
     1     1    19     5    18     9     0     3    -9.0   21.807 -155.570     57.6   1013.3
     1     1    19     5    18     8     0     2   -10.0   21.843 -155.316     55.8   1013.6
     1     1    19     5    18     7     0     1   -11.0   21.886 -155.068     54.8   1013.7
     1     1    19     5    18     6     0     0   -12.0   21.935 -154.823     54.2   1013.9
     1     1    19     5    18     5     0     1   -13.0   21.999 -154.587     54.0   1013.9
     1     1    19     5    18     4     0     2   -14.0   22.088 -154.365     53.9   1013.8
     1     1    19     5    18     3     0     3   -15.0   22.198 -154.156     53.8   1013.7
     1     1    19     5    18     2     0     2   -16.0   22.322 -153.951     53.7   1013.5
     1     1    19     5    18     1     0     1   -17.0   22.451 -153.747     53.2   1013.4
     1     1    19     5    18     0     0     0   -18.0   22.586 -153.546     51.3   1013.8
     1     1    19     5    17    23     0     1   -19.0   22.717 -153.355     47.5   1014.7
     1     1    19     5    17    22     0     2   -20.0   22.834 -153.176     42.4   1015.5
     1     1    19     5    17    21     0     3   -21.0   22.936 -153.008     37.1   1016.2
     1     1    19     5    17    20     0     2   -22.0   23.024 -152.850     33.7   1017.0
     1     1    19     5    17    19     0     1   -23.0   23.101 -152.705     33.0   1017.3
     1     1    19     5    17    18     0     0   -24.0   23.168 -152.569     34.8   1017.4
     1     1    19     5    17    17     0     1   -25.0   23.225 -152.438     37.6   1015.9
     1     1    19     5    17    16     0     2   -26.0   23.267 -152.307     39.7   1014.5
     1     1    19     5    17    15     0     3   -27.0   23.291 -152.176     40.5   1013.3
     1     1    19     5    17    14     0     2   -28.0   23.305 -152.042     40.5   1013.7
     1     1    19     5    17    13     0     1   -29.0   23.319 -151.903     40.5   1013.9
     1     1    19     5    17    12     0     0   -30.0   23.332 -151.756     40.5   1014.2
     1     1    19     5    17    11     0     1   -31.0   23.352 -151.599     40.5   1014.3
     1     1    19     5    17    10     0     2   -32.0   23.385 -151.429     40.5   1014.5
     1     1    19     5    17     9     0     3   -33.0   23.435 -151.250     40.5   1014.7
     1     1    19     5    17     8     0     2   -34.0   23.501 -151.069     41.5   1014.8
     1     1    19     5    17     7     0     1   -35.0   23.584 -150.895     44.6   1014.8
     1     1    19     5    17     6     0     0   -36.0   23.685 -150.727     49.7   1014.5
     1     1    19     5    17     5     0     1   -37.0   23.795 -150.565     54.1   1013.8
     1     1    19     5    17     4     0     2   -38.0   23.900 -150.412     54.9   1013.5
     1     1    19     5    17     3     0     3   -39.0   24.001 -150.271     51.9   1013.8
     1     1    19     5    17     2     0     2   -40.0   24.091 -150.139     46.8   1014.7
     1     1    19     5    17     1     0     1   -41.0   24.164 -150.011     41.4   1015.5
     1     1    19     5    17     0     0     0   -42.0   24.219 -149.888     36.4   1016.4
     1     1    19     5    16    23     0     1   -43.0   24.258 -149.766     32.2   1016.6
     1     1    19     5    16    22     0     2   -44.0   24.287 -149.643     28.8   1016.6
     1     1    19     5    16    21     0     3   -45.0   24.306 -149.520     26.0   1016.6
     1     1    19     5    16    20     0     2   -46.0   24.322 -149.397     23.8   1017.1
     1     1    19     5    16    19     0     1   -47.0   24.339 -149.274     22.0   1017.6
     1     1    19     5    16    18     0     0   -48.0   24.358 -149.150     20.3   1018.1
     1     1    19     5    16    17     0     1   -49.0   24.379 -149.029     18.8   1018.2
     1     1    19     5    16    16     0     2   -50.0   24.405 -148.910     17.4   1018.2
     1     1    19     5    16    15     0     3   -51.0   24.438 -148.792     16.4   1018.2
     1     1    19     5    16    14     0     2   -52.0   24.486 -148.678     15.6   1017.7
     1     1    19     5    16    13     0     1   -53.0   24.555 -148.570     15.0   1017.1
     1     1    19     5    16    12     0     0   -54.0   24.653 -148.468     14.6   1016.5
     1     1    19     5    16    11     0     1   -55.0   24.782 -148.369     14.2   1017.3
     1     1    19     5    16    10     0     2   -56.0   24.940 -148.271     13.6   1018.2
     1     1    19     5    16     9     0     3   -57.0   25.117 -148.179     12.5   1019.3
     1     1    19     5    16     8     0     2   -58.0   25.286 -148.108     11.5   1019.6
     1     1    19     5    16     7     0     1   -59.0   25.441 -148.064     10.7   1019.9
     1     1    19     5    16     6     0     0   -60.0   25.592 -148.044     10.2   1020.1
     1     1    19     5    16     5     0     1   -61.0   25.745 -148.034      9.9   1019.6
     1     1    19     5    16     4     0     2   -62.0   25.902 -148.022      9.8   1019.4
     1     1    19     5    16     3     0     3   -63.0   26.063 -148.004      9.8   1019.4
     1     1    19     5    16     2     0     2   -64.0   26.217 -147.997      9.8   1018.3
     1     1    19     5    16     1     0     1   -65.0   26.358 -148.018      9.9   1017.2
     1     1    19     5    16     0     0     0   -66.0   26.492 -148.061     10.3   1016.2
     1     1    19     5    15    23     0     1   -67.0   26.623 -148.113     10.7   1017.0
     1     1    19     5    15    22     0     2   -68.0   26.754 -148.160     11.1   1017.8
     1     1    19     5    15    21     0     3   -69.0   26.895 -148.197     11.2   1018.5
     1     1    19     5    15    20     0     2   -70.0   27.048 -148.236     11.2   1018.6
     1     1    19     5    15    19     0     1   -71.0   27.204 -148.291     11.3   1018.7
     1     1    19     5    15    18     0     0   -72.0   27.362 -148.366     11.6   1018.7
     1     1    19     5    15    17     0     1   -73.0   27.521 -148.453     12.0   1018.1
     1     1    19     5    15    16     0     2   -74.0   27.679 -148.548     12.4   1017.5
     1     1    19     5    15    15     0     3   -75.0   27.842 -148.649     12.6   1016.9
     1     1    19     5    15    14     0     2   -76.0   28.012 -148.764     12.6   1016.8
     1     1    19     5    15    13     0     1   -77.0   28.186 -148.897     12.7   1016.7
     1     1    19     5    15    12     0     0   -78.0   28.364 -149.048     12.7   1016.6
     1     1    19     5    15    11     0     1   -79.0   28.541 -149.214     12.7   1016.2
     1     1    19     5    15    10     0     2   -80.0   28.711 -149.392     12.7   1015.9
     1     1    19     5    15     9     0     3   -81.0   28.874 -149.587     12.7   1015.5
     1     1    19     5    15     8     0     2   -82.0   29.033 -149.799     12.7   1015.4
     1     1    19     5    15     7     0     1   -83.0   29.191 -150.026     12.9   1015.4
     1     1    19     5    15     6     0     0   -84.0   29.353 -150.270     13.3   1015.3
     1     1    19     5    15     5     0     1   -85.0   29.511 -150.529     14.0   1014.7
     1     1    19     5    15     4     0     2   -86.0   29.655 -150.799     14.5   1014.1
     1     1    19     5    15     3     0     3   -87.0   29.783 -151.081     14.7   1013.7
     1     1    19     5    15     2     0     2   -88.0   29.899 -151.375     14.8   1013.9
     1     1    19     5    15     1     0     1   -89.0   30.010 -151.682     14.8   1013.7
     1     1    19     5    15     0     0     0   -90.0   30.119 -151.999     14.8   1013.7
     1     1    19     5    14    23     0     1   -91.0   30.223 -152.323     14.8   1015.2
     1     1    19     5    14    22     0     2   -92.0   30.316 -152.648     14.8   1015.9
     1     1    19     5    14    21     0     3   -93.0   30.407 -152.976     14.8   1016.3
     1     1    19     5    14    20     0     2   -94.0   30.493 -153.306     14.8   1016.3
     1     1    19     5    14    19     0     1   -95.0   30.571 -153.640     14.8   1016.4
     1     1    19     5    14    18     0     0   -96.0   30.647 -153.977     14.8   1016.5
     1     1    19     5    14    17     0     1   -97.0   30.717 -154.314     14.8   1016.3
     1     1    19     5    14    16     0     2   -98.0   30.773 -154.645     14.8   1016.1
     1     1    19     5    14    15     0     3   -99.0   30.820 -154.972     14.8   1015.9
     1     1    19     5    14    14     0     2  -100.0   30.860 -155.296     14.8   1016.0
     1     1    19     5    14    13     0     1  -101.0   30.893 -155.617     14.8   1016.2
     1     1    19     5    14    12     0     0  -102.0   30.916 -155.934     14.8   1016.3
     1     1    19     5    14    11     0     1  -103.0   30.935 -156.243     14.8   1016.1
     1     1    19     5    14    10     0     2  -104.0   30.952 -156.539     14.8   1015.9
     1     1    19     5    14     9     0     3  -105.0   30.966 -156.824     14.9   1015.6
     1     1    19     5    14     8     0     2  -106.0   30.980 -157.102     14.9   1015.7
     1     1    19     5    14     7     0     1  -107.0   31.000 -157.379     14.9   1015.9
     1     1    19     5    14     6     0     0  -108.0   31.024 -157.658     14.9   1016.1
     1     1    19     5    14     5     0     1  -109.0   31.044 -157.942     14.9   1015.8
     1     1    19     5    14     4     0     2  -110.0   31.048 -158.230     15.0   1015.6
     1     1    19     5    14     3     0     3  -111.0   31.036 -158.519     15.1   1015.2
     1     1    19     5    14     2     0     2  -112.0   31.011 -158.806     15.1   1015.4
     1     1    19     5    14     1     0     1  -113.0   30.974 -159.089     15.1   1015.6
     1     1    19     5    14     0     0     0  -114.0   30.924 -159.367     15.1   1016.0
     1     1    19     5    13    23     0     1  -115.0   30.869 -159.641     15.1   1017.0
     1     1    19     5    13    22     0     2  -116.0   30.814 -159.910     15.1   1017.9
     1     1    19     5    13    21     0     3  -117.0   30.759 -160.176     15.1   1018.7
     1     1    19     5    13    20     0     2  -118.0   30.699 -160.430     15.1   1018.8
     1     1    19     5    13    19     0     1  -119.0   30.632 -160.669     15.1   1018.9
     1     1    19     5    13    18     0     0  -120.0   30.556 -160.891     15.1   1019.0
     1     1    19     5    13    17     0     1  -121.0   30.474 -161.097     15.0   1018.8
     1     1    19     5    13    16     0     2  -122.0   30.387 -161.289     14.9   1018.6
     1     1    19     5    13    15     0     3  -123.0   30.292 -161.467     14.6   1018.4
     1     1    19     5    13    14     0     2  -124.0   30.192 -161.629     13.8   1018.6
     1     1    19     5    13    13     0     1  -125.0   30.089 -161.770     12.6   1018.9
     1     1    19     5    13    12     0     0  -126.0   29.984 -161.889     11.5   1019.3
     1     1    19     5    13    11     0     1  -127.0   29.887 -161.989     10.6   1019.4
     1     1    19     5    13    10     0     2  -128.0   29.806 -162.074     10.1   1019.3
     1     1    19     5    13     9     0     3  -129.0   29.740 -162.146      9.9   1019.1
     1     1    19     5    13     8     0     2  -130.0   29.682 -162.214      9.9   1019.2
     1     1    19     5    13     7     0     1  -131.0   29.624 -162.284      9.9   1019.2
     1     1    19     5    13     6     0     0  -132.0   29.565 -162.357      9.9   1019.2
     1     1    19     5    13     5     0     1  -133.0   29.502 -162.426      9.9   1019.0
     1     1    19     5    13     4     0     2  -134.0   29.428 -162.482      9.9   1018.8
     1     1    19     5    13     3     0     3  -135.0   29.344 -162.524      9.9   1018.5
     1     1    19     5    13     2     0     2  -136.0   29.253 -162.550      9.9   1018.6
     1     1    19     5    13     1     0     1  -137.0   29.156 -162.559      9.9   1018.6
     1     1    19     5    13     0     0     0  -138.0   29.057 -162.551      9.9   1018.6
     1     1    19     5    12    23     0     1  -139.0   28.964 -162.523     10.1   1018.5
     1     1    19     5    12    22     0     2  -140.0   28.883 -162.473     10.5   1018.3
     1     1    19     5    12    21     0     3  -141.0   28.816 -162.401     11.3   1018.0
     1     1    19     5    12    20     0     2  -142.0   28.763 -162.317     12.3   1018.4
     1     1    19     5    12    19     0     1  -143.0   28.721 -162.232     12.9   1019.0
     1     1    19     5    12    18     0     0  -144.0   28.689 -162.145     13.1   1019.8
     1     1    19     5    12    17     0     1  -145.0   28.669 -162.048     13.1   1019.1
     1     1    19     5    12    16     0     2  -146.0   28.664 -161.930     13.1   1018.2
     1     1    19     5    12    15     0     3  -147.0   28.673 -161.794     13.1   1017.2
     1     1    19     5    12    14     0     2  -148.0   28.690 -161.644     12.9   1017.1
     1     1    19     5    12    13     0     1  -149.0   28.709 -161.485     12.3   1017.2
     1     1    19     5    12    12     0     0  -150.0   28.734 -161.317     11.4   1017.3
     1     1    19     5    12    11     0     1  -151.0   28.773 -161.152     10.5   1018.6
     1     1    19     5    12    10     0     2  -152.0   28.832 -161.003      9.6   1019.8
     1     1    19     5    12     9     0     3  -153.0   28.910 -160.871      8.9   1021.0
     1     1    19     5    12     8     0     2  -154.0   29.000 -160.756      8.2   1020.9
     1     1    19     5    12     7     0     1  -155.0   29.100 -160.655      7.9   1020.9
     1     1    19     5    12     6     0     0  -156.0   29.210 -160.565      7.8   1020.8
     1     1    19     5    12     5     0     1  -157.0   29.326 -160.483      7.8   1020.5
     1     1    19     5    12     4     0     2  -158.0   29.446 -160.411      7.8   1020.3
     1     1    19     5    12     3     0     3  -159.0   29.566 -160.355      7.8   1020.0
     1     1    19     5    12     2     0     2  -160.0   29.677 -160.312      7.7   1020.0
     1     1    19     5    12     1     0     1  -161.0   29.767 -160.278      7.5   1020.0
     1     1    19     5    12     0     0     0  -162.0   29.832 -160.253      7.1   1020.0
     1     1    19     5    11    23     0     1  -163.0   29.884 -160.232      6.6   1019.8
     1     1    19     5    11    22     0     2  -164.0   29.932 -160.208      6.1   1019.7
     1     1    19     5    11    21     0     3  -165.0   29.977 -160.179      5.6   1019.6
     1     1    19     5    11    20     0     2  -166.0   30.025 -160.150      5.4   1019.6
     1     1    19     5    11    19     0     1  -167.0   30.087 -160.121      5.7   1019.5
     1     1    19     5    11    18     0     0  -168.0   30.167 -160.093      6.2   1019.5
