     7     1
    GDAS    19     6     1     0     0
    GDAS    19     7     1     0     0
    GDAS    19     8     1     0     0
    GDAS    19     9     1     0     0
    GDAS    19    10     1     0     0
    GDAS    19    11     1     0     0
    GDAS    19    12     1     0     0
     1 BACKWARD OMEGA   
    19     9    17    18   21.319 -157.670    10.0
     1 PRESSURE
     1     1    19     9    17    18     0     0     0.0   21.319 -157.670     10.0   1011.3
     1     1    19     9    17    17     0     1    -1.0   21.297 -157.460     44.4   1006.5
     1     1    19     9    17    16     0     2    -2.0   21.289 -157.247    129.5    994.4
     1     1    19     9    17    15     0     3    -3.0   21.297 -157.036    250.3    979.1
     1     1    19     9    17    14     0     2    -4.0   21.297 -156.824    349.2    962.8
     1     1    19     9    17    13     0     1    -5.0   21.265 -156.595    384.9    961.1
     1     1    19     9    17    12     0     0    -6.0   21.197 -156.331    384.9    964.8
     1     1    19     9    17    11     0     1    -7.0   21.086 -156.021    397.6    969.7
     1     1    19     9    17    10     0     2    -8.0   20.951 -155.690    442.2    964.6
     1     1    19     9    17     9     0     3    -9.0   20.822 -155.377    492.5    957.9
     1     1    19     9    17     8     0     2   -10.0   20.701 -155.074    524.0    953.1
     1     1    19     9    17     7     0     1   -11.0   20.598 -154.770    537.1    953.1
     1     1    19     9    17     6     0     0   -12.0   20.526 -154.472    557.8    952.1
     1     1    19     9    17     5     0     1   -13.0   20.488 -154.181    592.6    947.3
     1     1    19     9    17     4     0     2   -14.0   20.470 -153.890    615.3    942.5
     1     1    19     9    17     3     0     3   -15.0   20.465 -153.596    611.9    942.8
     1     1    19     9    17     2     0     2   -16.0   20.473 -153.301    600.9    945.4
     1     1    19     9    17     1     0     1   -17.0   20.494 -153.011    593.4    946.1
     1     1    19     9    17     0     0     0   -18.0   20.523 -152.723    587.6    946.7
     1     1    19     9    16    23     0     1   -19.0   20.562 -152.428    584.5    947.6
     1     1    19     9    16    22     0     2   -20.0   20.611 -152.125    572.1    947.9
     1     1    19     9    16    21     0     3   -21.0   20.672 -151.817    535.9    952.3
     1     1    19     9    16    20     0     2   -22.0   20.745 -151.508    503.0    959.3
     1     1    19     9    16    19     0     1   -23.0   20.824 -151.196    485.5    959.9
     1     1    19     9    16    18     0     0   -24.0   20.907 -150.877    463.8    961.9
     1     1    19     9    16    17     0     1   -25.0   20.998 -150.556    452.4    965.3
     1     1    19     9    16    16     0     2   -26.0   21.098 -150.241    447.4    963.0
     1     1    19     9    16    15     0     3   -27.0   21.204 -149.924    422.6    965.3
     1     1    19     9    16    14     0     2   -28.0   21.310 -149.618    402.1    970.1
     1     1    19     9    16    13     0     1   -29.0   21.415 -149.330    400.4    968.9
     1     1    19     9    16    12     0     0   -30.0   21.520 -149.050    406.8    968.0
     1     1    19     9    16    11     0     1   -31.0   21.627 -148.780    407.4    967.3
     1     1    19     9    16    10     0     2   -32.0   21.738 -148.518    392.7    970.0
     1     1    19     9    16     9     0     3   -33.0   21.847 -148.260    383.0    973.5
     1     1    19     9    16     8     0     2   -34.0   21.958 -148.000    388.4    972.2
     1     1    19     9    16     7     0     1   -35.0   22.072 -147.739    389.6    970.4
     1     1    19     9    16     6     0     0   -36.0   22.192 -147.479    384.5    972.0
     1     1    19     9    16     5     0     1   -37.0   22.316 -147.219    389.5    971.8
     1     1    19     9    16     4     0     2   -38.0   22.442 -146.961    405.2    969.4
     1     1    19     9    16     3     0     3   -39.0   22.574 -146.706    423.3    966.9
     1     1    19     9    16     2     0     2   -40.0   22.715 -146.456    436.0    965.0
     1     1    19     9    16     1     0     1   -41.0   22.860 -146.210    445.3    964.6
     1     1    19     9    16     0     0     0   -42.0   23.004 -145.965    468.0    963.1
     1     1    19     9    15    23     0     1   -43.0   23.144 -145.726    493.9    958.4
     1     1    19     9    15    22     0     2   -44.0   23.278 -145.496    505.4    958.4
     1     1    19     9    15    21     0     3   -45.0   23.413 -145.270    510.7    958.7
     1     1    19     9    15    20     0     2   -46.0   23.547 -145.047    523.8    958.5
     1     1    19     9    15    19     0     1   -47.0   23.683 -144.824    553.9    955.1
     1     1    19     9    15    18     0     0   -48.0   23.827 -144.602    597.5    950.4
     1     1    19     9    15    17     0     1   -49.0   23.982 -144.382    641.7    944.2
     1     1    19     9    15    16     0     2   -50.0   24.141 -144.170    675.1    940.2
     1     1    19     9    15    15     0     3   -51.0   24.300 -143.975    706.8    937.3
     1     1    19     9    15    14     0     2   -52.0   24.448 -143.787    729.1    932.9
     1     1    19     9    15    13     0     1   -53.0   24.582 -143.593    727.9    933.0
     1     1    19     9    15    12     0     0   -54.0   24.711 -143.390    710.7    935.2
     1     1    19     9    15    11     0     1   -55.0   24.839 -143.177    700.2    938.8
     1     1    19     9    15    10     0     2   -56.0   24.971 -142.957    723.3    937.7
     1     1    19     9    15     9     0     3   -57.0   25.113 -142.737    780.3    930.8
     1     1    19     9    15     8     0     2   -58.0   25.263 -142.522    841.4    922.7
     1     1    19     9    15     7     0     1   -59.0   25.423 -142.314    889.3    918.1
     1     1    19     9    15     6     0     0   -60.0   25.597 -142.113    924.9    914.1
     1     1    19     9    15     5     0     1   -61.0   25.780 -141.919    952.3    911.6
     1     1    19     9    15     4     0     2   -62.0   25.958 -141.733    983.8    908.6
     1     1    19     9    15     3     0     3   -63.0   26.131 -141.564   1021.9    903.9
     1     1    19     9    15     2     0     2   -64.0   26.298 -141.408   1054.5    899.5
     1     1    19     9    15     1     0     1   -65.0   26.460 -141.262   1079.0    897.6
     1     1    19     9    15     0     0     0   -66.0   26.624 -141.127   1107.6    895.2
     1     1    19     9    14    23     0     1   -67.0   26.788 -140.992   1145.5    891.7
     1     1    19     9    14    22     0     2   -68.0   26.943 -140.843   1186.8    887.5
     1     1    19     9    14    21     0     3   -69.0   27.090 -140.686   1228.1    883.7
     1     1    19     9    14    20     0     2   -70.0   27.238 -140.531   1272.5    879.1
     1     1    19     9    14    19     0     1   -71.0   27.399 -140.382   1318.7    873.9
     1     1    19     9    14    18     0     0   -72.0   27.578 -140.243   1361.2    869.3
     1     1    19     9    14    17     0     1   -73.0   27.768 -140.112   1403.3    865.4
     1     1    19     9    14    16     0     2   -74.0   27.954 -139.980   1454.9    860.8
     1     1    19     9    14    15     0     3   -75.0   28.130 -139.840   1522.1    853.9
     1     1    19     9    14    14     0     2   -76.0   28.296 -139.703   1575.9    845.3
     1     1    19     9    14    13     0     1   -77.0   28.457 -139.586   1593.2    843.7
     1     1    19     9    14    12     0     0   -78.0   28.612 -139.491   1579.6    845.2
     1     1    19     9    14    11     0     1   -79.0   28.757 -139.410   1554.6    849.8
     1     1    19     9    14    10     0     2   -80.0   28.893 -139.335   1536.6    852.2
     1     1    19     9    14     9     0     3   -81.0   29.019 -139.275   1530.5    853.4
     1     1    19     9    14     8     0     2   -82.0   29.137 -139.201   1525.2    852.7
     1     1    19     9    14     7     0     1   -83.0   29.251 -139.091   1509.7    854.7
     1     1    19     9    14     6     0     0   -84.0   29.362 -138.956   1486.6    857.4
     1     1    19     9    14     5     0     1   -85.0   29.470 -138.812   1478.9    860.0
     1     1    19     9    14     4     0     2   -86.0   29.577 -138.669   1500.1    857.0
     1     1    19     9    14     3     0     3   -87.0   29.686 -138.532   1535.5    852.2
     1     1    19     9    14     2     0     2   -88.0   29.796 -138.406   1559.8    847.6
     1     1    19     9    14     1     0     1   -89.0   29.905 -138.294   1557.4    848.0
     1     1    19     9    14     0     0     0   -90.0   30.008 -138.204   1531.8    850.6
     1     1    19     9    13    23     0     1   -91.0   30.107 -138.119   1495.2    856.0
     1     1    19     9    13    22     0     2   -92.0   30.209 -138.019   1461.6    860.1
     1     1    19     9    13    21     0     3   -93.0   30.314 -137.904   1437.6    863.2
     1     1    19     9    13    20     0     2   -94.0   30.417 -137.778   1428.2    864.4
     1     1    19     9    13    19     0     1   -95.0   30.514 -137.649   1434.3    863.9
     1     1    19     9    13    18     0     0   -96.0   30.611 -137.521   1452.9    861.9
     1     1    19     9    13    17     0     1   -97.0   30.713 -137.392   1470.8    858.7
     1     1    19     9    13    16     0     2   -98.0   30.820 -137.254   1479.3    857.7
     1     1    19     9    13    15     0     3   -99.0   30.934 -137.104   1483.2    857.3
     1     1    19     9    13    14     0     2  -100.0   31.053 -136.953   1502.1    856.9
     1     1    19     9    13    13     0     1  -101.0   31.174 -136.813   1544.2    851.5
     1     1    19     9    13    12     0     0  -102.0   31.296 -136.681   1596.0    845.4
     1     1    19     9    13    11     0     1  -103.0   31.414 -136.544   1643.0    840.2
     1     1    19     9    13    10     0     2  -104.0   31.522 -136.398   1681.1    837.2
     1     1    19     9    13     9     0     3  -105.0   31.621 -136.249   1709.1    834.4
     1     1    19     9    13     8     0     2  -106.0   31.715 -136.095   1724.5    833.1
     1     1    19     9    13     7     0     1  -107.0   31.805 -135.932   1731.9    832.7
     1     1    19     9    13     6     0     0  -108.0   31.892 -135.755   1739.5    832.6
     1     1    19     9    13     5     0     1  -109.0   31.984 -135.573   1759.6    831.1
     1     1    19     9    13     4     0     2  -110.0   32.087 -135.395   1794.1    827.1
     1     1    19     9    13     3     0     3  -111.0   32.197 -135.223   1837.9    822.6
     1     1    19     9    13     2     0     2  -112.0   32.310 -135.060   1881.3    817.3
     1     1    19     9    13     1     0     1  -113.0   32.424 -134.906   1914.1    813.8
     1     1    19     9    13     0     0     0  -114.0   32.537 -134.755   1933.4    811.5
     1     1    19     9    12    23     0     1  -115.0   32.647 -134.606   1945.1    811.4
     1     1    19     9    12    22     0     2  -116.0   32.754 -134.463   1958.1    810.5
     1     1    19     9    12    21     0     3  -117.0   32.860 -134.323   1972.0    809.3
     1     1    19     9    12    20     0     2  -118.0   32.962 -134.187   1980.1    808.1
     1     1    19     9    12    19     0     1  -119.0   33.056 -134.055   1977.8    808.6
     1     1    19     9    12    18     0     0  -120.0   33.146 -133.931   1966.9    809.9
     1     1    19     9    12    17     0     1  -121.0   33.233 -133.819   1948.3    811.3
     1     1    19     9    12    16     0     2  -122.0   33.320 -133.723   1923.4    813.5
     1     1    19     9    12    15     0     3  -123.0   33.404 -133.641   1896.0    816.0
     1     1    19     9    12    14     0     2  -124.0   33.478 -133.570   1884.1    818.5
     1     1    19     9    12    13     0     1  -125.0   33.539 -133.506   1899.6    816.3
     1     1    19     9    12    12     0     0  -126.0   33.587 -133.450   1936.2    812.1
     1     1    19     9    12    11     0     1  -127.0   33.620 -133.389   1976.4    807.1
     1     1    19     9    12    10     0     2  -128.0   33.634 -133.308   2006.0    804.6
     1     1    19     9    12     9     0     3  -129.0   33.630 -133.208   2027.5    803.0
     1     1    19     9    12     8     0     2  -130.0   33.619 -133.093   2043.8    801.8
     1     1    19     9    12     7     0     1  -131.0   33.620 -132.965   2055.5    800.7
     1     1    19     9    12     6     0     0  -132.0   33.633 -132.825   2058.2    800.3
     1     1    19     9    12     5     0     1  -133.0   33.663 -132.682   2057.5    801.0
     1     1    19     9    12     4     0     2  -134.0   33.712 -132.546   2063.3    800.3
     1     1    19     9    12     3     0     3  -135.0   33.777 -132.419   2077.2    798.8
     1     1    19     9    12     2     0     2  -136.0   33.851 -132.300   2097.8    796.6
     1     1    19     9    12     1     0     1  -137.0   33.927 -132.189   2127.9    794.2
     1     1    19     9    12     0     0     0  -138.0   34.007 -132.089   2177.3    789.9
     1     1    19     9    11    23     0     1  -139.0   34.084 -131.995   2230.2    783.4
     1     1    19     9    11    22     0     2  -140.0   34.157 -131.907   2263.2    780.3
     1     1    19     9    11    21     0     3  -141.0   34.227 -131.827   2274.0    779.6
     1     1    19     9    11    20     0     2  -142.0   34.298 -131.753   2280.7    780.7
     1     1    19     9    11    19     0     1  -143.0   34.372 -131.685   2299.0    778.9
     1     1    19     9    11    18     0     0  -144.0   34.451 -131.620   2325.9    776.4
     1     1    19     9    11    17     0     1  -145.0   34.541 -131.559   2354.7    772.6
     1     1    19     9    11    16     0     2  -146.0   34.647 -131.504   2381.2    769.7
     1     1    19     9    11    15     0     3  -147.0   34.768 -131.457   2407.5    766.9
     1     1    19     9    11    14     0     2  -148.0   34.899 -131.422   2430.6    764.2
     1     1    19     9    11    13     0     1  -149.0   35.037 -131.408   2445.9    762.5
     1     1    19     9    11    12     0     0  -150.0   35.183 -131.417   2453.3    761.8
     1     1    19     9    11    11     0     1  -151.0   35.329 -131.439   2459.0    761.9
     1     1    19     9    11    10     0     2  -152.0   35.469 -131.466   2468.1    761.2
     1     1    19     9    11     9     0     3  -153.0   35.605 -131.502   2479.6    760.2
     1     1    19     9    11     8     0     2  -154.0   35.744 -131.543   2496.8    759.0
     1     1    19     9    11     7     0     1  -155.0   35.895 -131.586   2523.1    756.6
     1     1    19     9    11     6     0     0  -156.0   36.056 -131.627   2560.8    753.3
     1     1    19     9    11     5     0     1  -157.0   36.225 -131.674   2603.1    748.4
     1     1    19     9    11     4     0     2  -158.0   36.405 -131.737   2637.9    744.5
     1     1    19     9    11     3     0     3  -159.0   36.600 -131.817   2656.8    742.1
     1     1    19     9    11     2     0     2  -160.0   36.809 -131.914   2662.4    742.2
     1     1    19     9    11     1     0     1  -161.0   37.023 -132.024   2664.9    742.2
     1     1    19     9    11     0     0     0  -162.0   37.236 -132.146   2677.6    742.0
     1     1    19     9    10    23     0     1  -163.0   37.456 -132.280   2705.8    739.1
     1     1    19     9    10    22     0     2  -164.0   37.689 -132.426   2742.0    735.6
     1     1    19     9    10    21     0     3  -165.0   37.934 -132.586   2782.3    731.9
     1     1    19     9    10    20     0     2  -166.0   38.186 -132.757   2816.3    728.0
     1     1    19     9    10    19     0     1  -167.0   38.445 -132.939   2831.4    726.6
     1     1    19     9    10    18     0     0  -168.0   38.716 -133.142   2828.1    727.3
