     7     1
    GDAS    19     6     1     0     0
    GDAS    19     7     1     0     0
    GDAS    19     8     1     0     0
    GDAS    19     9     1     0     0
    GDAS    19    10     1     0     0
    GDAS    19    11     1     0     0
    GDAS    19    12     1     0     0
     1 BACKWARD OMEGA   
    19     7    24    12   21.319 -157.670    10.0
     1 PRESSURE
     1     1    19     7    24    12     0     0     0.0   21.319 -157.670     10.0   1013.0
     1     1    19     7    24    11     0     1    -1.0   21.285 -157.487     24.0   1010.9
     1     1    19     7    24    10     0     2    -2.0   21.276 -157.310     75.6   1005.5
     1     1    19     7    24     9     0     3    -3.0   21.285 -157.129    156.5    993.6
     1     1    19     7    24     8     0     2    -4.0   21.298 -156.933    247.3    982.4
     1     1    19     7    24     7     0     1    -5.0   21.281 -156.703    330.0    972.4
     1     1    19     7    24     6     0     0    -6.0   21.215 -156.441    404.7    967.0
     1     1    19     7    24     5     0     1    -7.0   21.090 -156.139    484.5    960.0
     1     1    19     7    24     4     0     2    -8.0   20.930 -155.796    576.1    951.0
     1     1    19     7    24     3     0     3    -9.0   20.787 -155.450    667.2    939.7
     1     1    19     7    24     2     0     2   -10.0   20.660 -155.107    747.0    931.1
     1     1    19     7    24     1     0     1   -11.0   20.535 -154.769    807.2    924.4
     1     1    19     7    24     0     0     0   -12.0   20.425 -154.436    841.7    921.1
     1     1    19     7    23    23     0     1   -13.0   20.351 -154.098    859.1    920.6
     1     1    19     7    23    22     0     2   -14.0   20.309 -153.753    875.5    920.2
     1     1    19     7    23    21     0     3   -15.0   20.280 -153.406    906.6    918.0
     1     1    19     7    23    20     0     2   -16.0   20.256 -153.058    950.6    912.1
     1     1    19     7    23    19     0     1   -17.0   20.235 -152.709    983.4    906.7
     1     1    19     7    23    18     0     0   -18.0   20.217 -152.353    993.1    905.9
     1     1    19     7    23    17     0     1   -19.0   20.203 -151.987    988.1    906.5
     1     1    19     7    23    16     0     2   -20.0   20.197 -151.611    995.1    907.8
     1     1    19     7    23    15     0     3   -21.0   20.199 -151.233   1041.8    903.1
     1     1    19     7    23    14     0     2   -22.0   20.199 -150.863   1114.1    893.6
     1     1    19     7    23    13     0     1   -23.0   20.195 -150.504   1177.6    885.6
     1     1    19     7    23    12     0     0   -24.0   20.182 -150.154   1221.5    881.2
     1     1    19     7    23    11     0     1   -25.0   20.170 -149.810   1259.3    878.9
     1     1    19     7    23    10     0     2   -26.0   20.173 -149.469   1301.5    875.2
     1     1    19     7    23     9     0     3   -27.0   20.187 -149.129   1344.5    871.0
     1     1    19     7    23     8     0     2   -28.0   20.208 -148.792   1380.4    866.6
     1     1    19     7    23     7     0     1   -29.0   20.237 -148.464   1400.0    863.9
     1     1    19     7    23     6     0     0   -30.0   20.273 -148.141   1392.3    863.8
     1     1    19     7    23     5     0     1   -31.0   20.317 -147.822   1378.1    867.5
     1     1    19     7    23     4     0     2   -32.0   20.368 -147.516   1382.9    866.5
     1     1    19     7    23     3     0     3   -33.0   20.424 -147.226   1402.0    863.9
     1     1    19     7    23     2     0     2   -34.0   20.475 -146.955   1421.2    861.0
     1     1    19     7    23     1     0     1   -35.0   20.513 -146.697   1430.3    860.1
     1     1    19     7    23     0     0     0   -36.0   20.538 -146.447   1431.6    860.2
     1     1    19     7    22    23     0     1   -37.0   20.548 -146.193   1436.8    861.0
     1     1    19     7    22    22     0     2   -38.0   20.535 -145.927   1459.7    859.4
     1     1    19     7    22    21     0     3   -39.0   20.499 -145.647   1502.0    855.4
     1     1    19     7    22    20     0     2   -40.0   20.458 -145.356   1546.0    849.3
     1     1    19     7    22    19     0     1   -41.0   20.426 -145.054   1571.4    846.3
     1     1    19     7    22    18     0     0   -42.0   20.398 -144.743   1586.5    846.0
     1     1    19     7    22    17     0     1   -43.0   20.384 -144.430   1600.5    843.7
     1     1    19     7    22    16     0     2   -44.0   20.388 -144.118   1603.2    841.9
     1     1    19     7    22    15     0     3   -45.0   20.412 -143.805   1586.1    842.9
     1     1    19     7    22    14     0     2   -46.0   20.453 -143.496   1576.5    846.7
     1     1    19     7    22    13     0     1   -47.0   20.506 -143.199   1595.0    844.2
     1     1    19     7    22    12     0     0   -48.0   20.570 -142.913   1626.3    840.3
     1     1    19     7    22    11     0     1   -49.0   20.638 -142.633   1658.8    837.1
     1     1    19     7    22    10     0     2   -50.0   20.707 -142.356   1691.8    834.6
     1     1    19     7    22     9     0     3   -51.0   20.782 -142.082   1729.6    831.4
     1     1    19     7    22     8     0     2   -52.0   20.863 -141.812   1765.1    827.1
     1     1    19     7    22     7     0     1   -53.0   20.952 -141.546   1790.7    824.7
     1     1    19     7    22     6     0     0   -54.0   21.052 -141.284   1810.1    823.0
     1     1    19     7    22     5     0     1   -55.0   21.152 -141.040   1821.1    821.2
     1     1    19     7    22     4     0     2   -56.0   21.243 -140.820   1817.5    821.0
     1     1    19     7    22     3     0     3   -57.0   21.327 -140.619   1799.3    822.7
     1     1    19     7    22     2     0     2   -58.0   21.408 -140.436   1783.8    825.7
     1     1    19     7    22     1     0     1   -59.0   21.482 -140.268   1789.3    825.5
     1     1    19     7    22     0     0     0   -60.0   21.548 -140.115   1818.7    822.8
     1     1    19     7    21    23     0     1   -61.0   21.606 -139.968   1855.8    818.2
     1     1    19     7    21    22     0     2   -62.0   21.658 -139.820   1884.2    815.7
     1     1    19     7    21    21     0     3   -63.0   21.706 -139.669   1904.6    814.3
     1     1    19     7    21    20     0     2   -64.0   21.754 -139.520   1922.7    812.9
     1     1    19     7    21    19     0     1   -65.0   21.805 -139.377   1943.7    811.0
     1     1    19     7    21    18     0     0   -66.0   21.858 -139.244   1971.9    808.6
     1     1    19     7    21    17     0     1   -67.0   21.911 -139.122   2002.1    804.5
     1     1    19     7    21    16     0     2   -68.0   21.964 -139.010   2024.6    801.8
     1     1    19     7    21    15     0     3   -69.0   22.017 -138.907   2034.2    800.0
     1     1    19     7    21    14     0     2   -70.0   22.069 -138.809   2035.9    800.7
     1     1    19     7    21    13     0     1   -71.0   22.120 -138.713   2038.2    800.4
     1     1    19     7    21    12     0     0   -72.0   22.170 -138.620   2040.9    800.0
     1     1    19     7    21    11     0     1   -73.0   22.219 -138.526   2041.4    800.1
     1     1    19     7    21    10     0     2   -74.0   22.269 -138.429   2036.6    800.7
     1     1    19     7    21     9     0     3   -75.0   22.322 -138.326   2024.3    802.1
     1     1    19     7    21     8     0     2   -76.0   22.380 -138.224   2014.0    804.2
     1     1    19     7    21     7     0     1   -77.0   22.444 -138.130   2019.1    804.1
     1     1    19     7    21     6     0     0   -78.0   22.515 -138.047   2045.7    802.0
     1     1    19     7    21     5     0     1   -79.0   22.590 -137.977   2078.9    796.8
     1     1    19     7    21     4     0     2   -80.0   22.665 -137.920   2099.5    794.4
     1     1    19     7    21     3     0     3   -81.0   22.740 -137.873   2107.8    793.4
     1     1    19     7    21     2     0     2   -82.0   22.808 -137.838   2119.4    793.5
     1     1    19     7    21     1     0     1   -83.0   22.860 -137.814   2144.4    790.8
     1     1    19     7    21     0     0     0   -84.0   22.896 -137.803   2178.7    787.4
     1     1    19     7    20    23     0     1   -85.0   22.920 -137.803   2209.0    783.9
     1     1    19     7    20    22     0     2   -86.0   22.934 -137.813   2224.9    782.9
     1     1    19     7    20    21     0     3   -87.0   22.940 -137.830   2227.2    783.1
     1     1    19     7    20    20     0     2   -88.0   22.934 -137.849   2224.8    784.0
     1     1    19     7    20    19     0     1   -89.0   22.912 -137.865   2226.0    783.8
     1     1    19     7    20    18     0     0   -90.0   22.876 -137.877   2229.7    783.3
     1     1    19     7    20    17     0     1   -91.0   22.829 -137.878   2245.3    782.4
     1     1    19     7    20    16     0     2   -92.0   22.777 -137.870   2281.7    778.6
     1     1    19     7    20    15     0     3   -93.0   22.719 -137.849   2335.3    773.0
     1     1    19     7    20    14     0     2   -94.0   22.657 -137.825   2392.3    766.5
     1     1    19     7    20    13     0     1   -95.0   22.594 -137.807   2443.8    761.8
     1     1    19     7    20    12     0     0   -96.0   22.530 -137.792   2493.2    757.3
     1     1    19     7    20    11     0     1   -97.0   22.461 -137.773   2539.7    753.4
     1     1    19     7    20    10     0     2   -98.0   22.384 -137.741   2578.7    750.1
     1     1    19     7    20     9     0     3   -99.0   22.302 -137.701   2605.7    748.0
     1     1    19     7    20     8     0     2  -100.0   22.222 -137.655   2618.2    746.8
     1     1    19     7    20     7     0     1  -101.0   22.152 -137.608   2619.1    746.9
     1     1    19     7    20     6     0     0  -102.0   22.087 -137.565   2613.0    747.6
     1     1    19     7    20     5     0     1  -103.0   22.025 -137.527   2609.8    748.1
     1     1    19     7    20     4     0     2  -104.0   21.961 -137.492   2617.8    747.0
     1     1    19     7    20     3     0     3  -105.0   21.894 -137.462   2637.5    744.8
     1     1    19     7    20     2     0     2  -106.0   21.822 -137.431   2656.6    741.9
     1     1    19     7    20     1     0     1  -107.0   21.744 -137.397   2662.4    741.3
     1     1    19     7    20     0     0     0  -108.0   21.664 -137.357   2655.0    741.8
     1     1    19     7    19    23     0     1  -109.0   21.586 -137.309   2645.4    743.9
     1     1    19     7    19    22     0     2  -110.0   21.511 -137.251   2645.3    744.4
     1     1    19     7    19    21     0     3  -111.0   21.437 -137.189   2656.9    743.9
     1     1    19     7    19    20     0     2  -112.0   21.358 -137.127   2678.1    741.7
     1     1    19     7    19    19     0     1  -113.0   21.270 -137.072   2711.7    739.2
     1     1    19     7    19    18     0     0  -114.0   21.169 -137.021   2769.1    734.5
     1     1    19     7    19    17     0     1  -115.0   21.066 -136.962   2834.5    726.4
     1     1    19     7    19    16     0     2  -116.0   20.973 -136.885   2877.4    721.7
     1     1    19     7    19    15     0     3  -117.0   20.890 -136.796   2892.0    720.0
     1     1    19     7    19    14     0     2  -118.0   20.816 -136.700   2895.0    721.1
     1     1    19     7    19    13     0     1  -119.0   20.748 -136.600   2904.4    720.3
     1     1    19     7    19    12     0     0  -120.0   20.685 -136.498   2921.9    718.8
     1     1    19     7    19    11     0     1  -121.0   20.625 -136.386   2944.8    717.0
     1     1    19     7    19    10     0     2  -122.0   20.568 -136.257   2969.8    715.3
     1     1    19     7    19     9     0     3  -123.0   20.510 -136.113   2996.4    713.4
     1     1    19     7    19     8     0     2  -124.0   20.453 -135.960   3026.3    711.2
     1     1    19     7    19     7     0     1  -125.0   20.405 -135.803   3062.8    708.2
     1     1    19     7    19     6     0     0  -126.0   20.364 -135.641   3104.6    704.6
     1     1    19     7    19     5     0     1  -127.0   20.333 -135.476   3145.2    700.4
     1     1    19     7    19     4     0     2  -128.0   20.312 -135.307   3181.2    697.3
     1     1    19     7    19     3     0     3  -129.0   20.302 -135.131   3216.5    694.1
     1     1    19     7    19     2     0     2  -130.0   20.300 -134.953   3249.7    691.0
     1     1    19     7    19     1     0     1  -131.0   20.306 -134.776   3275.1    688.8
     1     1    19     7    19     0     0     0  -132.0   20.318 -134.599   3294.5    687.6
     1     1    19     7    18    23     0     1  -133.0   20.332 -134.416   3305.5    686.5
     1     1    19     7    18    22     0     2  -134.0   20.346 -134.225   3298.1    687.2
     1     1    19     7    18    21     0     3  -135.0   20.357 -134.028   3261.9    690.1
     1     1    19     7    18    20     0     2  -136.0   20.368 -133.833   3216.1    696.3
     1     1    19     7    18    19     0     1  -137.0   20.386 -133.640   3199.1    698.6
     1     1    19     7    18    18     0     0  -138.0   20.412 -133.447   3223.3    697.1
     1     1    19     7    18    17     0     1  -139.0   20.449 -133.252   3263.9    691.2
     1     1    19     7    18    16     0     2  -140.0   20.492 -133.060   3291.2    688.4
     1     1    19     7    18    15     0     3  -141.0   20.538 -132.873   3298.1    687.4
     1     1    19     7    18    14     0     2  -142.0   20.581 -132.688   3296.8    688.7
     1     1    19     7    18    13     0     1  -143.0   20.618 -132.500   3304.3    688.1
     1     1    19     7    18    12     0     0  -144.0   20.651 -132.312   3325.1    686.4
     1     1    19     7    18    11     0     1  -145.0   20.677 -132.115   3349.2    683.9
     1     1    19     7    18    10     0     2  -146.0   20.695 -131.905   3362.6    682.9
     1     1    19     7    18     9     0     3  -147.0   20.703 -131.681   3361.5    683.4
     1     1    19     7    18     8     0     2  -148.0   20.713 -131.447   3354.3    684.9
     1     1    19     7    18     7     0     1  -149.0   20.733 -131.207   3349.3    685.3
     1     1    19     7    18     6     0     0  -150.0   20.763 -130.963   3345.7    685.7
     1     1    19     7    18     5     0     1  -151.0   20.798 -130.714   3345.4    685.7
     1     1    19     7    18     4     0     2  -152.0   20.837 -130.462   3347.7    685.1
     1     1    19     7    18     3     0     3  -153.0   20.877 -130.209   3349.1    684.6
     1     1    19     7    18     2     0     2  -154.0   20.916 -129.953   3348.4    684.6
     1     1    19     7    18     1     0     1  -155.0   20.956 -129.691   3347.1    684.6
     1     1    19     7    18     0     0     0  -156.0   20.995 -129.424   3346.4    684.5
     1     1    19     7    17    23     0     1  -157.0   21.029 -129.154   3346.4    684.9
     1     1    19     7    17    22     0     2  -158.0   21.058 -128.882   3345.2    685.2
     1     1    19     7    17    21     0     3  -159.0   21.084 -128.607   3343.9    685.8
     1     1    19     7    17    20     0     2  -160.0   21.110 -128.329   3347.0    685.9
     1     1    19     7    17    19     0     1  -161.0   21.137 -128.050   3351.0    685.3
     1     1    19     7    17    18     0     0  -162.0   21.164 -127.771   3353.5    685.5
     1     1    19     7    17    17     0     1  -163.0   21.192 -127.497   3359.0    684.9
     1     1    19     7    17    16     0     2  -164.0   21.222 -127.231   3366.4    683.9
     1     1    19     7    17    15     0     3  -165.0   21.252 -126.976   3369.9    683.1
     1     1    19     7    17    14     0     2  -166.0   21.280 -126.725   3379.2    683.1
     1     1    19     7    17    13     0     1  -167.0   21.308 -126.475   3411.2    680.5
     1     1    19     7    17    12     0     0  -168.0   21.331 -126.230   3474.6    675.4
