     7     1
    GDAS    18    12     1     0     0
    GDAS    19     1     1     0     0
    GDAS    19     2     1     0     0
    GDAS    19     3     1     0     0
    GDAS    19     4     1     0     0
    GDAS    19     5     1     0     0
    GDAS    19     6     1     0     0
     1 BACKWARD OMEGA   
    19     3    21    18   21.319 -157.670    10.0
     1 PRESSURE
     1     1    19     3    21    18     0     0     0.0   21.319 -157.670     10.0   1015.5
     1     1    19     3    21    17     0     1    -1.0   21.396 -157.508     12.9   1014.7
     1     1    19     3    21    16     0     2    -2.0   21.482 -157.342     18.9   1013.6
     1     1    19     3    21    15     0     3    -3.0   21.574 -157.169     29.6   1012.2
     1     1    19     3    21    14     0     2    -4.0   21.660 -156.997     43.7   1010.8
     1     1    19     3    21    13     0     1    -5.0   21.729 -156.851     55.5   1010.3
     1     1    19     3    21    12     0     0    -6.0   21.786 -156.734     61.4   1010.0
     1     1    19     3    21    11     0     1    -7.0   21.823 -156.633     63.9   1010.3
     1     1    19     3    21    10     0     2    -8.0   21.833 -156.536     65.7   1010.3
     1     1    19     3    21     9     0     3    -9.0   21.814 -156.442     67.7   1010.2
     1     1    19     3    21     8     0     2   -10.0   21.770 -156.347     72.1   1009.2
     1     1    19     3    21     7     0     1   -11.0   21.709 -156.252     81.9   1007.5
     1     1    19     3    21     6     0     0   -12.0   21.634 -156.155    101.5   1005.2
     1     1    19     3    21     5     0     1   -13.0   21.560 -156.049    133.5   1001.9
     1     1    19     3    21     4     0     2   -14.0   21.495 -155.934    172.5    996.9
     1     1    19     3    21     3     0     3   -15.0   21.441 -155.813    210.0    992.1
     1     1    19     3    21     2     0     2   -16.0   21.395 -155.685    242.5    988.6
     1     1    19     3    21     1     0     1   -17.0   21.355 -155.551    269.9    985.5
     1     1    19     3    21     0     0     0   -18.0   21.320 -155.411    290.4    982.8
     1     1    19     3    20    23     0     1   -19.0   21.282 -155.261    305.4    981.8
     1     1    19     3    20    22     0     2   -20.0   21.238 -155.101    320.0    981.0
     1     1    19     3    20    21     0     3   -21.0   21.189 -154.930    339.6    979.6
     1     1    19     3    20    20     0     2   -22.0   21.139 -154.752    366.3    976.3
     1     1    19     3    20    19     0     1   -23.0   21.089 -154.572    397.7    972.6
     1     1    19     3    20    18     0     0   -24.0   21.034 -154.390    428.9    968.8
     1     1    19     3    20    17     0     1   -25.0   20.976 -154.208    449.0    965.2
     1     1    19     3    20    16     0     2   -26.0   20.922 -154.028    454.6    964.9
     1     1    19     3    20    15     0     3   -27.0   20.875 -153.846    454.8    965.3
     1     1    19     3    20    14     0     2   -28.0   20.834 -153.656    454.4    965.3
     1     1    19     3    20    13     0     1   -29.0   20.793 -153.455    452.6    965.5
     1     1    19     3    20    12     0     0   -30.0   20.751 -153.242    447.4    966.0
     1     1    19     3    20    11     0     1   -31.0   20.714 -153.016    439.9    967.5
     1     1    19     3    20    10     0     2   -32.0   20.687 -152.778    433.3    968.8
     1     1    19     3    20     9     0     3   -33.0   20.672 -152.527    429.6    969.7
     1     1    19     3    20     8     0     2   -34.0   20.669 -152.270    427.8    969.2
     1     1    19     3    20     7     0     1   -35.0   20.677 -152.012    425.2    969.1
     1     1    19     3    20     6     0     0   -36.0   20.696 -151.754    422.7    969.1
     1     1    19     3    20     5     0     1   -37.0   20.720 -151.495    423.7    968.9
     1     1    19     3    20     4     0     2   -38.0   20.746 -151.235    430.7    967.7
     1     1    19     3    20     3     0     3   -39.0   20.778 -150.974    443.5    965.8
     1     1    19     3    20     2     0     2   -40.0   20.815 -150.715    459.9    963.5
     1     1    19     3    20     1     0     1   -41.0   20.852 -150.460    477.9    961.4
     1     1    19     3    20     0     0     0   -42.0   20.891 -150.212    497.8    959.1
     1     1    19     3    19    23     0     1   -43.0   20.930 -149.969    521.5    957.4
     1     1    19     3    19    22     0     2   -44.0   20.969 -149.730    549.4    955.0
     1     1    19     3    19    21     0     3   -45.0   21.006 -149.495    579.9    952.4
     1     1    19     3    19    20     0     2   -46.0   21.046 -149.262    607.4    949.0
     1     1    19     3    19    19     0     1   -47.0   21.093 -149.030    628.1    946.9
     1     1    19     3    19    18     0     0   -48.0   21.146 -148.797    645.4    945.1
     1     1    19     3    19    17     0     1   -49.0   21.209 -148.564    659.0    942.8
     1     1    19     3    19    16     0     2   -50.0   21.286 -148.331    667.3    941.4
     1     1    19     3    19    15     0     3   -51.0   21.380 -148.104    670.1    940.6
     1     1    19     3    19    14     0     2   -52.0   21.487 -147.881    671.3    940.9
     1     1    19     3    19    13     0     1   -53.0   21.604 -147.663    675.3    940.4
     1     1    19     3    19    12     0     0   -54.0   21.731 -147.452    684.0    939.4
     1     1    19     3    19    11     0     1   -55.0   21.867 -147.256    699.2    938.1
     1     1    19     3    19    10     0     2   -56.0   22.013 -147.084    723.9    936.0
     1     1    19     3    19     9     0     3   -57.0   22.167 -146.934    757.0    932.2
     1     1    19     3    19     8     0     2   -58.0   22.330 -146.802    785.8    928.0
     1     1    19     3    19     7     0     1   -59.0   22.505 -146.683    802.8    926.2
     1     1    19     3    19     6     0     0   -60.0   22.697 -146.579    812.8    925.2
     1     1    19     3    19     5     0     1   -61.0   22.898 -146.497    817.5    924.4
     1     1    19     3    19     4     0     2   -62.0   23.100 -146.447    818.5    924.3
     1     1    19     3    19     3     0     3   -63.0   23.305 -146.430    818.5    924.2
     1     1    19     3    19     2     0     2   -64.0   23.508 -146.438    818.5    924.0
     1     1    19     3    19     1     0     1   -65.0   23.707 -146.466    818.5    923.9
     1     1    19     3    19     0     0     0   -66.0   23.905 -146.517    818.5    923.7
     1     1    19     3    18    23     0     1   -67.0   24.105 -146.585    818.5    924.0
     1     1    19     3    18    22     0     2   -68.0   24.307 -146.660    818.5    924.2
     1     1    19     3    18    21     0     3   -69.0   24.509 -146.743    818.5    924.4
     1     1    19     3    18    20     0     2   -70.0   24.711 -146.842    822.4    924.2
     1     1    19     3    18    19     0     1   -71.0   24.919 -146.966    837.0    922.7
     1     1    19     3    18    18     0     0   -72.0   25.135 -147.113    866.7    919.5
     1     1    19     3    18    17     0     1   -73.0   25.358 -147.281    897.2    914.0
     1     1    19     3    18    16     0     2   -74.0   25.591 -147.471    914.0    911.6
     1     1    19     3    18    15     0     3   -75.0   25.836 -147.687    919.4    910.6
     1     1    19     3    18    14     0     2   -76.0   26.085 -147.928    919.8    910.8
     1     1    19     3    18    13     0     1   -77.0   26.327 -148.191    920.8    910.3
     1     1    19     3    18    12     0     0   -78.0   26.560 -148.474    922.6    909.7
     1     1    19     3    18    11     0     1   -79.0   26.792 -148.773    934.6    909.9
     1     1    19     3    18    10     0     2   -80.0   27.035 -149.084    970.8    906.4
     1     1    19     3    18     9     0     3   -81.0   27.291 -149.401   1018.2    899.7
     1     1    19     3    18     8     0     2   -82.0   27.554 -149.731   1054.7    894.7
     1     1    19     3    18     7     0     1   -83.0   27.821 -150.091   1085.7    892.1
     1     1    19     3    18     6     0     0   -84.0   28.098 -150.479   1125.5    887.9
     1     1    19     3    18     5     0     1   -85.0   28.382 -150.889   1158.0    881.7
     1     1    19     3    18     4     0     2   -86.0   28.668 -151.317   1174.8    880.3
     1     1    19     3    18     3     0     3   -87.0   28.965 -151.766   1196.4    878.1
     1     1    19     3    18     2     0     2   -88.0   29.273 -152.231   1224.2    873.7
     1     1    19     3    18     1     0     1   -89.0   29.582 -152.706   1249.0    870.2
     1     1    19     3    18     0     0     0   -90.0   29.892 -153.190   1285.8    867.6
     1     1    19     3    17    23     0     1   -91.0   30.217 -153.678   1336.9    860.3
     1     1    19     3    17    22     0     2   -92.0   30.564 -154.156   1385.2    855.0
     1     1    19     3    17    21     0     3   -93.0   30.925 -154.623   1445.4    850.0
     1     1    19     3    17    20     0     2   -94.0   31.298 -155.094   1511.4    840.3
     1     1    19     3    17    19     0     1   -95.0   31.686 -155.573   1572.2    834.4
     1     1    19     3    17    18     0     0   -96.0   32.092 -156.056   1637.9    826.6
     1     1    19     3    17    17     0     1   -97.0   32.509 -156.544   1707.1    818.8
     1     1    19     3    17    16     0     2   -98.0   32.937 -157.041   1783.4    810.7
     1     1    19     3    17    15     0     3   -99.0   33.377 -157.536   1858.7    801.5
     1     1    19     3    17    14     0     2  -100.0   33.832 -158.031   1928.7    794.4
     1     1    19     3    17    13     0     1  -101.0   34.305 -158.541   1995.6    786.7
     1     1    19     3    17    12     0     0  -102.0   34.793 -159.070   2055.8    780.2
     1     1    19     3    17    11     0     1  -103.0   35.298 -159.608   2114.9    774.4
     1     1    19     3    17    10     0     2  -104.0   35.815 -160.134   2178.1    767.9
     1     1    19     3    17     9     0     3  -105.0   36.345 -160.646   2244.1    761.0
     1     1    19     3    17     8     0     2  -106.0   36.890 -161.149   2308.4    753.5
     1     1    19     3    17     7     0     1  -107.0   37.449 -161.646   2369.6    746.8
     1     1    19     3    17     6     0     0  -108.0   38.022 -162.132   2431.6    740.5
     1     1    19     3    17     5     0     1  -109.0   38.604 -162.613   2497.2    733.1
     1     1    19     3    17     4     0     2  -110.0   39.194 -163.088   2567.7    725.6
     1     1    19     3    17     3     0     3  -111.0   39.793 -163.564   2637.7    717.6
     1     1    19     3    17     2     0     2  -112.0   40.393 -164.035   2695.3    711.2
     1     1    19     3    17     1     0     1  -113.0   40.984 -164.490   2741.2    706.9
     1     1    19     3    17     0     0     0  -114.0   41.567 -164.936   2784.1    702.8
     1     1    19     3    16    23     0     1  -115.0   42.141 -165.353   2824.7    698.4
     1     1    19     3    16    22     0     2  -116.0   42.708 -165.725   2864.2    694.7
     1     1    19     3    16    21     0     3  -117.0   43.269 -166.065   2903.7    690.4
     1     1    19     3    16    20     0     2  -118.0   43.826 -166.371   2945.9    686.4
     1     1    19     3    16    19     0     1  -119.0   44.379 -166.644   2997.3    681.1
     1     1    19     3    16    18     0     0  -120.0   44.936 -166.923   3064.2    674.9
     1     1    19     3    16    17     0     1  -121.0   45.493 -167.204   3138.9    666.4
     1     1    19     3    16    16     0     2  -122.0   46.043 -167.471   3201.6    659.8
     1     1    19     3    16    15     0     3  -123.0   46.587 -167.749   3249.1    655.4
     1     1    19     3    16    14     0     2  -124.0   47.123 -168.032   3285.6    652.1
     1     1    19     3    16    13     0     1  -125.0   47.641 -168.314   3320.9    649.6
     1     1    19     3    16    12     0     0  -126.0   48.143 -168.614   3369.8    645.7
     1     1    19     3    16    11     0     1  -127.0   48.631 -168.917   3430.9    639.6
     1     1    19     3    16    10     0     2  -128.0   49.102 -169.215   3495.7    634.0
     1     1    19     3    16     9     0     3  -129.0   49.558 -169.536   3562.4    628.0
     1     1    19     3    16     8     0     2  -130.0   50.004 -169.883   3616.5    622.3
     1     1    19     3    16     7     0     1  -131.0   50.431 -170.255   3659.7    619.7
     1     1    19     3    16     6     0     0  -132.0   50.835 -170.653   3710.9    615.7
     1     1    19     3    16     5     0     1  -133.0   51.213 -171.083   3776.4    610.2
     1     1    19     3    16     4     0     2  -134.0   51.550 -171.533   3842.8    603.6
     1     1    19     3    16     3     0     3  -135.0   51.847 -171.999   3899.5    599.1
     1     1    19     3    16     2     0     2  -136.0   52.110 -172.490   3953.5    595.1
     1     1    19     3    16     1     0     1  -137.0   52.339 -172.999   4008.7    590.5
     1     1    19     3    16     0     0     0  -138.0   52.535 -173.513   4066.7    585.9
     1     1    19     3    15    23     0     1  -139.0   52.710 -174.051   4127.4    581.0
     1     1    19     3    15    22     0     2  -140.0   52.873 -174.648   4195.8    576.1
     1     1    19     3    15    21     0     3  -141.0   53.014 -175.329   4286.7    569.6
     1     1    19     3    15    20     0     2  -142.0   53.112 -176.089   4379.8    560.0
     1     1    19     3    15    19     0     1  -143.0   53.169 -176.897   4456.3    554.3
     1     1    19     3    15    18     0     0  -144.0   53.196 -177.735   4530.1    548.5
     1     1    19     3    15    17     0     1  -145.0   53.172 -178.605   4588.7    542.9
     1     1    19     3    15    16     0     2  -146.0   53.054 -179.476   4571.1    544.1
     1     1    19     3    15    15     0     3  -147.0   52.842  179.754   4471.7    552.6
     1     1    19     3    15    14     0     2  -148.0   52.610  179.172   4370.1    560.5
     1     1    19     3    15    13     0     1  -149.0   52.370  178.736   4267.1    568.1
     1     1    19     3    15    12     0     0  -150.0   52.119  178.400   4155.1    577.0
     1     1    19     3    15    11     0     1  -151.0   51.907  178.173   4056.5    586.1
     1     1    19     3    15    10     0     2  -152.0   51.765  178.040   3984.9    591.2
     1     1    19     3    15     9     0     3  -153.0   51.682  177.966   3935.8    594.6
     1     1    19     3    15     8     0     2  -154.0   51.626  177.897   3906.5    596.6
     1     1    19     3    15     7     0     1  -155.0   51.576  177.790   3898.5    597.0
     1     1    19     3    15     6     0     0  -156.0   51.533  177.639   3913.1    595.5
     1     1    19     3    15     5     0     1  -157.0   51.484  177.463   3943.9    592.4
     1     1    19     3    15     4     0     2  -158.0   51.413  177.274   3984.7    589.0
     1     1    19     3    15     3     0     3  -159.0   51.312  177.059   4036.5    584.7
     1     1    19     3    15     2     0     2  -160.0   51.189  176.819   4085.9    579.7
     1     1    19     3    15     1     0     1  -161.0   51.054  176.580   4113.6    577.2
     1     1    19     3    15     0     0     0  -162.0   50.908  176.362   4114.4    577.1
     1     1    19     3    14    23     0     1  -163.0   50.750  176.172   4110.0    579.3
     1     1    19     3    14    22     0     2  -164.0   50.572  175.978   4118.1    578.5
     1     1    19     3    14    21     0     3  -165.0   50.368  175.742   4125.5    577.4
     1     1    19     3    14    20     0     2  -166.0   50.146  175.457   4116.7    577.7
     1     1    19     3    14    19     0     1  -167.0   49.922  175.152   4092.1    580.1
     1     1    19     3    14    18     0     0  -168.0   49.697  174.829   4060.8    583.1
