     7     1
    GDAS    19     6     1     0     0
    GDAS    19     7     1     0     0
    GDAS    19     8     1     0     0
    GDAS    19     9     1     0     0
    GDAS    19    10     1     0     0
    GDAS    19    11     1     0     0
    GDAS    19    12     1     0     0
     1 BACKWARD OMEGA   
    19    10    24    12   21.319 -157.670    10.0
     1 PRESSURE
     1     1    19    10    24    12     0     0     0.0   21.319 -157.670     10.0   1009.9
     1     1    19    10    24    11     0     1    -1.0   21.343 -157.531     17.3   1007.9
     1     1    19    10    24    10     0     2    -2.0   21.353 -157.400     29.1   1005.6
     1     1    19    10    24     9     0     3    -3.0   21.349 -157.275     48.4   1003.1
     1     1    19    10    24     8     0     2    -4.0   21.341 -157.147     83.8    998.8
     1     1    19    10    24     7     0     1    -5.0   21.342 -156.999    140.8    992.0
     1     1    19    10    24     6     0     0    -6.0   21.344 -156.820    210.2    984.0
     1     1    19    10    24     5     0     1    -7.0   21.326 -156.621    266.9    977.1
     1     1    19    10    24     4     0     2    -8.0   21.283 -156.411    306.8    974.1
     1     1    19    10    24     3     0     3    -9.0   21.220 -156.179    348.3    971.7
     1     1    19    10    24     2     0     2   -10.0   21.122 -155.921    414.2    967.0
     1     1    19    10    24     1     0     1   -11.0   20.986 -155.660    497.3    955.6
     1     1    19    10    24     0     0     0   -12.0   20.835 -155.424    563.7    946.9
     1     1    19    10    23    23     0     1   -13.0   20.690 -155.198    599.1    944.0
     1     1    19    10    23    22     0     2   -14.0   20.565 -154.951    601.0    944.8
     1     1    19    10    23    21     0     3   -15.0   20.465 -154.679    586.2    948.7
     1     1    19    10    23    20     0     2   -16.0   20.393 -154.391    581.7    950.3
     1     1    19    10    23    19     0     1   -17.0   20.348 -154.082    598.4    948.5
     1     1    19    10    23    18     0     0   -18.0   20.329 -153.751    636.3    944.6
     1     1    19    10    23    17     0     1   -19.0   20.326 -153.418    684.4    937.9
     1     1    19    10    23    16     0     2   -20.0   20.334 -153.085    726.9    932.6
     1     1    19    10    23    15     0     3   -21.0   20.352 -152.743    764.2    928.9
     1     1    19    10    23    14     0     2   -22.0   20.375 -152.398    795.7    925.1
     1     1    19    10    23    13     0     1   -23.0   20.398 -152.051    813.5    923.1
     1     1    19    10    23    12     0     0   -24.0   20.422 -151.698    819.8    922.9
     1     1    19    10    23    11     0     1   -25.0   20.450 -151.342    829.8    923.6
     1     1    19    10    23    10     0     2   -26.0   20.491 -150.984    856.0    921.6
     1     1    19    10    23     9     0     3   -27.0   20.545 -150.620    898.3    917.6
     1     1    19    10    23     8     0     2   -28.0   20.607 -150.255    945.5    911.2
     1     1    19    10    23     7     0     1   -29.0   20.674 -149.896    993.7    906.5
     1     1    19    10    23     6     0     0   -30.0   20.749 -149.545   1051.6    900.7
     1     1    19    10    23     5     0     1   -31.0   20.827 -149.203   1119.8    893.1
     1     1    19    10    23     4     0     2   -32.0   20.901 -148.869   1199.9    885.1
     1     1    19    10    23     3     0     3   -33.0   20.971 -148.551   1288.2    874.6
     1     1    19    10    23     2     0     2   -34.0   21.038 -148.241   1358.5    865.3
     1     1    19    10    23     1     0     1   -35.0   21.110 -147.927   1408.6    861.5
     1     1    19    10    23     0     0     0   -36.0   21.190 -147.613   1454.1    857.0
     1     1    19    10    22    23     0     1   -37.0   21.265 -147.293   1490.8    853.5
     1     1    19    10    22    22     0     2   -38.0   21.337 -146.967   1514.0    851.8
     1     1    19    10    22    21     0     3   -39.0   21.410 -146.641   1522.6    851.4
     1     1    19    10    22    20     0     2   -40.0   21.477 -146.316   1526.8    852.3
     1     1    19    10    22    19     0     1   -41.0   21.546 -145.996   1542.4    851.4
     1     1    19    10    22    18     0     0   -42.0   21.621 -145.680   1572.0    848.4
     1     1    19    10    22    17     0     1   -43.0   21.692 -145.370   1602.1    843.8
     1     1    19    10    22    16     0     2   -44.0   21.765 -145.071   1625.1    841.5
     1     1    19    10    22    15     0     3   -45.0   21.847 -144.783   1642.4    839.4
     1     1    19    10    22    14     0     2   -46.0   21.921 -144.495   1650.8    838.2
     1     1    19    10    22    13     0     1   -47.0   21.976 -144.208   1652.6    838.4
     1     1    19    10    22    12     0     0   -48.0   22.028 -143.932   1652.8    838.4
     1     1    19    10    22    11     0     1   -49.0   22.078 -143.649   1657.7    838.7
     1     1    19    10    22    10     0     2   -50.0   22.126 -143.343   1667.6    837.5
     1     1    19    10    22     9     0     3   -51.0   22.186 -143.024   1675.0    836.6
     1     1    19    10    22     8     0     2   -52.0   22.253 -142.695   1675.6    836.7
     1     1    19    10    22     7     0     1   -53.0   22.319 -142.358   1684.7    837.6
     1     1    19    10    22     6     0     0   -54.0   22.393 -142.020   1732.8    834.6
     1     1    19    10    22     5     0     1   -55.0   22.463 -141.688   1796.1    824.3
     1     1    19    10    22     4     0     2   -56.0   22.526 -141.368   1845.1    820.3
     1     1    19    10    22     3     0     3   -57.0   22.589 -141.064   1900.2    815.3
     1     1    19    10    22     2     0     2   -58.0   22.651 -140.767   1954.1    808.3
     1     1    19    10    22     1     0     1   -59.0   22.707 -140.466   1998.1    804.5
     1     1    19    10    22     0     0     0   -60.0   22.761 -140.165   2046.0    800.5
     1     1    19    10    21    23     0     1   -61.0   22.810 -139.861   2088.7    795.2
     1     1    19    10    21    22     0     2   -62.0   22.850 -139.552   2102.3    793.7
     1     1    19    10    21    21     0     3   -63.0   22.883 -139.243   2082.8    796.0
     1     1    19    10    21    20     0     2   -64.0   22.919 -138.934   2053.9    800.9
     1     1    19    10    21    19     0     1   -65.0   22.963 -138.617   2046.8    802.9
     1     1    19    10    21    18     0     0   -66.0   23.017 -138.294   2078.1    800.6
     1     1    19    10    21    17     0     1   -67.0   23.072 -137.973   2126.4    793.3
     1     1    19    10    21    16     0     2   -68.0   23.122 -137.652   2161.0    789.4
     1     1    19    10    21    15     0     3   -69.0   23.175 -137.329   2190.8    787.4
     1     1    19    10    21    14     0     2   -70.0   23.230 -137.000   2236.2    783.9
     1     1    19    10    21    13     0     1   -71.0   23.278 -136.672   2284.6    777.4
     1     1    19    10    21    12     0     0   -72.0   23.318 -136.351   2319.8    774.4
     1     1    19    10    21    11     0     1   -73.0   23.356 -136.032   2350.4    772.1
     1     1    19    10    21    10     0     2   -74.0   23.395 -135.701   2383.0    769.4
     1     1    19    10    21     9     0     3   -75.0   23.442 -135.351   2418.8    766.1
     1     1    19    10    21     8     0     2   -76.0   23.501 -134.981   2452.4    762.9
     1     1    19    10    21     7     0     1   -77.0   23.573 -134.600   2475.4    760.8
     1     1    19    10    21     6     0     0   -78.0   23.663 -134.220   2480.3    760.4
     1     1    19    10    21     5     0     1   -79.0   23.772 -133.847   2465.5    761.7
     1     1    19    10    21     4     0     2   -80.0   23.893 -133.484   2442.2    764.3
     1     1    19    10    21     3     0     3   -81.0   24.032 -133.137   2422.5    766.1
     1     1    19    10    21     2     0     2   -82.0   24.183 -132.798   2409.0    767.1
     1     1    19    10    21     1     0     1   -83.0   24.336 -132.461   2401.6    767.9
     1     1    19    10    21     0     0     0   -84.0   24.495 -132.139   2406.0    767.7
     1     1    19    10    20    23     0     1   -85.0   24.657 -131.833   2418.9    766.2
     1     1    19    10    20    22     0     2   -86.0   24.822 -131.532   2433.5    765.0
     1     1    19    10    20    21     0     3   -87.0   24.992 -131.239   2443.0    763.8
     1     1    19    10    20    20     0     2   -88.0   25.165 -130.950   2453.7    764.4
     1     1    19    10    20    19     0     1   -89.0   25.334 -130.664   2480.8    762.6
     1     1    19    10    20    18     0     0   -90.0   25.503 -130.389   2523.3    758.8
     1     1    19    10    20    17     0     1   -91.0   25.676 -130.131   2558.4    753.4
     1     1    19    10    20    16     0     2   -92.0   25.852 -129.890   2571.7    752.0
     1     1    19    10    20    15     0     3   -93.0   26.028 -129.665   2574.1    751.8
     1     1    19    10    20    14     0     2   -94.0   26.205 -129.446   2579.3    752.0
     1     1    19    10    20    13     0     1   -95.0   26.383 -129.225   2589.7    750.6
     1     1    19    10    20    12     0     0   -96.0   26.565 -129.014   2599.0    749.6
     1     1    19    10    20    11     0     1   -97.0   26.747 -128.809   2609.9    749.1
     1     1    19    10    20    10     0     2   -98.0   26.929 -128.606   2633.4    747.8
     1     1    19    10    20     9     0     3   -99.0   27.112 -128.406   2680.8    744.1
     1     1    19    10    20     8     0     2  -100.0   27.299 -128.204   2731.5    737.7
     1     1    19    10    20     7     0     1  -101.0   27.495 -127.998   2760.4    735.4
     1     1    19    10    20     6     0     0  -102.0   27.705 -127.799   2774.9    735.1
     1     1    19    10    20     5     0     1  -103.0   27.932 -127.614   2791.2    734.1
     1     1    19    10    20     4     0     2  -104.0   28.174 -127.440   2807.8    731.4
     1     1    19    10    20     3     0     3  -105.0   28.433 -127.278   2812.3    730.5
     1     1    19    10    20     2     0     2  -106.0   28.701 -127.137   2821.2    731.3
     1     1    19    10    20     1     0     1  -107.0   28.972 -127.021   2864.2    728.2
     1     1    19    10    20     0     0     0  -108.0   29.236 -126.931   2941.2    720.6
     1     1    19    10    19    23     0     1  -109.0   29.484 -126.860   3015.9    711.8
     1     1    19    10    19    22     0     2  -110.0   29.720 -126.804   3062.7    708.1
     1     1    19    10    19    21     0     3  -111.0   29.951 -126.769   3083.9    706.5
     1     1    19    10    19    20     0     2  -112.0   30.184 -126.755   3103.2    707.1
     1     1    19    10    19    19     0     1  -113.0   30.421 -126.758   3144.3    703.9
     1     1    19    10    19    18     0     0  -114.0   30.657 -126.775   3202.6    698.9
     1     1    19    10    19    17     0     1  -115.0   30.883 -126.805   3270.1    692.3
     1     1    19    10    19    16     0     2  -116.0   31.098 -126.847   3336.4    685.6
     1     1    19    10    19    15     0     3  -117.0   31.305 -126.901   3385.2    680.2
     1     1    19    10    19    14     0     2  -118.0   31.508 -126.961   3407.2    678.4
     1     1    19    10    19    13     0     1  -119.0   31.708 -127.024   3412.4    678.5
     1     1    19    10    19    12     0     0  -120.0   31.903 -127.093   3419.8    678.5
     1     1    19    10    19    11     0     1  -121.0   32.100 -127.171   3452.8    677.1
     1     1    19    10    19    10     0     2  -122.0   32.308 -127.259   3525.5    671.1
     1     1    19    10    19     9     0     3  -123.0   32.528 -127.355   3631.9    662.1
     1     1    19    10    19     8     0     2  -124.0   32.759 -127.452   3749.7    651.3
     1     1    19    10    19     7     0     1  -125.0   32.999 -127.553   3855.9    642.3
     1     1    19    10    19     6     0     0  -126.0   33.253 -127.668   3939.0    635.2
     1     1    19    10    19     5     0     1  -127.0   33.531 -127.809   3997.2    630.6
     1     1    19    10    19     4     0     2  -128.0   33.835 -127.985   4038.7    627.4
     1     1    19    10    19     3     0     3  -129.0   34.164 -128.192   4078.4    624.8
     1     1    19    10    19     2     0     2  -130.0   34.494 -128.434   4124.2    620.7
     1     1    19    10    19     1     0     1  -131.0   34.806 -128.715   4169.3    616.8
     1     1    19    10    19     0     0     0  -132.0   35.101 -129.032   4215.5    613.3
     1     1    19    10    18    23     0     1  -133.0   35.395 -129.388   4270.3    609.1
     1     1    19    10    18    22     0     2  -134.0   35.697 -129.790   4329.2    604.2
     1     1    19    10    18    21     0     3  -135.0   35.993 -130.218   4385.5    599.6
     1     1    19    10    18    20     0     2  -136.0   36.287 -130.673   4432.9    595.9
     1     1    19    10    18    19     0     1  -137.0   36.583 -131.172   4468.6    593.2
     1     1    19    10    18    18     0     0  -138.0   36.877 -131.693   4488.3    591.3
     1     1    19    10    18    17     0     1  -139.0   37.165 -132.241   4497.6    590.8
     1     1    19    10    18    16     0     2  -140.0   37.448 -132.833   4527.4    589.5
     1     1    19    10    18    15     0     3  -141.0   37.732 -133.460   4570.7    583.8
     1     1    19    10    18    14     0     2  -142.0   38.018 -134.114   4598.5    581.6
     1     1    19    10    18    13     0     1  -143.0   38.308 -134.809   4617.3    580.7
     1     1    19    10    18    12     0     0  -144.0   38.601 -135.546   4631.8    579.1
     1     1    19    10    18    11     0     1  -145.0   38.879 -136.298   4598.4    581.6
     1     1    19    10    18    10     0     2  -146.0   39.143 -137.079   4587.4    583.1
     1     1    19    10    18     9     0     3  -147.0   39.393 -137.925   4628.9    579.7
     1     1    19    10    18     8     0     2  -148.0   39.655 -138.831   4682.3    575.4
     1     1    19    10    18     7     0     1  -149.0   39.924 -139.734   4723.4    571.9
     1     1    19    10    18     6     0     0  -150.0   40.161 -140.658   4736.5    571.1
     1     1    19    10    18     5     0     1  -151.0   40.371 -141.628   4737.3    571.0
     1     1    19    10    18     4     0     2  -152.0   40.589 -142.616   4743.5    570.1
     1     1    19    10    18     3     0     3  -153.0   40.784 -143.642   4749.1    569.6
     1     1    19    10    18     2     0     2  -154.0   40.958 -144.737   4769.4    568.1
     1     1    19    10    18     1     0     1  -155.0   41.110 -145.844   4770.5    568.4
     1     1    19    10    18     0     0     0  -156.0   41.280 -146.961   4752.2    568.3
     1     1    19    10    17    23     0     1  -157.0   41.425 -148.096   4681.0    575.7
     1     1    19    10    17    22     0     2  -158.0   41.544 -149.230   4678.4    575.6
     1     1    19    10    17    21     0     3  -159.0   41.653 -150.380   4727.5    572.8
     1     1    19    10    17    20     0     2  -160.0   41.753 -151.533   4764.5    567.4
     1     1    19    10    17    19     0     1  -161.0   41.843 -152.683   4701.4    575.0
     1     1    19    10    17    18     0     0  -162.0   41.903 -153.827   4659.5    576.7
     1     1    19    10    17    17     0     1  -163.0   41.942 -155.014   4610.4    581.5
     1     1    19    10    17    16     0     2  -164.0   41.981 -156.215   4657.2    578.5
     1     1    19    10    17    15     0     3  -165.0   41.972 -157.458   4693.1    573.9
     1     1    19    10    17    14     0     2  -166.0   41.927 -158.657   4609.0    582.0
     1     1    19    10    17    13     0     1  -167.0   41.867 -159.794   4529.0    587.9
     1     1    19    10    17    12     0     0  -168.0   41.761 -160.896   4450.1    595.2
