     7     1
    GDAS    19     6     1     0     0
    GDAS    19     7     1     0     0
    GDAS    19     8     1     0     0
    GDAS    19     9     1     0     0
    GDAS    19    10     1     0     0
    GDAS    19    11     1     0     0
    GDAS    19    12     1     0     0
     1 BACKWARD OMEGA   
    19    10    11     0   21.319 -157.670    10.0
     1 PRESSURE
     1     1    19    10    11     0     0     0     0.0   21.319 -157.670     10.0   1009.5
     1     1    19    10    10    23     0     1    -1.0   21.236 -157.633     13.3   1008.4
     1     1    19    10    10    22     0     2    -2.0   21.169 -157.596     20.9   1006.6
     1     1    19    10    10    21     0     3    -3.0   21.118 -157.557     35.6   1004.3
     1     1    19    10    10    20     0     2    -4.0   21.081 -157.512     56.1   1001.5
     1     1    19    10    10    19     0     1    -5.0   21.055 -157.455     74.9    997.7
     1     1    19    10    10    18     0     0    -6.0   21.043 -157.380     90.7    995.1
     1     1    19    10    10    17     0     1    -7.0   21.049 -157.291    114.0    992.4
     1     1    19    10    10    16     0     2    -8.0   21.074 -157.191    160.5    987.2
     1     1    19    10    10    15     0     3    -9.0   21.119 -157.066    253.3    976.8
     1     1    19    10    10    14     0     2   -10.0   21.144 -156.919    350.0    959.8
     1     1    19    10    10    13     0     1   -11.0   21.119 -156.773    383.4    958.0
     1     1    19    10    10    12     0     0   -12.0   21.055 -156.624    359.5    961.9
     1     1    19    10    10    11     0     1   -13.0   20.976 -156.443    324.9    972.1
     1     1    19    10    10    10     0     2   -14.0   20.873 -156.193    306.8    975.7
     1     1    19    10    10     9     0     3   -15.0   20.733 -155.912    287.6    979.2
     1     1    19    10    10     8     0     2   -16.0   20.596 -155.663    272.2    982.0
     1     1    19    10    10     7     0     1   -17.0   20.480 -155.449    256.7    982.5
     1     1    19    10    10     6     0     0   -18.0   20.372 -155.235    224.0    984.9
     1     1    19    10    10     5     0     1   -19.0   20.261 -154.993    192.2    990.6
     1     1    19    10    10     4     0     2   -20.0   20.149 -154.733    179.7    991.2
     1     1    19    10    10     3     0     3   -21.0   20.045 -154.481    182.5    990.0
     1     1    19    10    10     2     0     2   -22.0   19.949 -154.223    183.3    988.4
     1     1    19    10    10     1     0     1   -23.0   19.847 -153.940    170.3    990.4
     1     1    19    10    10     0     0     0   -24.0   19.737 -153.640    152.9    993.2
     1     1    19    10     9    23     0     1   -25.0   19.642 -153.331    134.2    995.8
     1     1    19    10     9    22     0     2   -26.0   19.563 -153.003    119.2    998.5
     1     1    19    10     9    21     0     3   -27.0   19.484 -152.653    111.7    999.7
     1     1    19    10     9    20     0     2   -28.0   19.422 -152.298    100.0    999.9
     1     1    19    10     9    19     0     1   -29.0   19.372 -151.935     74.4   1002.5
     1     1    19    10     9    18     0     0   -30.0   19.324 -151.570     50.3   1006.5
     1     1    19    10     9    17     0     1   -31.0   19.284 -151.218     38.2   1007.3
     1     1    19    10     9    16     0     2   -32.0   19.242 -150.874     35.2   1006.6
     1     1    19    10     9    15     0     3   -33.0   19.199 -150.525     34.9   1006.0
     1     1    19    10     9    14     0     2   -34.0   19.179 -150.172     33.9   1006.0
     1     1    19    10     9    13     0     1   -35.0   19.183 -149.816     31.7   1006.4
     1     1    19    10     9    12     0     0   -36.0   19.199 -149.464     29.5   1006.5
     1     1    19    10     9    11     0     1   -37.0   19.225 -149.126     29.2   1007.3
     1     1    19    10     9    10     0     2   -38.0   19.252 -148.796     31.0   1007.9
     1     1    19    10     9     9     0     3   -39.0   19.272 -148.468     33.8   1008.3
     1     1    19    10     9     8     0     2   -40.0   19.296 -148.144     36.6   1008.0
     1     1    19    10     9     7     0     1   -41.0   19.334 -147.822     38.5   1007.9
     1     1    19    10     9     6     0     0   -42.0   19.391 -147.503     39.8   1007.8
     1     1    19    10     9     5     0     1   -43.0   19.457 -147.194     40.8   1007.4
     1     1    19    10     9     4     0     2   -44.0   19.526 -146.896     42.2   1006.9
     1     1    19    10     9     3     0     3   -45.0   19.596 -146.609     44.1   1006.4
     1     1    19    10     9     2     0     2   -46.0   19.664 -146.326     46.5   1006.1
     1     1    19    10     9     1     0     1   -47.0   19.722 -146.043     49.9   1005.7
     1     1    19    10     9     0     0     0   -48.0   19.770 -145.767     54.5   1005.2
     1     1    19    10     8    23     0     1   -49.0   19.814 -145.499     58.5   1005.3
     1     1    19    10     8    22     0     2   -50.0   19.863 -145.236     60.7   1005.8
     1     1    19    10     8    21     0     3   -51.0   19.922 -144.972     61.7   1006.4
     1     1    19    10     8    20     0     2   -52.0   19.980 -144.707     62.5   1006.4
     1     1    19    10     8    19     0     1   -53.0   20.025 -144.436     64.5   1006.3
     1     1    19    10     8    18     0     0   -54.0   20.058 -144.151     70.1   1005.8
     1     1    19    10     8    17     0     1   -55.0   20.093 -143.859     77.4   1003.9
     1     1    19    10     8    16     0     2   -56.0   20.143 -143.580     82.1   1002.8
     1     1    19    10     8    15     0     3   -57.0   20.207 -143.305     84.9   1002.1
     1     1    19    10     8    14     0     2   -58.0   20.278 -143.040     88.0   1001.7
     1     1    19    10     8    13     0     1   -59.0   20.349 -142.796     91.6   1001.2
     1     1    19    10     8    12     0     0   -60.0   20.418 -142.569     96.2   1000.7
     1     1    19    10     8    11     0     1   -61.0   20.483 -142.344    102.1   1000.5
     1     1    19    10     8    10     0     2   -62.0   20.545 -142.114    107.1   1000.4
     1     1    19    10     8     9     0     3   -63.0   20.604 -141.880    109.2   1000.6
     1     1    19    10     8     8     0     2   -64.0   20.660 -141.641    111.8   1000.9
     1     1    19    10     8     7     0     1   -65.0   20.712 -141.398    118.4   1000.5
     1     1    19    10     8     6     0     0   -66.0   20.764 -141.149    128.0    999.8
     1     1    19    10     8     5     0     1   -67.0   20.822 -140.899    137.8    998.3
     1     1    19    10     8     4     0     2   -68.0   20.889 -140.654    145.6    996.9
     1     1    19    10     8     3     0     3   -69.0   20.965 -140.410    152.1    995.7
     1     1    19    10     8     2     0     2   -70.0   21.048 -140.169    159.8    994.7
     1     1    19    10     8     1     0     1   -71.0   21.147 -139.932    171.1    993.0
     1     1    19    10     8     0     0     0   -72.0   21.261 -139.704    185.2    990.9
     1     1    19    10     7    23     0     1   -73.0   21.373 -139.483    199.7    989.8
     1     1    19    10     7    22     0     2   -74.0   21.471 -139.264    212.9    989.0
     1     1    19    10     7    21     0     3   -75.0   21.555 -139.052    225.0    988.5
     1     1    19    10     7    20     0     2   -76.0   21.630 -138.841    239.7    987.4
     1     1    19    10     7    19     0     1   -77.0   21.707 -138.626    261.3    985.6
     1     1    19    10     7    18     0     0   -78.0   21.788 -138.410    292.1    982.3
     1     1    19    10     7    17     0     1   -79.0   21.868 -138.198    330.4    977.2
     1     1    19    10     7    16     0     2   -80.0   21.935 -137.991    372.8    972.3
     1     1    19    10     7    15     0     3   -81.0   21.987 -137.786    421.5    967.2
     1     1    19    10     7    14     0     2   -82.0   22.030 -137.576    462.6    960.5
     1     1    19    10     7    13     0     1   -83.0   22.071 -137.365    479.4    958.1
     1     1    19    10     7    12     0     0   -84.0   22.110 -137.154    470.6    958.9
     1     1    19    10     7    11     0     1   -85.0   22.149 -136.929    458.3    963.2
     1     1    19    10     7    10     0     2   -86.0   22.182 -136.684    468.5    962.5
     1     1    19    10     7     9     0     3   -87.0   22.203 -136.422    501.3    958.4
     1     1    19    10     7     8     0     2   -88.0   22.209 -136.145    547.6    952.9
     1     1    19    10     7     7     0     1   -89.0   22.203 -135.846    600.0    947.5
     1     1    19    10     7     6     0     0   -90.0   22.187 -135.525    652.0    941.7
     1     1    19    10     7     5     0     1   -91.0   22.170 -135.196    690.4    935.8
     1     1    19    10     7     4     0     2   -92.0   22.163 -134.868    716.0    933.5
     1     1    19    10     7     3     0     3   -93.0   22.165 -134.546    738.8    930.7
     1     1    19    10     7     2     0     2   -94.0   22.168 -134.239    759.6    928.3
     1     1    19    10     7     1     0     1   -95.0   22.170 -133.947    780.3    926.1
     1     1    19    10     7     0     0     0   -96.0   22.170 -133.663    799.0    923.4
     1     1    19    10     6    23     0     1   -97.0   22.166 -133.375    817.6    922.4
     1     1    19    10     6    22     0     2   -98.0   22.154 -133.079    852.2    920.3
     1     1    19    10     6    21     0     3   -99.0   22.127 -132.789    910.2    914.2
     1     1    19    10     6    20     0     2  -100.0   22.084 -132.512    965.7    906.3
     1     1    19    10     6    19     0     1  -101.0   22.033 -132.242    995.3    903.2
     1     1    19    10     6    18     0     0  -102.0   21.980 -131.971    992.0    903.7
     1     1    19    10     6    17     0     1  -103.0   21.933 -131.690    985.4    907.3
     1     1    19    10     6    16     0     2  -104.0   21.886 -131.408    986.6    904.9
     1     1    19    10     6    15     0     3  -105.0   21.843 -131.124    967.4    905.0
     1     1    19    10     6    14     0     2  -106.0   21.808 -130.836    926.6    910.6
     1     1    19    10     6    13     0     1  -107.0   21.775 -130.547    888.1    915.9
     1     1    19    10     6    12     0     0  -108.0   21.739 -130.265    864.0    918.4
     1     1    19    10     6    11     0     1  -109.0   21.693 -129.987    845.4    919.5
     1     1    19    10     6    10     0     2  -110.0   21.642 -129.704    822.5    922.3
     1     1    19    10     6     9     0     3  -111.0   21.598 -129.416    801.4    925.5
     1     1    19    10     6     8     0     2  -112.0   21.566 -129.120    784.8    927.1
     1     1    19    10     6     7     0     1  -113.0   21.544 -128.816    765.9    929.0
     1     1    19    10     6     6     0     0  -114.0   21.529 -128.508    744.2    932.0
     1     1    19    10     6     5     0     1  -115.0   21.520 -128.202    726.4    934.0
     1     1    19    10     6     4     0     2  -116.0   21.521 -127.903    711.1    934.8
     1     1    19    10     6     3     0     3  -117.0   21.537 -127.610    697.0    936.4
     1     1    19    10     6     2     0     2  -118.0   21.565 -127.324    692.8    937.1
     1     1    19    10     6     1     0     1  -119.0   21.596 -127.054    686.2    935.4
     1     1    19    10     6     0     0     0  -120.0   21.634 -126.787    663.0    938.0
     1     1    19    10     5    23     0     1  -121.0   21.686 -126.508    656.2    942.9
     1     1    19    10     5    22     0     2  -122.0   21.730 -126.232    688.6    938.8
     1     1    19    10     5    21     0     3  -123.0   21.754 -125.970    739.1    932.3
     1     1    19    10     5    20     0     2  -124.0   21.766 -125.731    783.0    926.7
     1     1    19    10     5    19     0     1  -125.0   21.785 -125.516    806.0    924.6
     1     1    19    10     5    18     0     0  -126.0   21.816 -125.319    806.4    925.0
     1     1    19    10     5    17     0     1  -127.0   21.859 -125.131    788.6    926.9
     1     1    19    10     5    16     0     2  -128.0   21.913 -124.943    766.5    929.9
     1     1    19    10     5    15     0     3  -129.0   21.979 -124.749    760.0    931.3
     1     1    19    10     5    14     0     2  -130.0   22.042 -124.564    773.5    928.9
     1     1    19    10     5    13     0     1  -131.0   22.095 -124.393    794.1    925.7
     1     1    19    10     5    12     0     0  -132.0   22.136 -124.235    811.1    923.0
     1     1    19    10     5    11     0     1  -133.0   22.169 -124.077    824.5    922.4
     1     1    19    10     5    10     0     2  -134.0   22.199 -123.912    841.2    921.1
     1     1    19    10     5     9     0     3  -135.0   22.226 -123.743    865.8    919.1
     1     1    19    10     5     8     0     2  -136.0   22.255 -123.583    896.6    915.6
     1     1    19    10     5     7     0     1  -137.0   22.290 -123.442    926.4    912.0
     1     1    19    10     5     6     0     0  -138.0   22.333 -123.317    949.8    909.4
     1     1    19    10     5     5     0     1  -139.0   22.383 -123.199    961.2    907.5
     1     1    19    10     5     4     0     2  -140.0   22.440 -123.082    957.0    907.6
     1     1    19    10     5     3     0     3  -141.0   22.509 -122.956    936.7    909.5
     1     1    19    10     5     2     0     2  -142.0   22.584 -122.820    922.8    913.1
     1     1    19    10     5     1     0     1  -143.0   22.655 -122.690    938.9    911.0
     1     1    19    10     5     0     0     0  -144.0   22.716 -122.575    981.8    905.6
     1     1    19    10     4    23     0     1  -145.0   22.770 -122.475   1029.1    898.6
     1     1    19    10     4    22     0     2  -146.0   22.825 -122.375   1058.0    895.3
     1     1    19    10     4    21     0     3  -147.0   22.886 -122.271   1061.7    894.8
     1     1    19    10     4    20     0     2  -148.0   22.961 -122.159   1051.7    897.9
     1     1    19    10     4    19     0     1  -149.0   23.048 -122.041   1048.2    899.3
     1     1    19    10     4    18     0     0  -150.0   23.146 -121.921   1055.0    899.0
     1     1    19    10     4    17     0     1  -151.0   23.254 -121.807   1059.0    897.1
     1     1    19    10     4    16     0     2  -152.0   23.377 -121.702   1053.7    897.8
     1     1    19    10     4    15     0     3  -153.0   23.516 -121.608   1046.5    898.6
     1     1    19    10     4    14     0     2  -154.0   23.663 -121.526   1046.5    898.8
     1     1    19    10     4    13     0     1  -155.0   23.809 -121.459   1056.6    897.0
     1     1    19    10     4    12     0     0  -156.0   23.956 -121.410   1072.9    894.7
     1     1    19    10     4    11     0     1  -157.0   24.097 -121.371   1091.2    892.7
     1     1    19    10     4    10     0     2  -158.0   24.229 -121.338   1109.5    891.1
     1     1    19    10     4     9     0     3  -159.0   24.352 -121.308   1129.3    889.3
     1     1    19    10     4     8     0     2  -160.0   24.472 -121.279   1151.1    887.4
     1     1    19    10     4     7     0     1  -161.0   24.595 -121.250   1174.3    885.1
     1     1    19    10     4     6     0     0  -162.0   24.718 -121.221   1197.8    882.7
     1     1    19    10     4     5     0     1  -163.0   24.845 -121.195   1218.6    879.9
     1     1    19    10     4     4     0     2  -164.0   24.981 -121.176   1233.3    877.8
     1     1    19    10     4     3     0     3  -165.0   25.126 -121.162   1242.0    876.6
     1     1    19    10     4     2     0     2  -166.0   25.274 -121.153   1250.9    875.9
     1     1    19    10     4     1     0     1  -167.0   25.419 -121.153   1265.4    874.0
     1     1    19    10     4     0     0     0  -168.0   25.562 -121.161   1285.3    871.5
