     7     1
    GDAS    19     6     1     0     0
    GDAS    19     7     1     0     0
    GDAS    19     8     1     0     0
    GDAS    19     9     1     0     0
    GDAS    19    10     1     0     0
    GDAS    19    11     1     0     0
    GDAS    19    12     1     0     0
     1 BACKWARD OMEGA   
    19    10    13    12   21.319 -157.670    10.0
     1 PRESSURE
     1     1    19    10    13    12     0     0     0.0   21.319 -157.670     10.0   1009.9
     1     1    19    10    13    11     0     1    -1.0   21.357 -157.418     48.1   1006.4
     1     1    19    10    13    10     0     2    -2.0   21.395 -157.133    146.2    994.6
     1     1    19    10    13     9     0     3    -3.0   21.422 -156.807    266.0    979.7
     1     1    19    10    13     8     0     2    -4.0   21.426 -156.442    349.0    969.3
     1     1    19    10    13     7     0     1    -5.0   21.398 -156.043    373.5    969.6
     1     1    19    10    13     6     0     0    -6.0   21.355 -155.627    373.9    973.0
     1     1    19    10    13     5     0     1    -7.0   21.332 -155.227    384.1    971.7
     1     1    19    10    13     4     0     2    -8.0   21.326 -154.849    397.7    969.4
     1     1    19    10    13     3     0     3    -9.0   21.329 -154.485    406.5    968.0
     1     1    19    10    13     2     0     2   -10.0   21.341 -154.122    414.1    967.9
     1     1    19    10    13     1     0     1   -11.0   21.361 -153.754    428.4    966.6
     1     1    19    10    13     0     0     0   -12.0   21.396 -153.382    448.5    963.9
     1     1    19    10    12    23     0     1   -13.0   21.446 -153.010    472.0    962.0
     1     1    19    10    12    22     0     2   -14.0   21.494 -152.643    501.2    959.7
     1     1    19    10    12    21     0     3   -15.0   21.534 -152.276    534.7    956.4
     1     1    19    10    12    20     0     2   -16.0   21.575 -151.905    557.4    952.8
     1     1    19    10    12    19     0     1   -17.0   21.621 -151.531    565.2    952.9
     1     1    19    10    12    18     0     0   -18.0   21.678 -151.157    569.6    953.0
     1     1    19    10    12    17     0     1   -19.0   21.746 -150.782    575.6    952.2
     1     1    19    10    12    16     0     2   -20.0   21.821 -150.412    578.6    950.9
     1     1    19    10    12    15     0     3   -21.0   21.909 -150.055    565.0    951.3
     1     1    19    10    12    14     0     2   -22.0   22.000 -149.702    560.9    955.2
     1     1    19    10    12    13     0     1   -23.0   22.082 -149.341    589.3    951.0
     1     1    19    10    12    12     0     0   -24.0   22.157 -148.975    630.7    945.5
     1     1    19    10    12    11     0     1   -25.0   22.236 -148.604    676.3    941.0
     1     1    19    10    12    10     0     2   -26.0   22.327 -148.224    717.4    935.8
     1     1    19    10    12     9     0     3   -27.0   22.429 -147.834    735.4    933.5
     1     1    19    10    12     8     0     2   -28.0   22.546 -147.441    731.4    935.0
     1     1    19    10    12     7     0     1   -29.0   22.671 -147.050    715.6    936.8
     1     1    19    10    12     6     0     0   -30.0   22.794 -146.662    689.0    940.0
     1     1    19    10    12     5     0     1   -31.0   22.912 -146.276    670.6    943.8
     1     1    19    10    12     4     0     2   -32.0   23.027 -145.900    705.0    942.6
     1     1    19    10    12     3     0     3   -33.0   23.142 -145.535    799.2    929.4
     1     1    19    10    12     2     0     2   -34.0   23.262 -145.175    874.9    915.3
     1     1    19    10    12     1     0     1   -35.0   23.391 -144.810    886.6    914.9
     1     1    19    10    12     0     0     0   -36.0   23.528 -144.439    855.0    920.0
     1     1    19    10    11    23     0     1   -37.0   23.673 -144.068    821.8    926.6
     1     1    19    10    11    22     0     2   -38.0   23.823 -143.703    807.4    928.3
     1     1    19    10    11    21     0     3   -39.0   23.977 -143.349    811.4    928.8
     1     1    19    10    11    20     0     2   -40.0   24.130 -143.002    853.2    926.4
     1     1    19    10    11    19     0     1   -41.0   24.273 -142.656    919.5    916.4
     1     1    19    10    11    18     0     0   -42.0   24.407 -142.312    975.5    910.0
     1     1    19    10    11    17     0     1   -43.0   24.544 -141.974   1010.0    905.2
     1     1    19    10    11    16     0     2   -44.0   24.687 -141.645   1024.0    904.3
     1     1    19    10    11    15     0     3   -45.0   24.833 -141.328   1021.3    903.7
     1     1    19    10    11    14     0     2   -46.0   24.983 -141.021   1005.0    906.3
     1     1    19    10    11    13     0     1   -47.0   25.133 -140.719   1002.6    908.2
     1     1    19    10    11    12     0     0   -48.0   25.281 -140.417   1021.5    905.1
     1     1    19    10    11    11     0     1   -49.0   25.429 -140.112   1035.6    902.0
     1     1    19    10    11    10     0     2   -50.0   25.581 -139.809   1026.6    903.0
     1     1    19    10    11     9     0     3   -51.0   25.736 -139.510   1003.2    906.8
     1     1    19    10    11     8     0     2   -52.0   25.893 -139.211    987.8    909.9
     1     1    19    10    11     7     0     1   -53.0   26.051 -138.907    990.1    909.5
     1     1    19    10    11     6     0     0   -54.0   26.210 -138.597   1003.2    907.7
     1     1    19    10    11     5     0     1   -55.0   26.373 -138.288   1024.5    905.4
     1     1    19    10    11     4     0     2   -56.0   26.545 -137.988   1055.1    901.8
     1     1    19    10    11     3     0     3   -57.0   26.722 -137.694   1089.5    897.5
     1     1    19    10    11     2     0     2   -58.0   26.897 -137.408   1117.3    893.9
     1     1    19    10    11     1     0     1   -59.0   27.064 -137.133   1143.6    892.2
     1     1    19    10    11     0     0     0   -60.0   27.228 -136.872   1173.0    888.4
     1     1    19    10    10    23     0     1   -61.0   27.391 -136.623   1190.5    886.0
     1     1    19    10    10    22     0     2   -62.0   27.552 -136.381   1193.0    886.6
     1     1    19    10    10    21     0     3   -63.0   27.709 -136.140   1186.1    887.6
     1     1    19    10    10    20     0     2   -64.0   27.868 -135.897   1173.5    889.5
     1     1    19    10    10    19     0     1   -65.0   28.030 -135.655   1165.3    891.4
     1     1    19    10    10    18     0     0   -66.0   28.192 -135.416   1176.4    891.4
     1     1    19    10    10    17     0     1   -67.0   28.349 -135.183   1212.7    887.1
     1     1    19    10    10    16     0     2   -68.0   28.506 -134.955   1266.8    880.6
     1     1    19    10    10    15     0     3   -69.0   28.668 -134.733   1326.6    873.4
     1     1    19    10    10    14     0     2   -70.0   28.830 -134.520   1373.1    867.3
     1     1    19    10    10    13     0     1   -71.0   28.986 -134.311   1392.2    864.8
     1     1    19    10    10    12     0     0   -72.0   29.135 -134.104   1383.0    865.6
     1     1    19    10    10    11     0     1   -73.0   29.284 -133.895   1360.8    869.4
     1     1    19    10    10    10     0     2   -74.0   29.437 -133.683   1344.0    871.9
     1     1    19    10    10     9     0     3   -75.0   29.593 -133.471   1332.1    872.7
     1     1    19    10    10     8     0     2   -76.0   29.755 -133.263   1328.8    874.1
     1     1    19    10    10     7     0     1   -77.0   29.925 -133.063   1349.1    872.7
     1     1    19    10    10     6     0     0   -78.0   30.100 -132.875   1390.6    867.8
     1     1    19    10    10     5     0     1   -79.0   30.284 -132.697   1428.4    862.2
     1     1    19    10    10     4     0     2   -80.0   30.475 -132.528   1453.1    860.3
     1     1    19    10    10     3     0     3   -81.0   30.667 -132.368   1474.1    858.3
     1     1    19    10    10     2     0     2   -82.0   30.853 -132.216   1496.6    856.1
     1     1    19    10    10     1     0     1   -83.0   31.034 -132.074   1530.7    852.8
     1     1    19    10    10     0     0     0   -84.0   31.210 -131.939   1579.3    847.1
     1     1    19    10     9    23     0     1   -85.0   31.384 -131.815   1617.5    841.3
     1     1    19    10     9    22     0     2   -86.0   31.557 -131.699   1627.2    841.1
     1     1    19    10     9    21     0     3   -87.0   31.728 -131.587   1615.8    842.8
     1     1    19    10     9    20     0     2   -88.0   31.893 -131.476   1597.1    845.9
     1     1    19    10     9    19     0     1   -89.0   32.055 -131.367   1584.4    847.6
     1     1    19    10     9    18     0     0   -90.0   32.214 -131.258   1580.0    848.2
     1     1    19    10     9    17     0     1   -91.0   32.373 -131.155   1587.6    847.5
     1     1    19    10     9    16     0     2   -92.0   32.534 -131.062   1611.8    844.9
     1     1    19    10     9    15     0     3   -93.0   32.695 -130.984   1657.3    840.4
     1     1    19    10     9    14     0     2   -94.0   32.854 -130.922   1710.3    832.9
     1     1    19    10     9    13     0     1   -95.0   33.010 -130.871   1750.9    828.3
     1     1    19    10     9    12     0     0   -96.0   33.164 -130.829   1775.6    825.3
     1     1    19    10     9    11     0     1   -97.0   33.318 -130.789   1792.4    825.1
     1     1    19    10     9    10     0     2   -98.0   33.473 -130.743   1810.7    823.6
     1     1    19    10     9     9     0     3   -99.0   33.625 -130.691   1828.1    822.3
     1     1    19    10     9     8     0     2  -100.0   33.774 -130.640   1839.8    820.6
     1     1    19    10     9     7     0     1  -101.0   33.924 -130.597   1839.8    820.4
     1     1    19    10     9     6     0     0  -102.0   34.078 -130.559   1829.2    821.4
     1     1    19    10     9     5     0     1  -103.0   34.236 -130.522   1822.8    823.1
     1     1    19    10     9     4     0     2  -104.0   34.397 -130.489   1833.1    822.1
     1     1    19    10     9     3     0     3  -105.0   34.560 -130.459   1860.5    819.4
     1     1    19    10     9     2     0     2  -106.0   34.719 -130.440   1901.2    814.6
     1     1    19    10     9     1     0     1  -107.0   34.867 -130.434   1947.8    809.3
     1     1    19    10     9     0     0     0  -108.0   35.005 -130.442   1993.8    804.2
     1     1    19    10     8    23     0     1  -109.0   35.127 -130.453   2033.5    800.5
     1     1    19    10     8    22     0     2  -110.0   35.229 -130.461   2063.4    797.8
     1     1    19    10     8    21     0     3  -111.0   35.311 -130.462   2081.2    796.3
     1     1    19    10     8    20     0     2  -112.0   35.380 -130.453   2091.8    795.7
     1     1    19    10     8    19     0     1  -113.0   35.443 -130.434   2100.6    794.7
     1     1    19    10     8    18     0     0  -114.0   35.501 -130.404   2107.4    794.0
     1     1    19    10     8    17     0     1  -115.0   35.559 -130.370   2110.1    793.4
     1     1    19    10     8    16     0     2  -116.0   35.626 -130.338   2104.3    793.5
     1     1    19    10     8    15     0     3  -117.0   35.701 -130.307   2084.1    794.9
     1     1    19    10     8    14     0     2  -118.0   35.777 -130.275   2055.3    798.3
     1     1    19    10     8    13     0     1  -119.0   35.844 -130.246   2032.5    800.8
     1     1    19    10     8    12     0     0  -120.0   35.901 -130.220   2025.1    801.8
     1     1    19    10     8    11     0     1  -121.0   35.951 -130.192   2028.0    800.8
     1     1    19    10     8    10     0     2  -122.0   35.997 -130.157   2030.9    800.7
     1     1    19    10     8     9     0     3  -123.0   36.041 -130.116   2033.1    800.7
     1     1    19    10     8     8     0     2  -124.0   36.083 -130.068   2019.0    800.9
     1     1    19    10     8     7     0     1  -125.0   36.127 -130.009   1972.7    805.7
     1     1    19    10     8     6     0     0  -126.0   36.172 -129.938   1896.3    813.8
     1     1    19    10     8     5     0     1  -127.0   36.227 -129.854   1811.6    823.6
     1     1    19    10     8     4     0     2  -128.0   36.295 -129.758   1740.4    830.6
     1     1    19    10     8     3     0     3  -129.0   36.377 -129.652   1687.4    835.7
     1     1    19    10     8     2     0     2  -130.0   36.469 -129.538   1661.1    838.9
     1     1    19    10     8     1     0     1  -131.0   36.564 -129.419   1661.6    838.2
     1     1    19    10     8     0     0     0  -132.0   36.659 -129.296   1682.9    836.1
     1     1    19    10     7    23     0     1  -133.0   36.752 -129.167   1702.0    832.3
     1     1    19    10     7    22     0     2  -134.0   36.851 -129.029   1688.8    833.2
     1     1    19    10     7    21     0     3  -135.0   36.959 -128.879   1633.8    838.7
     1     1    19    10     7    20     0     2  -136.0   37.083 -128.725   1561.5    848.9
     1     1    19    10     7    19     0     1  -137.0   37.224 -128.568   1500.9    855.5
     1     1    19    10     7    18     0     0  -138.0   37.383 -128.406   1453.7    860.2
     1     1    19    10     7    17     0     1  -139.0   37.560 -128.240   1422.6    863.3
     1     1    19    10     7    16     0     2  -140.0   37.750 -128.078   1400.5    864.3
     1     1    19    10     7    15     0     3  -141.0   37.949 -127.917   1369.6    866.3
     1     1    19    10     7    14     0     2  -142.0   38.165 -127.763   1336.0    870.9
     1     1    19    10     7    13     0     1  -143.0   38.400 -127.628   1309.7    873.5
     1     1    19    10     7    12     0     0  -144.0   38.651 -127.511   1290.7    875.6
     1     1    19    10     7    11     0     1  -145.0   38.906 -127.402   1288.4    876.7
     1     1    19    10     7    10     0     2  -146.0   39.151 -127.297   1299.1    874.6
     1     1    19    10     7     9     0     3  -147.0   39.382 -127.200   1309.8    873.2
     1     1    19    10     7     8     0     2  -148.0   39.605 -127.105   1313.9    872.7
     1     1    19    10     7     7     0     1  -149.0   39.829 -127.010   1313.5    873.6
     1     1    19    10     7     6     0     0  -150.0   40.054 -126.913   1322.1    873.8
     1     1    19    10     7     5     0     1  -151.0   40.286 -126.819   1350.0    871.1
     1     1    19    10     7     4     0     2  -152.0   40.534 -126.731   1390.9    866.2
     1     1    19    10     7     3     0     3  -153.0   40.795 -126.644   1428.7    861.6
     1     1    19    10     7     2     0     2  -154.0   41.061 -126.563   1453.7    858.9
     1     1    19    10     7     1     0     1  -155.0   41.321 -126.498   1466.7    857.6
     1     1    19    10     7     0     0     0  -156.0   41.573 -126.446   1462.9    857.3
     1     1    19    10     6    23     0     1  -157.0   41.823 -126.394   1439.4    860.0
     1     1    19    10     6    22     0     2  -158.0   42.079 -126.326   1402.7    864.2
     1     1    19    10     6    21     0     3  -159.0   42.337 -126.232   1371.7    868.9
     1     1    19    10     6    20     0     2  -160.0   42.592 -126.112   1370.3    870.4
     1     1    19    10     6    19     0     1  -161.0   42.838 -125.967   1409.9    866.9
     1     1    19    10     6    18     0     0  -162.0   43.071 -125.801   1492.3    859.0
     1     1    19    10     6    17     0     1  -163.0   43.287 -125.634   1591.4    846.1
     1     1    19    10     6    16     0     2  -164.0   43.488 -125.475   1681.4    836.6
     1     1    19    10     6    15     0     3  -165.0   43.674 -125.328   1761.0    828.7
     1     1    19    10     6    14     0     2  -166.0   43.837 -125.207   1841.8    822.4
     1     1    19    10     6    13     0     1  -167.0   43.970 -125.125   1938.2    813.6
     1     1    19    10     6    12     0     0  -168.0   44.070 -125.081   2048.8    802.6
