     7     1
    GDAS    19     6     1     0     0
    GDAS    19     7     1     0     0
    GDAS    19     8     1     0     0
    GDAS    19     9     1     0     0
    GDAS    19    10     1     0     0
    GDAS    19    11     1     0     0
    GDAS    19    12     1     0     0
     1 BACKWARD OMEGA   
    19     9    10     0   21.319 -157.670    10.0
     1 PRESSURE
     1     1    19     9    10     0     0     0     0.0   21.319 -157.670     10.0   1012.9
     1     1    19     9     9    23     0     1    -1.0   21.451 -157.367     71.1   1009.8
     1     1    19     9     9    22     0     2    -2.0   21.541 -157.020    237.2    987.1
     1     1    19     9     9    21     0     3    -3.0   21.571 -156.652    368.1    967.5
     1     1    19     9     9    20     0     2    -4.0   21.555 -156.292    420.7    966.2
     1     1    19     9     9    19     0     1    -5.0   21.520 -155.942    418.8    968.8
     1     1    19     9     9    18     0     0    -6.0   21.485 -155.595    396.9    974.5
     1     1    19     9     9    17     0     1    -7.0   21.461 -155.250    386.1    975.5
     1     1    19     9     9    16     0     2    -8.0   21.444 -154.911    390.0    974.6
     1     1    19     9     9    15     0     3    -9.0   21.431 -154.575    388.9    972.1
     1     1    19     9     9    14     0     2   -10.0   21.424 -154.242    367.9    974.8
     1     1    19     9     9    13     0     1   -11.0   21.423 -153.911    340.8    978.8
     1     1    19     9     9    12     0     0   -12.0   21.426 -153.576    320.6    981.5
     1     1    19     9     9    11     0     1   -13.0   21.439 -153.224    308.3    982.9
     1     1    19     9     9    10     0     2   -14.0   21.464 -152.856    302.8    984.2
     1     1    19     9     9     9     0     3   -15.0   21.501 -152.477    301.7    984.1
     1     1    19     9     9     8     0     2   -16.0   21.550 -152.094    296.8    984.3
     1     1    19     9     9     7     0     1   -17.0   21.611 -151.716    291.1    985.7
     1     1    19     9     9     6     0     0   -18.0   21.689 -151.338    289.4    985.8
     1     1    19     9     9     5     0     1   -19.0   21.778 -150.964    290.3    985.2
     1     1    19     9     9     4     0     2   -20.0   21.864 -150.600    294.4    984.5
     1     1    19     9     9     3     0     3   -21.0   21.944 -150.247    304.3    983.1
     1     1    19     9     9     2     0     2   -22.0   22.021 -149.901    317.3    981.0
     1     1    19     9     9     1     0     1   -23.0   22.099 -149.556    328.8    979.4
     1     1    19     9     9     0     0     0   -24.0   22.181 -149.212    341.0    978.2
     1     1    19     9     8    23     0     1   -25.0   22.261 -148.870    357.6    977.0
     1     1    19     9     8    22     0     2   -26.0   22.330 -148.530    373.7    975.2
     1     1    19     9     8    21     0     3   -27.0   22.387 -148.195    377.9    974.8
     1     1    19     9     8    20     0     2   -28.0   22.439 -147.861    376.2    976.3
     1     1    19     9     8    19     0     1   -29.0   22.487 -147.528    381.9    976.0
     1     1    19     9     8    18     0     0   -30.0   22.534 -147.201    390.0    974.5
     1     1    19     9     8    17     0     1   -31.0   22.582 -146.878    392.5    973.8
     1     1    19     9     8    16     0     2   -32.0   22.632 -146.553    389.8    973.7
     1     1    19     9     8    15     0     3   -33.0   22.683 -146.224    379.1    974.0
     1     1    19     9     8    14     0     2   -34.0   22.733 -145.895    363.6    976.4
     1     1    19     9     8    13     0     1   -35.0   22.777 -145.560    353.5    977.9
     1     1    19     9     8    12     0     0   -36.0   22.808 -145.222    356.6    977.9
     1     1    19     9     8    11     0     1   -37.0   22.836 -144.878    363.4    976.3
     1     1    19     9     8    10     0     2   -38.0   22.877 -144.524    370.0    977.1
     1     1    19     9     8     9     0     3   -39.0   22.933 -144.159    397.3    976.1
     1     1    19     9     8     8     0     2   -40.0   22.998 -143.789    432.7    969.4
     1     1    19     9     8     7     0     1   -41.0   23.071 -143.426    441.2    967.5
     1     1    19     9     8     6     0     0   -42.0   23.162 -143.068    423.5    970.5
     1     1    19     9     8     5     0     1   -43.0   23.265 -142.718    410.4    974.1
     1     1    19     9     8     4     0     2   -44.0   23.369 -142.382    414.1    972.4
     1     1    19     9     8     3     0     3   -45.0   23.472 -142.064    418.6    971.2
     1     1    19     9     8     2     0     2   -46.0   23.574 -141.762    421.8    971.1
     1     1    19     9     8     1     0     1   -47.0   23.674 -141.471    429.7    970.3
     1     1    19     9     8     0     0     0   -48.0   23.770 -141.196    448.7    968.2
     1     1    19     9     7    23     0     1   -49.0   23.857 -140.926    475.7    964.6
     1     1    19     9     7    22     0     2   -50.0   23.935 -140.646    503.1    961.8
     1     1    19     9     7    21     0     3   -51.0   24.010 -140.357    539.2    959.0
     1     1    19     9     7    20     0     2   -52.0   24.083 -140.060    582.0    953.3
     1     1    19     9     7    19     0     1   -53.0   24.155 -139.759    613.8    949.3
     1     1    19     9     7    18     0     0   -54.0   24.225 -139.456    628.5    947.9
     1     1    19     9     7    17     0     1   -55.0   24.302 -139.153    633.3    947.6
     1     1    19     9     7    16     0     2   -56.0   24.392 -138.855    636.0    947.1
     1     1    19     9     7    15     0     3   -57.0   24.493 -138.563    644.9    946.5
     1     1    19     9     7    14     0     2   -58.0   24.602 -138.274    671.1    943.8
     1     1    19     9     7    13     0     1   -59.0   24.717 -137.985    714.5    938.0
     1     1    19     9     7    12     0     0   -60.0   24.840 -137.691    761.5    931.7
     1     1    19     9     7    11     0     1   -61.0   24.966 -137.394    799.5    927.6
     1     1    19     9     7    10     0     2   -62.0   25.092 -137.094    826.2    925.4
     1     1    19     9     7     9     0     3   -63.0   25.220 -136.789    845.2    924.0
     1     1    19     9     7     8     0     2   -64.0   25.358 -136.484    860.5    922.7
     1     1    19     9     7     7     0     1   -65.0   25.508 -136.181    871.4    921.4
     1     1    19     9     7     6     0     0   -66.0   25.662 -135.875    872.1    921.4
     1     1    19     9     7     5     0     1   -67.0   25.820 -135.566    854.2    922.2
     1     1    19     9     7     4     0     2   -68.0   25.987 -135.257    813.4    926.3
     1     1    19     9     7     3     0     3   -69.0   26.161 -134.940    762.3    932.6
     1     1    19     9     7     2     0     2   -70.0   26.346 -134.634    730.4    937.9
     1     1    19     9     7     1     0     1   -71.0   26.540 -134.355    724.4    937.3
     1     1    19     9     7     0     0     0   -72.0   26.735 -134.104    724.8    936.1
     1     1    19     9     6    23     0     1   -73.0   26.918 -133.869    732.6    936.8
     1     1    19     9     6    22     0     2   -74.0   27.081 -133.639    754.3    934.4
     1     1    19     9     6    21     0     3   -75.0   27.222 -133.411    780.7    931.2
     1     1    19     9     6    20     0     2   -76.0   27.345 -133.178    803.1    928.7
     1     1    19     9     6    19     0     1   -77.0   27.457 -132.932    825.0    927.1
     1     1    19     9     6    18     0     0   -78.0   27.560 -132.674    853.2    924.3
     1     1    19     9     6    17     0     1   -79.0   27.667 -132.409    887.1    920.2
     1     1    19     9     6    16     0     2   -80.0   27.784 -132.146    925.3    915.4
     1     1    19     9     6    15     0     3   -81.0   27.904 -131.886    964.0    910.3
     1     1    19     9     6    14     0     2   -82.0   28.027 -131.631    998.8    906.1
     1     1    19     9     6    13     0     1   -83.0   28.151 -131.380   1026.3    902.7
     1     1    19     9     6    12     0     0   -84.0   28.271 -131.127   1035.5    900.5
     1     1    19     9     6    11     0     1   -85.0   28.392 -130.877   1033.1    902.6
     1     1    19     9     6    10     0     2   -86.0   28.512 -130.636   1032.0    902.6
     1     1    19     9     6     9     0     3   -87.0   28.632 -130.403   1018.7    903.0
     1     1    19     9     6     8     0     2   -88.0   28.758 -130.162    991.7    907.0
     1     1    19     9     6     7     0     1   -89.0   28.893 -129.895    974.6    910.5
     1     1    19     9     6     6     0     0   -90.0   29.030 -129.608    997.7    909.4
     1     1    19     9     6     5     0     1   -91.0   29.165 -129.332   1047.5    901.0
     1     1    19     9     6     4     0     2   -92.0   29.307 -129.089   1092.9    895.7
     1     1    19     9     6     3     0     3   -93.0   29.461 -128.871   1127.8    891.5
     1     1    19     9     6     2     0     2   -94.0   29.624 -128.678   1156.5    889.2
     1     1    19     9     6     1     0     1   -95.0   29.788 -128.513   1188.2    886.0
     1     1    19     9     6     0     0     0   -96.0   29.951 -128.379   1232.8    881.7
     1     1    19     9     5    23     0     1   -97.0   30.100 -128.278   1284.0    875.5
     1     1    19     9     5    22     0     2   -98.0   30.229 -128.201   1329.0    871.1
     1     1    19     9     5    21     0     3   -99.0   30.340 -128.143   1365.9    867.8
     1     1    19     9     5    20     0     2  -100.0   30.442 -128.094   1392.4    864.8
     1     1    19     9     5    19     0     1  -101.0   30.542 -128.048   1404.9    863.5
     1     1    19     9     5    18     0     0  -102.0   30.646 -128.003   1401.4    863.6
     1     1    19     9     5    17     0     1  -103.0   30.757 -127.959   1390.6    865.3
     1     1    19     9     5    16     0     2  -104.0   30.871 -127.918   1383.5    865.7
     1     1    19     9     5    15     0     3  -105.0   30.986 -127.881   1383.2    865.5
     1     1    19     9     5    14     0     2  -106.0   31.103 -127.854   1393.2    864.3
     1     1    19     9     5    13     0     1  -107.0   31.220 -127.840   1410.3    861.6
     1     1    19     9     5    12     0     0  -108.0   31.337 -127.835   1425.4    859.3
     1     1    19     9     5    11     0     1  -109.0   31.450 -127.830   1436.6    858.6
     1     1    19     9     5    10     0     2  -110.0   31.557 -127.816   1451.8    857.9
     1     1    19     9     5     9     0     3  -111.0   31.656 -127.796   1481.1    855.7
     1     1    19     9     5     8     0     2  -112.0   31.752 -127.774   1519.8    850.9
     1     1    19     9     5     7     0     1  -113.0   31.853 -127.752   1557.8    847.2
     1     1    19     9     5     6     0     0  -114.0   31.961 -127.731   1596.9    843.5
     1     1    19     9     5     5     0     1  -115.0   32.078 -127.712   1638.8    839.1
     1     1    19     9     5     4     0     2  -116.0   32.202 -127.698   1684.4    834.3
     1     1    19     9     5     3     0     3  -117.0   32.332 -127.692   1735.8    829.2
     1     1    19     9     5     2     0     2  -118.0   32.464 -127.702   1781.6    823.3
     1     1    19     9     5     1     0     1  -119.0   32.596 -127.734   1806.3    820.6
     1     1    19     9     5     0     0     0  -120.0   32.735 -127.782   1806.6    820.2
     1     1    19     9     4    23     0     1  -121.0   32.877 -127.838   1801.9    823.0
     1     1    19     9     4    22     0     2  -122.0   33.013 -127.892   1813.1    822.4
     1     1    19     9     4    21     0     3  -123.0   33.135 -127.946   1841.8    820.2
     1     1    19     9     4    20     0     2  -124.0   33.246 -128.010   1879.0    815.7
     1     1    19     9     4    19     0     1  -125.0   33.355 -128.092   1915.9    812.3
     1     1    19     9     4    18     0     0  -126.0   33.463 -128.191   1953.9    808.7
     1     1    19     9     4    17     0     1  -127.0   33.560 -128.301   1988.3    804.8
     1     1    19     9     4    16     0     2  -128.0   33.638 -128.412   2011.4    802.2
     1     1    19     9     4    15     0     3  -129.0   33.698 -128.522   2018.7    801.2
     1     1    19     9     4    14     0     2  -130.0   33.747 -128.624   2021.9    801.9
     1     1    19     9     4    13     0     1  -131.0   33.788 -128.711   2038.1    800.4
     1     1    19     9     4    12     0     0  -132.0   33.818 -128.783   2074.8    797.0
     1     1    19     9     4    11     0     1  -133.0   33.840 -128.842   2121.7    791.6
     1     1    19     9     4    10     0     2  -134.0   33.858 -128.890   2161.1    788.1
     1     1    19     9     4     9     0     3  -135.0   33.876 -128.929   2187.5    785.8
     1     1    19     9     4     8     0     2  -136.0   33.897 -128.968   2206.2    785.0
     1     1    19     9     4     7     0     1  -137.0   33.923 -129.019   2225.7    783.4
     1     1    19     9     4     6     0     0  -138.0   33.955 -129.080   2248.5    781.7
     1     1    19     9     4     5     0     1  -139.0   33.984 -129.147   2269.2    779.0
     1     1    19     9     4     4     0     2  -140.0   33.998 -129.212   2280.9    777.8
     1     1    19     9     4     3     0     3  -141.0   33.998 -129.278   2284.3    777.4
     1     1    19     9     4     2     0     2  -142.0   33.987 -129.345   2293.4    777.9
     1     1    19     9     4     1     0     1  -143.0   33.967 -129.415   2320.2    775.3
     1     1    19     9     4     0     0     0  -144.0   33.935 -129.488   2363.9    771.2
     1     1    19     9     3    23     0     1  -145.0   33.897 -129.561   2410.5    765.8
     1     1    19     9     3    22     0     2  -146.0   33.856 -129.632   2447.4    762.7
     1     1    19     9     3    21     0     3  -147.0   33.815 -129.698   2476.3    760.3
     1     1    19     9     3    20     0     2  -148.0   33.772 -129.766   2497.7    758.6
     1     1    19     9     3    19     0     1  -149.0   33.729 -129.843   2510.6    757.6
     1     1    19     9     3    18     0     0  -150.0   33.687 -129.928   2511.9    757.6
     1     1    19     9     3    17     0     1  -151.0   33.650 -130.015   2516.6    758.4
     1     1    19     9     3    16     0     2  -152.0   33.617 -130.104   2539.4    756.0
     1     1    19     9     3    15     0     3  -153.0   33.588 -130.195   2574.7    752.3
     1     1    19     9     3    14     0     2  -154.0   33.553 -130.293   2606.8    748.1
     1     1    19     9     3    13     0     1  -155.0   33.504 -130.398   2622.2    746.4
     1     1    19     9     3    12     0     0  -156.0   33.445 -130.510   2617.0    746.5
     1     1    19     9     3    11     0     1  -157.0   33.378 -130.624   2613.3    749.3
     1     1    19     9     3    10     0     2  -158.0   33.298 -130.738   2634.2    747.7
     1     1    19     9     3     9     0     3  -159.0   33.202 -130.858   2676.1    744.1
     1     1    19     9     3     8     0     2  -160.0   33.102 -130.983   2718.2    738.8
     1     1    19     9     3     7     0     1  -161.0   33.011 -131.108   2751.5    736.5
     1     1    19     9     3     6     0     0  -162.0   32.930 -131.227   2781.6    733.7
     1     1    19     9     3     5     0     1  -163.0   32.862 -131.346   2802.5    731.2
     1     1    19     9     3     4     0     2  -164.0   32.804 -131.473   2818.5    730.6
     1     1    19     9     3     3     0     3  -165.0   32.756 -131.610   2850.2    728.5
     1     1    19     9     3     2     0     2  -166.0   32.709 -131.757   2893.8    723.2
     1     1    19     9     3     1     0     1  -167.0   32.657 -131.911   2930.6    719.4
     1     1    19     9     3     0     0     0  -168.0   32.602 -132.073   2949.1    717.1
