     7     1
    GDAS    18    12     1     0     0
    GDAS    19     1     1     0     0
    GDAS    19     2     1     0     0
    GDAS    19     3     1     0     0
    GDAS    19     4     1     0     0
    GDAS    19     5     1     0     0
    GDAS    19     6     1     0     0
     1 BACKWARD OMEGA   
    19     5    26    18   21.319 -157.670    10.0
     1 PRESSURE
     1     1    19     5    26    18     0     0     0.0   21.319 -157.670     10.0   1013.5
     1     1    19     5    26    17     0     1    -1.0   21.363 -157.446     11.5   1012.6
     1     1    19     5    26    16     0     2    -2.0   21.404 -157.235     14.0   1012.1
     1     1    19     5    26    15     0     3    -3.0   21.436 -157.037     17.5   1011.8
     1     1    19     5    26    14     0     2    -4.0   21.459 -156.839     20.9   1011.7
     1     1    19     5    26    13     0     1    -5.0   21.469 -156.629     21.7   1012.2
     1     1    19     5    26    12     0     0    -6.0   21.465 -156.407     19.5   1013.2
     1     1    19     5    26    11     0     1    -7.0   21.448 -156.172     15.9   1015.7
     1     1    19     5    26    10     0     2    -8.0   21.421 -155.922     12.2   1018.0
     1     1    19     5    26     9     0     3    -9.0   21.395 -155.659      9.8   1019.3
     1     1    19     5    26     8     0     2   -10.0   21.385 -155.390      8.6   1019.2
     1     1    19     5    26     7     0     1   -11.0   21.393 -155.120      8.5   1019.2
     1     1    19     5    26     6     0     0   -12.0   21.418 -154.849      9.1   1019.1
     1     1    19     5    26     5     0     1   -13.0   21.453 -154.586      9.8   1018.8
     1     1    19     5    26     4     0     2   -14.0   21.488 -154.334     10.2   1018.4
     1     1    19     5    26     3     0     3   -15.0   21.525 -154.096     10.4   1018.0
     1     1    19     5    26     2     0     2   -16.0   21.556 -153.861     10.5   1018.1
     1     1    19     5    26     1     0     1   -17.0   21.577 -153.621     10.5   1018.1
     1     1    19     5    26     0     0     0   -18.0   21.587 -153.373     10.5   1018.2
     1     1    19     5    25    23     0     1   -19.0   21.591 -153.119     10.5   1017.9
     1     1    19     5    25    22     0     2   -20.0   21.591 -152.859     10.5   1017.5
     1     1    19     5    25    21     0     3   -21.0   21.586 -152.591     10.5   1017.2
     1     1    19     5    25    20     0     2   -22.0   21.583 -152.308     10.5   1017.2
     1     1    19     5    25    19     0     1   -23.0   21.588 -152.008     10.5   1017.2
     1     1    19     5    25    18     0     0   -24.0   21.602 -151.692     10.5   1017.2
     1     1    19     5    25    17     0     1   -25.0   21.626 -151.370     10.5   1017.6
     1     1    19     5    25    16     0     2   -26.0   21.658 -151.048     10.5   1018.0
     1     1    19     5    25    15     0     3   -27.0   21.699 -150.726     10.5   1018.6
     1     1    19     5    25    14     0     2   -28.0   21.749 -150.401     10.4   1018.7
     1     1    19     5    25    13     0     1   -29.0   21.805 -150.068     10.2   1018.9
     1     1    19     5    25    12     0     0   -30.0   21.866 -149.727     10.0   1019.1
     1     1    19     5    25    11     0     1   -31.0   21.929 -149.381      9.9   1019.1
     1     1    19     5    25    10     0     2   -32.0   21.997 -149.031      9.9   1018.9
     1     1    19     5    25     9     0     3   -33.0   22.071 -148.677     10.0   1018.8
     1     1    19     5    25     8     0     2   -34.0   22.154 -148.323     10.5   1018.9
     1     1    19     5    25     7     0     1   -35.0   22.247 -147.970     11.3   1018.9
     1     1    19     5    25     6     0     0   -36.0   22.352 -147.617     12.2   1019.0
     1     1    19     5    25     5     0     1   -37.0   22.462 -147.269     12.9   1019.5
     1     1    19     5    25     4     0     2   -38.0   22.572 -146.935     13.3   1019.9
     1     1    19     5    25     3     0     3   -39.0   22.683 -146.614     13.4   1020.1
     1     1    19     5    25     2     0     2   -40.0   22.793 -146.302     13.4   1020.0
     1     1    19     5    25     1     0     1   -41.0   22.900 -145.991     13.4   1020.0
     1     1    19     5    25     0     0     0   -42.0   23.002 -145.683     13.4   1020.0
     1     1    19     5    24    23     0     1   -43.0   23.101 -145.378     13.4   1020.8
     1     1    19     5    24    22     0     2   -44.0   23.200 -145.071     13.4   1021.6
     1     1    19     5    24    21     0     3   -45.0   23.298 -144.761     13.4   1022.4
     1     1    19     5    24    20     0     2   -46.0   23.395 -144.446     13.4   1022.2
     1     1    19     5    24    19     0     1   -47.0   23.491 -144.127     13.4   1022.1
     1     1    19     5    24    18     0     0   -48.0   23.586 -143.802     13.4   1022.0
     1     1    19     5    24    17     0     1   -49.0   23.686 -143.474     13.4   1021.7
     1     1    19     5    24    16     0     2   -50.0   23.796 -143.145     13.4   1021.4
     1     1    19     5    24    15     0     3   -51.0   23.916 -142.816     13.4   1021.2
     1     1    19     5    24    14     0     2   -52.0   24.042 -142.485     13.4   1021.0
     1     1    19     5    24    13     0     1   -53.0   24.171 -142.153     13.4   1020.9
     1     1    19     5    24    12     0     0   -54.0   24.304 -141.818     13.4   1020.7
     1     1    19     5    24    11     0     1   -55.0   24.442 -141.481     13.4   1021.7
     1     1    19     5    24    10     0     2   -56.0   24.586 -141.145     13.4   1022.6
     1     1    19     5    24     9     0     3   -57.0   24.737 -140.811     13.4   1023.4
     1     1    19     5    24     8     0     2   -58.0   24.894 -140.482     13.4   1023.3
     1     1    19     5    24     7     0     1   -59.0   25.053 -140.159     13.4   1023.3
     1     1    19     5    24     6     0     0   -60.0   25.216 -139.844     13.4   1023.2
     1     1    19     5    24     5     0     1   -61.0   25.380 -139.536     13.5   1022.9
     1     1    19     5    24     4     0     2   -62.0   25.544 -139.236     13.8   1022.6
     1     1    19     5    24     3     0     3   -63.0   25.709 -138.942     14.3   1022.3
     1     1    19     5    24     2     0     2   -64.0   25.873 -138.652     14.8   1022.2
     1     1    19     5    24     1     0     1   -65.0   26.038 -138.366     15.0   1022.2
     1     1    19     5    24     0     0     0   -66.0   26.201 -138.084     15.0   1022.2
     1     1    19     5    23    23     0     1   -67.0   26.363 -137.803     15.0   1022.6
     1     1    19     5    23    22     0     2   -68.0   26.528 -137.522     15.0   1023.4
     1     1    19     5    23    21     0     3   -69.0   26.693 -137.239     15.0   1024.6
     1     1    19     5    23    20     0     2   -70.0   26.862 -136.959     15.0   1025.2
     1     1    19     5    23    19     0     1   -71.0   27.037 -136.689     15.0   1024.9
     1     1    19     5    23    18     0     0   -72.0   27.220 -136.429     15.0   1024.4
     1     1    19     5    23    17     0     1   -73.0   27.409 -136.178     15.0   1023.9
     1     1    19     5    23    16     0     2   -74.0   27.600 -135.936     15.0   1023.6
     1     1    19     5    23    15     0     3   -75.0   27.793 -135.701     15.0   1023.1
     1     1    19     5    23    14     0     2   -76.0   27.990 -135.471     15.0   1023.2
     1     1    19     5    23    13     0     1   -77.0   28.193 -135.246     15.0   1023.3
     1     1    19     5    23    12     0     0   -78.0   28.399 -135.023     15.0   1023.5
     1     1    19     5    23    11     0     1   -79.0   28.608 -134.807     15.0   1023.6
     1     1    19     5    23    10     0     2   -80.0   28.822 -134.598     15.0   1023.7
     1     1    19     5    23     9     0     3   -81.0   29.041 -134.397     15.0   1023.9
     1     1    19     5    23     8     0     2   -82.0   29.265 -134.203     15.3   1024.2
     1     1    19     5    23     7     0     1   -83.0   29.491 -134.015     16.0   1024.1
     1     1    19     5    23     6     0     0   -84.0   29.721 -133.833     17.4   1024.1
     1     1    19     5    23     5     0     1   -85.0   29.953 -133.660     18.8   1023.7
     1     1    19     5    23     4     0     2   -86.0   30.188 -133.496     19.7   1023.5
     1     1    19     5    23     3     0     3   -87.0   30.424 -133.343     20.1   1023.3
     1     1    19     5    23     2     0     2   -88.0   30.659 -133.200     20.1   1023.6
     1     1    19     5    23     1     0     1   -89.0   30.891 -133.064     20.1   1023.8
     1     1    19     5    23     0     0     0   -90.0   31.121 -132.934     20.1   1024.0
     1     1    19     5    22    23     0     1   -91.0   31.355 -132.807     20.2   1023.8
     1     1    19     5    22    22     0     2   -92.0   31.597 -132.679     20.7   1023.4
     1     1    19     5    22    21     0     3   -93.0   31.847 -132.546     22.0   1023.0
     1     1    19     5    22    20     0     2   -94.0   32.109 -132.417     23.7   1022.8
     1     1    19     5    22    19     0     1   -95.0   32.382 -132.305     24.9   1022.7
     1     1    19     5    22    18     0     0   -96.0   32.668 -132.206     25.3   1022.6
     1     1    19     5    22    17     0     1   -97.0   32.966 -132.119     25.3   1022.5
     1     1    19     5    22    16     0     2   -98.0   33.272 -132.045     25.3   1022.4
     1     1    19     5    22    15     0     3   -99.0   33.586 -131.982     25.3   1022.2
     1     1    19     5    22    14     0     2  -100.0   33.901 -131.936     25.3   1022.3
     1     1    19     5    22    13     0     1  -101.0   34.217 -131.910     25.3   1022.3
     1     1    19     5    22    12     0     0  -102.0   34.533 -131.901     25.3   1022.3
     1     1    19     5    22    11     0     1  -103.0   34.851 -131.910     25.3   1022.4
     1     1    19     5    22    10     0     2  -104.0   35.173 -131.938     25.3   1022.5
     1     1    19     5    22     9     0     3  -105.0   35.498 -131.986     25.3   1022.6
     1     1    19     5    22     8     0     2  -106.0   35.824 -132.050     25.4   1023.0
     1     1    19     5    22     7     0     1  -107.0   36.150 -132.131     25.6   1023.4
     1     1    19     5    22     6     0     0  -108.0   36.475 -132.230     26.6   1023.7
     1     1    19     5    22     5     0     1  -109.0   36.798 -132.352     28.4   1023.6
     1     1    19     5    22     4     0     2  -110.0   37.118 -132.497     30.0   1023.4
     1     1    19     5    22     3     0     3  -111.0   37.438 -132.664     30.6   1023.1
     1     1    19     5    22     2     0     2  -112.0   37.750 -132.851     30.6   1022.5
     1     1    19     5    22     1     0     1  -113.0   38.051 -133.056     30.6   1022.0
     1     1    19     5    22     0     0     0  -114.0   38.340 -133.276     30.6   1021.9
     1     1    19     5    21    23     0     1  -115.0   38.621 -133.501     30.6   1022.6
     1     1    19     5    21    22     0     2  -116.0   38.899 -133.724     30.6   1023.1
     1     1    19     5    21    21     0     3  -117.0   39.174 -133.946     30.6   1023.6
     1     1    19     5    21    20     0     2  -118.0   39.450 -134.173     30.6   1023.3
     1     1    19     5    21    19     0     1  -119.0   39.727 -134.413     30.6   1022.7
     1     1    19     5    21    18     0     0  -120.0   40.008 -134.667     30.6   1022.5
     1     1    19     5    21    17     0     1  -121.0   40.286 -134.936     30.9   1021.8
     1     1    19     5    21    16     0     2  -122.0   40.557 -135.223     32.0   1020.7
     1     1    19     5    21    15     0     3  -123.0   40.821 -135.527     33.8   1019.9
     1     1    19     5    21    14     0     2  -124.0   41.077 -135.840     35.9   1019.5
     1     1    19     5    21    13     0     1  -125.0   41.324 -136.159     37.4   1019.0
     1     1    19     5    21    12     0     0  -126.0   41.564 -136.485     37.8   1018.7
     1     1    19     5    21    11     0     1  -127.0   41.803 -136.818     38.2   1018.6
     1     1    19     5    21    10     0     2  -128.0   42.050 -137.151     39.5   1017.9
     1     1    19     5    21     9     0     3  -129.0   42.302 -137.484     41.8   1017.5
     1     1    19     5    21     8     0     2  -130.0   42.557 -137.820     44.9   1017.0
     1     1    19     5    21     7     0     1  -131.0   42.813 -138.164     48.7   1016.2
     1     1    19     5    21     6     0     0  -132.0   43.070 -138.516     53.3   1015.5
     1     1    19     5    21     5     0     1  -133.0   43.336 -138.884     57.7   1014.3
     1     1    19     5    21     4     0     2  -134.0   43.617 -139.274     60.5   1013.2
     1     1    19     5    21     3     0     3  -135.0   43.904 -139.684     61.5   1012.9
     1     1    19     5    21     2     0     2  -136.0   44.192 -140.108     61.5   1012.7
     1     1    19     5    21     1     0     1  -137.0   44.477 -140.540     61.5   1012.0
     1     1    19     5    21     0     0     0  -138.0   44.758 -140.980     61.5   1011.5
     1     1    19     5    20    23     0     1  -139.0   45.036 -141.423     61.5   1010.6
     1     1    19     5    20    22     0     2  -140.0   45.318 -141.866     61.5   1010.0
     1     1    19     5    20    21     0     3  -141.0   45.610 -142.306     61.6   1009.2
     1     1    19     5    20    20     0     2  -142.0   45.911 -142.738     61.7   1008.7
     1     1    19     5    20    19     0     1  -143.0   46.217 -143.159     61.8   1008.1
     1     1    19     5    20    18     0     0  -144.0   46.523 -143.571     62.0   1007.3
     1     1    19     5    20    17     0     1  -145.0   46.828 -143.955     62.1   1006.3
     1     1    19     5    20    16     0     2  -146.0   47.133 -144.302     62.1   1005.4
     1     1    19     5    20    15     0     3  -147.0   47.430 -144.619     62.1   1005.0
     1     1    19     5    20    14     0     2  -148.0   47.722 -144.911     62.1   1004.5
     1     1    19     5    20    13     0     1  -149.0   48.016 -145.181     62.1   1003.6
     1     1    19     5    20    12     0     0  -150.0   48.306 -145.420     62.1   1002.7
     1     1    19     5    20    11     0     1  -151.0   48.581 -145.594     62.1   1001.9
     1     1    19     5    20    10     0     2  -152.0   48.839 -145.675     62.2   1001.2
     1     1    19     5    20     9     0     3  -153.0   49.083 -145.666     62.3   1000.5
     1     1    19     5    20     8     0     2  -154.0   49.321 -145.568     64.5    999.4
     1     1    19     5    20     7     0     1  -155.0   49.560 -145.381     71.6    997.4
     1     1    19     5    20     6     0     0  -156.0   49.794 -145.101     81.7    994.8
     1     1    19     5    20     5     0     1  -157.0   49.996 -144.743     89.6    992.6
     1     1    19     5    20     4     0     2  -158.0   50.135 -144.327     94.5    991.4
     1     1    19     5    20     3     0     3  -159.0   50.210 -143.861     97.8    990.4
     1     1    19     5    20     2     0     2  -160.0   50.221 -143.368    101.7    990.1
     1     1    19     5    20     1     0     1  -161.0   50.171 -142.875    106.3    989.5
     1     1    19     5    20     0     0     0  -162.0   50.060 -142.392    108.5    989.3
     1     1    19     5    19    23     0     1  -163.0   49.904 -141.947    108.2    990.2
     1     1    19     5    19    22     0     2  -164.0   49.718 -141.557    107.2    991.2
     1     1    19     5    19    21     0     3  -165.0   49.513 -141.219    106.7    992.2
     1     1    19     5    19    20     0     2  -166.0   49.304 -140.943    107.3    992.9
     1     1    19     5    19    19     0     1  -167.0   49.113 -140.739    109.1    993.5
     1     1    19     5    19    18     0     0  -168.0   48.944 -140.609    112.1    994.0
