     7     1
    GDAS    19     6     1     0     0
    GDAS    19     7     1     0     0
    GDAS    19     8     1     0     0
    GDAS    19     9     1     0     0
    GDAS    19    10     1     0     0
    GDAS    19    11     1     0     0
    GDAS    19    12     1     0     0
     1 BACKWARD OMEGA   
    19     9    11    12   21.319 -157.670    10.0
     1 PRESSURE
     1     1    19     9    11    12     0     0     0.0   21.319 -157.670     10.0   1011.3
     1     1    19     9    11    11     0     1    -1.0   21.410 -157.481     36.4   1008.8
     1     1    19     9    11    10     0     2    -2.0   21.497 -157.269    114.7   1000.6
     1     1    19     9    11     9     0     3    -3.0   21.576 -157.024    244.8    986.2
     1     1    19     9    11     8     0     2    -4.0   21.646 -156.749    380.8    967.3
     1     1    19     9    11     7     0     1    -5.0   21.710 -156.460    463.9    959.1
     1     1    19     9    11     6     0     0    -6.0   21.773 -156.162    504.8    956.5
     1     1    19     9    11     5     0     1    -7.0   21.845 -155.869    519.9    955.5
     1     1    19     9    11     4     0     2    -8.0   21.938 -155.593    522.5    955.8
     1     1    19     9    11     3     0     3    -9.0   22.054 -155.335    523.7    955.9
     1     1    19     9    11     2     0     2   -10.0   22.181 -155.093    532.3    955.6
     1     1    19     9    11     1     0     1   -11.0   22.307 -154.862    548.9    953.6
     1     1    19     9    11     0     0     0   -12.0   22.429 -154.642    568.6    951.5
     1     1    19     9    10    23     0     1   -13.0   22.542 -154.426    586.5    950.1
     1     1    19     9    10    22     0     2   -14.0   22.642 -154.211    596.5    949.7
     1     1    19     9    10    21     0     3   -15.0   22.727 -154.002    594.6    950.5
     1     1    19     9    10    20     0     2   -16.0   22.808 -153.796    590.9    952.3
     1     1    19     9    10    19     0     1   -17.0   22.896 -153.587    596.3    951.6
     1     1    19     9    10    18     0     0   -18.0   22.995 -153.374    609.8    950.2
     1     1    19     9    10    17     0     1   -19.0   23.100 -153.158    626.0    947.8
     1     1    19     9    10    16     0     2   -20.0   23.197 -152.937    640.3    946.0
     1     1    19     9    10    15     0     3   -21.0   23.280 -152.712    657.8    944.2
     1     1    19     9    10    14     0     2   -22.0   23.354 -152.483    684.7    941.3
     1     1    19     9    10    13     0     1   -23.0   23.426 -152.249    718.1    937.1
     1     1    19     9    10    12     0     0   -24.0   23.496 -152.009    751.5    933.2
     1     1    19     9    10    11     0     1   -25.0   23.562 -151.758    774.4    930.2
     1     1    19     9    10    10     0     2   -26.0   23.623 -151.491    777.8    930.2
     1     1    19     9    10     9     0     3   -27.0   23.684 -151.212    761.0    932.3
     1     1    19     9    10     8     0     2   -28.0   23.755 -150.930    745.8    936.5
     1     1    19     9    10     7     0     1   -29.0   23.840 -150.649    747.5    935.8
     1     1    19     9    10     6     0     0   -30.0   23.940 -150.363    741.2    934.6
     1     1    19     9    10     5     0     1   -31.0   24.046 -150.076    708.6    937.9
     1     1    19     9    10     4     0     2   -32.0   24.149 -149.797    667.5    944.1
     1     1    19     9    10     3     0     3   -33.0   24.247 -149.527    629.9    947.6
     1     1    19     9    10     2     0     2   -34.0   24.341 -149.258    599.1    951.6
     1     1    19     9    10     1     0     1   -35.0   24.428 -148.987    573.2    953.5
     1     1    19     9    10     0     0     0   -36.0   24.513 -148.719    545.2    956.6
     1     1    19     9     9    23     0     1   -37.0   24.598 -148.443    521.0    960.4
     1     1    19     9     9    22     0     2   -38.0   24.677 -148.152    503.7    962.7
     1     1    19     9     9    21     0     3   -39.0   24.750 -147.846    494.7    964.5
     1     1    19     9     9    20     0     2   -40.0   24.832 -147.533    495.8    964.5
     1     1    19     9     9    19     0     1   -41.0   24.931 -147.223    502.2    963.6
     1     1    19     9     9    18     0     0   -42.0   25.044 -146.914    504.3    962.9
     1     1    19     9     9    17     0     1   -43.0   25.161 -146.604    503.3    963.6
     1     1    19     9     9    16     0     2   -44.0   25.274 -146.293    510.5    963.1
     1     1    19     9     9    15     0     3   -45.0   25.385 -145.983    536.5    960.4
     1     1    19     9     9    14     0     2   -46.0   25.491 -145.670    560.0    954.7
     1     1    19     9     9    13     0     1   -47.0   25.595 -145.348    555.1    955.5
     1     1    19     9     9    12     0     0   -48.0   25.688 -145.020    538.8    958.3
     1     1    19     9     9    11     0     1   -49.0   25.773 -144.683    514.2    960.6
     1     1    19     9     9    10     0     2   -50.0   25.856 -144.335    485.5    965.7
     1     1    19     9     9     9     0     3   -51.0   25.930 -143.972    473.1    968.5
     1     1    19     9     9     8     0     2   -52.0   26.015 -143.601    473.1    967.2
     1     1    19     9     9     7     0     1   -53.0   26.128 -143.228    477.2    967.2
     1     1    19     9     9     6     0     0   -54.0   26.261 -142.852    488.8    965.9
     1     1    19     9     9     5     0     1   -55.0   26.406 -142.477    506.8    963.6
     1     1    19     9     9     4     0     2   -56.0   26.560 -142.106    520.8    960.7
     1     1    19     9     9     3     0     3   -57.0   26.720 -141.737    519.1    960.5
     1     1    19     9     9     2     0     2   -58.0   26.878 -141.376    503.5    962.4
     1     1    19     9     9     1     0     1   -59.0   27.030 -141.023    481.6    965.3
     1     1    19     9     9     0     0     0   -60.0   27.187 -140.676    467.8    968.0
     1     1    19     9     8    23     0     1   -61.0   27.353 -140.329    475.5    967.7
     1     1    19     9     8    22     0     2   -62.0   27.512 -139.975    491.1    964.6
     1     1    19     9     8    21     0     3   -63.0   27.658 -139.616    485.7    964.2
     1     1    19     9     8    20     0     2   -64.0   27.803 -139.253    461.2    968.8
     1     1    19     9     8    19     0     1   -65.0   27.967 -138.880    446.3    972.8
     1     1    19     9     8    18     0     0   -66.0   28.147 -138.502    455.9    971.7
     1     1    19     9     8    17     0     1   -67.0   28.333 -138.137    476.4    967.4
     1     1    19     9     8    16     0     2   -68.0   28.511 -137.792    487.5    965.2
     1     1    19     9     8    15     0     3   -69.0   28.681 -137.462    483.0    965.6
     1     1    19     9     8    14     0     2   -70.0   28.847 -137.137    477.9    967.7
     1     1    19     9     8    13     0     1   -71.0   29.009 -136.810    487.9    966.7
     1     1    19     9     8    12     0     0   -72.0   29.167 -136.487    507.9    963.6
     1     1    19     9     8    11     0     1   -73.0   29.323 -136.170    520.1    961.5
     1     1    19     9     8    10     0     2   -74.0   29.481 -135.860    515.5    962.8
     1     1    19     9     8     9     0     3   -75.0   29.642 -135.555    499.7    965.7
     1     1    19     9     8     8     0     2   -76.0   29.804 -135.257    483.9    968.4
     1     1    19     9     8     7     0     1   -77.0   29.963 -134.967    477.7    969.4
     1     1    19     9     8     6     0     0   -78.0   30.119 -134.687    480.8    968.7
     1     1    19     9     8     5     0     1   -79.0   30.278 -134.417    487.4    967.5
     1     1    19     9     8     4     0     2   -80.0   30.440 -134.160    501.1    966.4
     1     1    19     9     8     3     0     3   -81.0   30.603 -133.917    528.6    963.2
     1     1    19     9     8     2     0     2   -82.0   30.762 -133.690    557.2    958.0
     1     1    19     9     8     1     0     1   -83.0   30.917 -133.481    574.6    956.1
     1     1    19     9     8     0     0     0   -84.0   31.067 -133.290    586.6    955.0
     1     1    19     9     7    23     0     1   -85.0   31.218 -133.110    603.8    954.2
     1     1    19     9     7    22     0     2   -86.0   31.376 -132.934    630.5    951.6
     1     1    19     9     7    21     0     3   -87.0   31.541 -132.768    654.9    947.9
     1     1    19     9     7    20     0     2   -88.0   31.709 -132.619    668.1    946.8
     1     1    19     9     7    19     0     1   -89.0   31.876 -132.492    678.9    946.5
     1     1    19     9     7    18     0     0   -90.0   32.044 -132.385    696.9    945.0
     1     1    19     9     7    17     0     1   -91.0   32.212 -132.295    714.3    941.3
     1     1    19     9     7    16     0     2   -92.0   32.377 -132.225    724.8    940.1
     1     1    19     9     7    15     0     3   -93.0   32.538 -132.178    735.1    938.8
     1     1    19     9     7    14     0     2   -94.0   32.687 -132.151    746.4    937.3
     1     1    19     9     7    13     0     1   -95.0   32.816 -132.135    758.5    935.8
     1     1    19     9     7    12     0     0   -96.0   32.925 -132.128    772.3    934.2
     1     1    19     9     7    11     0     1   -97.0   33.026 -132.120    779.5    932.7
     1     1    19     9     7    10     0     2   -98.0   33.126 -132.104    772.9    933.9
     1     1    19     9     7     9     0     3   -99.0   33.224 -132.079    755.3    936.0
     1     1    19     9     7     8     0     2  -100.0   33.322 -132.051    741.1    939.3
     1     1    19     9     7     7     0     1  -101.0   33.422 -132.030    746.3    939.2
     1     1    19     9     7     6     0     0  -102.0   33.525 -132.017    775.2    936.5
     1     1    19     9     7     5     0     1  -103.0   33.634 -132.017    820.6    930.1
     1     1    19     9     7     4     0     2  -104.0   33.750 -132.033    868.1    924.3
     1     1    19     9     7     3     0     3  -105.0   33.874 -132.065    906.4    918.9
     1     1    19     9     7     2     0     2  -106.0   33.993 -132.109    935.3    916.5
     1     1    19     9     7     1     0     1  -107.0   34.097 -132.159    962.0    913.6
     1     1    19     9     7     0     0     0  -108.0   34.184 -132.210    989.1    910.9
     1     1    19     9     6    23     0     1  -109.0   34.258 -132.257   1004.1    907.8
     1     1    19     9     6    22     0     2  -110.0   34.314 -132.290    995.0    909.2
     1     1    19     9     6    21     0     3  -111.0   34.353 -132.309    964.8    912.7
     1     1    19     9     6    20     0     2  -112.0   34.383 -132.312    938.7    918.2
     1     1    19     9     6    19     0     1  -113.0   34.418 -132.304    941.2    917.7
     1     1    19     9     6    18     0     0  -114.0   34.463 -132.285    969.2    914.3
     1     1    19     9     6    17     0     1  -115.0   34.513 -132.266   1003.6    908.3
     1     1    19     9     6    16     0     2  -116.0   34.564 -132.252   1028.0    905.5
     1     1    19     9     6    15     0     3  -117.0   34.612 -132.241   1045.5    903.6
     1     1    19     9     6    14     0     2  -118.0   34.661 -132.231   1062.8    901.9
     1     1    19     9     6    13     0     1  -119.0   34.713 -132.217   1083.8    899.3
     1     1    19     9     6    12     0     0  -120.0   34.769 -132.200   1107.9    896.3
     1     1    19     9     6    11     0     1  -121.0   34.824 -132.180   1132.1    893.8
     1     1    19     9     6    10     0     2  -122.0   34.874 -132.156   1153.5    891.8
     1     1    19     9     6     9     0     3  -123.0   34.918 -132.129   1172.3    890.0
     1     1    19     9     6     8     0     2  -124.0   34.966 -132.098   1201.0    888.1
     1     1    19     9     6     7     0     1  -125.0   35.027 -132.071   1252.0    882.6
     1     1    19     9     6     6     0     0  -126.0   35.102 -132.055   1322.3    874.7
     1     1    19     9     6     5     0     1  -127.0   35.189 -132.060   1384.9    865.6
     1     1    19     9     6     4     0     2  -128.0   35.283 -132.088   1420.3    862.2
     1     1    19     9     6     3     0     3  -129.0   35.384 -132.128   1438.6    860.7
     1     1    19     9     6     2     0     2  -130.0   35.485 -132.170   1444.0    859.9
     1     1    19     9     6     1     0     1  -131.0   35.585 -132.209   1431.6    860.6
     1     1    19     9     6     0     0     0  -132.0   35.687 -132.244   1396.5    863.8
     1     1    19     9     5    23     0     1  -133.0   35.787 -132.271   1355.0    870.2
     1     1    19     9     5    22     0     2  -134.0   35.883 -132.286   1326.7    873.6
     1     1    19     9     5    21     0     3  -135.0   35.976 -132.292   1314.9    875.3
     1     1    19     9     5    20     0     2  -136.0   36.071 -132.304   1318.1    874.5
     1     1    19     9     5    19     0     1  -137.0   36.175 -132.337   1330.8    872.7
     1     1    19     9     5    18     0     0  -138.0   36.285 -132.388   1344.1    870.7
     1     1    19     9     5    17     0     1  -139.0   36.397 -132.444   1350.7    869.4
     1     1    19     9     5    16     0     2  -140.0   36.508 -132.493   1351.8    869.3
     1     1    19     9     5    15     0     3  -141.0   36.622 -132.533   1353.4    869.1
     1     1    19     9     5    14     0     2  -142.0   36.741 -132.559   1354.1    868.5
     1     1    19     9     5    13     0     1  -143.0   36.867 -132.569   1350.3    868.8
     1     1    19     9     5    12     0     0  -144.0   37.002 -132.568   1343.1    869.4
     1     1    19     9     5    11     0     1  -145.0   37.143 -132.567   1343.1    870.6
     1     1    19     9     5    10     0     2  -146.0   37.281 -132.572   1354.4    869.0
     1     1    19     9     5     9     0     3  -147.0   37.416 -132.578   1365.8    867.4
     1     1    19     9     5     8     0     2  -148.0   37.558 -132.575   1368.5    866.8
     1     1    19     9     5     7     0     1  -149.0   37.715 -132.555   1355.8    867.8
     1     1    19     9     5     6     0     0  -150.0   37.892 -132.517   1321.5    871.0
     1     1    19     9     5     5     0     1  -151.0   38.082 -132.474   1287.4    877.1
     1     1    19     9     5     4     0     2  -152.0   38.280 -132.440   1282.7    877.7
     1     1    19     9     5     3     0     3  -153.0   38.484 -132.414   1304.4    874.8
     1     1    19     9     5     2     0     2  -154.0   38.689 -132.394   1331.5    870.4
     1     1    19     9     5     1     0     1  -155.0   38.890 -132.382   1351.2    868.7
     1     1    19     9     5     0     0     0  -156.0   39.084 -132.382   1370.0    867.2
     1     1    19     9     4    23     0     1  -157.0   39.268 -132.387   1391.7    865.3
     1     1    19     9     4    22     0     2  -158.0   39.441 -132.388   1412.4    863.1
     1     1    19     9     4    21     0     3  -159.0   39.603 -132.383   1425.9    861.8
     1     1    19     9     4    20     0     2  -160.0   39.761 -132.362   1444.6    861.5
     1     1    19     9     4    19     0     1  -161.0   39.925 -132.320   1487.2    857.6
     1     1    19     9     4    18     0     0  -162.0   40.093 -132.257   1549.3    850.3
     1     1    19     9     4    17     0     1  -163.0   40.263 -132.189   1599.3    842.6
     1     1    19     9     4    16     0     2  -164.0   40.438 -132.130   1621.6    840.5
     1     1    19     9     4    15     0     3  -165.0   40.624 -132.082   1621.8    840.5
     1     1    19     9     4    14     0     2  -166.0   40.817 -132.050   1618.7    842.4
     1     1    19     9     4    13     0     1  -167.0   41.003 -132.035   1635.4    841.4
     1     1    19     9     4    12     0     0  -168.0   41.174 -132.033   1673.6    836.9
