     7     1
    GDAS    18    12     1     0     0
    GDAS    19     1     1     0     0
    GDAS    19     2     1     0     0
    GDAS    19     3     1     0     0
    GDAS    19     4     1     0     0
    GDAS    19     5     1     0     0
    GDAS    19     6     1     0     0
     1 BACKWARD OMEGA   
    19     6    12    12   21.319 -157.670    10.0
     1 PRESSURE
     1     1    19     6    12    12     0     0     0.0   21.319 -157.670     10.0   1013.3
     1     1    19     6    12    11     0     1    -1.0   21.362 -157.502     27.0   1011.7
     1     1    19     6    12    10     0     2    -2.0   21.397 -157.316     78.5   1006.1
     1     1    19     6    12     9     0     3    -3.0   21.416 -157.121    157.3    995.2
     1     1    19     6    12     8     0     2    -4.0   21.426 -156.918    258.3    983.6
     1     1    19     6    12     7     0     1    -5.0   21.431 -156.699    369.6    970.2
     1     1    19     6    12     6     0     0    -6.0   21.422 -156.471    474.5    959.0
     1     1    19     6    12     5     0     1    -7.0   21.393 -156.241    560.6    949.4
     1     1    19     6    12     4     0     2    -8.0   21.344 -156.005    617.5    944.8
     1     1    19     6    12     3     0     3    -9.0   21.295 -155.766    655.7    941.5
     1     1    19     6    12     2     0     2   -10.0   21.251 -155.535    685.6    938.0
     1     1    19     6    12     1     0     1   -11.0   21.191 -155.319    698.3    935.8
     1     1    19     6    12     0     0     0   -12.0   21.105 -155.120    676.7    937.2
     1     1    19     6    11    23     0     1   -13.0   21.008 -154.928    634.2    945.1
     1     1    19     6    11    22     0     2   -14.0   20.919 -154.726    605.8    950.0
     1     1    19     6    11    21     0     3   -15.0   20.841 -154.506    597.9    950.4
     1     1    19     6    11    20     0     2   -16.0   20.774 -154.274    599.3    949.9
     1     1    19     6    11    19     0     1   -17.0   20.718 -154.032    603.9    949.2
     1     1    19     6    11    18     0     0   -18.0   20.671 -153.783    614.2    948.7
     1     1    19     6    11    17     0     1   -19.0   20.638 -153.530    633.6    946.3
     1     1    19     6    11    16     0     2   -20.0   20.619 -153.270    658.9    943.0
     1     1    19     6    11    15     0     3   -21.0   20.614 -152.997    688.6    939.4
     1     1    19     6    11    14     0     2   -22.0   20.618 -152.717    717.8    935.5
     1     1    19     6    11    13     0     1   -23.0   20.625 -152.437    743.8    932.9
     1     1    19     6    11    12     0     0   -24.0   20.635 -152.154    771.9    930.1
     1     1    19     6    11    11     0     1   -25.0   20.650 -151.864    801.6    927.0
     1     1    19     6    11    10     0     2   -26.0   20.674 -151.569    826.3    924.5
     1     1    19     6    11     9     0     3   -27.0   20.706 -151.269    842.3    923.3
     1     1    19     6    11     8     0     2   -28.0   20.747 -150.964    855.7    922.4
     1     1    19     6    11     7     0     1   -29.0   20.796 -150.662    871.2    920.4
     1     1    19     6    11     6     0     0   -30.0   20.855 -150.363    886.4    918.6
     1     1    19     6    11     5     0     1   -31.0   20.923 -150.071    896.7    916.8
     1     1    19     6    11     4     0     2   -32.0   20.990 -149.790    902.5    916.4
     1     1    19     6    11     3     0     3   -33.0   21.057 -149.520    908.3    915.7
     1     1    19     6    11     2     0     2   -34.0   21.121 -149.256    912.6    915.1
     1     1    19     6    11     1     0     1   -35.0   21.181 -148.997    914.6    915.1
     1     1    19     6    11     0     0     0   -36.0   21.236 -148.741    919.0    915.2
     1     1    19     6    10    23     0     1   -37.0   21.288 -148.487    927.2    914.3
     1     1    19     6    10    22     0     2   -38.0   21.340 -148.232    934.3    913.6
     1     1    19     6    10    21     0     3   -39.0   21.395 -147.980    938.3    913.5
     1     1    19     6    10    20     0     2   -40.0   21.451 -147.727    944.8    913.5
     1     1    19     6    10    19     0     1   -41.0   21.507 -147.478    958.3    911.9
     1     1    19     6    10    18     0     0   -42.0   21.566 -147.234    976.2    909.8
     1     1    19     6    10    17     0     1   -43.0   21.626 -146.996    997.1    907.3
     1     1    19     6    10    16     0     2   -44.0   21.684 -146.756   1018.1    904.6
     1     1    19     6    10    15     0     3   -45.0   21.740 -146.512   1033.1    902.4
     1     1    19     6    10    14     0     2   -46.0   21.794 -146.264   1040.0    901.8
     1     1    19     6    10    13     0     1   -47.0   21.844 -146.011   1037.6    901.9
     1     1    19     6    10    12     0     0   -48.0   21.893 -145.751   1025.8    903.4
     1     1    19     6    10    11     0     1   -49.0   21.942 -145.484   1015.0    905.7
     1     1    19     6    10    10     0     2   -50.0   21.996 -145.211   1015.3    906.0
     1     1    19     6    10     9     0     3   -51.0   22.053 -144.935   1028.4    904.9
     1     1    19     6    10     8     0     2   -52.0   22.115 -144.659   1047.3    902.1
     1     1    19     6    10     7     0     1   -53.0   22.181 -144.387   1066.5    900.1
     1     1    19     6    10     6     0     0   -54.0   22.253 -144.122   1087.6    898.0
     1     1    19     6    10     5     0     1   -55.0   22.323 -143.865   1109.4    895.1
     1     1    19     6    10     4     0     2   -56.0   22.383 -143.615   1129.8    892.7
     1     1    19     6    10     3     0     3   -57.0   22.432 -143.372   1148.9    890.4
     1     1    19     6    10     2     0     2   -58.0   22.471 -143.130   1168.2    888.7
     1     1    19     6    10     1     0     1   -59.0   22.505 -142.885   1189.2    886.6
     1     1    19     6    10     0     0     0   -60.0   22.535 -142.636   1212.2    884.2
     1     1    19     6     9    23     0     1   -61.0   22.563 -142.381   1237.3    881.7
     1     1    19     6     9    22     0     2   -62.0   22.592 -142.119   1265.0    879.0
     1     1    19     6     9    21     0     3   -63.0   22.622 -141.849   1294.2    876.0
     1     1    19     6     9    20     0     2   -64.0   22.655 -141.573   1321.3    873.0
     1     1    19     6     9    19     0     1   -65.0   22.695 -141.292   1343.8    870.9
     1     1    19     6     9    18     0     0   -66.0   22.744 -141.004   1362.0    869.2
     1     1    19     6     9    17     0     1   -67.0   22.798 -140.716   1378.7    867.5
     1     1    19     6     9    16     0     2   -68.0   22.851 -140.432   1396.3    865.4
     1     1    19     6     9    15     0     3   -69.0   22.904 -140.148   1413.5    863.4
     1     1    19     6     9    14     0     2   -70.0   22.960 -139.863   1426.9    861.7
     1     1    19     6     9    13     0     1   -71.0   23.023 -139.580   1436.2    860.9
     1     1    19     6     9    12     0     0   -72.0   23.091 -139.301   1448.3    860.0
     1     1    19     6     9    11     0     1   -73.0   23.160 -139.032   1463.8    858.3
     1     1    19     6     9    10     0     2   -74.0   23.228 -138.773   1477.2    856.9
     1     1    19     6     9     9     0     3   -75.0   23.290 -138.518   1484.7    856.2
     1     1    19     6     9     8     0     2   -76.0   23.345 -138.270   1489.2    856.2
     1     1    19     6     9     7     0     1   -77.0   23.392 -138.033   1493.4    855.5
     1     1    19     6     9     6     0     0   -78.0   23.433 -137.807   1495.2    855.2
     1     1    19     6     9     5     0     1   -79.0   23.466 -137.587   1497.6    855.1
     1     1    19     6     9     4     0     2   -80.0   23.488 -137.369   1502.6    854.2
     1     1    19     6     9     3     0     3   -81.0   23.500 -137.152   1507.3    853.2
     1     1    19     6     9     2     0     2   -82.0   23.506 -136.927   1510.2    852.8
     1     1    19     6     9     1     0     1   -83.0   23.507 -136.690   1513.3    852.6
     1     1    19     6     9     0     0     0   -84.0   23.505 -136.439   1520.5    851.9
     1     1    19     6     8    23     0     1   -85.0   23.506 -136.173   1533.1    850.7
     1     1    19     6     8    22     0     2   -86.0   23.518 -135.891   1549.2    848.9
     1     1    19     6     8    21     0     3   -87.0   23.542 -135.596   1566.3    847.2
     1     1    19     6     8    20     0     2   -88.0   23.578 -135.293   1584.8    845.4
     1     1    19     6     8    19     0     1   -89.0   23.627 -134.984   1605.7    843.4
     1     1    19     6     8    18     0     0   -90.0   23.689 -134.674   1629.0    841.0
     1     1    19     6     8    17     0     1   -91.0   23.762 -134.371   1649.7    838.3
     1     1    19     6     8    16     0     2   -92.0   23.846 -134.081   1662.5    836.7
     1     1    19     6     8    15     0     3   -93.0   23.938 -133.801   1667.3    836.0
     1     1    19     6     8    14     0     2   -94.0   24.031 -133.528   1667.0    836.2
     1     1    19     6     8    13     0     1   -95.0   24.119 -133.259   1670.1    836.4
     1     1    19     6     8    12     0     0   -96.0   24.204 -132.994   1687.2    835.0
     1     1    19     6     8    11     0     1   -97.0   24.290 -132.735   1713.2    831.8
     1     1    19     6     8    10     0     2   -98.0   24.383 -132.482   1740.1    829.5
     1     1    19     6     8     9     0     3   -99.0   24.481 -132.233   1769.3    827.0
     1     1    19     6     8     8     0     2  -100.0   24.584 -131.984   1797.1    824.0
     1     1    19     6     8     7     0     1  -101.0   24.691 -131.730   1817.7    821.9
     1     1    19     6     8     6     0     0  -102.0   24.803 -131.472   1827.8    820.9
     1     1    19     6     8     5     0     1  -103.0   24.919 -131.214   1821.2    820.8
     1     1    19     6     8     4     0     2  -104.0   25.040 -130.959   1792.9    823.2
     1     1    19     6     8     3     0     3  -105.0   25.167 -130.707   1750.3    827.8
     1     1    19     6     8     2     0     2  -106.0   25.299 -130.450   1719.8    832.4
     1     1    19     6     8     1     0     1  -107.0   25.440 -130.187   1720.6    832.3
     1     1    19     6     8     0     0     0  -108.0   25.589 -129.922   1755.2    829.1
     1     1    19     6     7    23     0     1  -109.0   25.740 -129.668   1809.3    822.6
     1     1    19     6     7    22     0     2  -110.0   25.887 -129.428   1858.1    817.6
     1     1    19     6     7    21     0     3  -111.0   26.029 -129.198   1886.6    814.3
     1     1    19     6     7    20     0     2  -112.0   26.173 -128.972   1891.5    814.2
     1     1    19     6     7    19     0     1  -113.0   26.323 -128.744   1884.0    815.6
     1     1    19     6     7    18     0     0  -114.0   26.481 -128.511   1872.1    816.9
     1     1    19     6     7    17     0     1  -115.0   26.650 -128.278   1861.8    818.1
     1     1    19     6     7    16     0     2  -116.0   26.832 -128.050   1856.9    818.1
     1     1    19     6     7    15     0     3  -117.0   27.027 -127.829   1854.6    817.8
     1     1    19     6     7    14     0     2  -118.0   27.227 -127.620   1850.3    817.9
     1     1    19     6     7    13     0     1  -119.0   27.428 -127.429   1843.1    818.6
     1     1    19     6     7    12     0     0  -120.0   27.628 -127.251   1834.8    819.4
     1     1    19     6     7    11     0     1  -121.0   27.825 -127.077   1828.2    820.4
     1     1    19     6     7    10     0     2  -122.0   28.018 -126.899   1825.9    820.9
     1     1    19     6     7     9     0     3  -123.0   28.208 -126.717   1829.0    820.8
     1     1    19     6     7     8     0     2  -124.0   28.398 -126.536   1837.5    820.0
     1     1    19     6     7     7     0     1  -125.0   28.593 -126.354   1850.0    818.9
     1     1    19     6     7     6     0     0  -126.0   28.791 -126.166   1864.4    817.5
     1     1    19     6     7     5     0     1  -127.0   28.997 -125.978   1876.6    815.7
     1     1    19     6     7     4     0     2  -128.0   29.209 -125.803   1882.7    814.9
     1     1    19     6     7     3     0     3  -129.0   29.426 -125.642   1881.7    814.8
     1     1    19     6     7     2     0     2  -130.0   29.645 -125.494   1876.9    815.6
     1     1    19     6     7     1     0     1  -131.0   29.861 -125.361   1872.3    816.2
     1     1    19     6     7     0     0     0  -132.0   30.077 -125.240   1869.2    816.6
     1     1    19     6     6    23     0     1  -133.0   30.293 -125.133   1869.8    816.8
     1     1    19     6     6    22     0     2  -134.0   30.506 -125.038   1875.3    816.4
     1     1    19     6     6    21     0     3  -135.0   30.719 -124.952   1885.1    815.6
     1     1    19     6     6    20     0     2  -136.0   30.933 -124.868   1898.0    814.2
     1     1    19     6     6    19     0     1  -137.0   31.144 -124.784   1912.5    812.7
     1     1    19     6     6    18     0     0  -138.0   31.349 -124.700   1926.2    811.2
     1     1    19     6     6    17     0     1  -139.0   31.556 -124.620   1933.4    809.8
     1     1    19     6     6    16     0     2  -140.0   31.777 -124.543   1930.3    809.9
     1     1    19     6     6    15     0     3  -141.0   32.017 -124.462   1917.9    811.0
     1     1    19     6     6    14     0     2  -142.0   32.269 -124.388   1899.9    812.8
     1     1    19     6     6    13     0     1  -143.0   32.526 -124.328   1877.4    814.6
     1     1    19     6     6    12     0     0  -144.0   32.796 -124.269   1847.1    817.2
     1     1    19     6     6    11     0     1  -145.0   33.086 -124.218   1817.9    821.1
     1     1    19     6     6    10     0     2  -146.0   33.388 -124.196   1804.4    822.7
     1     1    19     6     6     9     0     3  -147.0   33.700 -124.198   1807.9    822.3
     1     1    19     6     6     8     0     2  -148.0   34.026 -124.215   1820.0    820.7
     1     1    19     6     6     7     0     1  -149.0   34.359 -124.248   1835.1    819.5
     1     1    19     6     6     6     0     0  -150.0   34.700 -124.298   1852.7    817.9
     1     1    19     6     6     5     0     1  -151.0   35.042 -124.370   1868.8    815.9
     1     1    19     6     6     4     0     2  -152.0   35.369 -124.474   1878.7    814.7
     1     1    19     6     6     3     0     3  -153.0   35.686 -124.599   1887.5    814.4
     1     1    19     6     6     2     0     2  -154.0   35.992 -124.735   1905.8    813.2
     1     1    19     6     6     1     0     1  -155.0   36.282 -124.880   1934.3    810.3
     1     1    19     6     6     0     0     0  -156.0   36.566 -125.028   1966.1    807.1
     1     1    19     6     5    23     0     1  -157.0   36.838 -125.179   1997.5    804.2
     1     1    19     6     5    22     0     2  -158.0   37.086 -125.336   2029.2    801.4
     1     1    19     6     5    21     0     3  -159.0   37.313 -125.501   2065.1    798.5
     1     1    19     6     5    20     0     2  -160.0   37.527 -125.672   2110.5    794.5
     1     1    19     6     5    19     0     1  -161.0   37.741 -125.849   2167.5    789.1
     1     1    19     6     5    18     0     0  -162.0   37.964 -126.026   2235.5    782.9
     1     1    19     6     5    17     0     1  -163.0   38.180 -126.214   2309.9    775.4
     1     1    19     6     5    16     0     2  -164.0   38.375 -126.427   2384.3    768.3
     1     1    19     6     5    15     0     3  -165.0   38.559 -126.659   2459.1    761.4
     1     1    19     6     5    14     0     2  -166.0   38.736 -126.910   2532.7    754.4
     1     1    19     6     5    13     0     1  -167.0   38.902 -127.181   2602.5    748.1
     1     1    19     6     5    12     0     0  -168.0   39.055 -127.471   2666.8    742.3
