     7     1
    GDAS    19     6     1     0     0
    GDAS    19     7     1     0     0
    GDAS    19     8     1     0     0
    GDAS    19     9     1     0     0
    GDAS    19    10     1     0     0
    GDAS    19    11     1     0     0
    GDAS    19    12     1     0     0
     1 BACKWARD OMEGA   
    19     8     8    18   21.319 -157.670    10.0
     1 PRESSURE
     1     1    19     8     8    18     0     0     0.0   21.319 -157.670     10.0   1013.7
     1     1    19     8     8    17     0     1    -1.0   21.327 -157.595     16.6   1011.1
     1     1    19     8     8    16     0     2    -2.0   21.335 -157.526     28.3   1007.9
     1     1    19     8     8    15     0     3    -3.0   21.342 -157.459     46.7   1004.8
     1     1    19     8     8    14     0     2    -4.0   21.347 -157.393     71.5   1001.9
     1     1    19     8     8    13     0     1    -5.0   21.344 -157.325     99.7    998.3
     1     1    19     8     8    12     0     0    -6.0   21.333 -157.256    129.1    995.0
     1     1    19     8     8    11     0     1    -7.0   21.318 -157.178    164.0    991.4
     1     1    19     8     8    10     0     2    -8.0   21.300 -157.081    212.0    985.9
     1     1    19     8     8     9     0     3    -9.0   21.281 -156.966    278.3    979.3
     1     1    19     8     8     8     0     2   -10.0   21.260 -156.839    351.8    970.0
     1     1    19     8     8     7     0     1   -11.0   21.234 -156.701    423.4    963.3
     1     1    19     8     8     6     0     0   -12.0   21.198 -156.550    496.3    956.1
     1     1    19     8     8     5     0     1   -13.0   21.152 -156.391    563.9    948.2
     1     1    19     8     8     4     0     2   -14.0   21.096 -156.221    622.3    943.5
     1     1    19     8     8     3     0     3   -15.0   21.033 -156.035    680.2    938.2
     1     1    19     8     8     2     0     2   -16.0   20.968 -155.843    746.7    932.2
     1     1    19     8     8     1     0     1   -17.0   20.906 -155.663    821.5    923.8
     1     1    19     8     8     0     0     0   -18.0   20.843 -155.490    897.0    916.0
     1     1    19     8     7    23     0     1   -19.0   20.779 -155.319    967.3    908.0
     1     1    19     8     7    22     0     2   -20.0   20.716 -155.143   1031.3    901.8
     1     1    19     8     7    21     0     3   -21.0   20.648 -154.955   1091.5    895.8
     1     1    19     8     7    20     0     2   -22.0   20.582 -154.763   1140.1    890.2
     1     1    19     8     7    19     0     1   -23.0   20.523 -154.567   1175.8    887.0
     1     1    19     8     7    18     0     0   -24.0   20.472 -154.364   1208.9    883.9
     1     1    19     8     7    17     0     1   -25.0   20.444 -154.155   1243.8    879.8
     1     1    19     8     7    16     0     2   -26.0   20.449 -153.945   1277.7    875.7
     1     1    19     8     7    15     0     3   -27.0   20.481 -153.737   1300.8    872.2
     1     1    19     8     7    14     0     2   -28.0   20.522 -153.529   1309.4    871.9
     1     1    19     8     7    13     0     1   -29.0   20.566 -153.320   1311.2    872.6
     1     1    19     8     7    12     0     0   -30.0   20.615 -153.106   1315.3    873.0
     1     1    19     8     7    11     0     1   -31.0   20.671 -152.891   1322.8    872.3
     1     1    19     8     7    10     0     2   -32.0   20.732 -152.684   1327.6    872.0
     1     1    19     8     7     9     0     3   -33.0   20.795 -152.484   1325.1    872.5
     1     1    19     8     7     8     0     2   -34.0   20.860 -152.288   1316.3    873.6
     1     1    19     8     7     7     0     1   -35.0   20.924 -152.089   1307.8    874.7
     1     1    19     8     7     6     0     0   -36.0   20.987 -151.889   1306.2    875.1
     1     1    19     8     7     5     0     1   -37.0   21.049 -151.688   1311.3    874.1
     1     1    19     8     7     4     0     2   -38.0   21.110 -151.490   1319.3    872.9
     1     1    19     8     7     3     0     3   -39.0   21.169 -151.295   1327.3    871.7
     1     1    19     8     7     2     0     2   -40.0   21.219 -151.099   1334.5    871.1
     1     1    19     8     7     1     0     1   -41.0   21.255 -150.896   1344.0    870.3
     1     1    19     8     7     0     0     0   -42.0   21.276 -150.687   1358.8    869.0
     1     1    19     8     6    23     0     1   -43.0   21.289 -150.469   1384.6    867.1
     1     1    19     8     6    22     0     2   -44.0   21.304 -150.244   1424.5    863.3
     1     1    19     8     6    21     0     3   -45.0   21.326 -150.011   1475.9    858.5
     1     1    19     8     6    20     0     2   -46.0   21.357 -149.774   1512.7    852.3
     1     1    19     8     6    19     0     1   -47.0   21.395 -149.534   1519.0    852.5
     1     1    19     8     6    18     0     0   -48.0   21.438 -149.287   1513.4    854.1
     1     1    19     8     6    17     0     1   -49.0   21.485 -149.037   1512.4    854.6
     1     1    19     8     6    16     0     2   -50.0   21.536 -148.790   1519.9    853.1
     1     1    19     8     6    15     0     3   -51.0   21.591 -148.545   1531.3    851.4
     1     1    19     8     6    14     0     2   -52.0   21.645 -148.299   1542.8    849.9
     1     1    19     8     6    13     0     1   -53.0   21.695 -148.045   1553.5    848.8
     1     1    19     8     6    12     0     0   -54.0   21.739 -147.788   1563.9    847.6
     1     1    19     8     6    11     0     1   -55.0   21.783 -147.528   1574.6    847.0
     1     1    19     8     6    10     0     2   -56.0   21.829 -147.268   1577.7    846.2
     1     1    19     8     6     9     0     3   -57.0   21.873 -147.008   1553.9    848.0
     1     1    19     8     6     8     0     2   -58.0   21.922 -146.743   1526.4    854.3
     1     1    19     8     6     7     0     1   -59.0   21.985 -146.473   1524.8    854.3
     1     1    19     8     6     6     0     0   -60.0   22.060 -146.208   1543.9    852.3
     1     1    19     8     6     5     0     1   -61.0   22.140 -145.953   1561.9    848.2
     1     1    19     8     6     4     0     2   -62.0   22.219 -145.701   1562.5    848.4
     1     1    19     8     6     3     0     3   -63.0   22.296 -145.449   1552.0    849.4
     1     1    19     8     6     2     0     2   -64.0   22.371 -145.193   1540.4    851.5
     1     1    19     8     6     1     0     1   -65.0   22.445 -144.938   1532.9    852.1
     1     1    19     8     6     0     0     0   -66.0   22.516 -144.690   1527.0    852.9
     1     1    19     8     5    23     0     1   -67.0   22.587 -144.447   1520.1    853.6
     1     1    19     8     5    22     0     2   -68.0   22.657 -144.199   1519.0    854.9
     1     1    19     8     5    21     0     3   -69.0   22.723 -143.945   1540.0    853.7
     1     1    19     8     5    20     0     2   -70.0   22.798 -143.692   1569.2    848.6
     1     1    19     8     5    19     0     1   -71.0   22.888 -143.446   1587.5    847.0
     1     1    19     8     5    18     0     0   -72.0   22.989 -143.206   1596.2    846.1
     1     1    19     8     5    17     0     1   -73.0   23.096 -142.971   1598.1    846.0
     1     1    19     8     5    16     0     2   -74.0   23.209 -142.745   1593.0    845.8
     1     1    19     8     5    15     0     3   -75.0   23.328 -142.528   1576.1    847.1
     1     1    19     8     5    14     0     2   -76.0   23.447 -142.313   1558.8    850.1
     1     1    19     8     5    13     0     1   -77.0   23.563 -142.099   1556.2    850.6
     1     1    19     8     5    12     0     0   -78.0   23.672 -141.887   1571.6    849.1
     1     1    19     8     5    11     0     1   -79.0   23.775 -141.682   1599.7    845.9
     1     1    19     8     5    10     0     2   -80.0   23.872 -141.482   1625.7    842.6
     1     1    19     8     5     9     0     3   -81.0   23.962 -141.284   1630.1    841.3
     1     1    19     8     5     8     0     2   -82.0   24.048 -141.081   1619.7    844.1
     1     1    19     8     5     7     0     1   -83.0   24.136 -140.873   1624.7    844.9
     1     1    19     8     5     6     0     0   -84.0   24.228 -140.657   1656.4    841.5
     1     1    19     8     5     5     0     1   -85.0   24.330 -140.439   1690.9    835.8
     1     1    19     8     5     4     0     2   -86.0   24.443 -140.218   1710.3    834.1
     1     1    19     8     5     3     0     3   -87.0   24.565 -139.990   1724.2    833.2
     1     1    19     8     5     2     0     2   -88.0   24.697 -139.763   1738.9    831.8
     1     1    19     8     5     1     0     1   -89.0   24.839 -139.542   1753.6    830.2
     1     1    19     8     5     0     0     0   -90.0   24.993 -139.326   1765.1    828.8
     1     1    19     8     4    23     0     1   -91.0   25.158 -139.116   1781.3    828.6
     1     1    19     8     4    22     0     2   -92.0   25.330 -138.920   1814.8    826.0
     1     1    19     8     4    21     0     3   -93.0   25.508 -138.736   1866.3    821.1
     1     1    19     8     4    20     0     2   -94.0   25.688 -138.574   1915.7    814.7
     1     1    19     8     4    19     0     1   -95.0   25.867 -138.436   1944.1    811.9
     1     1    19     8     4    18     0     0   -96.0   26.047 -138.310   1948.9    811.4
     1     1    19     8     4    17     0     1   -97.0   26.233 -138.199   1958.2    813.1
     1     1    19     8     4    16     0     2   -98.0   26.431 -138.115   1999.5    808.6
     1     1    19     8     4    15     0     3   -99.0   26.641 -138.062   2065.5    801.5
     1     1    19     8     4    14     0     2  -100.0   26.849 -138.039   2133.9    793.6
     1     1    19     8     4    13     0     1  -101.0   27.037 -138.040   2196.1    788.6
     1     1    19     8     4    12     0     0  -102.0   27.197 -138.067   2255.4    782.9
     1     1    19     8     4    11     0     1  -103.0   27.335 -138.105   2298.4    778.1
     1     1    19     8     4    10     0     2  -104.0   27.460 -138.137   2319.6    776.7
     1     1    19     8     4     9     0     3  -105.0   27.574 -138.160   2325.8    776.7
     1     1    19     8     4     8     0     2  -106.0   27.684 -138.177   2331.5    777.4
     1     1    19     8     4     7     0     1  -107.0   27.795 -138.189   2348.8    776.0
     1     1    19     8     4     6     0     0  -108.0   27.906 -138.200   2377.8    773.4
     1     1    19     8     4     5     0     1  -109.0   28.015 -138.219   2403.3    769.3
     1     1    19     8     4     4     0     2  -110.0   28.121 -138.245   2411.0    768.3
     1     1    19     8     4     3     0     3  -111.0   28.224 -138.274   2402.5    768.8
     1     1    19     8     4     2     0     2  -112.0   28.321 -138.301   2397.0    771.1
     1     1    19     8     4     1     0     1  -113.0   28.409 -138.328   2412.6    769.4
     1     1    19     8     4     0     0     0  -114.0   28.489 -138.359   2444.6    766.2
     1     1    19     8     3    23     0     1  -115.0   28.561 -138.393   2481.3    762.3
     1     1    19     8     3    22     0     2  -116.0   28.627 -138.427   2512.4    759.7
     1     1    19     8     3    21     0     3  -117.0   28.688 -138.463   2536.5    757.7
     1     1    19     8     3    20     0     2  -118.0   28.749 -138.505   2556.0    756.2
     1     1    19     8     3    19     0     1  -119.0   28.814 -138.561   2575.2    754.6
     1     1    19     8     3    18     0     0  -120.0   28.880 -138.631   2596.8    752.8
     1     1    19     8     3    17     0     1  -121.0   28.940 -138.719   2621.2    750.2
     1     1    19     8     3    16     0     2  -122.0   28.985 -138.823   2644.4    747.6
     1     1    19     8     3    15     0     3  -123.0   29.014 -138.939   2658.7    745.7
     1     1    19     8     3    14     0     2  -124.0   29.023 -139.064   2662.9    745.7
     1     1    19     8     3    13     0     1  -125.0   29.011 -139.195   2664.0    746.0
     1     1    19     8     3    12     0     0  -126.0   28.974 -139.329   2664.4    746.0
     1     1    19     8     3    11     0     1  -127.0   28.909 -139.444   2655.3    746.2
     1     1    19     8     3    10     0     2  -128.0   28.823 -139.524   2630.2    748.9
     1     1    19     8     3     9     0     3  -129.0   28.721 -139.571   2595.3    752.6
     1     1    19     8     3     8     0     2  -130.0   28.619 -139.593   2563.6    756.6
     1     1    19     8     3     7     0     1  -131.0   28.528 -139.602   2536.3    758.6
     1     1    19     8     3     6     0     0  -132.0   28.444 -139.597   2500.9    761.5
     1     1    19     8     3     5     0     1  -133.0   28.369 -139.583   2465.1    765.6
     1     1    19     8     3     4     0     2  -134.0   28.301 -139.570   2445.4    767.4
     1     1    19     8     3     3     0     3  -135.0   28.242 -139.557   2448.3    767.0
     1     1    19     8     3     2     0     2  -136.0   28.184 -139.550   2457.7    764.5
     1     1    19     8     3     1     0     1  -137.0   28.119 -139.546   2456.0    764.8
     1     1    19     8     3     0     0     0  -138.0   28.047 -139.544   2442.0    766.1
     1     1    19     8     2    23     0     1  -139.0   27.971 -139.539   2431.4    768.7
     1     1    19     8     2    22     0     2  -140.0   27.894 -139.532   2441.5    768.0
     1     1    19     8     2    21     0     3  -141.0   27.816 -139.523   2474.5    765.2
     1     1    19     8     2    20     0     2  -142.0   27.733 -139.514   2515.0    759.9
     1     1    19     8     2    19     0     1  -143.0   27.646 -139.499   2546.6    757.0
     1     1    19     8     2    18     0     0  -144.0   27.553 -139.478   2570.3    754.9
     1     1    19     8     2    17     0     1  -145.0   27.459 -139.450   2593.9    752.9
     1     1    19     8     2    16     0     2  -146.0   27.364 -139.417   2624.0    749.7
     1     1    19     8     2    15     0     3  -147.0   27.269 -139.380   2658.9    746.0
     1     1    19     8     2    14     0     2  -148.0   27.175 -139.341   2698.2    742.5
     1     1    19     8     2    13     0     1  -149.0   27.088 -139.299   2741.7    738.6
     1     1    19     8     2    12     0     0  -150.0   27.006 -139.258   2788.6    734.3
     1     1    19     8     2    11     0     1  -151.0   26.927 -139.224   2819.2    730.2
     1     1    19     8     2    10     0     2  -152.0   26.850 -139.195   2817.9    730.9
     1     1    19     8     2     9     0     3  -153.0   26.776 -139.165   2786.3    734.2
     1     1    19     8     2     8     0     2  -154.0   26.705 -139.129   2750.6    739.9
     1     1    19     8     2     7     0     1  -155.0   26.634 -139.089   2736.6    741.2
     1     1    19     8     2     6     0     0  -156.0   26.562 -139.045   2742.5    740.7
     1     1    19     8     2     5     0     1  -157.0   26.490 -139.001   2755.3    738.1
     1     1    19     8     2     4     0     2  -158.0   26.421 -138.960   2762.9    737.0
     1     1    19     8     2     3     0     3  -159.0   26.356 -138.921   2764.1    736.4
     1     1    19     8     2     2     0     2  -160.0   26.292 -138.880   2756.0    736.9
     1     1    19     8     2     1     0     1  -161.0   26.222 -138.826   2735.7    738.7
     1     1    19     8     2     0     0     0  -162.0   26.149 -138.764   2704.5    741.6
     1     1    19     8     1    23     0     1  -163.0   26.075 -138.690   2674.7    745.5
     1     1    19     8     1    22     0     2  -164.0   25.999 -138.608   2657.4    747.3
     1     1    19     8     1    21     0     3  -165.0   25.916 -138.518   2650.9    748.0
     1     1    19     8     1    20     0     2  -166.0   25.832 -138.421   2649.3    747.8
     1     1    19     8     1    19     0     1  -167.0   25.752 -138.322   2649.8    747.9
     1     1    19     8     1    18     0     0  -168.0   25.679 -138.219   2654.0    747.6
