     7     1
    GDAS    18    12     1     0     0
    GDAS    19     1     1     0     0
    GDAS    19     2     1     0     0
    GDAS    19     3     1     0     0
    GDAS    19     4     1     0     0
    GDAS    19     5     1     0     0
    GDAS    19     6     1     0     0
     1 BACKWARD OMEGA   
    19     4    19    18   21.319 -157.670    10.0
     1 PRESSURE
     1     1    19     4    19    18     0     0     0.0   21.319 -157.670     10.0   1017.7
     1     1    19     4    19    17     0     1    -1.0   21.389 -157.450     10.9   1016.3
     1     1    19     4    19    16     0     2    -2.0   21.445 -157.219     12.4   1014.9
     1     1    19     4    19    15     0     3    -3.0   21.486 -156.980     14.5   1013.6
     1     1    19     4    19    14     0     2    -4.0   21.509 -156.734     16.2   1014.2
     1     1    19     4    19    13     0     1    -5.0   21.514 -156.485     16.5   1015.3
     1     1    19     4    19    12     0     0    -6.0   21.504 -156.232     15.2   1017.0
     1     1    19     4    19    11     0     1    -7.0   21.477 -155.976     13.0   1019.1
     1     1    19     4    19    10     0     2    -8.0   21.439 -155.719     11.3   1019.8
     1     1    19     4    19     9     0     3    -9.0   21.403 -155.458     10.4   1020.4
     1     1    19     4    19     8     0     2   -10.0   21.372 -155.193     10.3   1020.2
     1     1    19     4    19     7     0     1   -11.0   21.352 -154.922     10.7   1019.9
     1     1    19     4    19     6     0     0   -12.0   21.344 -154.647     11.5   1019.5
     1     1    19     4    19     5     0     1   -13.0   21.341 -154.371     12.2   1018.9
     1     1    19     4    19     4     0     2   -14.0   21.343 -154.099     12.8   1018.8
     1     1    19     4    19     3     0     3   -15.0   21.352 -153.831     13.0   1018.8
     1     1    19     4    19     2     0     2   -16.0   21.368 -153.560     13.0   1018.0
     1     1    19     4    19     1     0     1   -17.0   21.389 -153.283     13.0   1017.5
     1     1    19     4    19     0     0     0   -18.0   21.417 -153.001     13.0   1017.3
     1     1    19     4    18    23     0     1   -19.0   21.452 -152.717     13.0   1018.4
     1     1    19     4    18    22     0     2   -20.0   21.496 -152.432     13.0   1019.4
     1     1    19     4    18    21     0     3   -21.0   21.546 -152.150     13.0   1020.2
     1     1    19     4    18    20     0     2   -22.0   21.601 -151.873     13.1   1019.6
     1     1    19     4    18    19     0     1   -23.0   21.658 -151.605     13.5   1018.9
     1     1    19     4    18    18     0     0   -24.0   21.716 -151.344     14.0   1018.2
     1     1    19     4    18    17     0     1   -25.0   21.774 -151.088     14.3   1018.2
     1     1    19     4    18    16     0     2   -26.0   21.833 -150.834     14.4   1018.6
     1     1    19     4    18    15     0     3   -27.0   21.891 -150.584     14.4   1019.1
     1     1    19     4    18    14     0     2   -28.0   21.946 -150.339     14.4   1018.7
     1     1    19     4    18    13     0     1   -29.0   21.995 -150.097     14.4   1018.1
     1     1    19     4    18    12     0     0   -30.0   22.035 -149.858     14.4   1017.5
     1     1    19     4    18    11     0     1   -31.0   22.072 -149.614     14.4   1018.0
     1     1    19     4    18    10     0     2   -32.0   22.111 -149.364     14.4   1018.4
     1     1    19     4    18     9     0     3   -33.0   22.152 -149.109     14.4   1018.9
     1     1    19     4    18     8     0     2   -34.0   22.198 -148.851     14.4   1019.3
     1     1    19     4    18     7     0     1   -35.0   22.250 -148.593     14.4   1019.7
     1     1    19     4    18     6     0     0   -36.0   22.311 -148.336     14.4   1020.1
     1     1    19     4    18     5     0     1   -37.0   22.381 -148.083     14.4   1019.0
     1     1    19     4    18     4     0     2   -38.0   22.453 -147.834     14.4   1018.0
     1     1    19     4    18     3     0     3   -39.0   22.527 -147.592     14.4   1016.9
     1     1    19     4    18     2     0     2   -40.0   22.599 -147.354     14.4   1017.4
     1     1    19     4    18     1     0     1   -41.0   22.667 -147.119     14.3   1017.9
     1     1    19     4    18     0     0     0   -42.0   22.731 -146.887     14.3   1018.4
     1     1    19     4    17    23     0     1   -43.0   22.788 -146.652     14.3   1018.5
     1     1    19     4    17    22     0     2   -44.0   22.835 -146.413     14.3   1018.6
     1     1    19     4    17    21     0     3   -45.0   22.872 -146.172     14.3   1018.7
     1     1    19     4    17    20     0     2   -46.0   22.905 -145.932     14.3   1019.1
     1     1    19     4    17    19     0     1   -47.0   22.939 -145.693     14.3   1019.4
     1     1    19     4    17    18     0     0   -48.0   22.973 -145.455     14.3   1019.7
     1     1    19     4    17    17     0     1   -49.0   23.009 -145.215     14.3   1019.6
     1     1    19     4    17    16     0     2   -50.0   23.049 -144.973     14.3   1019.5
     1     1    19     4    17    15     0     3   -51.0   23.094 -144.727     14.3   1019.4
     1     1    19     4    17    14     0     2   -52.0   23.141 -144.480     14.3   1018.7
     1     1    19     4    17    13     0     1   -53.0   23.189 -144.235     14.3   1018.1
     1     1    19     4    17    12     0     0   -54.0   23.237 -143.993     14.3   1017.7
     1     1    19     4    17    11     0     1   -55.0   23.287 -143.747     14.3   1018.7
     1     1    19     4    17    10     0     2   -56.0   23.340 -143.493     14.3   1019.5
     1     1    19     4    17     9     0     3   -57.0   23.394 -143.234     14.3   1020.2
     1     1    19     4    17     8     0     2   -58.0   23.449 -142.973     14.3   1020.4
     1     1    19     4    17     7     0     1   -59.0   23.505 -142.709     14.3   1020.6
     1     1    19     4    17     6     0     0   -60.0   23.560 -142.439     14.3   1020.7
     1     1    19     4    17     5     0     1   -61.0   23.617 -142.162     14.3   1020.3
     1     1    19     4    17     4     0     2   -62.0   23.677 -141.881     14.3   1020.0
     1     1    19     4    17     3     0     3   -63.0   23.742 -141.599     14.3   1019.6
     1     1    19     4    17     2     0     2   -64.0   23.811 -141.313     14.3   1018.5
     1     1    19     4    17     1     0     1   -65.0   23.885 -141.021     14.3   1017.5
     1     1    19     4    17     0     0     0   -66.0   23.965 -140.723     14.3   1016.4
     1     1    19     4    16    23     0     1   -67.0   24.049 -140.421     14.3   1017.5
     1     1    19     4    16    22     0     2   -68.0   24.135 -140.124     14.3   1018.4
     1     1    19     4    16    21     0     3   -69.0   24.221 -139.837     14.3   1019.2
     1     1    19     4    16    20     0     2   -70.0   24.307 -139.560     14.3   1019.3
     1     1    19     4    16    19     0     1   -71.0   24.396 -139.292     14.6   1019.4
     1     1    19     4    16    18     0     0   -72.0   24.490 -139.031     15.3   1019.4
     1     1    19     4    16    17     0     1   -73.0   24.593 -138.781     16.5   1018.8
     1     1    19     4    16    16     0     2   -74.0   24.706 -138.551     17.9   1018.2
     1     1    19     4    16    15     0     3   -75.0   24.832 -138.339     19.5   1017.6
     1     1    19     4    16    14     0     2   -76.0   24.958 -138.139     21.2   1017.3
     1     1    19     4    16    13     0     1   -77.0   25.071 -137.939     22.5   1017.2
     1     1    19     4    16    12     0     0   -78.0   25.171 -137.739     23.0   1017.0
     1     1    19     4    16    11     0     1   -79.0   25.268 -137.541     22.9   1017.8
     1     1    19     4    16    10     0     2   -80.0   25.377 -137.350     22.4   1018.6
     1     1    19     4    16     9     0     3   -81.0   25.497 -137.165     21.5   1019.5
     1     1    19     4    16     8     0     2   -82.0   25.626 -136.988     20.7   1019.6
     1     1    19     4    16     7     0     1   -83.0   25.757 -136.817     20.3   1019.7
     1     1    19     4    16     6     0     0   -84.0   25.886 -136.652     20.2   1019.7
     1     1    19     4    16     5     0     1   -85.0   26.017 -136.496     20.4   1019.4
     1     1    19     4    16     4     0     2   -86.0   26.154 -136.354     21.2   1019.0
     1     1    19     4    16     3     0     3   -87.0   26.300 -136.224     22.8   1018.6
     1     1    19     4    16     2     0     2   -88.0   26.454 -136.101     24.8   1018.1
     1     1    19     4    16     1     0     1   -89.0   26.617 -135.979     26.1   1017.9
     1     1    19     4    16     0     0     0   -90.0   26.787 -135.858     26.6   1017.7
     1     1    19     4    15    23     0     1   -91.0   26.956 -135.744     26.6   1017.6
     1     1    19     4    15    22     0     2   -92.0   27.116 -135.639     26.6   1017.5
     1     1    19     4    15    21     0     3   -93.0   27.267 -135.544     26.6   1017.3
     1     1    19     4    15    20     0     2   -94.0   27.415 -135.456     26.7   1017.4
     1     1    19     4    15    19     0     1   -95.0   27.562 -135.373     27.1   1017.4
     1     1    19     4    15    18     0     0   -96.0   27.710 -135.294     27.8   1017.4
     1     1    19     4    15    17     0     1   -97.0   27.856 -135.218     28.5   1017.1
     1     1    19     4    15    16     0     2   -98.0   28.002 -135.144     28.8   1016.8
     1     1    19     4    15    15     0     3   -99.0   28.149 -135.072     28.9   1016.6
     1     1    19     4    15    14     0     2  -100.0   28.295 -134.998     28.9   1016.7
     1     1    19     4    15    13     0     1  -101.0   28.439 -134.921     28.9   1016.8
     1     1    19     4    15    12     0     0  -102.0   28.582 -134.839     28.9   1016.9
     1     1    19     4    15    11     0     1  -103.0   28.725 -134.749     28.9   1016.7
     1     1    19     4    15    10     0     2  -104.0   28.873 -134.650     28.9   1016.6
     1     1    19     4    15     9     0     3  -105.0   29.027 -134.541     28.9   1016.4
     1     1    19     4    15     8     0     2  -106.0   29.188 -134.424     29.3   1016.4
     1     1    19     4    15     7     0     1  -107.0   29.354 -134.304     30.3   1016.4
     1     1    19     4    15     6     0     0  -108.0   29.526 -134.182     31.9   1016.2
     1     1    19     4    15     5     0     1  -109.0   29.705 -134.063     33.3   1015.7
     1     1    19     4    15     4     0     2  -110.0   29.891 -133.954     33.8   1015.2
     1     1    19     4    15     3     0     3  -111.0   30.083 -133.852     33.9   1015.1
     1     1    19     4    15     2     0     2  -112.0   30.277 -133.752     33.9   1016.1
     1     1    19     4    15     1     0     1  -113.0   30.472 -133.651     33.9   1016.7
     1     1    19     4    15     0     0     0  -114.0   30.669 -133.547     33.9   1017.2
     1     1    19     4    14    23     0     1  -115.0   30.866 -133.437     33.9   1017.5
     1     1    19     4    14    22     0     2  -116.0   31.057 -133.318     33.9   1017.6
     1     1    19     4    14    21     0     3  -117.0   31.245 -133.190     33.9   1017.1
     1     1    19     4    14    20     0     2  -118.0   31.436 -133.058     33.9   1017.4
     1     1    19     4    14    19     0     1  -119.0   31.637 -132.926     33.9   1018.0
     1     1    19     4    14    18     0     0  -120.0   31.844 -132.797     33.9   1018.8
     1     1    19     4    14    17     0     1  -121.0   32.056 -132.674     33.9   1018.9
     1     1    19     4    14    16     0     2  -122.0   32.274 -132.559     33.9   1019.0
     1     1    19     4    14    15     0     3  -123.0   32.497 -132.454     33.9   1019.3
     1     1    19     4    14    14     0     2  -124.0   32.727 -132.359     33.9   1019.3
     1     1    19     4    14    13     0     1  -125.0   32.966 -132.277     33.9   1019.2
     1     1    19     4    14    12     0     0  -126.0   33.212 -132.208     33.9   1018.8
     1     1    19     4    14    11     0     1  -127.0   33.458 -132.155     33.9   1019.4
     1     1    19     4    14    10     0     2  -128.0   33.698 -132.120     33.9   1019.9
     1     1    19     4    14     9     0     3  -129.0   33.933 -132.104     33.9   1020.5
     1     1    19     4    14     8     0     2  -130.0   34.162 -132.099     33.9   1020.2
     1     1    19     4    14     7     0     1  -131.0   34.384 -132.099     33.9   1019.8
     1     1    19     4    14     6     0     0  -132.0   34.599 -132.105     33.9   1019.5
     1     1    19     4    14     5     0     1  -133.0   34.810 -132.123     33.9   1019.9
     1     1    19     4    14     4     0     2  -134.0   35.015 -132.154     33.9   1020.4
     1     1    19     4    14     3     0     3  -135.0   35.216 -132.198     33.9   1020.7
     1     1    19     4    14     2     0     2  -136.0   35.412 -132.252     33.9   1020.3
     1     1    19     4    14     1     0     1  -137.0   35.600 -132.317     33.9   1020.0
     1     1    19     4    14     0     0     0  -138.0   35.776 -132.394     33.9   1019.6
     1     1    19     4    13    23     0     1  -139.0   35.947 -132.477     33.9   1020.4
     1     1    19     4    13    22     0     2  -140.0   36.122 -132.558     33.9   1021.2
     1     1    19     4    13    21     0     3  -141.0   36.301 -132.640     33.9   1022.0
     1     1    19     4    13    20     0     2  -142.0   36.479 -132.730     34.5   1021.8
     1     1    19     4    13    19     0     1  -143.0   36.656 -132.832     36.4   1021.3
     1     1    19     4    13    18     0     0  -144.0   36.831 -132.944     40.0   1020.8
     1     1    19     4    13    17     0     1  -145.0   37.006 -133.067     44.5   1020.2
     1     1    19     4    13    16     0     2  -146.0   37.188 -133.196     48.7   1019.7
     1     1    19     4    13    15     0     3  -147.0   37.377 -133.332     52.1   1019.3
     1     1    19     4    13    14     0     2  -148.0   37.564 -133.478     54.7   1019.1
     1     1    19     4    13    13     0     1  -149.0   37.741 -133.635     56.2   1019.0
     1     1    19     4    13    12     0     0  -150.0   37.906 -133.805     56.7   1019.0
     1     1    19     4    13    11     0     1  -151.0   38.063 -133.989     56.7   1019.1
     1     1    19     4    13    10     0     2  -152.0   38.212 -134.183     56.7   1019.5
     1     1    19     4    13     9     0     3  -153.0   38.350 -134.385     56.7   1020.0
     1     1    19     4    13     8     0     2  -154.0   38.482 -134.592     57.1   1020.6
     1     1    19     4    13     7     0     1  -155.0   38.612 -134.799     58.4   1021.4
     1     1    19     4    13     6     0     0  -156.0   38.741 -135.003     60.2   1022.4
     1     1    19     4    13     5     0     1  -157.0   38.870 -135.199     61.6   1021.4
     1     1    19     4    13     4     0     2  -158.0   39.001 -135.383     61.9   1021.2
     1     1    19     4    13     3     0     3  -159.0   39.131 -135.552     62.2   1021.1
     1     1    19     4    13     2     0     2  -160.0   39.258 -135.711     63.5   1021.1
     1     1    19     4    13     1     0     1  -161.0   39.381 -135.864     66.2   1020.7
     1     1    19     4    13     0     0     0  -162.0   39.504 -136.011     70.5   1020.2
     1     1    19     4    12    23     0     1  -163.0   39.630 -136.166     75.7   1020.4
     1     1    19     4    12    22     0     2  -164.0   39.763 -136.339     80.5   1020.7
     1     1    19     4    12    21     0     3  -165.0   39.906 -136.528     84.1   1021.0
     1     1    19     4    12    20     0     2  -166.0   40.054 -136.730     85.9   1020.9
     1     1    19     4    12    19     0     1  -167.0   40.204 -136.947     86.5   1021.1
     1     1    19     4    12    18     0     0  -168.0   40.355 -137.173     86.6   1021.1
