     7     1
    GDAS    19     6     1     0     0
    GDAS    19     7     1     0     0
    GDAS    19     8     1     0     0
    GDAS    19     9     1     0     0
    GDAS    19    10     1     0     0
    GDAS    19    11     1     0     0
    GDAS    19    12     1     0     0
     1 BACKWARD OMEGA   
    19    11    23     0   21.319 -157.670    10.0
     1 PRESSURE
     1     1    19    11    23     0     0     0     0.0   21.319 -157.670     10.0   1010.3
     1     1    19    11    22    23     0     1    -1.0   21.441 -157.281    124.4   1002.5
     1     1    19    11    22    22     0     2    -2.0   21.534 -156.788    318.6    974.9
     1     1    19    11    22    21     0     3    -3.0   21.580 -156.253    422.3    957.9
     1     1    19    11    22    20     0     2    -4.0   21.608 -155.720    413.4    967.0
     1     1    19    11    22    19     0     1    -5.0   21.662 -155.196    396.2    973.6
     1     1    19    11    22    18     0     0    -6.0   21.746 -154.672    404.7    971.5
     1     1    19    11    22    17     0     1    -7.0   21.844 -154.151    427.5    969.3
     1     1    19    11    22    16     0     2    -8.0   21.951 -153.643    461.4    965.2
     1     1    19    11    22    15     0     3    -9.0   22.069 -153.155    486.9    960.2
     1     1    19    11    22    14     0     2   -10.0   22.200 -152.676    503.6    960.3
     1     1    19    11    22    13     0     1   -11.0   22.341 -152.197    542.0    957.2
     1     1    19    11    22    12     0     0   -12.0   22.478 -151.720    599.1    949.4
     1     1    19    11    22    11     0     1   -13.0   22.618 -151.241    645.3    943.6
     1     1    19    11    22    10     0     2   -14.0   22.781 -150.761    673.4    942.0
     1     1    19    11    22     9     0     3   -15.0   22.967 -150.290    679.6    940.7
     1     1    19    11    22     8     0     2   -16.0   23.165 -149.830    667.6    943.7
     1     1    19    11    22     7     0     1   -17.0   23.370 -149.374    671.5    945.3
     1     1    19    11    22     6     0     0   -18.0   23.591 -148.925    707.6    940.7
     1     1    19    11    22     5     0     1   -19.0   23.827 -148.486    743.1    933.3
     1     1    19    11    22     4     0     2   -20.0   24.069 -148.059    767.8    932.9
     1     1    19    11    22     3     0     3   -21.0   24.306 -147.646    800.6    928.9
     1     1    19    11    22     2     0     2   -22.0   24.545 -147.233    829.0    924.6
     1     1    19    11    22     1     0     1   -23.0   24.794 -146.817    852.1    922.9
     1     1    19    11    22     0     0     0   -24.0   25.052 -146.406    867.6    919.8
     1     1    19    11    21    23     0     1   -25.0   25.318 -146.005    864.1    921.0
     1     1    19    11    21    22     0     2   -26.0   25.592 -145.611    842.6    923.6
     1     1    19    11    21    21     0     3   -27.0   25.890 -145.220    804.1    928.3
     1     1    19    11    21    20     0     2   -28.0   26.210 -144.848    755.2    934.6
     1     1    19    11    21    19     0     1   -29.0   26.545 -144.512    714.6    941.1
     1     1    19    11    21    18     0     0   -30.0   26.900 -144.205    687.4    943.6
     1     1    19    11    21    17     0     1   -31.0   27.259 -143.917    681.8    945.8
     1     1    19    11    21    16     0     2   -32.0   27.603 -143.652    700.6    941.7
     1     1    19    11    21    15     0     3   -33.0   27.940 -143.418    702.2    938.0
     1     1    19    11    21    14     0     2   -34.0   28.268 -143.223    690.1    942.9
     1     1    19    11    21    13     0     1   -35.0   28.576 -143.074    705.7    942.6
     1     1    19    11    21    12     0     0   -36.0   28.866 -142.964    773.4    936.3
     1     1    19    11    21    11     0     1   -37.0   29.149 -142.858    875.4    921.9
     1     1    19    11    21    10     0     2   -38.0   29.442 -142.732    960.7    911.9
     1     1    19    11    21     9     0     3   -39.0   29.753 -142.591   1028.1    905.4
     1     1    19    11    21     8     0     2   -40.0   30.087 -142.442   1043.5    899.5
     1     1    19    11    21     7     0     1   -41.0   30.415 -142.301    994.9    907.2
     1     1    19    11    21     6     0     0   -42.0   30.714 -142.172    923.2    917.1
     1     1    19    11    21     5     0     1   -43.0   30.977 -142.057    868.6    925.7
     1     1    19    11    21     4     0     2   -44.0   31.224 -141.965    847.6    926.8
     1     1    19    11    21     3     0     3   -45.0   31.481 -141.897    836.0    925.6
     1     1    19    11    21     2     0     2   -46.0   31.746 -141.855    810.4    927.8
     1     1    19    11    21     1     0     1   -47.0   31.993 -141.841    764.2    932.6
     1     1    19    11    21     0     0     0   -48.0   32.193 -141.854    707.2    940.6
     1     1    19    11    20    23     0     1   -49.0   32.341 -141.883    679.1    947.7
     1     1    19    11    20    22     0     2   -50.0   32.463 -141.908    703.1    944.1
     1     1    19    11    20    21     0     3   -51.0   32.579 -141.927    765.4    936.6
     1     1    19    11    20    20     0     2   -52.0   32.709 -141.945    843.2    926.8
     1     1    19    11    20    19     0     1   -53.0   32.866 -141.976    931.8    919.0
     1     1    19    11    20    18     0     0   -54.0   33.058 -142.043   1069.2    906.4
     1     1    19    11    20    17     0     1   -55.0   33.303 -142.176   1214.3    884.2
     1     1    19    11    20    16     0     2   -56.0   33.567 -142.361   1302.3    874.2
     1     1    19    11    20    15     0     3   -57.0   33.811 -142.583   1344.9    870.7
     1     1    19    11    20    14     0     2   -58.0   34.021 -142.832   1376.1    869.6
     1     1    19    11    20    13     0     1   -59.0   34.197 -143.117   1408.4    865.5
     1     1    19    11    20    12     0     0   -60.0   34.334 -143.427   1434.0    863.3
     1     1    19    11    20    11     0     1   -61.0   34.443 -143.747   1446.8    861.3
     1     1    19    11    20    10     0     2   -62.0   34.533 -144.064   1437.7    862.5
     1     1    19    11    20     9     0     3   -63.0   34.592 -144.373   1416.4    865.7
     1     1    19    11    20     8     0     2   -64.0   34.619 -144.670   1389.7    868.2
     1     1    19    11    20     7     0     1   -65.0   34.611 -144.958   1349.6    871.7
     1     1    19    11    20     6     0     0   -66.0   34.575 -145.222   1301.5    877.9
     1     1    19    11    20     5     0     1   -67.0   34.517 -145.452   1274.3    882.6
     1     1    19    11    20     4     0     2   -68.0   34.445 -145.652   1274.0    880.9
     1     1    19    11    20     3     0     3   -69.0   34.363 -145.828   1275.5    879.2
     1     1    19    11    20     2     0     2   -70.0   34.266 -145.985   1264.6    880.0
     1     1    19    11    20     1     0     1   -71.0   34.154 -146.122   1248.8    883.0
     1     1    19    11    20     0     0     0   -72.0   34.031 -146.240   1238.2    884.1
     1     1    19    11    19    23     0     1   -73.0   33.900 -146.322   1222.1    885.2
     1     1    19    11    19    22     0     2   -74.0   33.767 -146.345   1191.0    889.1
     1     1    19    11    19    21     0     3   -75.0   33.634 -146.306   1148.5    894.4
     1     1    19    11    19    20     0     2   -76.0   33.510 -146.212   1111.4    899.9
     1     1    19    11    19    19     0     1   -77.0   33.405 -146.082   1091.5    901.7
     1     1    19    11    19    18     0     0   -78.0   33.323 -145.923   1085.4    902.5
     1     1    19    11    19    17     0     1   -79.0   33.261 -145.750   1074.2    901.1
     1     1    19    11    19    16     0     2   -80.0   33.218 -145.566   1041.3    904.6
     1     1    19    11    19    15     0     3   -81.0   33.198 -145.369    996.5    909.4
     1     1    19    11    19    14     0     2   -82.0   33.198 -145.161    968.6    915.2
     1     1    19    11    19    13     0     1   -83.0   33.207 -144.955    978.6    914.1
     1     1    19    11    19    12     0     0   -84.0   33.219 -144.772   1015.3    909.1
     1     1    19    11    19    11     0     1   -85.0   33.233 -144.615   1063.5    903.4
     1     1    19    11    19    10     0     2   -86.0   33.248 -144.480   1119.0    898.0
     1     1    19    11    19     9     0     3   -87.0   33.258 -144.366   1186.5    891.3
     1     1    19    11    19     8     0     2   -88.0   33.265 -144.265   1248.0    882.8
     1     1    19    11    19     7     0     1   -89.0   33.274 -144.157   1287.1    878.8
     1     1    19    11    19     6     0     0   -90.0   33.285 -144.032   1302.5    877.3
     1     1    19    11    19     5     0     1   -91.0   33.315 -143.899   1295.4    877.9
     1     1    19    11    19     4     0     2   -92.0   33.379 -143.773   1269.5    880.1
     1     1    19    11    19     3     0     3   -93.0   33.473 -143.653   1225.5    884.4
     1     1    19    11    19     2     0     2   -94.0   33.578 -143.544   1177.6    891.2
     1     1    19    11    19     1     0     1   -95.0   33.679 -143.461   1138.0    895.3
     1     1    19    11    19     0     0     0   -96.0   33.776 -143.408   1105.2    898.8
     1     1    19    11    18    23     0     1   -97.0   33.867 -143.374   1083.3    901.6
     1     1    19    11    18    22     0     2   -98.0   33.955 -143.349   1074.6    902.6
     1     1    19    11    18    21     0     3   -99.0   34.039 -143.332   1078.3    902.3
     1     1    19    11    18    20     0     2  -100.0   34.125 -143.321   1091.7    901.0
     1     1    19    11    18    19     0     1  -101.0   34.215 -143.311   1119.0    899.0
     1     1    19    11    18    18     0     0  -102.0   34.308 -143.309   1171.7    894.6
     1     1    19    11    18    17     0     1  -103.0   34.396 -143.332   1235.8    885.0
     1     1    19    11    18    16     0     2  -104.0   34.477 -143.384   1287.9    878.6
     1     1    19    11    18    15     0     3  -105.0   34.547 -143.460   1324.0    874.0
     1     1    19    11    18    14     0     2  -106.0   34.604 -143.554   1349.1    872.2
     1     1    19    11    18    13     0     1  -107.0   34.652 -143.665   1372.1    870.3
     1     1    19    11    18    12     0     0  -108.0   34.698 -143.792   1397.8    868.1
     1     1    19    11    18    11     0     1  -109.0   34.739 -143.933   1423.7    864.8
     1     1    19    11    18    10     0     2  -110.0   34.769 -144.085   1442.2    862.6
     1     1    19    11    18     9     0     3  -111.0   34.790 -144.243   1451.0    861.5
     1     1    19    11    18     8     0     2  -112.0   34.802 -144.411   1459.6    861.9
     1     1    19    11    18     7     0     1  -113.0   34.807 -144.598   1488.7    860.2
     1     1    19    11    18     6     0     0  -114.0   34.796 -144.814   1556.3    854.1
     1     1    19    11    18     5     0     1  -115.0   34.750 -145.052   1605.7    842.0
     1     1    19    11    18     4     0     2  -116.0   34.670 -145.292   1583.7    843.6
     1     1    19    11    18     3     0     3  -117.0   34.570 -145.522   1500.5    852.7
     1     1    19    11    18     2     0     2  -118.0   34.467 -145.736   1423.0    866.3
     1     1    19    11    18     1     0     1  -119.0   34.346 -145.925   1410.1    867.9
     1     1    19    11    18     0     0     0  -120.0   34.191 -146.084   1463.8    862.0
     1     1    19    11    17    23     0     1  -121.0   34.026 -146.227   1539.1    849.7
     1     1    19    11    17    22     0     2  -122.0   33.883 -146.377   1622.5    845.7
     1     1    19    11    17    21     0     3  -123.0   33.751 -146.551   1762.2    831.7
     1     1    19    11    17    20     0     2  -124.0   33.587 -146.754   1881.0    813.0
     1     1    19    11    17    19     0     1  -125.0   33.398 -146.951   1962.6    811.0
     1     1    19    11    17    18     0     0  -126.0   33.235 -147.112   2145.2    799.9
     1     1    19    11    17    17     0     1  -127.0   33.097 -147.284   2421.3    763.4
     1     1    19    11    17    16     0     2  -128.0   32.928 -147.516   2631.2    743.5
     1     1    19    11    17    15     0     3  -129.0   32.754 -147.785   2953.7    728.7
     1     1    19    11    17    14     0     2  -130.0   32.597 -148.052   3410.6    677.7
     1     1    19    11    17    13     0     1  -131.0   32.412 -148.316   3789.0    640.0
     1     1    19    11    17    12     0     0  -132.0   32.191 -148.578   4122.6    621.8
     1     1    19    11    17    11     0     1  -133.0   31.944 -148.837   4376.8    593.2
     1     1    19    11    17    10     0     2  -134.0   31.659 -149.094   4462.7    591.3
     1     1    19    11    17     9     0     3  -135.0   31.348 -149.350   4612.8    591.3
     1     1    19    11    17     8     0     2  -136.0   31.052 -149.625   4867.3    567.1
     1     1    19    11    17     7     0     1  -137.0   30.771 -149.912   5047.5    546.8
     1     1    19    11    17     6     0     0  -138.0   30.487 -150.193   5169.4    547.0
     1     1    19    11    17     5     0     1  -139.0   30.204 -150.481   5347.1    533.5
     1     1    19    11    17     4     0     2  -140.0   29.918 -150.789   5525.6    518.4
     1     1    19    11    17     3     0     3  -141.0   29.615 -151.089   5596.1    509.0
     1     1    19    11    17     2     0     2  -142.0   29.312 -151.378   5601.2    516.3
     1     1    19    11    17     1     0     1  -143.0   29.024 -151.696   5686.2    512.3
     1     1    19    11    17     0     0     0  -144.0   28.729 -152.033   5805.1    499.8
     1     1    19    11    16    23     0     1  -145.0   28.414 -152.357   5878.5    495.3
     1     1    19    11    16    22     0     2  -146.0   28.106 -152.663   5933.7    494.1
     1     1    19    11    16    21     0     3  -147.0   27.829 -152.958   6022.0    490.2
     1     1    19    11    16    20     0     2  -148.0   27.544 -153.258   6121.0    480.8
     1     1    19    11    16    19     0     1  -149.0   27.242 -153.567   6222.0    477.6
     1     1    19    11    16    18     0     0  -150.0   26.989 -153.894   6395.2    468.1
     1     1    19    11    16    17     0     1  -151.0   26.734 -154.248   6478.2    451.7
     1     1    19    11    16    16     0     2  -152.0   26.448 -154.607   6478.8    460.6
     1     1    19    11    16    15     0     3  -153.0   26.221 -154.951   6557.9    458.5
     1     1    19    11    16    14     0     2  -154.0   25.989 -155.309   6721.4    446.9
     1     1    19    11    16    13     0     1  -155.0   25.699 -155.719   6853.3    433.3
     1     1    19    11    16    12     0     0  -156.0   25.439 -156.169   6803.7    433.6
     1     1    19    11    16    11     0     1  -157.0   25.219 -156.607   6747.9    448.8
     1     1    19    11    16    10     0     2  -158.0   25.028 -157.041   6800.2    443.0
     1     1    19    11    16     9     0     3  -159.0   24.856 -157.473   6831.5    436.8
     1     1    19    11    16     8     0     2  -160.0   24.680 -157.904   6827.8    439.8
     1     1    19    11    16     7     0     1  -161.0   24.512 -158.357   6826.9    439.9
     1     1    19    11    16     6     0     0  -162.0   24.347 -158.842   6799.1    439.8
     1     1    19    11    16     5     0     1  -163.0   24.183 -159.346   6705.6    444.8
     1     1    19    11    16     4     0     2  -164.0   24.010 -159.847   6576.6    454.0
     1     1    19    11    16     3     0     3  -165.0   23.824 -160.345   6431.8    462.2
     1     1    19    11    16     2     0     2  -166.0   23.644 -160.842   6315.8    472.4
     1     1    19    11    16     1     0     1  -167.0   23.473 -161.352   6280.1    474.5
     1     1    19    11    16     0     0     0  -168.0   23.301 -161.881   6297.5    471.8
