     7     1
    GDAS    19     6     1     0     0
    GDAS    19     7     1     0     0
    GDAS    19     8     1     0     0
    GDAS    19     9     1     0     0
    GDAS    19    10     1     0     0
    GDAS    19    11     1     0     0
    GDAS    19    12     1     0     0
     1 BACKWARD OMEGA   
    19    12    10     0   21.319 -157.670    10.0
     1 PRESSURE
     1     1    19    12    10     0     0     0     0.0   21.319 -157.670     10.0   1008.0
     1     1    19    12     9    23     0     1    -1.0   21.320 -157.560     17.8   1007.4
     1     1    19    12     9    22     0     2    -2.0   21.329 -157.452     30.5   1006.4
     1     1    19    12     9    21     0     3    -3.0   21.343 -157.340     54.5   1004.7
     1     1    19    12     9    20     0     2    -4.0   21.360 -157.227     95.9    999.3
     1     1    19    12     9    19     0     1    -5.0   21.381 -157.119    153.5    992.9
     1     1    19    12     9    18     0     0    -6.0   21.405 -157.012    230.9    983.6
     1     1    19    12     9    17     0     1    -7.0   21.427 -156.907    317.7    972.5
     1     1    19    12     9    16     0     2    -8.0   21.443 -156.808    400.6    963.6
     1     1    19    12     9    15     0     3    -9.0   21.455 -156.719    477.0    954.8
     1     1    19    12     9    14     0     2   -10.0   21.468 -156.641    544.1    947.7
     1     1    19    12     9    13     0     1   -11.0   21.489 -156.571    599.6    942.4
     1     1    19    12     9    12     0     0   -12.0   21.518 -156.507    641.6    938.3
     1     1    19    12     9    11     0     1   -13.0   21.556 -156.448    669.4    936.0
     1     1    19    12     9    10     0     2   -14.0   21.606 -156.389    683.9    935.2
     1     1    19    12     9     9     0     3   -15.0   21.671 -156.331    687.0    935.8
     1     1    19    12     9     8     0     2   -16.0   21.743 -156.284    685.2    936.8
     1     1    19    12     9     7     0     1   -17.0   21.813 -156.256    686.3    937.0
     1     1    19    12     9     6     0     0   -18.0   21.879 -156.247    693.6    936.3
     1     1    19    12     9     5     0     1   -19.0   21.946 -156.256    703.9    934.4
     1     1    19    12     9     4     0     2   -20.0   22.021 -156.279    711.5    933.3
     1     1    19    12     9     3     0     3   -21.0   22.105 -156.321    721.1    932.5
     1     1    19    12     9     2     0     2   -22.0   22.182 -156.385    743.1    930.4
     1     1    19    12     9     1     0     1   -23.0   22.243 -156.472    775.7    926.1
     1     1    19    12     9     0     0     0   -24.0   22.293 -156.586    809.0    921.9
     1     1    19    12     8    23     0     1   -25.0   22.340 -156.714    844.0    919.6
     1     1    19    12     8    22     0     2   -26.0   22.391 -156.843    892.0    916.1
     1     1    19    12     8    21     0     3   -27.0   22.449 -156.972    967.8    909.4
     1     1    19    12     8    20     0     2   -28.0   22.511 -157.104   1048.7    897.1
     1     1    19    12     8    19     0     1   -29.0   22.570 -157.245   1100.6    891.3
     1     1    19    12     8    18     0     0   -30.0   22.624 -157.400   1124.2    888.9
     1     1    19    12     8    17     0     1   -31.0   22.668 -157.567   1140.5    888.9
     1     1    19    12     8    16     0     2   -32.0   22.703 -157.740   1165.5    886.0
     1     1    19    12     8    15     0     3   -33.0   22.724 -157.921   1198.4    882.2
     1     1    19    12     8    14     0     2   -34.0   22.738 -158.109   1210.4    877.9
     1     1    19    12     8    13     0     1   -35.0   22.751 -158.300   1179.1    881.7
     1     1    19    12     8    12     0     0   -36.0   22.758 -158.493   1117.7    888.9
     1     1    19    12     8    11     0     1   -37.0   22.749 -158.673   1061.8    897.8
     1     1    19    12     8    10     0     2   -38.0   22.724 -158.837   1035.7    900.7
     1     1    19    12     8     9     0     3   -39.0   22.689 -158.987   1036.3    900.8
     1     1    19    12     8     8     0     2   -40.0   22.649 -159.128   1057.4    898.0
     1     1    19    12     8     7     0     1   -41.0   22.603 -159.263   1095.0    894.0
     1     1    19    12     8     6     0     0   -42.0   22.546 -159.391   1148.9    888.4
     1     1    19    12     8     5     0     1   -43.0   22.482 -159.515   1209.2    880.7
     1     1    19    12     8     4     0     2   -44.0   22.418 -159.634   1269.3    874.6
     1     1    19    12     8     3     0     3   -45.0   22.357 -159.749   1338.2    867.6
     1     1    19    12     8     2     0     2   -46.0   22.291 -159.869   1411.5    859.3
     1     1    19    12     8     1     0     1   -47.0   22.215 -159.995   1474.7    852.5
     1     1    19    12     8     0     0     0   -48.0   22.132 -160.117   1519.2    847.4
     1     1    19    12     7    23     0     1   -49.0   22.043 -160.212   1548.5    845.8
     1     1    19    12     7    22     0     2   -50.0   21.950 -160.265   1571.2    844.1
     1     1    19    12     7    21     0     3   -51.0   21.852 -160.280   1588.0    843.1
     1     1    19    12     7    20     0     2   -52.0   21.751 -160.265   1601.0    841.5
     1     1    19    12     7    19     0     1   -53.0   21.649 -160.230   1609.8    839.9
     1     1    19    12     7    18     0     0   -54.0   21.548 -160.178   1609.2    839.2
     1     1    19    12     7    17     0     1   -55.0   21.452 -160.108   1599.5    840.2
     1     1    19    12     7    16     0     2   -56.0   21.368 -160.019   1588.8    841.3
     1     1    19    12     7    15     0     3   -57.0   21.294 -159.907   1587.2    841.8
     1     1    19    12     7    14     0     2   -58.0   21.231 -159.771   1607.1    840.3
     1     1    19    12     7    13     0     1   -59.0   21.185 -159.615   1647.9    835.7
     1     1    19    12     7    12     0     0   -60.0   21.155 -159.443   1697.8    830.1
     1     1    19    12     7    11     0     1   -61.0   21.152 -159.259   1747.6    825.6
     1     1    19    12     7    10     0     2   -62.0   21.184 -159.066   1792.8    821.8
     1     1    19    12     7     9     0     3   -63.0   21.250 -158.861   1838.4    818.7
     1     1    19    12     7     8     0     2   -64.0   21.336 -158.653   1895.7    813.3
     1     1    19    12     7     7     0     1   -65.0   21.427 -158.444   1951.6    806.0
     1     1    19    12     7     6     0     0   -66.0   21.521 -158.230   1974.5    802.2
     1     1    19    12     7     5     0     1   -67.0   21.614 -158.023   1980.9    804.0
     1     1    19    12     7     4     0     2   -68.0   21.715 -157.847   2017.8    800.9
     1     1    19    12     7     3     0     3   -69.0   21.826 -157.710   2090.0    792.5
     1     1    19    12     7     2     0     2   -70.0   21.938 -157.599   2164.6    783.2
     1     1    19    12     7     1     0     1   -71.0   22.040 -157.493   2214.7    778.6
     1     1    19    12     7     0     0     0   -72.0   22.133 -157.391   2247.9    776.0
     1     1    19    12     6    23     0     1   -73.0   22.215 -157.293   2271.6    774.5
     1     1    19    12     6    22     0     2   -74.0   22.277 -157.200   2280.8    773.8
     1     1    19    12     6    21     0     3   -75.0   22.312 -157.100   2265.5    775.4
     1     1    19    12     6    20     0     2   -76.0   22.331 -156.991   2221.9    779.5
     1     1    19    12     6    19     0     1   -77.0   22.357 -156.881   2153.8    785.7
     1     1    19    12     6    18     0     0   -78.0   22.390 -156.769   2052.3    794.2
     1     1    19    12     6    17     0     1   -79.0   22.410 -156.644   1954.9    808.0
     1     1    19    12     6    16     0     2   -80.0   22.406 -156.514   1917.0    811.7
     1     1    19    12     6    15     0     3   -81.0   22.383 -156.385   1941.6    809.3
     1     1    19    12     6    14     0     2   -82.0   22.352 -156.268   1984.1    800.5
     1     1    19    12     6    13     0     1   -83.0   22.320 -156.166   1980.4    800.0
     1     1    19    12     6    12     0     0   -84.0   22.287 -156.073   1912.4    805.8
     1     1    19    12     6    11     0     1   -85.0   22.254 -155.970   1815.8    820.0
     1     1    19    12     6    10     0     2   -86.0   22.218 -155.848   1735.6    828.2
     1     1    19    12     6     9     0     3   -87.0   22.181 -155.716   1671.0    834.8
     1     1    19    12     6     8     0     2   -88.0   22.152 -155.568   1600.2    840.0
     1     1    19    12     6     7     0     1   -89.0   22.143 -155.397   1525.4    850.2
     1     1    19    12     6     6     0     0   -90.0   22.156 -155.211   1499.4    855.7
     1     1    19    12     6     5     0     1   -91.0   22.181 -155.023   1512.5    850.4
     1     1    19    12     6     4     0     2   -92.0   22.204 -154.836   1499.6    848.4
     1     1    19    12     6     3     0     3   -93.0   22.222 -154.650   1436.1    854.7
     1     1    19    12     6     2     0     2   -94.0   22.235 -154.466   1338.5    865.9
     1     1    19    12     6     1     0     1   -95.0   22.243 -154.287   1223.8    878.0
     1     1    19    12     6     0     0     0   -96.0   22.242 -154.108   1098.2    891.6
     1     1    19    12     5    23     0     1   -97.0   22.241 -153.916   1000.4    906.2
     1     1    19    12     5    22     0     2   -98.0   22.249 -153.704    947.4    911.3
     1     1    19    12     5    21     0     3   -99.0   22.267 -153.474    919.6    914.1
     1     1    19    12     5    20     0     2  -100.0   22.307 -153.244    877.4    915.4
     1     1    19    12     5    19     0     1  -101.0   22.381 -153.025    802.0    924.4
     1     1    19    12     5    18     0     0  -102.0   22.486 -152.814    721.9    935.2
     1     1    19    12     5    17     0     1  -103.0   22.621 -152.602    660.6    943.0
     1     1    19    12     5    16     0     2  -104.0   22.778 -152.386    614.9    946.7
     1     1    19    12     5    15     0     3  -105.0   22.957 -152.164    565.8    950.8
     1     1    19    12     5    14     0     2  -106.0   23.136 -151.953    522.2    957.2
     1     1    19    12     5    13     0     1  -107.0   23.298 -151.768    502.7    960.2
     1     1    19    12     5    12     0     0  -108.0   23.453 -151.602    519.8    958.7
     1     1    19    12     5    11     0     1  -109.0   23.614 -151.445    552.0    952.3
     1     1    19    12     5    10     0     2  -110.0   23.780 -151.289    548.4    950.9
     1     1    19    12     5     9     0     3  -111.0   23.945 -151.138    473.1    957.8
     1     1    19    12     5     8     0     2  -112.0   24.109 -151.005    389.7    975.2
     1     1    19    12     5     7     0     1  -113.0   24.274 -150.895    349.3    979.4
     1     1    19    12     5     6     0     0  -114.0   24.447 -150.800    338.2    979.3
     1     1    19    12     5     5     0     1  -115.0   24.633 -150.706    328.3    978.1
     1     1    19    12     5     4     0     2  -116.0   24.837 -150.608    304.2    980.6
     1     1    19    12     5     3     0     3  -117.0   25.063 -150.514    270.0    984.8
     1     1    19    12     5     2     0     2  -118.0   25.291 -150.436    243.8    989.0
     1     1    19    12     5     1     0     1  -119.0   25.503 -150.377    236.6    989.5
     1     1    19    12     5     0     0     0  -120.0   25.697 -150.332    249.1    988.1
     1     1    19    12     4    23     0     1  -121.0   25.878 -150.285    273.1    985.1
     1     1    19    12     4    22     0     2  -122.0   26.043 -150.225    293.8    982.6
     1     1    19    12     4    21     0     3  -123.0   26.187 -150.155    302.0    981.6
     1     1    19    12     4    20     0     2  -124.0   26.315 -150.089    300.4    983.0
     1     1    19    12     4    19     0     1  -125.0   26.439 -150.032    297.9    983.7
     1     1    19    12     4    18     0     0  -126.0   26.559 -149.977    296.9    984.2
     1     1    19    12     4    17     0     1  -127.0   26.678 -149.913    300.8    983.8
     1     1    19    12     4    16     0     2  -128.0   26.805 -149.832    311.4    982.3
     1     1    19    12     4    15     0     3  -129.0   26.946 -149.730    328.7    980.1
     1     1    19    12     4    14     0     2  -130.0   27.084 -149.607    346.5    977.3
     1     1    19    12     4    13     0     1  -131.0   27.199 -149.475    361.1    975.9
     1     1    19    12     4    12     0     0  -132.0   27.298 -149.345    375.9    974.6
     1     1    19    12     4    11     0     1  -133.0   27.393 -149.218    393.9    973.2
     1     1    19    12     4    10     0     2  -134.0   27.489 -149.090    421.3    971.4
     1     1    19    12     4     9     0     3  -135.0   27.578 -148.957    470.2    966.8
     1     1    19    12     4     8     0     2  -136.0   27.661 -148.833    538.4    958.2
     1     1    19    12     4     7     0     1  -137.0   27.741 -148.724    622.3    949.9
     1     1    19    12     4     6     0     0  -138.0   27.822 -148.626    730.2    938.2
     1     1    19    12     4     5     0     1  -139.0   27.893 -148.531    837.6    923.4
     1     1    19    12     4     4     0     2  -140.0   27.939 -148.421    915.5    914.7
     1     1    19    12     4     3     0     3  -141.0   27.961 -148.293    975.5    908.7
     1     1    19    12     4     2     0     2  -142.0   27.976 -148.158   1028.1    903.0
     1     1    19    12     4     1     0     1  -143.0   28.002 -148.024   1059.9    897.6
     1     1    19    12     4     0     0     0  -144.0   28.043 -147.888   1035.4    898.3
     1     1    19    12     3    23     0     1  -145.0   28.088 -147.738    976.6    909.3
     1     1    19    12     3    22     0     2  -146.0   28.127 -147.566    925.7    916.4
     1     1    19    12     3    21     0     3  -147.0   28.160 -147.366    894.9    921.3
     1     1    19    12     3    20     0     2  -148.0   28.199 -147.148    925.6    921.8
     1     1    19    12     3    19     0     1  -149.0   28.244 -146.945   1067.4    907.4
     1     1    19    12     3    18     0     0  -150.0   28.285 -146.784   1321.7    878.7
     1     1    19    12     3    17     0     1  -151.0   28.312 -146.665   1582.9    841.7
     1     1    19    12     3    16     0     2  -152.0   28.334 -146.543   1756.9    824.1
     1     1    19    12     3    15     0     3  -153.0   28.354 -146.388   1861.4    815.3
     1     1    19    12     3    14     0     2  -154.0   28.380 -146.196   1933.9    809.9
     1     1    19    12     3    13     0     1  -155.0   28.414 -145.975   1991.1    804.4
     1     1    19    12     3    12     0     0  -156.0   28.464 -145.733   2031.1    800.3
     1     1    19    12     3    11     0     1  -157.0   28.536 -145.472   2044.2    798.4
     1     1    19    12     3    10     0     2  -158.0   28.631 -145.193   2035.6    800.4
     1     1    19    12     3     9     0     3  -159.0   28.749 -144.895   2029.6    802.3
     1     1    19    12     3     8     0     2  -160.0   28.894 -144.593   2036.2    801.3
     1     1    19    12     3     7     0     1  -161.0   29.070 -144.292   2054.3    799.9
     1     1    19    12     3     6     0     0  -162.0   29.279 -143.991   2080.5    796.6
     1     1    19    12     3     5     0     1  -163.0   29.525 -143.700   2097.1    793.7
     1     1    19    12     3     4     0     2  -164.0   29.812 -143.415   2109.7    793.3
     1     1    19    12     3     3     0     3  -165.0   30.147 -143.124   2148.0    790.5
     1     1    19    12     3     2     0     2  -166.0   30.520 -142.863   2209.8    782.6
     1     1    19    12     3     1     0     1  -167.0   30.921 -142.650   2273.1    775.9
     1     1    19    12     3     0     0     0  -168.0   31.348 -142.467   2324.5    769.7
