     7     1
    GDAS    19     6     1     0     0
    GDAS    19     7     1     0     0
    GDAS    19     8     1     0     0
    GDAS    19     9     1     0     0
    GDAS    19    10     1     0     0
    GDAS    19    11     1     0     0
    GDAS    19    12     1     0     0
     1 BACKWARD OMEGA   
    19    11    24    12   21.319 -157.670    10.0
     1 PRESSURE
     1     1    19    11    24    12     0     0     0.0   21.319 -157.670     10.0   1010.5
     1     1    19    11    24    11     0     1    -1.0   21.353 -157.379     50.0   1006.7
     1     1    19    11    24    10     0     2    -2.0   21.395 -157.025    178.1    992.7
     1     1    19    11    24     9     0     3    -3.0   21.422 -156.594    345.1    970.4
     1     1    19    11    24     8     0     2    -4.0   21.419 -156.118    422.3    959.3
     1     1    19    11    24     7     0     1    -5.0   21.409 -155.639    415.8    966.2
     1     1    19    11    24     6     0     0    -6.0   21.415 -155.166    399.0    970.7
     1     1    19    11    24     5     0     1    -7.0   21.431 -154.701    398.4    970.6
     1     1    19    11    24     4     0     2    -8.0   21.455 -154.240    413.3    968.6
     1     1    19    11    24     3     0     3    -9.0   21.487 -153.782    435.2    965.3
     1     1    19    11    24     2     0     2   -10.0   21.521 -153.324    449.8    962.5
     1     1    19    11    24     1     0     1   -11.0   21.554 -152.871    451.2    962.4
     1     1    19    11    24     0     0     0   -12.0   21.589 -152.420    446.9    963.2
     1     1    19    11    23    23     0     1   -13.0   21.634 -151.958    449.5    964.8
     1     1    19    11    23    22     0     2   -14.0   21.694 -151.480    462.1    964.1
     1     1    19    11    23    21     0     3   -15.0   21.768 -150.998    469.8    963.3
     1     1    19    11    23    20     0     2   -16.0   21.855 -150.516    482.8    964.1
     1     1    19    11    23    19     0     1   -17.0   21.950 -150.040    520.1    959.4
     1     1    19    11    23    18     0     0   -18.0   22.046 -149.573    591.3    952.9
     1     1    19    11    23    17     0     1   -19.0   22.139 -149.115    682.8    939.6
     1     1    19    11    23    16     0     2   -20.0   22.238 -148.655    750.6    930.7
     1     1    19    11    23    15     0     3   -21.0   22.350 -148.187    785.6    927.0
     1     1    19    11    23    14     0     2   -22.0   22.471 -147.714    824.7    926.4
     1     1    19    11    23    13     0     1   -23.0   22.589 -147.243    913.7    918.1
     1     1    19    11    23    12     0     0   -24.0   22.693 -146.783   1035.9    901.6
     1     1    19    11    23    11     0     1   -25.0   22.789 -146.336   1137.3    888.8
     1     1    19    11    23    10     0     2   -26.0   22.885 -145.893   1217.7    883.3
     1     1    19    11    23     9     0     3   -27.0   22.978 -145.454   1310.6    874.9
     1     1    19    11    23     8     0     2   -28.0   23.073 -145.036   1402.0    863.0
     1     1    19    11    23     7     0     1   -29.0   23.178 -144.643   1457.7    856.6
     1     1    19    11    23     6     0     0   -30.0   23.296 -144.252   1486.9    855.3
     1     1    19    11    23     5     0     1   -31.0   23.422 -143.854   1510.1    853.2
     1     1    19    11    23     4     0     2   -32.0   23.550 -143.455   1526.5    850.5
     1     1    19    11    23     3     0     3   -33.0   23.671 -143.061   1526.5    849.6
     1     1    19    11    23     2     0     2   -34.0   23.791 -142.683   1530.1    851.5
     1     1    19    11    23     1     0     1   -35.0   23.922 -142.335   1549.2    848.4
     1     1    19    11    23     0     0     0   -36.0   24.048 -142.024   1563.8    845.5
     1     1    19    11    22    23     0     1   -37.0   24.171 -141.727   1577.8    846.1
     1     1    19    11    22    22     0     2   -38.0   24.305 -141.419   1606.2    843.8
     1     1    19    11    22    21     0     3   -39.0   24.445 -141.102   1656.1    839.9
     1     1    19    11    22    20     0     2   -40.0   24.597 -140.785   1710.8    832.2
     1     1    19    11    22    19     0     1   -41.0   24.764 -140.473   1741.3    828.5
     1     1    19    11    22    18     0     0   -42.0   24.931 -140.167   1724.9    828.9
     1     1    19    11    22    17     0     1   -43.0   25.091 -139.871   1708.7    836.0
     1     1    19    11    22    16     0     2   -44.0   25.254 -139.592   1732.5    832.1
     1     1    19    11    22    15     0     3   -45.0   25.412 -139.325   1767.1    826.5
     1     1    19    11    22    14     0     2   -46.0   25.572 -139.065   1785.1    823.5
     1     1    19    11    22    13     0     1   -47.0   25.743 -138.809   1795.8    824.4
     1     1    19    11    22    12     0     0   -48.0   25.925 -138.555   1825.4    821.9
     1     1    19    11    22    11     0     1   -49.0   26.107 -138.309   1853.3    816.9
     1     1    19    11    22    10     0     2   -50.0   26.287 -138.077   1863.2    816.8
     1     1    19    11    22     9     0     3   -51.0   26.469 -137.855   1866.9    816.9
     1     1    19    11    22     8     0     2   -52.0   26.656 -137.641   1867.8    816.9
     1     1    19    11    22     7     0     1   -53.0   26.849 -137.438   1869.7    817.2
     1     1    19    11    22     6     0     0   -54.0   27.051 -137.246   1883.2    816.7
     1     1    19    11    22     5     0     1   -55.0   27.262 -137.068   1905.8    813.2
     1     1    19    11    22     4     0     2   -56.0   27.477 -136.909   1929.9    810.6
     1     1    19    11    22     3     0     3   -57.0   27.689 -136.769   1958.1    807.6
     1     1    19    11    22     2     0     2   -58.0   27.897 -136.639   1979.2    804.0
     1     1    19    11    22     1     0     1   -59.0   28.103 -136.510   1977.0    803.6
     1     1    19    11    22     0     0     0   -60.0   28.301 -136.386   1946.0    806.3
     1     1    19    11    21    23     0     1   -61.0   28.490 -136.275   1919.1    812.6
     1     1    19    11    21    22     0     2   -62.0   28.678 -136.182   1927.1    811.5
     1     1    19    11    21    21     0     3   -63.0   28.871 -136.104   1960.5    807.8
     1     1    19    11    21    20     0     2   -64.0   29.071 -136.033   1985.2    802.8
     1     1    19    11    21    19     0     1   -65.0   29.273 -135.968   1979.1    804.4
     1     1    19    11    21    18     0     0   -66.0   29.479 -135.917   1958.4    807.8
     1     1    19    11    21    17     0     1   -67.0   29.682 -135.880   1949.1    809.8
     1     1    19    11    21    16     0     2   -68.0   29.876 -135.851   1952.9    807.9
     1     1    19    11    21    15     0     3   -69.0   30.058 -135.826   1953.4    806.9
     1     1    19    11    21    14     0     2   -70.0   30.229 -135.810   1954.3    807.7
     1     1    19    11    21    13     0     1   -71.0   30.393 -135.810   1960.2    806.6
     1     1    19    11    21    12     0     0   -72.0   30.556 -135.824   1960.2    806.1
     1     1    19    11    21    11     0     1   -73.0   30.712 -135.843   1962.0    807.3
     1     1    19    11    21    10     0     2   -74.0   30.851 -135.858   1972.5    805.8
     1     1    19    11    21     9     0     3   -75.0   30.969 -135.868   1981.4    804.5
     1     1    19    11    21     8     0     2   -76.0   31.073 -135.879   2020.2    804.4
     1     1    19    11    21     7     0     1   -77.0   31.169 -135.893   2116.5    794.9
     1     1    19    11    21     6     0     0   -78.0   31.253 -135.909   2271.5    780.8
     1     1    19    11    21     5     0     1   -79.0   31.335 -135.929   2443.1    760.2
     1     1    19    11    21     4     0     2   -80.0   31.427 -135.952   2587.6    747.4
     1     1    19    11    21     3     0     3   -81.0   31.526 -135.972   2717.3    736.3
     1     1    19    11    21     2     0     2   -82.0   31.630 -135.994   2819.7    725.2
     1     1    19    11    21     1     0     1   -83.0   31.735 -136.018   2876.4    720.2
     1     1    19    11    21     0     0     0   -84.0   31.838 -136.042   2887.8    719.2
     1     1    19    11    20    23     0     1   -85.0   31.937 -136.059   2861.2    722.6
     1     1    19    11    20    22     0     2   -86.0   32.036 -136.066   2804.8    728.0
     1     1    19    11    20    21     0     3   -87.0   32.136 -136.062   2724.4    736.2
     1     1    19    11    20    20     0     2   -88.0   32.243 -136.048   2657.6    745.2
     1     1    19    11    20    19     0     1   -89.0   32.357 -136.028   2628.8    747.6
     1     1    19    11    20    18     0     0   -90.0   32.476 -135.998   2623.0    747.7
     1     1    19    11    20    17     0     1   -91.0   32.601 -135.959   2631.5    746.6
     1     1    19    11    20    16     0     2   -92.0   32.730 -135.911   2654.8    744.3
     1     1    19    11    20    15     0     3   -93.0   32.859 -135.851   2693.6    740.5
     1     1    19    11    20    14     0     2   -94.0   32.996 -135.788   2737.9    735.8
     1     1    19    11    20    13     0     1   -95.0   33.150 -135.733   2777.1    732.1
     1     1    19    11    20    12     0     0   -96.0   33.327 -135.683   2814.1    729.4
     1     1    19    11    20    11     0     1   -97.0   33.515 -135.639   2849.7    726.0
     1     1    19    11    20    10     0     2   -98.0   33.699 -135.606   2877.7    723.7
     1     1    19    11    20     9     0     3   -99.0   33.879 -135.582   2895.4    722.2
     1     1    19    11    20     8     0     2  -100.0   34.051 -135.563   2913.3    722.0
     1     1    19    11    20     7     0     1  -101.0   34.216 -135.551   2941.6    719.4
     1     1    19    11    20     6     0     0  -102.0   34.375 -135.549   2973.1    716.5
     1     1    19    11    20     5     0     1  -103.0   34.532 -135.544   3005.4    713.6
     1     1    19    11    20     4     0     2  -104.0   34.684 -135.519   3039.3    710.3
     1     1    19    11    20     3     0     3  -105.0   34.831 -135.466   3072.3    707.0
     1     1    19    11    20     2     0     2  -106.0   34.973 -135.391   3096.4    704.4
     1     1    19    11    20     1     0     1  -107.0   35.117 -135.312   3110.3    703.8
     1     1    19    11    20     0     0     0  -108.0   35.266 -135.235   3122.3    703.0
     1     1    19    11    19    23     0     1  -109.0   35.426 -135.160   3147.1    701.9
     1     1    19    11    19    22     0     2  -110.0   35.597 -135.083   3195.2    697.6
     1     1    19    11    19    21     0     3  -111.0   35.782 -134.997   3259.6    691.6
     1     1    19    11    19    20     0     2  -112.0   35.985 -134.902   3310.9    685.5
     1     1    19    11    19    19     0     1  -113.0   36.221 -134.805   3341.6    684.3
     1     1    19    11    19    18     0     0  -114.0   36.497 -134.726   3368.2    682.4
     1     1    19    11    19    17     0     1  -115.0   36.819 -134.687   3399.5    679.6
     1     1    19    11    19    16     0     2  -116.0   37.170 -134.689   3422.3    675.4
     1     1    19    11    19    15     0     3  -117.0   37.539 -134.726   3419.1    675.3
     1     1    19    11    19    14     0     2  -118.0   37.929 -134.807   3405.4    677.7
     1     1    19    11    19    13     0     1  -119.0   38.340 -134.925   3424.7    678.6
     1     1    19    11    19    12     0     0  -120.0   38.755 -135.089   3499.9    671.6
     1     1    19    11    19    11     0     1  -121.0   39.156 -135.295   3566.8    661.9
     1     1    19    11    19    10     0     2  -122.0   39.561 -135.528   3624.0    660.5
     1     1    19    11    19     9     0     3  -123.0   39.987 -135.803   3731.5    652.8
     1     1    19    11    19     8     0     2  -124.0   40.424 -136.126   3829.6    638.9
     1     1    19    11    19     7     0     1  -125.0   40.869 -136.481   3881.5    636.9
     1     1    19    11    19     6     0     0  -126.0   41.335 -136.856   3931.3    633.4
     1     1    19    11    19     5     0     1  -127.0   41.846 -137.269   4025.4    627.8
     1     1    19    11    19     4     0     2  -128.0   42.381 -137.741   4178.9    613.5
     1     1    19    11    19     3     0     3  -129.0   42.920 -138.285   4340.7    597.8
     1     1    19    11    19     2     0     2  -130.0   43.465 -138.900   4512.5    586.2
     1     1    19    11    19     1     0     1  -131.0   44.044 -139.549   4696.4    570.2
     1     1    19    11    19     0     0     0  -132.0   44.658 -140.221   4840.4    557.0
     1     1    19    11    18    23     0     1  -133.0   45.257 -140.940   4988.4    550.3
     1     1    19    11    18    22     0     2  -134.0   45.847 -141.728   5209.7    533.3
     1     1    19    11    18    21     0     3  -135.0   46.447 -142.618   5502.0    509.7
     1     1    19    11    18    20     0     2  -136.0   47.010 -143.580   5809.1    490.2
     1     1    19    11    18    19     0     1  -137.0   47.576 -144.635   6190.3    462.4
     1     1    19    11    18    18     0     0  -138.0   48.133 -145.817   6500.2    442.3
     1     1    19    11    18    17     0     1  -139.0   48.645 -147.126   6786.5    424.6
     1     1    19    11    18    16     0     2  -140.0   49.147 -148.643   7114.3    402.9
     1     1    19    11    18    15     0     3  -141.0   49.556 -150.318   7222.1    396.1
     1     1    19    11    18    14     0     2  -142.0   49.835 -152.089   7270.7    393.5
     1     1    19    11    18    13     0     1  -143.0   50.051 -153.941   7372.7    386.1
     1     1    19    11    18    12     0     0  -144.0   50.122 -155.837   7489.8    379.4
     1     1    19    11    18    11     0     1  -145.0   50.082 -157.705   7476.7    379.4
     1     1    19    11    18    10     0     2  -146.0   50.008 -159.642   7533.7    374.3
     1     1    19    11    18     9     0     3  -147.0   49.832 -161.667   7515.9    374.1
     1     1    19    11    18     8     0     2  -148.0   49.587 -163.664   7535.3    371.7
     1     1    19    11    18     7     0     1  -149.0   49.327 -165.733   7534.2    370.1
     1     1    19    11    18     6     0     0  -150.0   49.019 -167.734   7311.4    386.6
     1     1    19    11    18     5     0     1  -151.0   48.636 -169.664   7442.6    372.4
     1     1    19    11    18     4     0     2  -152.0   48.215 -171.555   7390.8    377.3
     1     1    19    11    18     3     0     3  -153.0   47.667 -173.506   7604.5    362.7
     1     1    19    11    18     2     0     2  -154.0   47.074 -175.446   7762.1    353.9
     1     1    19    11    18     1     0     1  -155.0   46.354 -177.331   7750.7    354.2
     1     1    19    11    18     0     0     0  -156.0   45.524 -179.111   7643.7    359.0
     1     1    19    11    17    23     0     1  -157.0   44.673  179.074   7500.6    368.1
     1     1    19    11    17    22     0     2  -158.0   43.747  177.300   7190.5    383.2
     1     1    19    11    17    21     0     3  -159.0   42.912  175.667   6580.1    419.1
     1     1    19    11    17    20     0     2  -160.0   42.132  174.133   6082.4    453.7
     1     1    19    11    17    19     0     1  -161.0   41.314  172.540   5682.5    478.9
     1     1    19    11    17    18     0     0  -162.0   40.634  171.011   4809.4    533.4
     1     1    19    11    17    17     0     1  -163.0   39.968  169.583   3742.9    627.8
     1     1    19    11    17    16     0     2  -164.0   39.359  168.177   3268.2    656.6
     1     1    19    11    17    15     0     3  -165.0   38.878  166.771   2518.0    725.8
     1     1    19    11    17    14     0     2  -166.0   38.479  165.380   2173.7    765.0
     1     1    19    11    17    13     0     1  -167.0   38.150  164.114   1980.9    787.9
     1     1    19    11    17    12     0     0  -168.0   37.839  162.914   1565.9    823.7
