     7     1
    GDAS    19     6     1     0     0
    GDAS    19     7     1     0     0
    GDAS    19     8     1     0     0
    GDAS    19     9     1     0     0
    GDAS    19    10     1     0     0
    GDAS    19    11     1     0     0
    GDAS    19    12     1     0     0
     1 BACKWARD OMEGA   
    19    12    27    18   21.319 -157.670    10.0
     1 PRESSURE
     1     1    19    12    27    18     0     0     0.0   21.319 -157.670     10.0   1012.5
     1     1    19    12    27    17     0     1    -1.0   21.486 -157.525     32.8   1010.1
     1     1    19    12    27    16     0     2    -2.0   21.662 -157.369     81.8   1003.6
     1     1    19    12    27    15     0     3    -3.0   21.862 -157.210    122.0    998.0
     1     1    19    12    27    14     0     2    -4.0   22.077 -157.077    132.5    997.8
     1     1    19    12    27    13     0     1    -5.0   22.291 -156.988    129.8    999.8
     1     1    19    12    27    12     0     0    -6.0   22.513 -156.937    130.3    999.9
     1     1    19    12    27    11     0     1    -7.0   22.752 -156.917    134.9    999.8
     1     1    19    12    27    10     0     2    -8.0   23.011 -156.931    140.8    999.5
     1     1    19    12    27     9     0     3    -9.0   23.291 -156.984    145.3    999.1
     1     1    19    12    27     8     0     2   -10.0   23.583 -157.062    145.3    998.3
     1     1    19    12    27     7     0     1   -11.0   23.866 -157.154    139.0    998.5
     1     1    19    12    27     6     0     0   -12.0   24.130 -157.271    129.8    999.1
     1     1    19    12    27     5     0     1   -13.0   24.365 -157.423    125.5    999.2
     1     1    19    12    27     4     0     2   -14.0   24.575 -157.607    126.5    998.0
     1     1    19    12    27     3     0     3   -15.0   24.765 -157.819    126.9    997.0
     1     1    19    12    27     2     0     2   -16.0   24.947 -158.048    123.8    996.5
     1     1    19    12    27     1     0     1   -17.0   25.120 -158.280    116.0    996.5
     1     1    19    12    27     0     0     0   -18.0   25.267 -158.513    104.4    997.0
     1     1    19    12    26    23     0     1   -19.0   25.385 -158.752     94.7    999.0
     1     1    19    12    26    22     0     2   -20.0   25.487 -158.994     90.0    999.9
     1     1    19    12    26    21     0     3   -21.0   25.580 -159.230     87.0   1000.6
     1     1    19    12    26    20     0     2   -22.0   25.676 -159.457     83.4   1000.7
     1     1    19    12    26    19     0     1   -23.0   25.774 -159.675     77.4   1000.9
     1     1    19    12    26    18     0     0   -24.0   25.856 -159.876     66.1   1001.8
     1     1    19    12    26    17     0     1   -25.0   25.922 -160.064     54.3   1003.1
     1     1    19    12    26    16     0     2   -26.0   25.982 -160.254     46.7   1002.9
     1     1    19    12    26    15     0     3   -27.0   26.046 -160.457     42.5   1002.1
     1     1    19    12    26    14     0     2   -28.0   26.113 -160.666     38.6   1002.1
     1     1    19    12    26    13     0     1   -29.0   26.171 -160.866     34.0   1002.4
     1     1    19    12    26    12     0     0   -30.0   26.214 -161.052     29.1   1002.8
     1     1    19    12    26    11     0     1   -31.0   26.254 -161.240     25.2   1003.6
     1     1    19    12    26    10     0     2   -32.0   26.308 -161.448     22.9   1004.0
     1     1    19    12    26     9     0     3   -33.0   26.374 -161.674     21.7   1004.2
     1     1    19    12    26     8     0     2   -34.0   26.438 -161.904     21.4   1003.9
     1     1    19    12    26     7     0     1   -35.0   26.495 -162.132     21.2   1003.7
     1     1    19    12    26     6     0     0   -36.0   26.545 -162.367     20.5   1003.5
     1     1    19    12    26     5     0     1   -37.0   26.590 -162.614     19.3   1002.8
     1     1    19    12    26     4     0     2   -38.0   26.631 -162.874     18.4   1002.0
     1     1    19    12    26     3     0     3   -39.0   26.675 -163.145     18.2   1001.0
     1     1    19    12    26     2     0     2   -40.0   26.717 -163.415     18.5   1000.7
     1     1    19    12    26     1     0     1   -41.0   26.749 -163.669     18.6   1000.4
     1     1    19    12    26     0     0     0   -42.0   26.763 -163.905     18.7   1000.1
     1     1    19    12    25    23     0     1   -43.0   26.763 -164.131     18.7   1000.6
     1     1    19    12    25    22     0     2   -44.0   26.754 -164.358     18.5   1001.1
     1     1    19    12    25    21     0     3   -45.0   26.735 -164.587     18.3   1001.6
     1     1    19    12    25    20     0     2   -46.0   26.707 -164.812     18.1   1001.4
     1     1    19    12    25    19     0     1   -47.0   26.669 -165.020     18.0   1001.1
     1     1    19    12    25    18     0     0   -48.0   26.620 -165.210     17.9   1000.9
     1     1    19    12    25    17     0     1   -49.0   26.562 -165.396     17.6   1000.4
     1     1    19    12    25    16     0     2   -50.0   26.492 -165.586     17.1    999.8
     1     1    19    12    25    15     0     3   -51.0   26.409 -165.778     16.6    999.1
     1     1    19    12    25    14     0     2   -52.0   26.309 -165.965     16.3    999.2
     1     1    19    12    25    13     0     1   -53.0   26.200 -166.145     16.1    999.3
     1     1    19    12    25    12     0     0   -54.0   26.088 -166.316     16.1    999.3
     1     1    19    12    25    11     0     1   -55.0   25.975 -166.482     16.2    999.6
     1     1    19    12    25    10     0     2   -56.0   25.856 -166.650     16.2    999.8
     1     1    19    12    25     9     0     3   -57.0   25.720 -166.822     16.2   1000.1
     1     1    19    12    25     8     0     2   -58.0   25.577 -167.003     16.1   1000.1
     1     1    19    12    25     7     0     1   -59.0   25.454 -167.194     16.0   1000.2
     1     1    19    12    25     6     0     0   -60.0   25.355 -167.391     15.9   1000.4
     1     1    19    12    25     5     0     1   -61.0   25.266 -167.598     15.7    999.3
     1     1    19    12    25     4     0     2   -62.0   25.175 -167.822     15.6    998.2
     1     1    19    12    25     3     0     3   -63.0   25.077 -168.069     15.5    997.1
     1     1    19    12    25     2     0     2   -64.0   24.991 -168.331     15.7    997.5
     1     1    19    12    25     1     0     1   -65.0   24.927 -168.593     16.2    997.7
     1     1    19    12    25     0     0     0   -66.0   24.877 -168.848     16.5    998.0
     1     1    19    12    24    23     0     1   -67.0   24.843 -169.098     16.5    998.6
     1     1    19    12    24    22     0     2   -68.0   24.833 -169.341     16.7    999.1
     1     1    19    12    24    21     0     3   -69.0   24.847 -169.568     17.0    999.6
     1     1    19    12    24    20     0     2   -70.0   24.881 -169.780     17.4    999.3
     1     1    19    12    24    19     0     1   -71.0   24.939 -169.984     17.6    999.0
     1     1    19    12    24    18     0     0   -72.0   25.029 -170.173     17.6    998.9
     1     1    19    12    24    17     0     1   -73.0   25.140 -170.326     17.7    998.8
     1     1    19    12    24    16     0     2   -74.0   25.254 -170.439     17.9    998.7
     1     1    19    12    24    15     0     3   -75.0   25.368 -170.518     18.1    998.5
     1     1    19    12    24    14     0     2   -76.0   25.472 -170.556     18.2    998.7
     1     1    19    12    24    13     0     1   -77.0   25.546 -170.547     17.9    998.9
     1     1    19    12    24    12     0     0   -78.0   25.583 -170.498     17.2    999.2
     1     1    19    12    24    11     0     1   -79.0   25.575 -170.421     15.5    999.5
     1     1    19    12    24    10     0     2   -80.0   25.518 -170.326     12.9   1000.1
     1     1    19    12    24     9     0     3   -81.0   25.414 -170.225     10.3   1000.8
     1     1    19    12    24     8     0     2   -82.0   25.276 -170.119      8.6   1000.8
     1     1    19    12    24     7     0     1   -83.0   25.109 -170.003      8.0   1000.8
     1     1    19    12    24     6     0     0   -84.0   24.917 -169.876      7.9   1000.8
     1     1    19    12    24     5     0     1   -85.0   24.717 -169.758      7.9   1000.8
     1     1    19    12    24     4     0     2   -86.0   24.521 -169.665      7.9   1000.8
     1     1    19    12    24     3     0     3   -87.0   24.329 -169.605      7.9   1000.7
     1     1    19    12    24     2     0     2   -88.0   24.134 -169.582      8.0   1000.9
     1     1    19    12    24     1     0     1   -89.0   23.926 -169.599      8.1   1001.1
     1     1    19    12    24     0     0     0   -90.0   23.698 -169.642      8.4   1001.3
     1     1    19    12    23    23     0     1   -91.0   23.459 -169.703      8.3   1002.5
     1     1    19    12    23    22     0     2   -92.0   23.209 -169.785      6.2   1003.8
     1     1    19    12    23    21     0     3   -93.0   22.938 -169.890      0.6   1005.0
     1     1    19    12    23    20     0     2   -94.0   22.670 -170.012      0.0   1005.0
     1     1    19    12    23    19     0     1   -95.0   22.439 -170.147      0.0   1005.0
     1     1    19    12    23    18     0     0   -96.0   22.244 -170.298      1.4   1005.0
     1     1    19    12    23    17     0     1   -97.0   22.075 -170.464      3.0   1005.0
     1     1    19    12    23    16     0     2   -98.0   21.924 -170.635      3.7   1004.9
     1     1    19    12    23    15     0     3   -99.0   21.785 -170.801      3.9   1004.8
     1     1    19    12    23    14     0     2  -100.0   21.653 -170.960      4.2   1004.9
     1     1    19    12    23    13     0     1  -101.0   21.527 -171.118      4.8   1005.1
     1     1    19    12    23    12     0     0  -102.0   21.407 -171.271      5.3   1005.3
     1     1    19    12    23    11     0     1  -103.0   21.293 -171.413      5.7   1005.3
     1     1    19    12    23    10     0     2  -104.0   21.189 -171.540      6.2   1005.3
     1     1    19    12    23     9     0     3  -105.0   21.098 -171.652      7.2   1005.4
     1     1    19    12    23     8     0     2  -106.0   21.019 -171.759      8.3   1005.3
     1     1    19    12    23     7     0     1  -107.0   20.950 -171.871      8.9   1005.4
     1     1    19    12    23     6     0     0  -108.0   20.898 -171.993      9.0   1005.5
     1     1    19    12    23     5     0     1  -109.0   20.861 -172.118      8.9   1005.1
     1     1    19    12    23     4     0     2  -110.0   20.836 -172.235      8.9   1004.6
     1     1    19    12    23     3     0     3  -111.0   20.821 -172.346      8.9   1004.0
     1     1    19    12    23     2     0     2  -112.0   20.806 -172.454      8.9   1004.5
     1     1    19    12    23     1     0     1  -113.0   20.786 -172.567      8.7   1005.0
     1     1    19    12    23     0     0     0  -114.0   20.764 -172.689      8.2   1005.5
     1     1    19    12    22    23     0     1  -115.0   20.741 -172.807      7.3   1006.6
     1     1    19    12    22    22     0     2  -116.0   20.713 -172.908      6.2   1007.7
     1     1    19    12    22    21     0     3  -117.0   20.683 -172.993      5.1   1008.7
     1     1    19    12    22    20     0     2  -118.0   20.657 -173.079      4.3   1007.6
     1     1    19    12    22    19     0     1  -119.0   20.642 -173.182      3.8   1006.4
     1     1    19    12    22    18     0     0  -120.0   20.634 -173.297      3.6   1005.3
     1     1    19    12    22    17     0     1  -121.0   20.619 -173.421      3.6   1005.2
     1     1    19    12    22    16     0     2  -122.0   20.586 -173.548      3.7   1005.1
     1     1    19    12    22    15     0     3  -123.0   20.534 -173.677      4.0   1005.0
     1     1    19    12    22    14     0     2  -124.0   20.460 -173.799      4.6   1005.1
     1     1    19    12    22    13     0     1  -125.0   20.362 -173.906      5.3   1005.1
     1     1    19    12    22    12     0     0  -126.0   20.242 -173.999      6.2   1005.2
     1     1    19    12    22    11     0     1  -127.0   20.110 -174.080      7.2   1006.2
     1     1    19    12    22    10     0     2  -128.0   19.980 -174.148      7.8   1007.0
     1     1    19    12    22     9     0     3  -129.0   19.855 -174.201      8.2   1007.7
     1     1    19    12    22     8     0     2  -130.0   19.725 -174.245      8.8   1006.6
     1     1    19    12    22     7     0     1  -131.0   19.582 -174.286      9.8   1005.7
     1     1    19    12    22     6     0     0  -132.0   19.428 -174.327     11.4   1004.7
     1     1    19    12    22     5     0     1  -133.0   19.274 -174.366     13.8   1004.0
     1     1    19    12    22     4     0     2  -134.0   19.131 -174.405     17.3   1003.1
     1     1    19    12    22     3     0     3  -135.0   19.002 -174.442     22.1   1001.9
     1     1    19    12    22     2     0     2  -136.0   18.880 -174.487     28.4   1001.4
     1     1    19    12    22     1     0     1  -137.0   18.760 -174.548     36.3   1000.9
     1     1    19    12    22     0     0     0  -138.0   18.646 -174.627     46.6   1000.4
     1     1    19    12    21    23     0     1  -139.0   18.543 -174.720     56.9    999.4
     1     1    19    12    21    22     0     2  -140.0   18.456 -174.826     63.5    998.9
     1     1    19    12    21    21     0     3  -141.0   18.382 -174.948     66.6    999.0
     1     1    19    12    21    20     0     2  -142.0   18.310 -175.078     68.2    998.5
     1     1    19    12    21    19     0     1  -143.0   18.230 -175.209     70.1    997.7
     1     1    19    12    21    18     0     0  -144.0   18.141 -175.340     71.8    996.9
     1     1    19    12    21    17     0     1  -145.0   18.058 -175.477     73.5    996.3
     1     1    19    12    21    16     0     2  -146.0   17.992 -175.626     76.5    995.4
     1     1    19    12    21    15     0     3  -147.0   17.943 -175.785     80.7    994.3
     1     1    19    12    21    14     0     2  -148.0   17.906 -175.948     84.8    994.2
     1     1    19    12    21    13     0     1  -149.0   17.880 -176.110     87.6    994.5
     1     1    19    12    21    12     0     0  -150.0   17.870 -176.269     89.8    994.9
     1     1    19    12    21    11     0     1  -151.0   17.884 -176.424     92.1    994.8
     1     1    19    12    21    10     0     2  -152.0   17.922 -176.575     95.6    994.5
     1     1    19    12    21     9     0     3  -153.0   17.976 -176.722    100.1    994.1
     1     1    19    12    21     8     0     2  -154.0   18.043 -176.872    105.8    993.1
     1     1    19    12    21     7     0     1  -155.0   18.129 -177.035    112.5    992.0
     1     1    19    12    21     6     0     0  -156.0   18.237 -177.208    120.0    990.9
     1     1    19    12    21     5     0     1  -157.0   18.359 -177.383    125.9    989.7
     1     1    19    12    21     4     0     2  -158.0   18.487 -177.549    129.2    989.0
     1     1    19    12    21     3     0     3  -159.0   18.622 -177.708    133.0    988.4
     1     1    19    12    21     2     0     2  -160.0   18.756 -177.857    138.3    988.5
     1     1    19    12    21     1     0     1  -161.0   18.892 -177.999    143.9    988.5
     1     1    19    12    21     0     0     0  -162.0   19.036 -178.134    147.9    988.5
     1     1    19    12    20    23     0     1  -163.0   19.175 -178.255    150.3    989.1
     1     1    19    12    20    22     0     2  -164.0   19.301 -178.356    150.2    989.5
     1     1    19    12    20    21     0     3  -165.0   19.422 -178.441    144.6    990.8
     1     1    19    12    20    20     0     2  -166.0   19.537 -178.511    135.0    992.1
     1     1    19    12    20    19     0     1  -167.0   19.647 -178.565    123.9    993.0
     1     1    19    12    20    18     0     0  -168.0   19.751 -178.603    111.8    994.1
