     7     1
    GDAS    19     6     1     0     0
    GDAS    19     7     1     0     0
    GDAS    19     8     1     0     0
    GDAS    19     9     1     0     0
    GDAS    19    10     1     0     0
    GDAS    19    11     1     0     0
    GDAS    19    12     1     0     0
     1 BACKWARD OMEGA   
    19     7    17     0   21.319 -157.670    10.0
     1 PRESSURE
     1     1    19     7    17     0     0     0     0.0   21.319 -157.670     10.0   1012.4
     1     1    19     7    16    23     0     1    -1.0   21.399 -157.453     47.1   1008.1
     1     1    19     7    16    22     0     2    -2.0   21.463 -157.214    128.2    996.1
     1     1    19     7    16    21     0     3    -3.0   21.498 -156.952    207.3    985.0
     1     1    19     7    16    20     0     2    -4.0   21.502 -156.685    269.1    979.5
     1     1    19     7    16    19     0     1    -5.0   21.474 -156.427    315.2    975.9
     1     1    19     7    16    18     0     0    -6.0   21.407 -156.168    350.2    973.5
     1     1    19     7    16    17     0     1    -7.0   21.308 -155.913    368.6    971.4
     1     1    19     7    16    16     0     2    -8.0   21.202 -155.674    375.4    971.5
     1     1    19     7    16    15     0     3    -9.0   21.099 -155.445    385.7    970.4
     1     1    19     7    16    14     0     2   -10.0   21.004 -155.212    394.0    968.5
     1     1    19     7    16    13     0     1   -11.0   20.936 -154.971    381.2    969.1
     1     1    19     7    16    12     0     0   -12.0   20.893 -154.729    352.6    973.6
     1     1    19     7    16    11     0     1   -13.0   20.857 -154.478    324.5    977.7
     1     1    19     7    16    10     0     2   -14.0   20.832 -154.211    295.9    981.0
     1     1    19     7    16     9     0     3   -15.0   20.841 -153.934    260.1    985.8
     1     1    19     7    16     8     0     2   -16.0   20.869 -153.653    229.6    990.2
     1     1    19     7    16     7     0     1   -17.0   20.903 -153.372    212.1    991.2
     1     1    19     7    16     6     0     0   -18.0   20.960 -153.089    196.1    992.2
     1     1    19     7    16     5     0     1   -19.0   21.030 -152.810    182.0    994.2
     1     1    19     7    16     4     0     2   -20.0   21.094 -152.540    175.2    994.7
     1     1    19     7    16     3     0     3   -21.0   21.152 -152.280    173.6    994.3
     1     1    19     7    16     2     0     2   -22.0   21.208 -152.026    171.0    994.3
     1     1    19     7    16     1     0     1   -23.0   21.263 -151.771    165.5    995.4
     1     1    19     7    16     0     0     0   -24.0   21.322 -151.518    160.3    996.4
     1     1    19     7    15    23     0     1   -25.0   21.383 -151.268    159.6    997.4
     1     1    19     7    15    22     0     2   -26.0   21.445 -151.016    163.7    997.2
     1     1    19     7    15    21     0     3   -27.0   21.508 -150.760    168.4    996.9
     1     1    19     7    15    20     0     2   -28.0   21.556 -150.500    170.3    996.4
     1     1    19     7    15    19     0     1   -29.0   21.598 -150.239    167.5    996.4
     1     1    19     7    15    18     0     0   -30.0   21.658 -149.987    158.0    997.3
     1     1    19     7    15    17     0     1   -31.0   21.723 -149.731    149.0    999.3
     1     1    19     7    15    16     0     2   -32.0   21.771 -149.464    144.2    999.1
     1     1    19     7    15    15     0     3   -33.0   21.813 -149.204    135.2    999.4
     1     1    19     7    15    14     0     2   -34.0   21.855 -148.952    123.7   1000.9
     1     1    19     7    15    13     0     1   -35.0   21.896 -148.692    116.5   1001.8
     1     1    19     7    15    12     0     0   -36.0   21.927 -148.418    114.5   1001.8
     1     1    19     7    15    11     0     1   -37.0   21.946 -148.134    109.6   1002.2
     1     1    19     7    15    10     0     2   -38.0   21.958 -147.837     95.8   1004.2
     1     1    19     7    15     9     0     3   -39.0   21.972 -147.528     77.9   1007.4
     1     1    19     7    15     8     0     2   -40.0   21.985 -147.215     64.7   1009.9
     1     1    19     7    15     7     0     1   -41.0   22.001 -146.908     57.5   1010.8
     1     1    19     7    15     6     0     0   -42.0   22.024 -146.608     53.6   1011.2
     1     1    19     7    15     5     0     1   -43.0   22.052 -146.309     52.0   1010.6
     1     1    19     7    15     4     0     2   -44.0   22.078 -146.005     51.4   1009.8
     1     1    19     7    15     3     0     3   -45.0   22.097 -145.700     51.1   1009.1
     1     1    19     7    15     2     0     2   -46.0   22.112 -145.401     50.6   1009.3
     1     1    19     7    15     1     0     1   -47.0   22.125 -145.101     50.1   1009.4
     1     1    19     7    15     0     0     0   -48.0   22.135 -144.793     49.9   1009.5
     1     1    19     7    14    23     0     1   -49.0   22.143 -144.486     49.1   1010.6
     1     1    19     7    14    22     0     2   -50.0   22.150 -144.184     47.8   1012.0
     1     1    19     7    14    21     0     3   -51.0   22.158 -143.885     47.3   1013.2
     1     1    19     7    14    20     0     2   -52.0   22.171 -143.590     47.5   1012.4
     1     1    19     7    14    19     0     1   -53.0   22.187 -143.296     47.9   1011.6
     1     1    19     7    14    18     0     0   -54.0   22.208 -142.992     48.1   1010.8
     1     1    19     7    14    17     0     1   -55.0   22.234 -142.687     48.6   1010.7
     1     1    19     7    14    16     0     2   -56.0   22.265 -142.393     49.7   1010.5
     1     1    19     7    14    15     0     3   -57.0   22.307 -142.102     50.4   1010.3
     1     1    19     7    14    14     0     2   -58.0   22.353 -141.814     51.2   1010.3
     1     1    19     7    14    13     0     1   -59.0   22.392 -141.530     52.6   1010.1
     1     1    19     7    14    12     0     0   -60.0   22.430 -141.252     54.6   1009.9
     1     1    19     7    14    11     0     1   -61.0   22.473 -140.979     56.8   1009.8
     1     1    19     7    14    10     0     2   -62.0   22.520 -140.712     58.8   1009.8
     1     1    19     7    14     9     0     3   -63.0   22.569 -140.452     60.4   1009.9
     1     1    19     7    14     8     0     2   -64.0   22.621 -140.201     61.5   1009.8
     1     1    19     7    14     7     0     1   -65.0   22.680 -139.963     63.2   1009.7
     1     1    19     7    14     6     0     0   -66.0   22.742 -139.734     65.9   1009.3
     1     1    19     7    14     5     0     1   -67.0   22.806 -139.510     68.9   1008.7
     1     1    19     7    14     4     0     2   -68.0   22.871 -139.287     71.4   1008.2
     1     1    19     7    14     3     0     3   -69.0   22.942 -139.071     72.8   1007.8
     1     1    19     7    14     2     0     2   -70.0   23.017 -138.862     74.2   1007.8
     1     1    19     7    14     1     0     1   -71.0   23.089 -138.653     76.9   1007.4
     1     1    19     7    14     0     0     0   -72.0   23.155 -138.443     80.2   1006.9
     1     1    19     7    13    23     0     1   -73.0   23.220 -138.230     83.3   1006.8
     1     1    19     7    13    22     0     2   -74.0   23.297 -138.010     86.4   1006.9
     1     1    19     7    13    21     0     3   -75.0   23.390 -137.783     90.0   1006.8
     1     1    19     7    13    20     0     2   -76.0   23.488 -137.554     93.0   1006.4
     1     1    19     7    13    19     0     1   -77.0   23.579 -137.331     93.7   1006.3
     1     1    19     7    13    18     0     0   -78.0   23.662 -137.120     89.8   1006.6
     1     1    19     7    13    17     0     1   -79.0   23.737 -136.921     81.4   1007.5
     1     1    19     7    13    16     0     2   -80.0   23.810 -136.728     72.7   1008.7
     1     1    19     7    13    15     0     3   -81.0   23.881 -136.535     66.8   1009.4
     1     1    19     7    13    14     0     2   -82.0   23.953 -136.341     64.0   1009.7
     1     1    19     7    13    13     0     1   -83.0   24.031 -136.143     63.2   1009.7
     1     1    19     7    13    12     0     0   -84.0   24.115 -135.942     63.2   1009.6
     1     1    19     7    13    11     0     1   -85.0   24.200 -135.742     61.7   1009.7
     1     1    19     7    13    10     0     2   -86.0   24.278 -135.539     58.3   1010.5
     1     1    19     7    13     9     0     3   -87.0   24.355 -135.333     54.6   1011.1
     1     1    19     7    13     8     0     2   -88.0   24.434 -135.122     52.0   1011.5
     1     1    19     7    13     7     0     1   -89.0   24.518 -134.909     51.3   1012.0
     1     1    19     7    13     6     0     0   -90.0   24.606 -134.692     52.1   1012.6
     1     1    19     7    13     5     0     1   -91.0   24.703 -134.479     53.3   1012.5
     1     1    19     7    13     4     0     2   -92.0   24.812 -134.276     54.2   1012.5
     1     1    19     7    13     3     0     3   -93.0   24.929 -134.088     54.7   1012.5
     1     1    19     7    13     2     0     2   -94.0   25.052 -133.911     54.8   1011.7
     1     1    19     7    13     1     0     1   -95.0   25.184 -133.739     55.3   1011.1
     1     1    19     7    13     0     0     0   -96.0   25.327 -133.574     56.8   1010.8
     1     1    19     7    12    23     0     1   -97.0   25.466 -133.419     59.5   1011.4
     1     1    19     7    12    22     0     2   -98.0   25.588 -133.271     62.6   1011.6
     1     1    19     7    12    21     0     3   -99.0   25.691 -133.130     65.1   1011.6
     1     1    19     7    12    20     0     2  -100.0   25.773 -132.995     66.8   1011.5
     1     1    19     7    12    19     0     1  -101.0   25.839 -132.867     68.1   1011.5
     1     1    19     7    12    18     0     0  -102.0   25.888 -132.743     69.2   1011.4
     1     1    19     7    12    17     0     1  -103.0   25.929 -132.623     69.8   1011.3
     1     1    19     7    12    16     0     2  -104.0   25.972 -132.507     70.2   1011.3
     1     1    19     7    12    15     0     3  -105.0   26.019 -132.394     70.2   1011.2
     1     1    19     7    12    14     0     2  -106.0   26.061 -132.282     69.5   1011.1
     1     1    19     7    12    13     0     1  -107.0   26.089 -132.170     67.4   1011.3
     1     1    19     7    12    12     0     0  -108.0   26.100 -132.058     63.7   1011.7
     1     1    19     7    12    11     0     1  -109.0   26.108 -131.938     61.1   1012.6
     1     1    19     7    12    10     0     2  -110.0   26.125 -131.800     61.7   1012.6
     1     1    19     7    12     9     0     3  -111.0   26.153 -131.643     64.5   1012.3
     1     1    19     7    12     8     0     2  -112.0   26.190 -131.471     66.9   1012.0
     1     1    19     7    12     7     0     1  -113.0   26.234 -131.296     67.2   1012.2
     1     1    19     7    12     6     0     0  -114.0   26.284 -131.119     65.1   1012.7
     1     1    19     7    12     5     0     1  -115.0   26.346 -130.945     62.7   1013.2
     1     1    19     7    12     4     0     2  -116.0   26.425 -130.779     61.9   1013.2
     1     1    19     7    12     3     0     3  -117.0   26.517 -130.620     62.8   1013.0
     1     1    19     7    12     2     0     2  -118.0   26.618 -130.475     64.4   1012.7
     1     1    19     7    12     1     0     1  -119.0   26.721 -130.346     66.4   1012.4
     1     1    19     7    12     0     0     0  -120.0   26.827 -130.234     69.2   1012.1
     1     1    19     7    11    23     0     1  -121.0   26.924 -130.130     72.8   1011.7
     1     1    19     7    11    22     0     2  -122.0   27.000 -130.026     77.1   1011.4
     1     1    19     7    11    21     0     3  -123.0   27.056 -129.923     81.7   1011.0
     1     1    19     7    11    20     0     2  -124.0   27.097 -129.817     86.6   1010.6
     1     1    19     7    11    19     0     1  -125.0   27.127 -129.705     92.4   1010.1
     1     1    19     7    11    18     0     0  -126.0   27.144 -129.587     98.6   1009.5
     1     1    19     7    11    17     0     1  -127.0   27.157 -129.467    103.0   1008.8
     1     1    19     7    11    16     0     2  -128.0   27.173 -129.352    103.7   1008.6
     1     1    19     7    11    15     0     3  -129.0   27.191 -129.241    100.9   1008.9
     1     1    19     7    11    14     0     2  -130.0   27.213 -129.126     96.0   1008.9
     1     1    19     7    11    13     0     1  -131.0   27.239 -129.002     90.5   1008.8
     1     1    19     7    11    12     0     0  -132.0   27.272 -128.869     85.4   1008.7
     1     1    19     7    11    11     0     1  -133.0   27.314 -128.732     81.9   1009.3
     1     1    19     7    11    10     0     2  -134.0   27.368 -128.594     80.7   1009.6
     1     1    19     7    11     9     0     3  -135.0   27.433 -128.449     81.6   1009.6
     1     1    19     7    11     8     0     2  -136.0   27.509 -128.301     84.0   1009.7
     1     1    19     7    11     7     0     1  -137.0   27.594 -128.156     87.0   1009.9
     1     1    19     7    11     6     0     0  -138.0   27.687 -128.013     90.1   1010.2
     1     1    19     7    11     5     0     1  -139.0   27.785 -127.878     93.6   1009.5
     1     1    19     7    11     4     0     2  -140.0   27.888 -127.759     98.5   1008.5
     1     1    19     7    11     3     0     3  -141.0   27.994 -127.655    105.1   1007.4
     1     1    19     7    11     2     0     2  -142.0   28.098 -127.564    110.1   1006.4
     1     1    19     7    11     1     0     1  -143.0   28.195 -127.480    110.9   1006.3
     1     1    19     7    11     0     0     0  -144.0   28.284 -127.403    109.0   1006.4
     1     1    19     7    10    23     0     1  -145.0   28.361 -127.330    106.9   1007.2
     1     1    19     7    10    22     0     2  -146.0   28.422 -127.255    106.0   1007.6
     1     1    19     7    10    21     0     3  -147.0   28.468 -127.179    105.8   1007.9
     1     1    19     7    10    20     0     2  -148.0   28.506 -127.101    106.7   1007.9
     1     1    19     7    10    19     0     1  -149.0   28.545 -127.020    109.7   1007.6
     1     1    19     7    10    18     0     0  -150.0   28.583 -126.936    115.3   1007.0
     1     1    19     7    10    17     0     1  -151.0   28.628 -126.850    122.2   1006.2
     1     1    19     7    10    16     0     2  -152.0   28.686 -126.762    128.8   1005.6
     1     1    19     7    10    15     0     3  -153.0   28.758 -126.674    135.2   1005.1
     1     1    19     7    10    14     0     2  -154.0   28.835 -126.594    140.7   1003.5
     1     1    19     7    10    13     0     1  -155.0   28.910 -126.526    144.3   1002.2
     1     1    19     7    10    12     0     0  -156.0   28.982 -126.471    145.7   1001.1
     1     1    19     7    10    11     0     1  -157.0   29.048 -126.421    146.5   1001.7
     1     1    19     7    10    10     0     2  -158.0   29.104 -126.366    148.5   1001.9
     1     1    19     7    10     9     0     3  -159.0   29.149 -126.306    151.4   1002.0
     1     1    19     7    10     8     0     2  -160.0   29.193 -126.240    154.2   1001.6
     1     1    19     7    10     7     0     1  -161.0   29.242 -126.167    156.0   1001.5
     1     1    19     7    10     6     0     0  -162.0   29.296 -126.088    156.9   1001.5
     1     1    19     7    10     5     0     1  -163.0   29.354 -126.009    157.3   1001.4
     1     1    19     7    10     4     0     2  -164.0   29.413 -125.938    157.4   1001.2
     1     1    19     7    10     3     0     3  -165.0   29.474 -125.874    157.7   1000.9
     1     1    19     7    10     2     0     2  -166.0   29.533 -125.813    157.8   1000.6
     1     1    19     7    10     1     0     1  -167.0   29.588 -125.755    156.8   1000.4
     1     1    19     7    10     0     0     0  -168.0   29.639 -125.700    154.4   1000.4
