     7     1
    GDAS    18    12     1     0     0
    GDAS    19     1     1     0     0
    GDAS    19     2     1     0     0
    GDAS    19     3     1     0     0
    GDAS    19     4     1     0     0
    GDAS    19     5     1     0     0
    GDAS    19     6     1     0     0
     1 BACKWARD OMEGA   
    19     4    10     6   21.319 -157.670    10.0
     1 PRESSURE
     1     1    19     4    10     6     0     0     0.0   21.319 -157.670     10.0   1016.3
     1     1    19     4    10     5     0     1    -1.0   21.443 -157.400     10.0   1015.8
     1     1    19     4    10     4     0     2    -2.0   21.546 -157.138     10.0   1015.6
     1     1    19     4    10     3     0     3    -3.0   21.630 -156.877      9.8   1016.5
     1     1    19     4    10     2     0     2    -4.0   21.693 -156.613      9.1   1018.3
     1     1    19     4    10     1     0     1    -5.0   21.739 -156.345      8.0   1019.6
     1     1    19     4    10     0     0     0    -6.0   21.765 -156.071      6.6   1020.7
     1     1    19     4     9    23     0     1    -7.0   21.776 -155.797      5.3   1020.7
     1     1    19     4     9    22     0     2    -8.0   21.780 -155.531      4.2   1020.5
     1     1    19     4     9    21     0     3    -9.0   21.776 -155.269      3.6   1020.6
     1     1    19     4     9    20     0     2   -10.0   21.767 -155.010      3.4   1020.7
     1     1    19     4     9    19     0     1   -11.0   21.759 -154.748      3.4   1020.9
     1     1    19     4     9    18     0     0   -12.0   21.754 -154.481      3.4   1021.0
     1     1    19     4     9    17     0     1   -13.0   21.753 -154.209      3.4   1020.6
     1     1    19     4     9    16     0     2   -14.0   21.757 -153.934      3.4   1020.2
     1     1    19     4     9    15     0     3   -15.0   21.765 -153.653      3.4   1019.8
     1     1    19     4     9    14     0     2   -16.0   21.774 -153.358      3.4   1019.9
     1     1    19     4     9    13     0     1   -17.0   21.781 -153.046      3.3   1020.1
     1     1    19     4     9    12     0     0   -18.0   21.787 -152.722      3.3   1020.2
     1     1    19     4     9    11     0     1   -19.0   21.794 -152.398      3.3   1020.5
     1     1    19     4     9    10     0     2   -20.0   21.801 -152.080      3.3   1020.8
     1     1    19     4     9     9     0     3   -21.0   21.811 -151.765      3.3   1021.0
     1     1    19     4     9     8     0     2   -22.0   21.828 -151.455      3.4   1021.1
     1     1    19     4     9     7     0     1   -23.0   21.854 -151.155      3.6   1021.1
     1     1    19     4     9     6     0     0   -24.0   21.889 -150.865      3.7   1021.2
     1     1    19     4     9     5     0     1   -25.0   21.924 -150.586      3.7   1020.9
     1     1    19     4     9     4     0     2   -26.0   21.954 -150.314      3.7   1020.6
     1     1    19     4     9     3     0     3   -27.0   21.983 -150.048      3.7   1020.5
     1     1    19     4     9     2     0     2   -28.0   22.004 -149.787      3.7   1019.7
     1     1    19     4     9     1     0     1   -29.0   22.011 -149.529      3.7   1019.6
     1     1    19     4     9     0     0     0   -30.0   22.005 -149.274      3.6   1020.0
     1     1    19     4     8    23     0     1   -31.0   21.991 -149.021      3.6   1020.7
     1     1    19     4     8    22     0     2   -32.0   21.977 -148.773      3.6   1020.6
     1     1    19     4     8    21     0     3   -33.0   21.962 -148.529      3.6   1020.4
     1     1    19     4     8    20     0     2   -34.0   21.943 -148.287      3.6   1020.3
     1     1    19     4     8    19     0     1   -35.0   21.918 -148.042      3.6   1020.3
     1     1    19     4     8    18     0     0   -36.0   21.889 -147.795      3.6   1020.2
     1     1    19     4     8    17     0     1   -37.0   21.861 -147.548      3.6   1019.8
     1     1    19     4     8    16     0     2   -38.0   21.841 -147.306      3.6   1019.4
     1     1    19     4     8    15     0     3   -39.0   21.830 -147.069      3.6   1019.1
     1     1    19     4     8    14     0     2   -40.0   21.825 -146.835      3.6   1018.8
     1     1    19     4     8    13     0     1   -41.0   21.823 -146.600      3.6   1018.6
     1     1    19     4     8    12     0     0   -42.0   21.823 -146.364      3.6   1018.3
     1     1    19     4     8    11     0     1   -43.0   21.827 -146.132      3.6   1019.2
     1     1    19     4     8    10     0     2   -44.0   21.837 -145.907      3.6   1020.1
     1     1    19     4     8     9     0     3   -45.0   21.851 -145.687      3.6   1021.1
     1     1    19     4     8     8     0     2   -46.0   21.862 -145.474      3.6   1020.8
     1     1    19     4     8     7     0     1   -47.0   21.865 -145.269      3.7   1020.6
     1     1    19     4     8     6     0     0   -48.0   21.862 -145.072      3.8   1020.4
     1     1    19     4     8     5     0     1   -49.0   21.853 -144.882      4.0   1020.2
     1     1    19     4     8     4     0     2   -50.0   21.836 -144.698      4.4   1020.1
     1     1    19     4     8     3     0     3   -51.0   21.813 -144.523      5.0   1019.9
     1     1    19     4     8     2     0     2   -52.0   21.782 -144.356      5.4   1018.8
     1     1    19     4     8     1     0     1   -53.0   21.740 -144.196      5.6   1017.7
     1     1    19     4     8     0     0     0   -54.0   21.689 -144.042      5.6   1016.6
     1     1    19     4     7    23     0     1   -55.0   21.626 -143.886      5.6   1017.7
     1     1    19     4     7    22     0     2   -56.0   21.554 -143.721      5.6   1018.9
     1     1    19     4     7    21     0     3   -57.0   21.474 -143.548      5.6   1020.1
     1     1    19     4     7    20     0     2   -58.0   21.396 -143.374      5.6   1019.7
     1     1    19     4     7    19     0     1   -59.0   21.330 -143.202      5.6   1019.2
     1     1    19     4     7    18     0     0   -60.0   21.277 -143.034      5.6   1018.4
     1     1    19     4     7    17     0     1   -61.0   21.232 -142.872      5.6   1018.8
     1     1    19     4     7    16     0     2   -62.0   21.190 -142.715      5.6   1019.2
     1     1    19     4     7    15     0     3   -63.0   21.149 -142.565      5.6   1019.4
     1     1    19     4     7    14     0     2   -64.0   21.103 -142.416      5.6   1018.7
     1     1    19     4     7    13     0     1   -65.0   21.049 -142.263      5.6   1017.8
     1     1    19     4     7    12     0     0   -66.0   20.983 -142.103      5.6   1016.8
     1     1    19     4     7    11     0     1   -67.0   20.911 -141.933      5.6   1018.1
     1     1    19     4     7    10     0     2   -68.0   20.840 -141.747      5.6   1019.3
     1     1    19     4     7     9     0     3   -69.0   20.773 -141.547      5.6   1020.3
     1     1    19     4     7     8     0     2   -70.0   20.714 -141.333      5.6   1019.5
     1     1    19     4     7     7     0     1   -71.0   20.667 -141.108      5.6   1019.0
     1     1    19     4     7     6     0     0   -72.0   20.628 -140.873      5.6   1018.5
     1     1    19     4     7     5     0     1   -73.0   20.593 -140.634      5.6   1018.6
     1     1    19     4     7     4     0     2   -74.0   20.557 -140.397      5.6   1018.7
     1     1    19     4     7     3     0     3   -75.0   20.524 -140.162      5.6   1018.7
     1     1    19     4     7     2     0     2   -76.0   20.496 -139.929      5.6   1018.0
     1     1    19     4     7     1     0     1   -77.0   20.475 -139.697      5.6   1017.2
     1     1    19     4     7     0     0     0   -78.0   20.464 -139.467      5.6   1016.4
     1     1    19     4     6    23     0     1   -79.0   20.455 -139.237      5.6   1017.1
     1     1    19     4     6    22     0     2   -80.0   20.442 -139.009      5.6   1017.7
     1     1    19     4     6    21     0     3   -81.0   20.423 -138.782      5.6   1018.3
     1     1    19     4     6    20     0     2   -82.0   20.403 -138.554      5.6   1018.1
     1     1    19     4     6    19     0     1   -83.0   20.384 -138.321      5.6   1018.2
     1     1    19     4     6    18     0     0   -84.0   20.368 -138.085      5.6   1018.4
     1     1    19     4     6    17     0     1   -85.0   20.355 -137.844      5.6   1018.1
     1     1    19     4     6    16     0     2   -86.0   20.351 -137.597      5.6   1017.7
     1     1    19     4     6    15     0     3   -87.0   20.356 -137.345      5.6   1017.3
     1     1    19     4     6    14     0     2   -88.0   20.377 -137.093      5.6   1017.3
     1     1    19     4     6    13     0     1   -89.0   20.416 -136.849      5.6   1017.4
     1     1    19     4     6    12     0     0   -90.0   20.472 -136.611      5.6   1017.4
     1     1    19     4     6    11     0     1   -91.0   20.539 -136.379      5.6   1018.5
     1     1    19     4     6    10     0     2   -92.0   20.610 -136.154      5.6   1019.5
     1     1    19     4     6     9     0     3   -93.0   20.686 -135.933      5.6   1020.6
     1     1    19     4     6     8     0     2   -94.0   20.763 -135.718      5.6   1020.4
     1     1    19     4     6     7     0     1   -95.0   20.835 -135.509      5.6   1020.2
     1     1    19     4     6     6     0     0   -96.0   20.903 -135.304      5.6   1020.1
     1     1    19     4     6     5     0     1   -97.0   20.974 -135.103      5.6   1019.7
     1     1    19     4     6     4     0     2   -98.0   21.048 -134.906      5.6   1019.3
     1     1    19     4     6     3     0     3   -99.0   21.123 -134.716      5.6   1018.9
     1     1    19     4     6     2     0     2  -100.0   21.200 -134.536      5.6   1018.7
     1     1    19     4     6     1     0     1  -101.0   21.281 -134.365      5.6   1018.4
     1     1    19     4     6     0     0     0  -102.0   21.364 -134.205      5.6   1018.1
     1     1    19     4     5    23     0     1  -103.0   21.449 -134.049      5.4   1019.0
     1     1    19     4     5    22     0     2  -104.0   21.539 -133.891      5.1   1019.9
     1     1    19     4     5    21     0     3  -105.0   21.638 -133.731      4.6   1020.8
     1     1    19     4     5    20     0     2  -106.0   21.753 -133.579      4.4   1020.4
     1     1    19     4     5    19     0     1  -107.0   21.896 -133.444      4.7   1020.0
     1     1    19     4     5    18     0     0  -108.0   22.071 -133.327      5.1   1019.6
     1     1    19     4     5    17     0     1  -109.0   22.244 -133.220      5.4   1019.0
     1     1    19     4     5    16     0     2  -110.0   22.387 -133.119      5.3   1018.4
     1     1    19     4     5    15     0     3  -111.0   22.504 -133.027      5.0   1017.8
     1     1    19     4     5    14     0     2  -112.0   22.610 -132.942      4.7   1018.6
     1     1    19     4     5    13     0     1  -113.0   22.720 -132.864      5.0   1019.4
     1     1    19     4     5    12     0     0  -114.0   22.834 -132.793      5.7   1020.2
     1     1    19     4     5    11     0     1  -115.0   22.958 -132.732      6.6   1020.8
     1     1    19     4     5    10     0     2  -116.0   23.094 -132.683      7.1   1021.5
     1     1    19     4     5     9     0     3  -117.0   23.237 -132.643      7.3   1022.2
     1     1    19     4     5     8     0     2  -118.0   23.383 -132.608      7.3   1021.8
     1     1    19     4     5     7     0     1  -119.0   23.530 -132.577      7.3   1021.4
     1     1    19     4     5     6     0     0  -120.0   23.679 -132.552      7.3   1021.1
     1     1    19     4     5     5     0     1  -121.0   23.830 -132.538      7.3   1020.8
     1     1    19     4     5     4     0     2  -122.0   23.983 -132.542      7.3   1020.5
     1     1    19     4     5     3     0     3  -123.0   24.139 -132.563      7.3   1020.1
     1     1    19     4     5     2     0     2  -124.0   24.296 -132.600      7.3   1019.9
     1     1    19     4     5     1     0     1  -125.0   24.453 -132.653      7.3   1019.7
     1     1    19     4     5     0     0     0  -126.0   24.610 -132.721      7.3   1019.4
     1     1    19     4     4    23     0     1  -127.0   24.764 -132.802      7.3   1019.3
     1     1    19     4     4    22     0     2  -128.0   24.913 -132.892      7.3   1019.1
     1     1    19     4     4    21     0     3  -129.0   25.059 -132.990      7.3   1019.0
     1     1    19     4     4    20     0     2  -130.0   25.203 -133.098      7.3   1018.8
     1     1    19     4     4    19     0     1  -131.0   25.346 -133.218      7.3   1018.9
     1     1    19     4     4    18     0     0  -132.0   25.489 -133.347      7.3   1018.9
     1     1    19     4     4    17     0     1  -133.0   25.634 -133.488      7.3   1018.7
     1     1    19     4     4    16     0     2  -134.0   25.784 -133.644      7.3   1018.5
     1     1    19     4     4    15     0     3  -135.0   25.946 -133.813      7.3   1018.3
     1     1    19     4     4    14     0     2  -136.0   26.113 -133.994      7.1   1018.2
     1     1    19     4     4    13     0     1  -137.0   26.275 -134.188      6.6   1018.2
     1     1    19     4     4    12     0     0  -138.0   26.435 -134.394      6.0   1018.1
     1     1    19     4     4    11     0     1  -139.0   26.586 -134.611      5.6   1018.2
     1     1    19     4     4    10     0     2  -140.0   26.721 -134.835      5.4   1018.4
     1     1    19     4     4     9     0     3  -141.0   26.852 -135.068      5.1   1018.5
     1     1    19     4     4     8     0     2  -142.0   26.978 -135.305      5.0   1018.4
     1     1    19     4     4     7     0     1  -143.0   27.096 -135.537      5.0   1018.4
     1     1    19     4     4     6     0     0  -144.0   27.210 -135.767      5.0   1018.4
     1     1    19     4     4     5     0     1  -145.0   27.325 -135.999      5.0   1017.2
     1     1    19     4     4     4     0     2  -146.0   27.438 -136.233      5.0   1016.3
     1     1    19     4     4     3     0     3  -147.0   27.548 -136.471      5.0   1015.6
     1     1    19     4     4     2     0     2  -148.0   27.657 -136.714      5.0   1015.5
     1     1    19     4     4     1     0     1  -149.0   27.760 -136.961      5.0   1015.3
     1     1    19     4     4     0     0     0  -150.0   27.858 -137.211      5.0   1015.1
     1     1    19     4     3    23     0     1  -151.0   27.953 -137.458      5.0   1015.6
     1     1    19     4     3    22     0     2  -152.0   28.039 -137.699      5.0   1016.6
     1     1    19     4     3    21     0     3  -153.0   28.109 -137.938      5.0   1018.0
     1     1    19     4     3    20     0     2  -154.0   28.168 -138.174      5.1   1018.0
     1     1    19     4     3    19     0     1  -155.0   28.222 -138.413      5.4   1017.7
     1     1    19     4     3    18     0     0  -156.0   28.266 -138.660      5.8   1017.4
     1     1    19     4     3    17     0     1  -157.0   28.301 -138.909      5.9   1016.4
     1     1    19     4     3    16     0     2  -158.0   28.326 -139.146      6.0   1015.6
     1     1    19     4     3    15     0     3  -159.0   28.339 -139.373      6.0   1014.7
     1     1    19     4     3    14     0     2  -160.0   28.342 -139.597      6.1   1014.8
     1     1    19     4     3    13     0     1  -161.0   28.332 -139.814      6.2   1014.9
     1     1    19     4     3    12     0     0  -162.0   28.298 -140.021      6.3   1015.0
     1     1    19     4     3    11     0     1  -163.0   28.247 -140.219      6.2   1015.9
     1     1    19     4     3    10     0     2  -164.0   28.189 -140.407      6.1   1017.0
     1     1    19     4     3     9     0     3  -165.0   28.112 -140.580      5.9   1018.2
     1     1    19     4     3     8     0     2  -166.0   28.031 -140.737      5.8   1018.6
     1     1    19     4     3     7     0     1  -167.0   27.961 -140.876      5.8   1018.8
     1     1    19     4     3     6     0     0  -168.0   27.896 -140.996      5.7   1018.8
