     7     1
    GDAS    18    12     1     0     0
    GDAS    19     1     1     0     0
    GDAS    19     2     1     0     0
    GDAS    19     3     1     0     0
    GDAS    19     4     1     0     0
    GDAS    19     5     1     0     0
    GDAS    19     6     1     0     0
     1 BACKWARD OMEGA   
    19     3    11     0   21.319 -157.670    10.0
     1 PRESSURE
     1     1    19     3    11     0     0     0     0.0   21.319 -157.670     10.0   1016.9
     1     1    19     3    10    23     0     1    -1.0   21.413 -157.357     16.0   1015.0
     1     1    19     3    10    22     0     2    -2.0   21.482 -157.010     33.7   1012.2
     1     1    19     3    10    21     0     3    -3.0   21.514 -156.622     65.1   1011.3
     1     1    19     3    10    20     0     2    -4.0   21.501 -156.197     94.8   1009.2
     1     1    19     3    10    19     0     1    -5.0   21.465 -155.754    114.5   1007.6
     1     1    19     3    10    18     0     0    -6.0   21.437 -155.306    124.9   1006.6
     1     1    19     3    10    17     0     1    -7.0   21.427 -154.857    128.1   1006.0
     1     1    19     3    10    16     0     2    -8.0   21.427 -154.412    128.1   1005.9
     1     1    19     3    10    15     0     3    -9.0   21.435 -153.971    128.1   1005.6
     1     1    19     3    10    14     0     2   -10.0   21.451 -153.530    128.1   1005.7
     1     1    19     3    10    13     0     1   -11.0   21.477 -153.090    128.1   1005.9
     1     1    19     3    10    12     0     0   -12.0   21.508 -152.648    128.1   1006.0
     1     1    19     3    10    11     0     1   -13.0   21.545 -152.196    128.1   1006.5
     1     1    19     3    10    10     0     2   -14.0   21.589 -151.729    128.1   1007.2
     1     1    19     3    10     9     0     3   -15.0   21.639 -151.249    128.1   1007.8
     1     1    19     3    10     8     0     2   -16.0   21.704 -150.765    129.7   1007.6
     1     1    19     3    10     7     0     1   -17.0   21.792 -150.283    135.1   1006.9
     1     1    19     3    10     6     0     0   -18.0   21.905 -149.799    145.5   1005.7
     1     1    19     3    10     5     0     1   -19.0   22.037 -149.316    157.5   1003.4
     1     1    19     3    10     4     0     2   -20.0   22.183 -148.839    165.4   1002.1
     1     1    19     3    10     3     0     3   -21.0   22.340 -148.371    168.0   1001.6
     1     1    19     3    10     2     0     2   -22.0   22.504 -147.917    167.4   1002.2
     1     1    19     3    10     1     0     1   -23.0   22.676 -147.479    165.7   1002.5
     1     1    19     3    10     0     0     0   -24.0   22.857 -147.053    161.7   1002.8
     1     1    19     3     9    23     0     1   -25.0   23.044 -146.638    157.5   1004.4
     1     1    19     3     9    22     0     2   -26.0   23.234 -146.234    155.9   1005.3
     1     1    19     3     9    21     0     3   -27.0   23.424 -145.842    155.7   1005.8
     1     1    19     3     9    20     0     2   -28.0   23.614 -145.463    156.8   1005.8
     1     1    19     3     9    19     0     1   -29.0   23.806 -145.095    160.0   1005.5
     1     1    19     3     9    18     0     0   -30.0   23.999 -144.738    165.3   1005.0
     1     1    19     3     9    17     0     1   -31.0   24.196 -144.394    171.1   1003.7
     1     1    19     3     9    16     0     2   -32.0   24.402 -144.061    175.3   1002.8
     1     1    19     3     9    15     0     3   -33.0   24.612 -143.740    178.7   1002.2
     1     1    19     3     9    14     0     2   -34.0   24.824 -143.429    184.3   1001.7
     1     1    19     3     9    13     0     1   -35.0   25.034 -143.125    192.8   1000.5
     1     1    19     3     9    12     0     0   -36.0   25.243 -142.830    200.6    999.2
     1     1    19     3     9    11     0     1   -37.0   25.456 -142.545    205.1    999.0
     1     1    19     3     9    10     0     2   -38.0   25.679 -142.268    207.0    999.1
     1     1    19     3     9     9     0     3   -39.0   25.912 -141.998    207.4    999.4
     1     1    19     3     9     8     0     2   -40.0   26.157 -141.737    207.9    999.6
     1     1    19     3     9     7     0     1   -41.0   26.411 -141.485    208.9    999.6
     1     1    19     3     9     6     0     0   -42.0   26.674 -141.245    210.4    999.7
     1     1    19     3     9     5     0     1   -43.0   26.939 -141.022    212.9    999.2
     1     1    19     3     9     4     0     2   -44.0   27.200 -140.815    216.5    998.3
     1     1    19     3     9     3     0     3   -45.0   27.458 -140.623    220.1    997.3
     1     1    19     3     9     2     0     2   -46.0   27.722 -140.448    222.8    997.0
     1     1    19     3     9     1     0     1   -47.0   27.998 -140.288    224.4    996.9
     1     1    19     3     9     0     0     0   -48.0   28.287 -140.140    225.0    996.9
     1     1    19     3     8    23     0     1   -49.0   28.577 -140.011    225.0    997.5
     1     1    19     3     8    22     0     2   -50.0   28.856 -139.906    225.0    998.0
     1     1    19     3     8    21     0     3   -51.0   29.125 -139.825    225.3    998.5
     1     1    19     3     8    20     0     2   -52.0   29.378 -139.762    226.1    998.4
     1     1    19     3     8    19     0     1   -53.0   29.608 -139.706    227.7    998.2
     1     1    19     3     8    18     0     0   -54.0   29.816 -139.657    228.9    998.0
     1     1    19     3     8    17     0     1   -55.0   30.011 -139.606    231.3    997.4
     1     1    19     3     8    16     0     2   -56.0   30.195 -139.546    237.3    996.2
     1     1    19     3     8    15     0     3   -57.0   30.368 -139.476    247.2    994.5
     1     1    19     3     8    14     0     2   -58.0   30.535 -139.406    259.2    992.9
     1     1    19     3     8    13     0     1   -59.0   30.706 -139.345    271.4    991.3
     1     1    19     3     8    12     0     0   -60.0   30.880 -139.292    283.2    989.6
     1     1    19     3     8    11     0     1   -61.0   31.058 -139.239    292.3    988.3
     1     1    19     3     8    10     0     2   -62.0   31.241 -139.179    296.9    987.9
     1     1    19     3     8     9     0     3   -63.0   31.429 -139.116    297.7    987.9
     1     1    19     3     8     8     0     2   -64.0   31.620 -139.055    299.4    988.0
     1     1    19     3     8     7     0     1   -65.0   31.814 -138.993    306.4    986.8
     1     1    19     3     8     6     0     0   -66.0   32.012 -138.930    318.4    985.1
     1     1    19     3     8     5     0     1   -67.0   32.214 -138.862    330.8    982.3
     1     1    19     3     8     4     0     2   -68.0   32.423 -138.792    340.6    980.6
     1     1    19     3     8     3     0     3   -69.0   32.642 -138.726    350.6    979.0
     1     1    19     3     8     2     0     2   -70.0   32.869 -138.673    363.3    977.4
     1     1    19     3     8     1     0     1   -71.0   33.103 -138.630    379.7    975.2
     1     1    19     3     8     0     0     0   -72.0   33.339 -138.593    400.0    972.7
     1     1    19     3     7    23     0     1   -73.0   33.557 -138.571    416.4    970.0
     1     1    19     3     7    22     0     2   -74.0   33.756 -138.578    421.7    969.5
     1     1    19     3     7    21     0     3   -75.0   33.964 -138.619    419.2    970.0
     1     1    19     3     7    20     0     2   -76.0   34.166 -138.679    414.6    970.7
     1     1    19     3     7    19     0     1   -77.0   34.339 -138.748    405.5    971.0
     1     1    19     3     7    18     0     0   -78.0   34.497 -138.842    384.6    972.7
     1     1    19     3     7    17     0     1   -79.0   34.638 -138.954    352.9    976.4
     1     1    19     3     7    16     0     2   -80.0   34.749 -139.061    317.9    980.5
     1     1    19     3     7    15     0     3   -81.0   34.829 -139.158    284.8    984.8
     1     1    19     3     7    14     0     2   -82.0   34.883 -139.244    258.5    988.0
     1     1    19     3     7    13     0     1   -83.0   34.914 -139.319    239.9    989.7
     1     1    19     3     7    12     0     0   -84.0   34.920 -139.383    227.7    990.7
     1     1    19     3     7    11     0     1   -85.0   34.909 -139.427    219.9    991.4
     1     1    19     3     7    10     0     2   -86.0   34.885 -139.444    214.1    992.0
     1     1    19     3     7     9     0     3   -87.0   34.847 -139.432    209.3    992.6
     1     1    19     3     7     8     0     2   -88.0   34.802 -139.405    206.0    993.0
     1     1    19     3     7     7     0     1   -89.0   34.760 -139.382    204.9    993.1
     1     1    19     3     7     6     0     0   -90.0   34.724 -139.363    205.3    993.0
     1     1    19     3     7     5     0     1   -91.0   34.694 -139.357    206.1    992.4
     1     1    19     3     7     4     0     2   -92.0   34.671 -139.369    206.2    992.1
     1     1    19     3     7     3     0     3   -93.0   34.653 -139.402    205.4    991.8
     1     1    19     3     7     2     0     2   -94.0   34.641 -139.455    203.8    992.1
     1     1    19     3     7     1     0     1   -95.0   34.632 -139.523    201.2    992.4
     1     1    19     3     7     0     0     0   -96.0   34.628 -139.607    197.6    992.9
     1     1    19     3     6    23     0     1   -97.0   34.630 -139.698    192.6    993.8
     1     1    19     3     6    22     0     2   -98.0   34.640 -139.784    186.3    994.9
     1     1    19     3     6    21     0     3   -99.0   34.653 -139.858    178.6    996.1
     1     1    19     3     6    20     0     2  -100.0   34.674 -139.924    171.7    997.4
     1     1    19     3     6    19     0     1  -101.0   34.715 -139.982    167.2    998.0
     1     1    19     3     6    18     0     0  -102.0   34.776 -140.034    165.1    998.4
     1     1    19     3     6    17     0     1  -103.0   34.866 -140.089    164.6    998.2
     1     1    19     3     6    16     0     2  -104.0   34.986 -140.154    165.3    997.9
     1     1    19     3     6    15     0     3  -105.0   35.134 -140.231    167.5    997.5
     1     1    19     3     6    14     0     2  -106.0   35.299 -140.316    171.3    996.9
     1     1    19     3     6    13     0     1  -107.0   35.474 -140.404    175.4    996.3
     1     1    19     3     6    12     0     0  -108.0   35.660 -140.498    179.2    995.8
     1     1    19     3     6    11     0     1  -109.0   35.856 -140.585    182.9    995.6
     1     1    19     3     6    10     0     2  -110.0   36.061 -140.650    186.2    995.4
     1     1    19     3     6     9     0     3  -111.0   36.277 -140.691    188.9    995.3
     1     1    19     3     6     8     0     2  -112.0   36.511 -140.711    194.3    995.1
     1     1    19     3     6     7     0     1  -113.0   36.773 -140.716    205.6    993.7
     1     1    19     3     6     6     0     0  -114.0   37.065 -140.705    221.9    991.7
     1     1    19     3     6     5     0     1  -115.0   37.371 -140.688    239.5    989.3
     1     1    19     3     6     4     0     2  -116.0   37.676 -140.681    255.9    987.6
     1     1    19     3     6     3     0     3  -117.0   37.983 -140.687    271.8    985.7
     1     1    19     3     6     2     0     2  -118.0   38.291 -140.690    287.6    983.7
     1     1    19     3     6     1     0     1  -119.0   38.598 -140.671    302.6    981.7
     1     1    19     3     6     0     0     0  -120.0   38.906 -140.633    315.6    980.0
     1     1    19     3     5    23     0     1  -121.0   39.213 -140.569    327.5    979.2
     1     1    19     3     5    22     0     2  -122.0   39.520 -140.473    339.5    978.1
     1     1    19     3     5    21     0     3  -123.0   39.828 -140.350    349.7    977.1
     1     1    19     3     5    20     0     2  -124.0   40.140 -140.203    359.3    976.4
     1     1    19     3     5    19     0     1  -125.0   40.456 -140.036    375.3    975.1
     1     1    19     3     5    18     0     0  -126.0   40.776 -139.847    400.1    972.1
     1     1    19     3     5    17     0     1  -127.0   41.096 -139.638    425.8    968.7
     1     1    19     3     5    16     0     2  -128.0   41.418 -139.416    448.4    965.9
     1     1    19     3     5    15     0     3  -129.0   41.742 -139.189    474.8    963.4
     1     1    19     3     5    14     0     2  -130.0   42.056 -138.957    510.3    959.2
     1     1    19     3     5    13     0     1  -131.0   42.354 -138.719    547.4    954.4
     1     1    19     3     5    12     0     0  -132.0   42.636 -138.481    579.2    951.1
     1     1    19     3     5    11     0     1  -133.0   42.901 -138.239    607.8    948.6
     1     1    19     3     5    10     0     2  -134.0   43.155 -137.989    639.5    946.1
     1     1    19     3     5     9     0     3  -135.0   43.407 -137.731    669.2    941.5
     1     1    19     3     5     8     0     2  -136.0   43.663 -137.469    685.5    939.8
     1     1    19     3     5     7     0     1  -137.0   43.927 -137.215    696.2    939.6
     1     1    19     3     5     6     0     0  -138.0   44.203 -136.976    716.9    938.3
     1     1    19     3     5     5     0     1  -139.0   44.475 -136.759    745.7    933.9
     1     1    19     3     5     4     0     2  -140.0   44.734 -136.570    769.2    931.1
     1     1    19     3     5     3     0     3  -141.0   44.988 -136.408    785.0    929.4
     1     1    19     3     5     2     0     2  -142.0   45.237 -136.271    807.8    928.7
     1     1    19     3     5     1     0     1  -143.0   45.474 -136.151    848.3    923.9
     1     1    19     3     5     0     0     0  -144.0   45.700 -136.043    897.0    918.0
     1     1    19     3     4    23     0     1  -145.0   45.925 -135.940    942.3    912.2
     1     1    19     3     4    22     0     2  -146.0   46.166 -135.841    981.4    908.4
     1     1    19     3     4    21     0     3  -147.0   46.423 -135.747   1017.3    904.3
     1     1    19     3     4    20     0     2  -148.0   46.696 -135.664   1047.8    900.8
     1     1    19     3     4    19     0     1  -149.0   46.981 -135.595   1074.9    898.0
     1     1    19     3     4    18     0     0  -150.0   47.275 -135.535   1104.1    895.2
     1     1    19     3     4    17     0     1  -151.0   47.565 -135.486   1134.3    891.3
     1     1    19     3     4    16     0     2  -152.0   47.851 -135.447   1158.5    888.4
     1     1    19     3     4    15     0     3  -153.0   48.135 -135.413   1175.9    886.5
     1     1    19     3     4    14     0     2  -154.0   48.416 -135.386   1196.2    885.1
     1     1    19     3     4    13     0     1  -155.0   48.691 -135.367   1223.6    881.6
     1     1    19     3     4    12     0     0  -156.0   48.960 -135.350   1251.1    878.1
     1     1    19     3     4    11     0     1  -157.0   49.223 -135.328   1274.2    875.4
     1     1    19     3     4    10     0     2  -158.0   49.482 -135.297   1292.7    873.3
     1     1    19     3     4     9     0     3  -159.0   49.737 -135.261   1307.3    871.7
     1     1    19     3     4     8     0     2  -160.0   49.995 -135.214   1323.7    870.4
     1     1    19     3     4     7     0     1  -161.0   50.261 -135.155   1346.7    868.0
     1     1    19     3     4     6     0     0  -162.0   50.537 -135.091   1378.1    864.8
     1     1    19     3     4     5     0     1  -163.0   50.818 -135.033   1412.7    860.3
     1     1    19     3     4     4     0     2  -164.0   51.098 -134.982   1438.2    857.0
     1     1    19     3     4     3     0     3  -165.0   51.375 -134.927   1450.9    855.8
     1     1    19     3     4     2     0     2  -166.0   51.654 -134.866   1460.7    855.7
     1     1    19     3     4     1     0     1  -167.0   51.935 -134.800   1475.4    854.0
     1     1    19     3     4     0     0     0  -168.0   52.214 -134.724   1491.5    852.1
