     7     1
    GDAS    18    12     1     0     0
    GDAS    19     1     1     0     0
    GDAS    19     2     1     0     0
    GDAS    19     3     1     0     0
    GDAS    19     4     1     0     0
    GDAS    19     5     1     0     0
    GDAS    19     6     1     0     0
     1 BACKWARD OMEGA   
    19     1    13    12   21.319 -157.670    10.0
     1 PRESSURE
     1     1    19     1    13    12     0     0     0.0   21.319 -157.670     10.0   1013.8
     1     1    19     1    13    11     0     1    -1.0   21.331 -157.582     10.7   1013.2
     1     1    19     1    13    10     0     2    -2.0   21.340 -157.497     11.3   1012.5
     1     1    19     1    13     9     0     3    -3.0   21.348 -157.415     11.9   1011.9
     1     1    19     1    13     8     0     2    -4.0   21.347 -157.338     12.1   1011.3
     1     1    19     1    13     7     0     1    -5.0   21.334 -157.269     11.6   1010.8
     1     1    19     1    13     6     0     0    -6.0   21.311 -157.216     10.2   1010.4
     1     1    19     1    13     5     0     1    -7.0   21.286 -157.177      8.0   1010.1
     1     1    19     1    13     4     0     2    -8.0   21.263 -157.150      4.8   1009.7
     1     1    19     1    13     3     0     3    -9.0   21.241 -157.132      0.4   1009.3
     1     1    19     1    13     2     0     2   -10.0   21.214 -157.119      0.0   1009.1
     1     1    19     1    13     1     0     1   -11.0   21.178 -157.108      0.0   1008.8
     1     1    19     1    13     0     0     0   -12.0   21.133 -157.101      0.0   1008.5
     1     1    19     1    12    23     0     1   -13.0   21.089 -157.095      0.0   1008.1
     1     1    19     1    12    22     0     2   -14.0   21.050 -157.080      0.0   1007.7
     1     1    19     1    12    21     0     3   -15.0   21.016 -157.051      0.0   1007.2
     1     1    19     1    12    20     0     2   -16.0   20.996 -157.021      0.0   1006.9
     1     1    19     1    12    19     0     1   -17.0   21.003 -157.000      0.0   1006.8
     1     1    19     1    12    18     0     0   -18.0   21.034 -156.982      0.0   1007.4
     1     1    19     1    12    17     0     1   -19.0   21.073 -156.957      0.1   1008.0
     1     1    19     1    12    16     0     2   -20.0   21.110 -156.918      0.2   1008.7
     1     1    19     1    12    15     0     3   -21.0   21.141 -156.867      0.2   1009.4
     1     1    19     1    12    14     0     2   -22.0   21.160 -156.807      0.3   1010.3
     1     1    19     1    12    13     0     1   -23.0   21.164 -156.744      0.4   1011.0
     1     1    19     1    12    12     0     0   -24.0   21.154 -156.681      0.8   1011.8
     1     1    19     1    12    11     0     1   -25.0   21.135 -156.620      1.1   1012.5
     1     1    19     1    12    10     0     2   -26.0   21.109 -156.562      1.2   1013.1
     1     1    19     1    12     9     0     3   -27.0   21.078 -156.510      1.0   1013.8
     1     1    19     1    12     8     0     2   -28.0   21.038 -156.460      0.8   1013.7
     1     1    19     1    12     7     0     1   -29.0   20.987 -156.407      0.9   1013.6
     1     1    19     1    12     6     0     0   -30.0   20.927 -156.354      1.3   1013.8
     1     1    19     1    12     5     0     1   -31.0   20.869 -156.298      1.6   1014.5
     1     1    19     1    12     4     0     2   -32.0   20.822 -156.235      1.6   1015.2
     1     1    19     1    12     3     0     3   -33.0   20.784 -156.161      1.2   1015.9
     1     1    19     1    12     2     0     2   -34.0   20.750 -156.083      0.0   1016.8
     1     1    19     1    12     1     0     1   -35.0   20.713 -156.010      0.0   1017.6
     1     1    19     1    12     0     0     0   -36.0   20.674 -155.951      0.0   1017.9
     1     1    19     1    11    23     0     1   -37.0   20.630 -155.888      0.0   1018.7
     1     1    19     1    11    22     0     2   -38.0   20.576 -155.799      0.0   1019.3
     1     1    19     1    11    21     0     3   -39.0   20.513 -155.683      0.0   1019.8
     1     1    19     1    11    20     0     2   -40.0   20.440 -155.546      0.0   1019.7
     1     1    19     1    11    19     0     1   -41.0   20.351 -155.396      0.0   1019.6
     1     1    19     1    11    18     0     0   -42.0   20.240 -155.234      2.1   1019.7
     1     1    19     1    11    17     0     1   -43.0   20.103 -155.053      7.0   1019.0
     1     1    19     1    11    16     0     2   -44.0   19.961 -154.849     13.8   1017.0
     1     1    19     1    11    15     0     3   -45.0   19.857 -154.638     21.2   1014.6
     1     1    19     1    11    14     0     2   -46.0   19.789 -154.429     28.7   1013.8
     1     1    19     1    11    13     0     1   -47.0   19.742 -154.222     37.5   1012.6
     1     1    19     1    11    12     0     0   -48.0   19.713 -154.010     45.0   1011.8
     1     1    19     1    11    11     0     1   -49.0   19.693 -153.793     50.5   1011.4
     1     1    19     1    11    10     0     2   -50.0   19.673 -153.568     55.1   1011.1
     1     1    19     1    11     9     0     3   -51.0   19.656 -153.335     58.0   1010.6
     1     1    19     1    11     8     0     2   -52.0   19.643 -153.098     59.0   1010.4
     1     1    19     1    11     7     0     1   -53.0   19.630 -152.862     59.2   1010.4
     1     1    19     1    11     6     0     0   -54.0   19.617 -152.629     59.2   1010.3
     1     1    19     1    11     5     0     1   -55.0   19.612 -152.395     59.2   1010.1
     1     1    19     1    11     4     0     2   -56.0   19.624 -152.159     59.2   1009.9
     1     1    19     1    11     3     0     3   -57.0   19.653 -151.922     59.2   1009.8
     1     1    19     1    11     2     0     2   -58.0   19.693 -151.696     59.2   1009.7
     1     1    19     1    11     1     0     1   -59.0   19.736 -151.488     59.2   1009.7
     1     1    19     1    11     0     0     0   -60.0   19.786 -151.299     59.2   1009.7
     1     1    19     1    10    23     0     1   -61.0   19.831 -151.124     59.2   1010.6
     1     1    19     1    10    22     0     2   -62.0   19.861 -150.960     59.2   1011.4
     1     1    19     1    10    21     0     3   -63.0   19.876 -150.806     59.2   1012.3
     1     1    19     1    10    20     0     2   -64.0   19.874 -150.658     59.2   1012.2
     1     1    19     1    10    19     0     1   -65.0   19.857 -150.509     59.2   1012.1
     1     1    19     1    10    18     0     0   -66.0   19.825 -150.359     59.2   1012.0
     1     1    19     1    10    17     0     1   -67.0   19.792 -150.203     60.3   1011.9
     1     1    19     1    10    16     0     2   -68.0   19.771 -150.040     64.4   1011.3
     1     1    19     1    10    15     0     3   -69.0   19.765 -149.872     72.4   1010.1
     1     1    19     1    10    14     0     2   -70.0   19.773 -149.708     83.0   1008.5
     1     1    19     1    10    13     0     1   -71.0   19.794 -149.555     92.9   1007.3
     1     1    19     1    10    12     0     0   -72.0   19.827 -149.416    100.2   1006.4
     1     1    19     1    10    11     0     1   -73.0   19.869 -149.287    104.7   1006.2
     1     1    19     1    10    10     0     2   -74.0   19.921 -149.164    107.5   1006.1
     1     1    19     1    10     9     0     3   -75.0   19.983 -149.046    108.8   1006.2
     1     1    19     1    10     8     0     2   -76.0   20.045 -148.932    109.1   1006.1
     1     1    19     1    10     7     0     1   -77.0   20.097 -148.820    109.1   1006.0
     1     1    19     1    10     6     0     0   -78.0   20.141 -148.707    109.1   1005.9
     1     1    19     1    10     5     0     1   -79.0   20.176 -148.592    109.1   1005.6
     1     1    19     1    10     4     0     2   -80.0   20.203 -148.473    109.1   1005.3
     1     1    19     1    10     3     0     3   -81.0   20.221 -148.351    109.1   1005.0
     1     1    19     1    10     2     0     2   -82.0   20.230 -148.225    109.1   1004.8
     1     1    19     1    10     1     0     1   -83.0   20.229 -148.096    109.1   1004.7
     1     1    19     1    10     0     0     0   -84.0   20.217 -147.963    109.1   1004.6
     1     1    19     1     9    23     0     1   -85.0   20.201 -147.818    110.6   1005.0
     1     1    19     1     9    22     0     2   -86.0   20.188 -147.655    115.3   1005.0
     1     1    19     1     9    21     0     3   -87.0   20.177 -147.474    123.6   1004.6
     1     1    19     1     9    20     0     2   -88.0   20.168 -147.278    132.6   1003.5
     1     1    19     1     9    19     0     1   -89.0   20.159 -147.073    138.2   1003.0
     1     1    19     1     9    18     0     0   -90.0   20.152 -146.858    140.3   1002.7
     1     1    19     1     9    17     0     1   -91.0   20.160 -146.636    140.4   1002.6
     1     1    19     1     9    16     0     2   -92.0   20.192 -146.406    140.4   1002.4
     1     1    19     1     9    15     0     3   -93.0   20.248 -146.171    140.4   1002.2
     1     1    19     1     9    14     0     2   -94.0   20.326 -145.933    140.4   1002.0
     1     1    19     1     9    13     0     1   -95.0   20.423 -145.699    140.4   1001.8
     1     1    19     1     9    12     0     0   -96.0   20.538 -145.470    140.4   1001.6
     1     1    19     1     9    11     0     1   -97.0   20.670 -145.246    140.5   1001.8
     1     1    19     1     9    10     0     2   -98.0   20.816 -145.030    140.5   1002.1
     1     1    19     1     9     9     0     3   -99.0   20.975 -144.824    140.5   1002.3
     1     1    19     1     9     8     0     2  -100.0   21.144 -144.634    140.5   1002.3
     1     1    19     1     9     7     0     1  -101.0   21.316 -144.462    140.5   1002.3
     1     1    19     1     9     6     0     0  -102.0   21.491 -144.309    140.5   1002.3
     1     1    19     1     9     5     0     1  -103.0   21.670 -144.175    143.7   1002.0
     1     1    19     1     9     4     0     2  -104.0   21.852 -144.063    153.5   1000.5
     1     1    19     1     9     3     0     3  -105.0   22.038 -143.972    169.1    998.1
     1     1    19     1     9     2     0     2  -106.0   22.229 -143.903    185.9    995.4
     1     1    19     1     9     1     0     1  -107.0   22.426 -143.851    200.4    993.7
     1     1    19     1     9     0     0     0  -108.0   22.623 -143.818    214.1    992.1
     1     1    19     1     8    23     0     1  -109.0   22.815 -143.803    227.7    991.1
     1     1    19     1     8    22     0     2  -110.0   23.002 -143.799    241.9    990.1
     1     1    19     1     8    21     0     3  -111.0   23.189 -143.807    256.2    988.9
     1     1    19     1     8    20     0     2  -112.0   23.383 -143.824    269.3    987.4
     1     1    19     1     8    19     0     1  -113.0   23.585 -143.850    282.4    986.0
     1     1    19     1     8    18     0     0  -114.0   23.796 -143.886    297.6    984.3
     1     1    19     1     8    17     0     1  -115.0   24.016 -143.932    312.6    981.6
     1     1    19     1     8    16     0     2  -116.0   24.242 -143.989    324.6    979.7
     1     1    19     1     8    15     0     3  -117.0   24.469 -144.057    335.0    978.1
     1     1    19     1     8    14     0     2  -118.0   24.705 -144.141    347.2    977.1
     1     1    19     1     8    13     0     1  -119.0   24.951 -144.241    362.9    975.3
     1     1    19     1     8    12     0     0  -120.0   25.209 -144.356    379.4    973.3
     1     1    19     1     8    11     0     1  -121.0   25.472 -144.481    393.8    972.0
     1     1    19     1     8    10     0     2  -122.0   25.737 -144.614    407.4    971.1
     1     1    19     1     8     9     0     3  -123.0   26.004 -144.757    423.1    970.0
     1     1    19     1     8     8     0     2  -124.0   26.277 -144.913    441.9    967.6
     1     1    19     1     8     7     0     1  -125.0   26.559 -145.084    462.5    964.9
     1     1    19     1     8     6     0     0  -126.0   26.848 -145.269    483.5    962.2
     1     1    19     1     8     5     0     1  -127.0   27.144 -145.475    503.4    959.5
     1     1    19     1     8     4     0     2  -128.0   27.451 -145.707    522.4    957.1
     1     1    19     1     8     3     0     3  -129.0   27.772 -145.961    542.8    954.6
     1     1    19     1     8     2     0     2  -130.0   28.108 -146.242    562.8    951.8
     1     1    19     1     8     1     0     1  -131.0   28.453 -146.553    582.2    949.8
     1     1    19     1     8     0     0     0  -132.0   28.805 -146.899    605.4    947.2
     1     1    19     1     7    23     0     1  -133.0   29.164 -147.275    630.9    944.5
     1     1    19     1     7    22     0     2  -134.0   29.532 -147.675    657.7    941.7
     1     1    19     1     7    21     0     3  -135.0   29.912 -148.101    691.3    938.4
     1     1    19     1     7    20     0     2  -136.0   30.297 -148.550    732.6    933.0
     1     1    19     1     7    19     0     1  -137.0   30.684 -149.021    779.2    927.7
     1     1    19     1     7    18     0     0  -138.0   31.075 -149.513    833.0    921.7
     1     1    19     1     7    17     0     1  -139.0   31.480 -150.035    887.7    914.6
     1     1    19     1     7    16     0     2  -140.0   31.900 -150.592    941.1    908.5
     1     1    19     1     7    15     0     3  -141.0   32.332 -151.177   1000.1    901.4
     1     1    19     1     7    14     0     2  -142.0   32.780 -151.777   1059.9    893.9
     1     1    19     1     7    13     0     1  -143.0   33.249 -152.387   1110.9    887.8
     1     1    19     1     7    12     0     0  -144.0   33.747 -153.006   1157.4    883.4
     1     1    19     1     7    11     0     1  -145.0   34.269 -153.626   1214.0    877.1
     1     1    19     1     7    10     0     2  -146.0   34.811 -154.238   1283.7    868.1
     1     1    19     1     7     9     0     3  -147.0   35.382 -154.841   1355.7    858.8
     1     1    19     1     7     8     0     2  -148.0   35.988 -155.427   1429.1    850.8
     1     1    19     1     7     7     0     1  -149.0   36.642 -155.985   1502.7    841.4
     1     1    19     1     7     6     0     0  -150.0   37.353 -156.514   1572.1    833.4
     1     1    19     1     7     5     0     1  -151.0   38.100 -157.025   1646.7    824.7
     1     1    19     1     7     4     0     2  -152.0   38.849 -157.520   1750.3    812.8
     1     1    19     1     7     3     0     3  -153.0   39.594 -158.001   1899.3    798.9
     1     1    19     1     7     2     0     2  -154.0   40.303 -158.453   2059.0    777.7
     1     1    19     1     7     1     0     1  -155.0   40.948 -158.854   2184.0    764.8
     1     1    19     1     7     0     0     0  -156.0   41.528 -159.207   2289.2    755.7
     1     1    19     1     6    23     0     1  -157.0   42.053 -159.503   2391.9    745.5
     1     1    19     1     6    22     0     2  -158.0   42.536 -159.730   2495.3    735.9
     1     1    19     1     6    21     0     3  -159.0   42.982 -159.898   2601.0    725.7
     1     1    19     1     6    20     0     2  -160.0   43.395 -160.002   2692.9    715.3
     1     1    19     1     6    19     0     1  -161.0   43.785 -160.037   2759.1    709.1
     1     1    19     1     6    18     0     0  -162.0   44.158 -160.006   2804.2    704.5
     1     1    19     1     6    17     0     1  -163.0   44.509 -159.951   2838.3    702.2
     1     1    19     1     6    16     0     2  -164.0   44.842 -159.916   2871.9    698.8
     1     1    19     1     6    15     0     3  -165.0   45.172 -159.915   2902.5    695.9
     1     1    19     1     6    14     0     2  -166.0   45.479 -159.948   2925.7    693.7
     1     1    19     1     6    13     0     1  -167.0   45.752 -160.011   2937.8    692.8
     1     1    19     1     6    12     0     0  -168.0   46.001 -160.104   2939.3    692.9
