     7     1
    GDAS    19     6     1     0     0
    GDAS    19     7     1     0     0
    GDAS    19     8     1     0     0
    GDAS    19     9     1     0     0
    GDAS    19    10     1     0     0
    GDAS    19    11     1     0     0
    GDAS    19    12     1     0     0
     1 BACKWARD OMEGA   
    19     7    17    12   21.319 -157.670    10.0
     1 PRESSURE
     1     1    19     7    17    12     0     0     0.0   21.319 -157.670     10.0   1012.7
     1     1    19     7    17    11     0     1    -1.0   21.375 -157.407     57.3   1008.0
     1     1    19     7    17    10     0     2    -2.0   21.419 -157.101    196.4    990.0
     1     1    19     7    17     9     0     3    -3.0   21.440 -156.735    347.2    969.8
     1     1    19     7    17     8     0     2    -4.0   21.415 -156.336    429.7    959.8
     1     1    19     7    17     7     0     1    -5.0   21.347 -155.922    444.5    962.4
     1     1    19     7    17     6     0     0    -6.0   21.269 -155.504    439.4    966.5
     1     1    19     7    17     5     0     1    -7.0   21.206 -155.093    448.1    965.4
     1     1    19     7    17     4     0     2    -8.0   21.156 -154.692    472.5    962.0
     1     1    19     7    17     3     0     3    -9.0   21.120 -154.300    505.5    957.1
     1     1    19     7    17     2     0     2   -10.0   21.097 -153.915    535.9    953.6
     1     1    19     7    17     1     0     1   -11.0   21.086 -153.535    559.4    951.4
     1     1    19     7    17     0     0     0   -12.0   21.081 -153.154    574.3    949.9
     1     1    19     7    16    23     0     1   -13.0   21.080 -152.773    589.5    949.8
     1     1    19     7    16    22     0     2   -14.0   21.079 -152.394    612.3    947.4
     1     1    19     7    16    21     0     3   -15.0   21.072 -152.018    628.0    945.1
     1     1    19     7    16    20     0     2   -16.0   21.063 -151.649    645.8    945.4
     1     1    19     7    16    19     0     1   -17.0   21.058 -151.288    687.4    940.8
     1     1    19     7    16    18     0     0   -18.0   21.050 -150.929    753.6    933.3
     1     1    19     7    16    17     0     1   -19.0   21.039 -150.572    812.8    923.2
     1     1    19     7    16    16     0     2   -20.0   21.032 -150.216    847.6    920.6
     1     1    19     7    16    15     0     3   -21.0   21.029 -149.855    888.8    917.4
     1     1    19     7    16    14     0     2   -22.0   21.026 -149.497    941.4    910.4
     1     1    19     7    16    13     0     1   -23.0   21.026 -149.149    991.5    904.5
     1     1    19     7    16    12     0     0   -24.0   21.033 -148.805   1036.8    899.8
     1     1    19     7    16    11     0     1   -25.0   21.041 -148.464   1073.7    896.1
     1     1    19     7    16    10     0     2   -26.0   21.047 -148.124   1090.1    894.2
     1     1    19     7    16     9     0     3   -27.0   21.057 -147.786   1081.6    895.8
     1     1    19     7    16     8     0     2   -28.0   21.070 -147.451   1070.3    898.8
     1     1    19     7    16     7     0     1   -29.0   21.087 -147.121   1069.2    898.1
     1     1    19     7    16     6     0     0   -30.0   21.114 -146.797   1068.0    897.6
     1     1    19     7    16     5     0     1   -31.0   21.144 -146.475   1071.4    897.9
     1     1    19     7    16     4     0     2   -32.0   21.173 -146.157   1086.3    895.8
     1     1    19     7    16     3     0     3   -33.0   21.206 -145.846   1108.8    893.0
     1     1    19     7    16     2     0     2   -34.0   21.235 -145.541   1128.9    890.2
     1     1    19     7    16     1     0     1   -35.0   21.254 -145.242   1139.3    889.3
     1     1    19     7    16     0     0     0   -36.0   21.269 -144.951   1141.6    889.2
     1     1    19     7    15    23     0     1   -37.0   21.279 -144.664   1145.4    890.1
     1     1    19     7    15    22     0     2   -38.0   21.284 -144.379   1161.2    889.2
     1     1    19     7    15    21     0     3   -39.0   21.287 -144.101   1193.7    886.5
     1     1    19     7    15    20     0     2   -40.0   21.292 -143.835   1227.5    880.8
     1     1    19     7    15    19     0     1   -41.0   21.299 -143.580   1249.2    878.6
     1     1    19     7    15    18     0     0   -42.0   21.306 -143.335   1266.8    877.1
     1     1    19     7    15    17     0     1   -43.0   21.313 -143.100   1293.4    874.9
     1     1    19     7    15    16     0     2   -44.0   21.322 -142.876   1329.4    870.3
     1     1    19     7    15    15     0     3   -45.0   21.332 -142.666   1361.3    866.2
     1     1    19     7    15    14     0     2   -46.0   21.346 -142.462   1385.7    863.7
     1     1    19     7    15    13     0     1   -47.0   21.364 -142.259   1407.3    861.5
     1     1    19     7    15    12     0     0   -48.0   21.386 -142.055   1430.9    859.2
     1     1    19     7    15    11     0     1   -49.0   21.411 -141.849   1447.6    857.0
     1     1    19     7    15    10     0     2   -50.0   21.443 -141.638   1450.7    857.7
     1     1    19     7    15     9     0     3   -51.0   21.479 -141.422   1446.6    859.1
     1     1    19     7    15     8     0     2   -52.0   21.524 -141.212   1446.9    859.7
     1     1    19     7    15     7     0     1   -53.0   21.583 -141.020   1461.9    858.2
     1     1    19     7    15     6     0     0   -54.0   21.654 -140.849   1492.8    854.9
     1     1    19     7    15     5     0     1   -55.0   21.723 -140.695   1527.7    850.0
     1     1    19     7    15     4     0     2   -56.0   21.780 -140.550   1551.4    847.2
     1     1    19     7    15     3     0     3   -57.0   21.831 -140.411   1561.7    846.0
     1     1    19     7    15     2     0     2   -58.0   21.882 -140.280   1563.1    846.1
     1     1    19     7    15     1     0     1   -59.0   21.937 -140.158   1560.8    846.2
     1     1    19     7    15     0     0     0   -60.0   21.997 -140.047   1554.5    846.6
     1     1    19     7    14    23     0     1   -61.0   22.058 -139.944   1548.7    848.3
     1     1    19     7    14    22     0     2   -62.0   22.114 -139.838   1548.5    849.0
     1     1    19     7    14    21     0     3   -63.0   22.164 -139.729   1554.8    849.0
     1     1    19     7    14    20     0     2   -64.0   22.214 -139.623   1569.9    847.4
     1     1    19     7    14    19     0     1   -65.0   22.269 -139.524   1593.1    844.6
     1     1    19     7    14    18     0     0   -66.0   22.329 -139.432   1620.9    841.5
     1     1    19     7    14    17     0     1   -67.0   22.391 -139.342   1645.1    838.2
     1     1    19     7    14    16     0     2   -68.0   22.454 -139.256   1659.4    836.7
     1     1    19     7    14    15     0     3   -69.0   22.522 -139.177   1665.1    836.1
     1     1    19     7    14    14     0     2   -70.0   22.591 -139.105   1663.0    835.9
     1     1    19     7    14    13     0     1   -71.0   22.656 -139.043   1654.6    836.4
     1     1    19     7    14    12     0     0   -72.0   22.721 -138.995   1642.2    837.4
     1     1    19     7    14    11     0     1   -73.0   22.790 -138.954   1632.7    839.6
     1     1    19     7    14    10     0     2   -74.0   22.868 -138.908   1630.7    840.3
     1     1    19     7    14     9     0     3   -75.0   22.951 -138.858   1633.8    840.5
     1     1    19     7    14     8     0     2   -76.0   23.040 -138.811   1638.4    839.7
     1     1    19     7    14     7     0     1   -77.0   23.134 -138.773   1641.9    839.3
     1     1    19     7    14     6     0     0   -78.0   23.234 -138.741   1643.8    839.0
     1     1    19     7    14     5     0     1   -79.0   23.331 -138.712   1644.0    838.8
     1     1    19     7    14     4     0     2   -80.0   23.419 -138.683   1642.9    838.7
     1     1    19     7    14     3     0     3   -81.0   23.502 -138.656   1639.8    838.8
     1     1    19     7    14     2     0     2   -82.0   23.577 -138.633   1645.0    839.2
     1     1    19     7    14     1     0     1   -83.0   23.638 -138.615   1667.2    836.8
     1     1    19     7    14     0     0     0   -84.0   23.684 -138.602   1703.8    832.9
     1     1    19     7    13    23     0     1   -85.0   23.716 -138.590   1741.2    828.4
     1     1    19     7    13    22     0     2   -86.0   23.738 -138.578   1768.6    826.3
     1     1    19     7    13    21     0     3   -87.0   23.752 -138.567   1788.9    824.8
     1     1    19     7    13    20     0     2   -88.0   23.754 -138.555   1804.6    823.4
     1     1    19     7    13    19     0     1   -89.0   23.740 -138.537   1817.0    822.2
     1     1    19     7    13    18     0     0   -90.0   23.711 -138.513   1825.3    821.4
     1     1    19     7    13    17     0     1   -91.0   23.675 -138.480   1844.3    820.6
     1     1    19     7    13    16     0     2   -92.0   23.641 -138.431   1887.3    816.0
     1     1    19     7    13    15     0     3   -93.0   23.611 -138.370   1952.3    809.0
     1     1    19     7    13    14     0     2   -94.0   23.584 -138.308   2013.5    800.8
     1     1    19     7    13    13     0     1   -95.0   23.557 -138.254   2048.8    797.5
     1     1    19     7    13    12     0     0   -96.0   23.528 -138.209   2059.5    796.5
     1     1    19     7    13    11     0     1   -97.0   23.502 -138.167   2053.1    798.1
     1     1    19     7    13    10     0     2   -98.0   23.485 -138.121   2036.6    800.0
     1     1    19     7    13     9     0     3   -99.0   23.477 -138.072   2010.5    802.8
     1     1    19     7    13     8     0     2  -100.0   23.473 -138.020   1986.9    806.3
     1     1    19     7    13     7     0     1  -101.0   23.468 -137.968   1977.5    807.1
     1     1    19     7    13     6     0     0  -102.0   23.464 -137.918   1981.8    806.7
     1     1    19     7    13     5     0     1  -103.0   23.460 -137.872   1996.0    804.8
     1     1    19     7    13     4     0     2  -104.0   23.457 -137.834   2016.8    802.5
     1     1    19     7    13     3     0     3  -105.0   23.454 -137.803   2043.0    799.7
     1     1    19     7    13     2     0     2  -106.0   23.447 -137.778   2064.7    796.6
     1     1    19     7    13     1     0     1  -107.0   23.433 -137.752   2072.2    795.9
     1     1    19     7    13     0     0     0  -108.0   23.413 -137.727   2065.9    796.4
     1     1    19     7    12    23     0     1  -109.0   23.387 -137.705   2052.8    798.7
     1     1    19     7    12    22     0     2  -110.0   23.352 -137.689   2041.0    800.2
     1     1    19     7    12    21     0     3  -111.0   23.307 -137.680   2032.0    801.5
     1     1    19     7    12    20     0     2  -112.0   23.252 -137.671   2032.8    802.1
     1     1    19     7    12    19     0     1  -113.0   23.187 -137.659   2048.3    800.5
     1     1    19     7    12    18     0     0  -114.0   23.113 -137.646   2076.0    797.9
     1     1    19     7    12    17     0     1  -115.0   23.034 -137.634   2102.2    794.0
     1     1    19     7    12    16     0     2  -116.0   22.954 -137.617   2115.0    792.6
     1     1    19     7    12    15     0     3  -117.0   22.875 -137.594   2117.3    792.2
     1     1    19     7    12    14     0     2  -118.0   22.794 -137.565   2118.8    792.7
     1     1    19     7    12    13     0     1  -119.0   22.707 -137.532   2126.6    791.7
     1     1    19     7    12    12     0     0  -120.0   22.612 -137.497   2137.1    790.4
     1     1    19     7    12    11     0     1  -121.0   22.514 -137.455   2150.6    789.6
     1     1    19     7    12    10     0     2  -122.0   22.420 -137.396   2169.6    788.2
     1     1    19     7    12     9     0     3  -123.0   22.329 -137.319   2194.8    786.2
     1     1    19     7    12     8     0     2  -124.0   22.246 -137.234   2217.6    783.4
     1     1    19     7    12     7     0     1  -125.0   22.172 -137.150   2230.0    782.4
     1     1    19     7    12     6     0     0  -126.0   22.109 -137.068   2233.8    782.3
     1     1    19     7    12     5     0     1  -127.0   22.052 -136.987   2227.5    782.4
     1     1    19     7    12     4     0     2  -128.0   21.994 -136.908   2208.4    783.9
     1     1    19     7    12     3     0     3  -129.0   21.935 -136.829   2175.1    786.6
     1     1    19     7    12     2     0     2  -130.0   21.875 -136.750   2142.9    791.0
     1     1    19     7    12     1     0     1  -131.0   21.817 -136.674   2127.6    792.4
     1     1    19     7    12     0     0     0  -132.0   21.761 -136.605   2129.9    792.2
     1     1    19     7    11    23     0     1  -133.0   21.703 -136.534   2147.3    790.5
     1     1    19     7    11    22     0     2  -134.0   21.642 -136.456   2175.3    788.1
     1     1    19     7    11    21     0     3  -135.0   21.576 -136.372   2212.2    784.9
     1     1    19     7    11    20     0     2  -136.0   21.509 -136.286   2255.0    780.9
     1     1    19     7    11    19     0     1  -137.0   21.445 -136.198   2301.9    776.6
     1     1    19     7    11    18     0     0  -138.0   21.383 -136.104   2353.6    771.9
     1     1    19     7    11    17     0     1  -139.0   21.322 -136.007   2392.8    766.3
     1     1    19     7    11    16     0     2  -140.0   21.262 -135.907   2404.5    765.0
     1     1    19     7    11    15     0     3  -141.0   21.204 -135.801   2393.0    765.9
     1     1    19     7    11    14     0     2  -142.0   21.149 -135.689   2378.1    768.7
     1     1    19     7    11    13     0     1  -143.0   21.095 -135.571   2373.5    768.6
     1     1    19     7    11    12     0     0  -144.0   21.044 -135.451   2373.0    768.1
     1     1    19     7    11    11     0     1  -145.0   20.998 -135.330   2373.0    768.4
     1     1    19     7    11    10     0     2  -146.0   20.961 -135.211   2373.0    768.9
     1     1    19     7    11     9     0     3  -147.0   20.933 -135.092   2373.0    769.3
     1     1    19     7    11     8     0     2  -148.0   20.915 -134.976   2373.0    769.3
     1     1    19     7    11     7     0     1  -149.0   20.907 -134.867   2373.9    769.4
     1     1    19     7    11     6     0     0  -150.0   20.909 -134.765   2377.4    769.2
     1     1    19     7    11     5     0     1  -151.0   20.917 -134.660   2381.9    768.4
     1     1    19     7    11     4     0     2  -152.0   20.929 -134.546   2387.2    767.8
     1     1    19     7    11     3     0     3  -153.0   20.944 -134.422   2396.7    766.9
     1     1    19     7    11     2     0     2  -154.0   20.965 -134.298   2417.9    765.4
     1     1    19     7    11     1     0     1  -155.0   20.994 -134.183   2453.2    761.8
     1     1    19     7    11     0     0     0  -156.0   21.030 -134.081   2498.7    757.5
     1     1    19     7    10    23     0     1  -157.0   21.064 -133.983   2540.9    752.9
     1     1    19     7    10    22     0     2  -158.0   21.089 -133.882   2564.8    750.9
     1     1    19     7    10    21     0     3  -159.0   21.106 -133.776   2572.0    750.8
     1     1    19     7    10    20     0     2  -160.0   21.121 -133.666   2579.6    751.4
     1     1    19     7    10    19     0     1  -161.0   21.138 -133.557   2600.4    749.5
     1     1    19     7    10    18     0     0  -162.0   21.157 -133.451   2631.5    746.7
     1     1    19     7    10    17     0     1  -163.0   21.183 -133.348   2657.8    743.0
     1     1    19     7    10    16     0     2  -164.0   21.221 -133.248   2667.0    742.2
     1     1    19     7    10    15     0     3  -165.0   21.272 -133.151   2661.9    742.6
     1     1    19     7    10    14     0     2  -166.0   21.329 -133.055   2640.4    743.8
     1     1    19     7    10    13     0     1  -167.0   21.388 -132.960   2599.8    747.0
     1     1    19     7    10    12     0     0  -168.0   21.450 -132.866   2545.2    751.7
