     7     1
    GDAS    18    12     1     0     0
    GDAS    19     1     1     0     0
    GDAS    19     2     1     0     0
    GDAS    19     3     1     0     0
    GDAS    19     4     1     0     0
    GDAS    19     5     1     0     0
    GDAS    19     6     1     0     0
     1 BACKWARD OMEGA   
    19     5    13     6   21.319 -157.670    10.0
     1 PRESSURE
     1     1    19     5    13     6     0     0     0.0   21.319 -157.670     10.0   1013.5
     1     1    19     5    13     5     0     1    -1.0   21.381 -157.540     11.3   1012.6
     1     1    19     5    13     4     0     2    -2.0   21.441 -157.418     13.2   1011.7
     1     1    19     5    13     3     0     3    -3.0   21.502 -157.299     16.0   1010.9
     1     1    19     5    13     2     0     2    -4.0   21.564 -157.186     18.8   1010.4
     1     1    19     5    13     1     0     1    -5.0   21.627 -157.083     20.0   1010.4
     1     1    19     5    13     0     0     0    -6.0   21.687 -156.990     18.8   1010.8
     1     1    19     5    12    23     0     1    -7.0   21.740 -156.894     16.9   1012.9
     1     1    19     5    12    22     0     2    -8.0   21.780 -156.784     15.5   1014.6
     1     1    19     5    12    21     0     3    -9.0   21.811 -156.657     14.7   1016.1
     1     1    19     5    12    20     0     2   -10.0   21.833 -156.520     14.2   1015.3
     1     1    19     5    12    19     0     1   -11.0   21.846 -156.378     13.8   1014.6
     1     1    19     5    12    18     0     0   -12.0   21.849 -156.233     13.7   1013.8
     1     1    19     5    12    17     0     1   -13.0   21.847 -156.087     13.7   1013.8
     1     1    19     5    12    16     0     2   -14.0   21.850 -155.944     13.7   1013.8
     1     1    19     5    12    15     0     3   -15.0   21.861 -155.806     13.7   1013.5
     1     1    19     5    12    14     0     2   -16.0   21.879 -155.670     13.7   1013.4
     1     1    19     5    12    13     0     1   -17.0   21.898 -155.532     13.7   1013.3
     1     1    19     5    12    12     0     0   -18.0   21.917 -155.394     13.6   1013.2
     1     1    19     5    12    11     0     1   -19.0   21.937 -155.257     13.5   1014.2
     1     1    19     5    12    10     0     2   -20.0   21.954 -155.117     13.4   1015.2
     1     1    19     5    12     9     0     3   -21.0   21.963 -154.973     13.4   1016.3
     1     1    19     5    12     8     0     2   -22.0   21.973 -154.829     13.4   1016.2
     1     1    19     5    12     7     0     1   -23.0   21.992 -154.686     13.4   1016.2
     1     1    19     5    12     6     0     0   -24.0   22.021 -154.546     13.4   1016.1
     1     1    19     5    12     5     0     1   -25.0   22.052 -154.415     13.4   1015.8
     1     1    19     5    12     4     0     2   -26.0   22.082 -154.303     13.4   1015.5
     1     1    19     5    12     3     0     3   -27.0   22.111 -154.212     13.4   1015.2
     1     1    19     5    12     2     0     2   -28.0   22.137 -154.134     13.4   1015.3
     1     1    19     5    12     1     0     1   -29.0   22.159 -154.063     13.4   1015.3
     1     1    19     5    12     0     0     0   -30.0   22.176 -153.999     13.4   1015.3
     1     1    19     5    11    23     0     1   -31.0   22.183 -153.937     13.4   1015.2
     1     1    19     5    11    22     0     2   -32.0   22.175 -153.872     13.4   1015.1
     1     1    19     5    11    21     0     3   -33.0   22.153 -153.804     13.4   1015.0
     1     1    19     5    11    20     0     2   -34.0   22.124 -153.735     13.7   1014.9
     1     1    19     5    11    19     0     1   -35.0   22.093 -153.662     14.5   1014.8
     1     1    19     5    11    18     0     0   -36.0   22.062 -153.587     16.1   1014.5
     1     1    19     5    11    17     0     1   -37.0   22.030 -153.509     17.9   1014.0
     1     1    19     5    11    16     0     2   -38.0   21.997 -153.427     19.1   1013.6
     1     1    19     5    11    15     0     3   -39.0   21.962 -153.341     19.5   1013.4
     1     1    19     5    11    14     0     2   -40.0   21.930 -153.251     19.5   1013.5
     1     1    19     5    11    13     0     1   -41.0   21.904 -153.159     19.4   1013.5
     1     1    19     5    11    12     0     0   -42.0   21.884 -153.066     19.1   1013.6
     1     1    19     5    11    11     0     1   -43.0   21.872 -152.972     18.8   1013.7
     1     1    19     5    11    10     0     2   -44.0   21.867 -152.872     18.7   1013.9
     1     1    19     5    11     9     0     3   -45.0   21.869 -152.766     18.6   1014.0
     1     1    19     5    11     8     0     2   -46.0   21.883 -152.657     18.6   1014.1
     1     1    19     5    11     7     0     1   -47.0   21.913 -152.550     18.6   1014.2
     1     1    19     5    11     6     0     0   -48.0   21.958 -152.444     18.6   1014.3
     1     1    19     5    11     5     0     1   -49.0   22.017 -152.347     19.0   1014.4
     1     1    19     5    11     4     0     2   -50.0   22.086 -152.263     20.4   1014.3
     1     1    19     5    11     3     0     3   -51.0   22.164 -152.191     22.7   1014.1
     1     1    19     5    11     2     0     2   -52.0   22.244 -152.131     25.0   1012.9
     1     1    19     5    11     1     0     1   -53.0   22.319 -152.079     26.4   1012.0
     1     1    19     5    11     0     0     0   -54.0   22.388 -152.036     26.8   1011.3
     1     1    19     5    10    23     0     1   -55.0   22.450 -152.005     26.8   1011.6
     1     1    19     5    10    22     0     2   -56.0   22.500 -151.985     26.8   1011.9
     1     1    19     5    10    21     0     3   -57.0   22.541 -151.978     26.8   1012.2
     1     1    19     5    10    20     0     2   -58.0   22.571 -151.976     27.5   1012.5
     1     1    19     5    10    19     0     1   -59.0   22.590 -151.968     29.4   1012.6
     1     1    19     5    10    18     0     0   -60.0   22.600 -151.955     32.9   1012.6
     1     1    19     5    10    17     0     1   -61.0   22.602 -151.934     37.4   1011.4
     1     1    19     5    10    16     0     2   -62.0   22.599 -151.906     42.4   1010.4
     1     1    19     5    10    15     0     3   -63.0   22.591 -151.870     47.7   1009.3
     1     1    19     5    10    14     0     2   -64.0   22.582 -151.825     52.0   1009.1
     1     1    19     5    10    13     0     1   -65.0   22.575 -151.767     53.5   1009.2
     1     1    19     5    10    12     0     0   -66.0   22.571 -151.698     52.2   1009.5
     1     1    19     5    10    11     0     1   -67.0   22.573 -151.622     50.1   1010.3
     1     1    19     5    10    10     0     2   -68.0   22.586 -151.543     48.9   1010.8
     1     1    19     5    10     9     0     3   -69.0   22.607 -151.459     48.6   1011.3
     1     1    19     5    10     8     0     2   -70.0   22.641 -151.377     48.6   1011.4
     1     1    19     5    10     7     0     1   -71.0   22.690 -151.301     48.6   1011.5
     1     1    19     5    10     6     0     0   -72.0   22.753 -151.231     48.6   1011.6
     1     1    19     5    10     5     0     1   -73.0   22.823 -151.175     48.6   1011.5
     1     1    19     5    10     4     0     2   -74.0   22.895 -151.141     48.6   1011.5
     1     1    19     5    10     3     0     3   -75.0   22.970 -151.132     48.6   1011.4
     1     1    19     5    10     2     0     2   -76.0   23.043 -151.140     48.5   1010.8
     1     1    19     5    10     1     0     1   -77.0   23.107 -151.157     48.4   1010.1
     1     1    19     5    10     0     0     0   -78.0   23.162 -151.184     48.0   1009.5
     1     1    19     5     9    23     0     1   -79.0   23.209 -151.217     47.4   1010.4
     1     1    19     5     9    22     0     2   -80.0   23.249 -151.252     46.9   1011.2
     1     1    19     5     9    21     0     3   -81.0   23.280 -151.287     46.6   1012.1
     1     1    19     5     9    20     0     2   -82.0   23.307 -151.320     46.2   1012.2
     1     1    19     5     9    19     0     1   -83.0   23.334 -151.346     46.0   1012.4
     1     1    19     5     9    18     0     0   -84.0   23.362 -151.365     45.9   1012.5
     1     1    19     5     9    17     0     1   -85.0   23.391 -151.376     45.9   1012.3
     1     1    19     5     9    16     0     2   -86.0   23.420 -151.380     45.9   1012.1
     1     1    19     5     9    15     0     3   -87.0   23.450 -151.376     45.9   1011.9
     1     1    19     5     9    14     0     2   -88.0   23.481 -151.368     45.9   1011.9
     1     1    19     5     9    13     0     1   -89.0   23.512 -151.357     45.9   1011.8
     1     1    19     5     9    12     0     0   -90.0   23.541 -151.344     45.9   1011.8
     1     1    19     5     9    11     0     1   -91.0   23.575 -151.335     45.9   1012.0
     1     1    19     5     9    10     0     2   -92.0   23.615 -151.335     45.9   1012.2
     1     1    19     5     9     9     0     3   -93.0   23.663 -151.346     45.9   1012.4
     1     1    19     5     9     8     0     2   -94.0   23.712 -151.368     45.9   1012.4
     1     1    19     5     9     7     0     1   -95.0   23.759 -151.401     45.9   1012.4
     1     1    19     5     9     6     0     0   -96.0   23.805 -151.446     45.9   1012.4
     1     1    19     5     9     5     0     1   -97.0   23.848 -151.499     45.9   1012.1
     1     1    19     5     9     4     0     2   -98.0   23.889 -151.557     45.9   1011.9
     1     1    19     5     9     3     0     3   -99.0   23.929 -151.621     45.9   1011.7
     1     1    19     5     9     2     0     2  -100.0   23.960 -151.688     45.9   1011.0
     1     1    19     5     9     1     0     1  -101.0   23.978 -151.752     45.9   1010.3
     1     1    19     5     9     0     0     0  -102.0   23.981 -151.813     45.9   1009.6
     1     1    19     5     8    23     0     1  -103.0   23.976 -151.867     45.9   1010.5
     1     1    19     5     8    22     0     2  -104.0   23.967 -151.909     45.9   1011.4
     1     1    19     5     8    21     0     3  -105.0   23.951 -151.940     45.9   1012.4
     1     1    19     5     8    20     0     2  -106.0   23.932 -151.960     45.9   1011.4
     1     1    19     5     8    19     0     1  -107.0   23.910 -151.976     45.9   1010.5
     1     1    19     5     8    18     0     0  -108.0   23.885 -151.985     45.9   1009.5
     1     1    19     5     8    17     0     1  -109.0   23.853 -151.980     45.9   1009.4
     1     1    19     5     8    16     0     2  -110.0   23.810 -151.953     45.9   1009.2
     1     1    19     5     8    15     0     3  -111.0   23.755 -151.902     45.9   1009.1
     1     1    19     5     8    14     0     2  -112.0   23.699 -151.830     45.9   1009.1
     1     1    19     5     8    13     0     1  -113.0   23.647 -151.741     45.9   1009.1
     1     1    19     5     8    12     0     0  -114.0   23.600 -151.637     45.9   1009.1
     1     1    19     5     8    11     0     1  -115.0   23.561 -151.526     45.9   1009.1
     1     1    19     5     8    10     0     2  -116.0   23.532 -151.417     45.9   1009.2
     1     1    19     5     8     9     0     3  -117.0   23.513 -151.310     45.9   1009.2
     1     1    19     5     8     8     0     2  -118.0   23.502 -151.208     45.9   1009.2
     1     1    19     5     8     7     0     1  -119.0   23.495 -151.111     45.9   1009.1
     1     1    19     5     8     6     0     0  -120.0   23.490 -151.017     45.9   1009.0
     1     1    19     5     8     5     0     1  -121.0   23.485 -150.933     45.9   1008.0
     1     1    19     5     8     4     0     2  -122.0   23.477 -150.863     45.9   1006.9
     1     1    19     5     8     3     0     3  -123.0   23.465 -150.808     45.9   1006.0
     1     1    19     5     8     2     0     2  -124.0   23.453 -150.765     45.9   1006.0
     1     1    19     5     8     1     0     1  -125.0   23.442 -150.730     45.9   1006.0
     1     1    19     5     8     0     0     0  -126.0   23.434 -150.703     45.9   1006.0
     1     1    19     5     7    23     0     1  -127.0   23.425 -150.689     45.9   1006.6
     1     1    19     5     7    22     0     2  -128.0   23.416 -150.690     45.9   1007.2
     1     1    19     5     7    21     0     3  -129.0   23.407 -150.707     45.9   1007.9
     1     1    19     5     7    20     0     2  -130.0   23.395 -150.739     45.9   1007.2
     1     1    19     5     7    19     0     1  -131.0   23.380 -150.782     45.9   1006.5
     1     1    19     5     7    18     0     0  -132.0   23.362 -150.836     45.9   1005.8
     1     1    19     5     7    17     0     1  -133.0   23.342 -150.894     45.9   1005.4
     1     1    19     5     7    16     0     2  -134.0   23.322 -150.946     45.9   1005.0
     1     1    19     5     7    15     0     3  -135.0   23.301 -150.992     45.9   1004.7
     1     1    19     5     7    14     0     2  -136.0   23.282 -151.034     45.9   1004.6
     1     1    19     5     7    13     0     1  -137.0   23.265 -151.073     45.9   1004.4
     1     1    19     5     7    12     0     0  -138.0   23.251 -151.109     45.9   1004.3
     1     1    19     5     7    11     0     1  -139.0   23.243 -151.145     45.9   1004.4
     1     1    19     5     7    10     0     2  -140.0   23.247 -151.180     45.9   1004.4
     1     1    19     5     7     9     0     3  -141.0   23.263 -151.216     45.9   1004.5
     1     1    19     5     7     8     0     2  -142.0   23.293 -151.251     45.9   1004.4
     1     1    19     5     7     7     0     1  -143.0   23.340 -151.287     45.9   1004.2
     1     1    19     5     7     6     0     0  -144.0   23.401 -151.324     45.9   1004.1
     1     1    19     5     7     5     0     1  -145.0   23.476 -151.361     45.9   1003.5
     1     1    19     5     7     4     0     2  -146.0   23.558 -151.403     45.9   1002.9
     1     1    19     5     7     3     0     3  -147.0   23.646 -151.449     45.9   1002.4
     1     1    19     5     7     2     0     2  -148.0   23.734 -151.494     45.9   1002.4
     1     1    19     5     7     1     0     1  -149.0   23.818 -151.532     45.9   1002.3
     1     1    19     5     7     0     0     0  -150.0   23.899 -151.557     45.9   1002.3
     1     1    19     5     6    23     0     1  -151.0   23.972 -151.580     45.9   1002.4
     1     1    19     5     6    22     0     2  -152.0   24.033 -151.614     45.9   1002.5
     1     1    19     5     6    21     0     3  -153.0   24.084 -151.662     45.9   1002.6
     1     1    19     5     6    20     0     2  -154.0   24.120 -151.710     45.9   1002.5
     1     1    19     5     6    19     0     1  -155.0   24.136 -151.740     45.9   1002.5
     1     1    19     5     6    18     0     0  -156.0   24.133 -151.754     45.9   1002.4
     1     1    19     5     6    17     0     1  -157.0   24.114 -151.761     45.9   1002.1
     1     1    19     5     6    16     0     2  -158.0   24.084 -151.768     45.9   1001.8
     1     1    19     5     6    15     0     3  -159.0   24.043 -151.777     45.9   1001.5
     1     1    19     5     6    14     0     2  -160.0   23.997 -151.784     45.9   1001.6
     1     1    19     5     6    13     0     1  -161.0   23.953 -151.788     45.9   1001.8
     1     1    19     5     6    12     0     0  -162.0   23.911 -151.789     45.9   1001.9
     1     1    19     5     6    11     0     1  -163.0   23.871 -151.801     45.9   1001.9
     1     1    19     5     6    10     0     2  -164.0   23.830 -151.839     45.9   1002.0
     1     1    19     5     6     9     0     3  -165.0   23.790 -151.903     45.9   1002.1
     1     1    19     5     6     8     0     2  -166.0   23.749 -151.991     45.9   1001.6
     1     1    19     5     6     7     0     1  -167.0   23.713 -152.103     45.9   1001.1
     1     1    19     5     6     6     0     0  -168.0   23.687 -152.235     45.9   1000.7
