     7     1
    GDAS    18    12     1     0     0
    GDAS    19     1     1     0     0
    GDAS    19     2     1     0     0
    GDAS    19     3     1     0     0
    GDAS    19     4     1     0     0
    GDAS    19     5     1     0     0
    GDAS    19     6     1     0     0
     1 BACKWARD OMEGA   
    19     3    19    18   21.319 -157.670    10.0
     1 PRESSURE
     1     1    19     3    19    18     0     0     0.0   21.319 -157.670     10.0   1014.7
     1     1    19     3    19    17     0     1    -1.0   21.339 -157.506     11.1   1013.5
     1     1    19     3    19    16     0     2    -2.0   21.369 -157.330     12.9   1012.2
     1     1    19     3    19    15     0     3    -3.0   21.406 -157.143     15.9   1010.8
     1     1    19     3    19    14     0     2    -4.0   21.446 -156.951     21.2   1010.0
     1     1    19     3    19    13     0     1    -5.0   21.483 -156.756     29.6   1010.5
     1     1    19     3    19    12     0     0    -6.0   21.511 -156.552     39.5   1010.9
     1     1    19     3    19    11     0     1    -7.0   21.536 -156.340     49.2   1011.9
     1     1    19     3    19    10     0     2    -8.0   21.562 -156.118     55.8   1012.5
     1     1    19     3    19     9     0     3    -9.0   21.596 -155.895     57.8   1012.9
     1     1    19     3    19     8     0     2   -10.0   21.645 -155.676     57.8   1012.7
     1     1    19     3    19     7     0     1   -11.0   21.708 -155.464     57.8   1012.2
     1     1    19     3    19     6     0     0   -12.0   21.789 -155.259     57.8   1011.8
     1     1    19     3    19     5     0     1   -13.0   21.887 -155.062     57.8   1011.5
     1     1    19     3    19     4     0     2   -14.0   22.000 -154.876     57.8   1011.3
     1     1    19     3    19     3     0     3   -15.0   22.125 -154.705     57.8   1011.1
     1     1    19     3    19     2     0     2   -16.0   22.256 -154.552     57.8   1011.0
     1     1    19     3    19     1     0     1   -17.0   22.388 -154.414     57.8   1011.0
     1     1    19     3    19     0     0     0   -18.0   22.520 -154.292     57.8   1010.9
     1     1    19     3    18    23     0     1   -19.0   22.646 -154.180     57.8   1011.7
     1     1    19     3    18    22     0     2   -20.0   22.759 -154.073     57.8   1012.4
     1     1    19     3    18    21     0     3   -21.0   22.857 -153.971     57.8   1013.1
     1     1    19     3    18    20     0     2   -22.0   22.953 -153.872     57.8   1012.9
     1     1    19     3    18    19     0     1   -23.0   23.063 -153.775     57.8   1012.8
     1     1    19     3    18    18     0     0   -24.0   23.188 -153.679     57.8   1012.7
     1     1    19     3    18    17     0     1   -25.0   23.328 -153.591     57.8   1012.3
     1     1    19     3    18    16     0     2   -26.0   23.483 -153.520     57.8   1011.9
     1     1    19     3    18    15     0     3   -27.0   23.654 -153.468     57.8   1011.4
     1     1    19     3    18    14     0     2   -28.0   23.839 -153.432     57.8   1011.2
     1     1    19     3    18    13     0     1   -29.0   24.035 -153.411     57.8   1011.0
     1     1    19     3    18    12     0     0   -30.0   24.240 -153.405     57.8   1010.8
     1     1    19     3    18    11     0     1   -31.0   24.456 -153.413     57.8   1011.3
     1     1    19     3    18    10     0     2   -32.0   24.685 -153.436     57.8   1012.1
     1     1    19     3    18     9     0     3   -33.0   24.927 -153.475     57.8   1013.0
     1     1    19     3    18     8     0     2   -34.0   25.178 -153.535     57.8   1012.0
     1     1    19     3    18     7     0     1   -35.0   25.431 -153.621     57.8   1011.0
     1     1    19     3    18     6     0     0   -36.0   25.690 -153.735     57.8   1009.9
     1     1    19     3    18     5     0     1   -37.0   25.952 -153.875     57.8   1009.5
     1     1    19     3    18     4     0     2   -38.0   26.209 -154.039     58.2   1009.2
     1     1    19     3    18     3     0     3   -39.0   26.461 -154.223     58.7   1008.6
     1     1    19     3    18     2     0     2   -40.0   26.709 -154.426     58.7   1008.5
     1     1    19     3    18     1     0     1   -41.0   26.952 -154.645     58.7   1008.4
     1     1    19     3    18     0     0     0   -42.0   27.194 -154.878     58.7   1008.3
     1     1    19     3    17    23     0     1   -43.0   27.444 -155.117     58.7   1008.1
     1     1    19     3    17    22     0     2   -44.0   27.706 -155.358     58.7   1007.8
     1     1    19     3    17    21     0     3   -45.0   27.975 -155.603     58.7   1007.6
     1     1    19     3    17    20     0     2   -46.0   28.256 -155.859     58.7   1007.3
     1     1    19     3    17    19     0     1   -47.0   28.556 -156.135     58.7   1007.0
     1     1    19     3    17    18     0     0   -48.0   28.873 -156.428     58.8   1006.7
     1     1    19     3    17    17     0     1   -49.0   29.202 -156.738     58.8   1006.2
     1     1    19     3    17    16     0     2   -50.0   29.545 -157.064     59.0   1005.7
     1     1    19     3    17    15     0     3   -51.0   29.905 -157.407     59.3   1005.2
     1     1    19     3    17    14     0     2   -52.0   30.275 -157.770     60.3   1004.5
     1     1    19     3    17    13     0     1   -53.0   30.651 -158.155     61.3   1003.6
     1     1    19     3    17    12     0     0   -54.0   31.034 -158.559     62.0   1003.1
     1     1    19     3    17    11     0     1   -55.0   31.430 -158.973     62.6   1002.4
     1     1    19     3    17    10     0     2   -56.0   31.838 -159.383     63.2   1002.1
     1     1    19     3    17     9     0     3   -57.0   32.258 -159.784     63.9   1001.9
     1     1    19     3    17     8     0     2   -58.0   32.692 -160.187     69.4   1000.4
     1     1    19     3    17     7     0     1   -59.0   33.144 -160.597     83.2    997.4
     1     1    19     3    17     6     0     0   -60.0   33.616 -161.009    100.1    993.7
     1     1    19     3    17     5     0     1   -61.0   34.084 -161.432    111.6    990.4
     1     1    19     3    17     4     0     2   -62.0   34.536 -161.858    117.8    989.0
     1     1    19     3    17     3     0     3   -63.0   34.984 -162.265    120.9    987.0
     1     1    19     3    17     2     0     2   -64.0   35.417 -162.666    119.9    986.6
     1     1    19     3    17     1     0     1   -65.0   35.836 -163.052    118.2    985.8
     1     1    19     3    17     0     0     0   -66.0   36.260 -163.397    117.4    984.8
     1     1    19     3    16    23     0     1   -67.0   36.665 -163.748    116.5    984.4
     1     1    19     3    16    22     0     2   -68.0   37.033 -164.097    115.5    984.3
     1     1    19     3    16    21     0     3   -69.0   37.377 -164.418    117.1    983.6
     1     1    19     3    16    20     0     2   -70.0   37.701 -164.756    123.5    982.1
     1     1    19     3    16    19     0     1   -71.0   38.010 -165.115    139.5    979.7
     1     1    19     3    16    18     0     0   -72.0   38.300 -165.485    159.9    974.8
     1     1    19     3    16    17     0     1   -73.0   38.571 -165.885    174.1    972.5
     1     1    19     3    16    16     0     2   -74.0   38.815 -166.311    184.2    971.0
     1     1    19     3    16    15     0     3   -75.0   39.016 -166.757    189.8    969.1
     1     1    19     3    16    14     0     2   -76.0   39.190 -167.238    190.7    969.3
     1     1    19     3    16    13     0     1   -77.0   39.365 -167.773    189.6    969.6
     1     1    19     3    16    12     0     0   -78.0   39.530 -168.369    186.8    969.9
     1     1    19     3    16    11     0     1   -79.0   39.675 -169.020    183.2    970.8
     1     1    19     3    16    10     0     2   -80.0   39.818 -169.712    178.5    971.6
     1     1    19     3    16     9     0     3   -81.0   39.972 -170.448    174.7    973.0
     1     1    19     3    16     8     0     2   -82.0   40.123 -171.249    171.1    973.1
     1     1    19     3    16     7     0     1   -83.0   40.277 -172.113    168.5    973.5
     1     1    19     3    16     6     0     0   -84.0   40.454 -173.023    165.6    973.9
     1     1    19     3    16     5     0     1   -85.0   40.638 -173.984    163.9    974.9
     1     1    19     3    16     4     0     2   -86.0   40.831 -174.978    162.4    975.5
     1     1    19     3    16     3     0     3   -87.0   41.050 -175.960    161.2    976.2
     1     1    19     3    16     2     0     2   -88.0   41.277 -176.939    161.1    977.0
     1     1    19     3    16     1     0     1   -89.0   41.516 -177.926    158.7    977.7
     1     1    19     3    16     0     0     0   -90.0   41.777 -178.872    154.7    978.7
     1     1    19     3    15    23     0     1   -91.0   42.057 -179.774    153.4    979.6
     1     1    19     3    15    22     0     2   -92.0   42.352  179.333    151.8    980.0
     1     1    19     3    15    21     0     3   -93.0   42.666  178.484    147.7    981.0
     1     1    19     3    15    20     0     2   -94.0   42.999  177.699    146.7    980.8
     1     1    19     3    15    19     0     1   -95.0   43.335  176.947    143.5    980.5
     1     1    19     3    15    18     0     0   -96.0   43.663  176.239    140.6    980.4
     1     1    19     3    15    17     0     1   -97.0   43.982  175.590    138.5    980.0
     1     1    19     3    15    16     0     2   -98.0   44.289  174.977    135.8    980.0
     1     1    19     3    15    15     0     3   -99.0   44.582  174.389    132.2    979.1
     1     1    19     3    15    14     0     2  -100.0   44.858  173.836    129.1    979.3
     1     1    19     3    15    13     0     1  -101.0   45.125  173.327    131.6    978.7
     1     1    19     3    15    12     0     0  -102.0   45.389  172.862    139.3    976.8
     1     1    19     3    15    11     0     1  -103.0   45.647  172.440    147.0    975.1
     1     1    19     3    15    10     0     2  -104.0   45.899  172.061    155.6    973.5
     1     1    19     3    15     9     0     3  -105.0   46.146  171.721    164.5    971.2
     1     1    19     3    15     8     0     2  -106.0   46.384  171.419    169.9    969.4
     1     1    19     3    15     7     0     1  -107.0   46.607  171.159    171.8    968.4
     1     1    19     3    15     6     0     0  -108.0   46.814  170.942    172.5    967.2
     1     1    19     3    15     5     0     1  -109.0   46.990  170.767    172.5    966.7
     1     1    19     3    15     4     0     2  -110.0   47.127  170.624    172.5    966.2
     1     1    19     3    15     3     0     3  -111.0   47.222  170.504    172.4    965.7
     1     1    19     3    15     2     0     2  -112.0   47.286  170.389    172.6    965.4
     1     1    19     3    15     1     0     1  -113.0   47.333  170.272    173.6    965.1
     1     1    19     3    15     0     0     0  -114.0   47.358  170.152    175.7    964.5
     1     1    19     3    14    23     0     1  -115.0   47.355  170.014    178.1    963.8
     1     1    19     3    14    22     0     2  -116.0   47.324  169.835    179.6    963.3
     1     1    19     3    14    21     0     3  -117.0   47.263  169.603    180.1    962.9
     1     1    19     3    14    20     0     2  -118.0   47.181  169.324    180.1    962.8
     1     1    19     3    14    19     0     1  -119.0   47.085  169.005    180.1    962.6
     1     1    19     3    14    18     0     0  -120.0   46.983  168.637    180.1    962.5
     1     1    19     3    14    17     0     1  -121.0   46.884  168.236    180.1    962.8
     1     1    19     3    14    16     0     2  -122.0   46.787  167.814    178.8    963.1
     1     1    19     3    14    15     0     3  -123.0   46.699  167.370    173.8    963.7
     1     1    19     3    14    14     0     2  -124.0   46.625  166.905    166.2    965.6
     1     1    19     3    14    13     0     1  -125.0   46.571  166.426    159.5    967.4
     1     1    19     3    14    12     0     0  -126.0   46.536  165.939    153.0    968.6
     1     1    19     3    14    11     0     1  -127.0   46.520  165.447    145.8    970.4
     1     1    19     3    14    10     0     2  -128.0   46.522  164.956    140.1    971.8
     1     1    19     3    14     9     0     3  -129.0   46.540  164.472    137.3    972.8
     1     1    19     3    14     8     0     2  -130.0   46.579  164.010    135.8    972.8
     1     1    19     3    14     7     0     1  -131.0   46.640  163.581    134.1    973.2
     1     1    19     3    14     6     0     0  -132.0   46.719  163.185    133.1    973.5
     1     1    19     3    14     5     0     1  -133.0   46.823  162.826    132.9    973.2
     1     1    19     3    14     4     0     2  -134.0   46.963  162.517    132.9    972.8
     1     1    19     3    14     3     0     3  -135.0   47.138  162.277    132.9    972.7
     1     1    19     3    14     2     0     2  -136.0   47.326  162.138    132.9    972.7
     1     1    19     3    14     1     0     1  -137.0   47.510  162.111    132.9    972.6
     1     1    19     3    14     0     0     0  -138.0   47.682  162.197    132.9    972.5
     1     1    19     3    13    23     0     1  -139.0   47.815  162.390    132.8    972.3
     1     1    19     3    13    22     0     2  -140.0   47.883  162.653    132.6    972.3
     1     1    19     3    13    21     0     3  -141.0   47.875  162.935    132.2    972.4
     1     1    19     3    13    20     0     2  -142.0   47.791  163.165    131.4    973.0
     1     1    19     3    13    19     0     1  -143.0   47.648  163.304    131.1    973.4
     1     1    19     3    13    18     0     0  -144.0   47.454  163.350    132.8    973.7
     1     1    19     3    13    17     0     1  -145.0   47.217  163.305    137.0    973.7
     1     1    19     3    13    16     0     2  -146.0   46.947  163.178    144.0    973.4
     1     1    19     3    13    15     0     3  -147.0   46.661  162.954    153.4    972.7
     1     1    19     3    13    14     0     2  -148.0   46.370  162.632    157.5    971.8
     1     1    19     3    13    13     0     1  -149.0   46.071  162.214    151.2    973.2
     1     1    19     3    13    12     0     0  -150.0   45.763  161.713    138.3    975.7
     1     1    19     3    13    11     0     1  -151.0   45.445  161.146    124.8    977.6
     1     1    19     3    13    10     0     2  -152.0   45.108  160.499    116.4    978.8
     1     1    19     3    13     9     0     3  -153.0   44.759  159.774    114.0    979.1
     1     1    19     3    13     8     0     2  -154.0   44.424  159.008    112.7    979.5
     1     1    19     3    13     7     0     1  -155.0   44.123  158.204    109.7    980.3
     1     1    19     3    13     6     0     0  -156.0   43.868  157.350    105.2    980.5
     1     1    19     3    13     5     0     1  -157.0   43.667  156.451     97.2    982.0
     1     1    19     3    13     4     0     2  -158.0   43.510  155.520     96.3    982.1
     1     1    19     3    13     3     0     3  -159.0   43.399  154.573     96.3    982.2
     1     1    19     3    13     2     0     2  -160.0   43.327  153.642     96.3    983.0
     1     1    19     3    13     1     0     1  -161.0   43.290  152.759     96.3    983.7
     1     1    19     3    13     0     0     0  -162.0   43.288  151.929     96.3    984.2
     1     1    19     3    12    23     0     1  -163.0   43.325  151.148     96.3    985.3
     1     1    19     3    12    22     0     2  -164.0   43.410  150.411     96.3    985.6
     1     1    19     3    12    21     0     3  -165.0   43.540  149.727     96.3    985.9
     1     1    19     3    12    20     0     2  -166.0   43.697  149.093     96.3    985.5
     1     1    19     3    12    19     0     1  -167.0   43.872  148.493     97.9    985.7
     1     1    19     3    12    18     0     0  -168.0   44.062  147.918    101.6    983.7
