     7     1
    GDAS    18    12     1     0     0
    GDAS    19     1     1     0     0
    GDAS    19     2     1     0     0
    GDAS    19     3     1     0     0
    GDAS    19     4     1     0     0
    GDAS    19     5     1     0     0
    GDAS    19     6     1     0     0
     1 BACKWARD OMEGA   
    19     6    19     6   21.319 -157.670    10.0
     1 PRESSURE
     1     1    19     6    19     6     0     0     0.0   21.319 -157.670     10.0   1012.4
     1     1    19     6    19     5     0     1    -1.0   21.384 -157.469     39.3   1009.2
     1     1    19     6    19     4     0     2    -2.0   21.444 -157.222    132.6    997.7
     1     1    19     6    19     3     0     3    -3.0   21.489 -156.926    266.4    981.0
     1     1    19     6    19     2     0     2    -4.0   21.496 -156.597    377.8    965.7
     1     1    19     6    19     1     0     1    -5.0   21.458 -156.252    441.7    962.3
     1     1    19     6    19     0     0     0    -6.0   21.379 -155.886    489.0    960.6
     1     1    19     6    18    23     0     1    -7.0   21.284 -155.510    532.4    955.5
     1     1    19     6    18    22     0     2    -8.0   21.197 -155.136    575.3    952.0
     1     1    19     6    18    21     0     3    -9.0   21.119 -154.773    619.5    947.1
     1     1    19     6    18    20     0     2   -10.0   21.055 -154.423    652.5    942.7
     1     1    19     6    18    19     0     1   -11.0   21.007 -154.079    688.5    940.9
     1     1    19     6    18    18     0     0   -12.0   20.970 -153.738    739.9    934.1
     1     1    19     6    18    17     0     1   -13.0   20.934 -153.403    786.8    927.6
     1     1    19     6    18    16     0     2   -14.0   20.892 -153.080    841.5    924.3
     1     1    19     6    18    15     0     3   -15.0   20.846 -152.772    922.7    914.6
     1     1    19     6    18    14     0     2   -16.0   20.799 -152.473    989.6    903.6
     1     1    19     6    18    13     0     1   -17.0   20.752 -152.174   1027.3    901.5
     1     1    19     6    18    12     0     0   -18.0   20.700 -151.872   1066.7    898.8
     1     1    19     6    18    11     0     1   -19.0   20.656 -151.569   1110.9    893.7
     1     1    19     6    18    10     0     2   -20.0   20.629 -151.265   1153.4    890.2
     1     1    19     6    18     9     0     3   -21.0   20.613 -150.961   1197.7    886.0
     1     1    19     6    18     8     0     2   -22.0   20.596 -150.657   1234.9    880.9
     1     1    19     6    18     7     0     1   -23.0   20.568 -150.357   1263.2    878.7
     1     1    19     6    18     6     0     0   -24.0   20.527 -150.058   1301.8    875.6
     1     1    19     6    18     5     0     1   -25.0   20.483 -149.758   1350.0    869.1
     1     1    19     6    18     4     0     2   -26.0   20.444 -149.455   1391.1    864.1
     1     1    19     6    18     3     0     3   -27.0   20.407 -149.151   1413.5    860.8
     1     1    19     6    18     2     0     2   -28.0   20.369 -148.843   1418.5    861.1
     1     1    19     6    18     1     0     1   -29.0   20.328 -148.534   1415.5    861.7
     1     1    19     6    18     0     0     0   -30.0   20.282 -148.223   1404.6    862.6
     1     1    19     6    17    23     0     1   -31.0   20.235 -147.907   1391.2    864.9
     1     1    19     6    17    22     0     2   -32.0   20.189 -147.588   1383.0    865.9
     1     1    19     6    17    21     0     3   -33.0   20.144 -147.263   1383.0    866.4
     1     1    19     6    17    20     0     2   -34.0   20.099 -146.935   1390.5    865.2
     1     1    19     6    17    19     0     1   -35.0   20.061 -146.607   1399.0    864.1
     1     1    19     6    17    18     0     0   -36.0   20.028 -146.283   1410.1    863.4
     1     1    19     6    17    17     0     1   -37.0   20.000 -145.967   1436.7    861.2
     1     1    19     6    17    16     0     2   -38.0   19.977 -145.658   1479.5    855.9
     1     1    19     6    17    15     0     3   -39.0   19.957 -145.352   1527.1    850.5
     1     1    19     6    17    14     0     2   -40.0   19.937 -145.047   1576.5    845.3
     1     1    19     6    17    13     0     1   -41.0   19.911 -144.745   1623.2    840.3
     1     1    19     6    17    12     0     0   -42.0   19.885 -144.449   1666.4    836.2
     1     1    19     6    17    11     0     1   -43.0   19.856 -144.157   1696.0    832.7
     1     1    19     6    17    10     0     2   -44.0   19.822 -143.863   1702.7    832.8
     1     1    19     6    17     9     0     3   -45.0   19.781 -143.562   1686.0    834.7
     1     1    19     6    17     8     0     2   -46.0   19.735 -143.254   1661.5    838.9
     1     1    19     6    17     7     0     1   -47.0   19.687 -142.942   1653.2    840.0
     1     1    19     6    17     6     0     0   -48.0   19.637 -142.629   1672.1    838.7
     1     1    19     6    17     5     0     1   -49.0   19.591 -142.316   1706.9    833.3
     1     1    19     6    17     4     0     2   -50.0   19.558 -141.998   1738.7    829.6
     1     1    19     6    17     3     0     3   -51.0   19.537 -141.674   1760.1    826.8
     1     1    19     6    17     2     0     2   -52.0   19.520 -141.350   1771.3    826.0
     1     1    19     6    17     1     0     1   -53.0   19.499 -141.032   1779.9    825.3
     1     1    19     6    17     0     0     0   -54.0   19.476 -140.724   1796.6    824.3
     1     1    19     6    16    23     0     1   -55.0   19.443 -140.423   1826.5    821.7
     1     1    19     6    16    22     0     2   -56.0   19.396 -140.120   1855.6    818.3
     1     1    19     6    16    21     0     3   -57.0   19.335 -139.810   1865.2    817.0
     1     1    19     6    16    20     0     2   -58.0   19.268 -139.492   1864.0    818.8
     1     1    19     6    16    19     0     1   -59.0   19.203 -139.168   1873.7    818.3
     1     1    19     6    16    18     0     0   -60.0   19.138 -138.836   1898.4    815.9
     1     1    19     6    16    17     0     1   -61.0   19.080 -138.502   1916.4    811.9
     1     1    19     6    16    16     0     2   -62.0   19.032 -138.167   1915.3    812.3
     1     1    19     6    16    15     0     3   -63.0   18.992 -137.828   1906.4    813.5
     1     1    19     6    16    14     0     2   -64.0   18.950 -137.483   1896.2    814.4
     1     1    19     6    16    13     0     1   -65.0   18.900 -137.131   1886.7    814.9
     1     1    19     6    16    12     0     0   -66.0   18.851 -136.776   1886.3    815.5
     1     1    19     6    16    11     0     1   -67.0   18.814 -136.416   1892.0    814.2
     1     1    19     6    16    10     0     2   -68.0   18.794 -136.049   1895.5    814.7
     1     1    19     6    16     9     0     3   -69.0   18.785 -135.678   1904.4    814.6
     1     1    19     6    16     8     0     2   -70.0   18.790 -135.311   1926.2    812.9
     1     1    19     6    16     7     0     1   -71.0   18.807 -134.957   1946.0    809.4
     1     1    19     6    16     6     0     0   -72.0   18.834 -134.615   1936.9    809.7
     1     1    19     6    16     5     0     1   -73.0   18.862 -134.280   1907.3    814.1
     1     1    19     6    16     4     0     2   -74.0   18.886 -133.949   1878.0    817.1
     1     1    19     6    16     3     0     3   -75.0   18.911 -133.623   1883.9    819.5
     1     1    19     6    16     2     0     2   -76.0   18.931 -133.306   1936.4    812.2
     1     1    19     6    16     1     0     1   -77.0   18.941 -132.999   1998.2    804.3
     1     1    19     6    16     0     0     0   -78.0   18.944 -132.699   2023.8    798.8
     1     1    19     6    15    23     0     1   -79.0   18.942 -132.395   2023.0    803.1
     1     1    19     6    15    22     0     2   -80.0   18.935 -132.082   2044.1    802.4
     1     1    19     6    15    21     0     3   -81.0   18.921 -131.763   2090.5    798.2
     1     1    19     6    15    20     0     2   -82.0   18.903 -131.438   2122.0    792.0
     1     1    19     6    15    19     0     1   -83.0   18.886 -131.108   2107.9    793.8
     1     1    19     6    15    18     0     0   -84.0   18.876 -130.772   2069.0    798.9
     1     1    19     6    15    17     0     1   -85.0   18.873 -130.432   2041.2    803.1
     1     1    19     6    15    16     0     2   -86.0   18.874 -130.091   2032.3    802.6
     1     1    19     6    15    15     0     3   -87.0   18.879 -129.755   2027.2    802.5
     1     1    19     6    15    14     0     2   -88.0   18.890 -129.424   2029.7    802.7
     1     1    19     6    15    13     0     1   -89.0   18.907 -129.099   2037.6    800.6
     1     1    19     6    15    12     0     0   -90.0   18.927 -128.779   2035.8    800.0
     1     1    19     6    15    11     0     1   -91.0   18.949 -128.457   2030.1    802.0
     1     1    19     6    15    10     0     2   -92.0   18.977 -128.133   2041.3    802.3
     1     1    19     6    15     9     0     3   -93.0   19.013 -127.809   2075.4    799.2
     1     1    19     6    15     8     0     2   -94.0   19.056 -127.484   2098.3    794.5
     1     1    19     6    15     7     0     1   -95.0   19.106 -127.160   2095.2    796.5
     1     1    19     6    15     6     0     0   -96.0   19.161 -126.843   2092.1    797.9
     1     1    19     6    15     5     0     1   -97.0   19.219 -126.531   2080.3    797.0
     1     1    19     6    15     4     0     2   -98.0   19.280 -126.222   2041.7    800.4
     1     1    19     6    15     3     0     3   -99.0   19.347 -125.921   1987.0    806.2
     1     1    19     6    15     2     0     2  -100.0   19.416 -125.632   1947.2    811.7
     1     1    19     6    15     1     0     1  -101.0   19.480 -125.359   1935.2    811.8
     1     1    19     6    15     0     0     0  -102.0   19.541 -125.101   1938.9    810.8
     1     1    19     6    14    23     0     1  -103.0   19.600 -124.847   1946.4    809.9
     1     1    19     6    14    22     0     2  -104.0   19.661 -124.586   1951.3    810.0
     1     1    19     6    14    21     0     3  -105.0   19.723 -124.318   1959.8    810.1
     1     1    19     6    14    20     0     2  -106.0   19.788 -124.049   1982.7    808.5
     1     1    19     6    14    19     0     1  -107.0   19.856 -123.778   2020.8    804.5
     1     1    19     6    14    18     0     0  -108.0   19.926 -123.504   2067.7    800.0
     1     1    19     6    14    17     0     1  -109.0   19.998 -123.229   2112.1    795.0
     1     1    19     6    14    16     0     2  -110.0   20.072 -122.957   2145.8    792.0
     1     1    19     6    14    15     0     3  -111.0   20.148 -122.691   2174.3    789.8
     1     1    19     6    14    14     0     2  -112.0   20.225 -122.434   2198.1    786.7
     1     1    19     6    14    13     0     1  -113.0   20.301 -122.189   2213.0    784.8
     1     1    19     6    14    12     0     0  -114.0   20.376 -121.956   2218.7    783.9
     1     1    19     6    14    11     0     1  -115.0   20.447 -121.729   2221.1    784.5
     1     1    19     6    14    10     0     2  -116.0   20.511 -121.504   2225.2    784.5
     1     1    19     6    14     9     0     3  -117.0   20.572 -121.282   2232.2    784.4
     1     1    19     6    14     8     0     2  -118.0   20.636 -121.066   2241.8    783.7
     1     1    19     6    14     7     0     1  -119.0   20.710 -120.857   2250.9    783.0
     1     1    19     6    14     6     0     0  -120.0   20.789 -120.652   2262.9    782.7
     1     1    19     6    14     5     0     1  -121.0   20.872 -120.455   2275.1    780.6
     1     1    19     6    14     4     0     2  -122.0   20.958 -120.268   2273.9    779.8
     1     1    19     6    14     3     0     3  -123.0   21.052 -120.093   2248.3    781.5
     1     1    19     6    14     2     0     2  -124.0   21.148 -119.929   2213.8    786.2
     1     1    19     6    14     1     0     1  -125.0   21.238 -119.775   2188.2    788.2
     1     1    19     6    14     0     0     0  -126.0   21.322 -119.631   2168.7    789.7
     1     1    19     6    13    23     0     1  -127.0   21.403 -119.490   2158.9    791.3
     1     1    19     6    13    22     0     2  -128.0   21.481 -119.347   2165.0    791.1
     1     1    19     6    13    21     0     3  -129.0   21.558 -119.200   2187.4    789.3
     1     1    19     6    13    20     0     2  -130.0   21.634 -119.051   2207.2    786.1
     1     1    19     6    13    19     0     1  -131.0   21.710 -118.905   2210.3    786.4
     1     1    19     6    13    18     0     0  -132.0   21.788 -118.765   2205.9    787.5
     1     1    19     6    13    17     0     1  -133.0   21.863 -118.627   2204.7    787.9
     1     1    19     6    13    16     0     2  -134.0   21.934 -118.488   2208.6    787.1
     1     1    19     6    13    15     0     3  -135.0   22.000 -118.347   2210.8    786.4
     1     1    19     6    13    14     0     2  -136.0   22.062 -118.206   2217.9    786.3
     1     1    19     6    13    13     0     1  -137.0   22.121 -118.065   2239.7    784.2
     1     1    19     6    13    12     0     0  -138.0   22.176 -117.924   2274.7    780.5
     1     1    19     6    13    11     0     1  -139.0   22.227 -117.777   2305.2    776.5
     1     1    19     6    13    10     0     2  -140.0   22.278 -117.620   2316.7    775.7
     1     1    19     6    13     9     0     3  -141.0   22.330 -117.455   2311.2    776.4
     1     1    19     6    13     8     0     2  -142.0   22.388 -117.286   2305.2    778.8
     1     1    19     6    13     7     0     1  -143.0   22.460 -117.116   2318.0    778.2
     1     1    19     6    13     6     0     0  -144.0   22.545 -116.943   2350.3    775.4
     1     1    19     6    13     5     0     1  -145.0   22.643 -116.772   2379.8    770.7
     1     1    19     6    13     4     0     2  -146.0   22.751 -116.609   2391.4    769.9
     1     1    19     6    13     3     0     3  -147.0   22.868 -116.456   2394.0    769.8
     1     1    19     6    13     2     0     2  -148.0   22.996 -116.317   2387.3    769.7
     1     1    19     6    13     1     0     1  -149.0   23.129 -116.192   2364.9    771.3
     1     1    19     6    13     0     0     0  -150.0   23.265 -116.079   2322.0    774.7
     1     1    19     6    12    23     0     1  -151.0   23.397 -115.978   2284.6    781.1
     1     1    19     6    12    22     0     2  -152.0   23.521 -115.888   2278.8    781.6
     1     1    19     6    12    21     0     3  -153.0   23.642 -115.807   2293.1    779.8
     1     1    19     6    12    20     0     2  -154.0   23.760 -115.733   2319.6    777.8
     1     1    19     6    12    19     0     1  -155.0   23.872 -115.667   2365.5    774.6
     1     1    19     6    12    18     0     0  -156.0   23.978 -115.612   2441.3    768.6
     1     1    19     6    12    17     0     1  -157.0   24.071 -115.562   2518.8    758.6
     1     1    19     6    12    16     0     2  -158.0   24.147 -115.514   2562.6    754.5
     1     1    19     6    12    15     0     3  -159.0   24.208 -115.470   2569.4    753.6
     1     1    19     6    12    14     0     2  -160.0   24.257 -115.429   2573.6    756.1
     1     1    19     6    12    13     0     1  -161.0   24.300 -115.389   2608.5    752.6
     1     1    19     6    12    12     0     0  -162.0   24.335 -115.351   2671.2    746.8
     1     1    19     6    12    11     0     1  -163.0   24.364 -115.310   2738.8    739.0
     1     1    19     6    12    10     0     2  -164.0   24.389 -115.265   2792.4    734.6
     1     1    19     6    12     9     0     3  -165.0   24.410 -115.218   2838.3    730.9
     1     1    19     6    12     8     0     2  -166.0   24.429 -115.165   2879.3    727.8
     1     1    19     6    12     7     0     1  -167.0   24.451 -115.103   2916.0    725.2
     1     1    19     6    12     6     0     0  -168.0   24.476 -115.031   2950.3    722.8
