     7     1
    GDAS    18    12     1     0     0
    GDAS    19     1     1     0     0
    GDAS    19     2     1     0     0
    GDAS    19     3     1     0     0
    GDAS    19     4     1     0     0
    GDAS    19     5     1     0     0
    GDAS    19     6     1     0     0
     1 BACKWARD OMEGA   
    19     4    25     6   21.319 -157.670    10.0
     1 PRESSURE
     1     1    19     4    25     6     0     0     0.0   21.319 -157.670     10.0   1012.6
     1     1    19     4    25     5     0     1    -1.0   21.447 -157.465     12.2   1011.9
     1     1    19     4    25     4     0     2    -2.0   21.553 -157.259     15.3   1011.2
     1     1    19     4    25     3     0     3    -3.0   21.641 -157.047     18.9   1010.7
     1     1    19     4    25     2     0     2    -4.0   21.720 -156.833     21.5   1011.4
     1     1    19     4    25     1     0     1    -5.0   21.800 -156.620     22.0   1012.5
     1     1    19     4    25     0     0     0    -6.0   21.886 -156.405     21.2   1013.5
     1     1    19     4    24    23     0     1    -7.0   21.974 -156.182     20.5   1014.2
     1     1    19     4    24    22     0     2    -8.0   22.053 -155.956     20.4   1014.5
     1     1    19     4    24    21     0     3    -9.0   22.118 -155.732     20.4   1015.0
     1     1    19     4    24    20     0     2   -10.0   22.177 -155.511     20.4   1015.3
     1     1    19     4    24    19     0     1   -11.0   22.239 -155.295     20.4   1015.4
     1     1    19     4    24    18     0     0   -12.0   22.303 -155.083     20.4   1015.4
     1     1    19     4    24    17     0     1   -13.0   22.369 -154.877     20.4   1015.7
     1     1    19     4    24    16     0     2   -14.0   22.434 -154.678     20.4   1016.0
     1     1    19     4    24    15     0     3   -15.0   22.499 -154.487     20.4   1016.3
     1     1    19     4    24    14     0     2   -16.0   22.563 -154.300     20.4   1016.5
     1     1    19     4    24    13     0     1   -17.0   22.627 -154.110     20.4   1016.8
     1     1    19     4    24    12     0     0   -18.0   22.689 -153.921     20.4   1017.0
     1     1    19     4    24    11     0     1   -19.0   22.751 -153.730     20.4   1017.1
     1     1    19     4    24    10     0     2   -20.0   22.811 -153.537     20.4   1017.2
     1     1    19     4    24     9     0     3   -21.0   22.871 -153.340     20.4   1017.3
     1     1    19     4    24     8     0     2   -22.0   22.933 -153.136     20.4   1017.4
     1     1    19     4    24     7     0     1   -23.0   23.001 -152.927     20.4   1017.4
     1     1    19     4    24     6     0     0   -24.0   23.074 -152.713     20.4   1017.4
     1     1    19     4    24     5     0     1   -25.0   23.150 -152.501     20.4   1017.5
     1     1    19     4    24     4     0     2   -26.0   23.224 -152.297     20.4   1017.7
     1     1    19     4    24     3     0     3   -27.0   23.297 -152.099     20.4   1017.8
     1     1    19     4    24     2     0     2   -28.0   23.371 -151.901     20.3   1017.9
     1     1    19     4    24     1     0     1   -29.0   23.445 -151.699     20.2   1018.1
     1     1    19     4    24     0     0     0   -30.0   23.519 -151.494     20.2   1018.3
     1     1    19     4    23    23     0     1   -31.0   23.588 -151.281     20.0   1018.2
     1     1    19     4    23    22     0     2   -32.0   23.648 -151.059     19.6   1018.1
     1     1    19     4    23    21     0     3   -33.0   23.696 -150.824     18.8   1018.1
     1     1    19     4    23    20     0     2   -34.0   23.740 -150.578     18.0   1018.3
     1     1    19     4    23    19     0     1   -35.0   23.787 -150.322     17.4   1018.4
     1     1    19     4    23    18     0     0   -36.0   23.843 -150.055     17.1   1018.4
     1     1    19     4    23    17     0     1   -37.0   23.904 -149.782     17.1   1018.4
     1     1    19     4    23    16     0     2   -38.0   23.965 -149.513     17.1   1018.4
     1     1    19     4    23    15     0     3   -39.0   24.027 -149.249     17.1   1018.4
     1     1    19     4    23    14     0     2   -40.0   24.091 -148.987     17.1   1018.4
     1     1    19     4    23    13     0     1   -41.0   24.155 -148.724     17.1   1018.3
     1     1    19     4    23    12     0     0   -42.0   24.218 -148.459     17.1   1018.2
     1     1    19     4    23    11     0     1   -43.0   24.279 -148.194     17.2   1019.5
     1     1    19     4    23    10     0     2   -44.0   24.338 -147.929     17.3   1020.8
     1     1    19     4    23     9     0     3   -45.0   24.395 -147.665     17.5   1022.0
     1     1    19     4    23     8     0     2   -46.0   24.453 -147.396     17.8   1021.9
     1     1    19     4    23     7     0     1   -47.0   24.515 -147.117     17.9   1021.8
     1     1    19     4    23     6     0     0   -48.0   24.581 -146.829     18.0   1021.8
     1     1    19     4    23     5     0     1   -49.0   24.648 -146.537     18.0   1021.6
     1     1    19     4    23     4     0     2   -50.0   24.711 -146.252     18.0   1021.5
     1     1    19     4    23     3     0     3   -51.0   24.769 -145.976     18.0   1021.4
     1     1    19     4    23     2     0     2   -52.0   24.821 -145.701     17.8   1021.4
     1     1    19     4    23     1     0     1   -53.0   24.871 -145.415     17.5   1021.4
     1     1    19     4    23     0     0     0   -54.0   24.920 -145.118     17.4   1021.3
     1     1    19     4    22    23     0     1   -55.0   24.971 -144.814     17.7   1022.4
     1     1    19     4    22    22     0     2   -56.0   25.026 -144.508     18.2   1023.5
     1     1    19     4    22    21     0     3   -57.0   25.085 -144.203     18.7   1024.5
     1     1    19     4    22    20     0     2   -58.0   25.147 -143.895     19.1   1024.1
     1     1    19     4    22    19     0     1   -59.0   25.210 -143.576     20.0   1023.7
     1     1    19     4    22    18     0     0   -60.0   25.273 -143.248     21.3   1023.8
     1     1    19     4    22    17     0     1   -61.0   25.340 -142.917     23.0   1023.5
     1     1    19     4    22    16     0     2   -62.0   25.414 -142.588     24.8   1023.2
     1     1    19     4    22    15     0     3   -63.0   25.493 -142.263     27.1   1022.8
     1     1    19     4    22    14     0     2   -64.0   25.574 -141.940     29.4   1022.4
     1     1    19     4    22    13     0     1   -65.0   25.653 -141.617     31.2   1022.1
     1     1    19     4    22    12     0     0   -66.0   25.729 -141.293     32.0   1022.0
     1     1    19     4    22    11     0     1   -67.0   25.803 -140.968     32.2   1022.1
     1     1    19     4    22    10     0     2   -68.0   25.879 -140.642     32.3   1022.1
     1     1    19     4    22     9     0     3   -69.0   25.955 -140.313     32.4   1022.1
     1     1    19     4    22     8     0     2   -70.0   26.037 -139.984     32.8   1022.0
     1     1    19     4    22     7     0     1   -71.0   26.134 -139.652     34.1   1021.8
     1     1    19     4    22     6     0     0   -72.0   26.244 -139.319     36.3   1021.6
     1     1    19     4    22     5     0     1   -73.0   26.364 -138.990     39.1   1021.2
     1     1    19     4    22     4     0     2   -74.0   26.491 -138.670     41.8   1020.8
     1     1    19     4    22     3     0     3   -75.0   26.625 -138.359     44.0   1020.6
     1     1    19     4    22     2     0     2   -76.0   26.763 -138.058     45.3   1020.5
     1     1    19     4    22     1     0     1   -77.0   26.903 -137.764     45.8   1020.6
     1     1    19     4    22     0     0     0   -78.0   27.042 -137.476     46.0   1020.7
     1     1    19     4    21    23     0     1   -79.0   27.179 -137.192     46.0   1021.0
     1     1    19     4    21    22     0     2   -80.0   27.312 -136.911     46.0   1021.6
     1     1    19     4    21    21     0     3   -81.0   27.439 -136.632     46.0   1022.5
     1     1    19     4    21    20     0     2   -82.0   27.570 -136.356     46.2   1022.5
     1     1    19     4    21    19     0     1   -83.0   27.711 -136.081     46.6   1022.2
     1     1    19     4    21    18     0     0   -84.0   27.860 -135.807     47.2   1021.6
     1     1    19     4    21    17     0     1   -85.0   28.017 -135.540     48.2   1021.7
     1     1    19     4    21    16     0     2   -86.0   28.184 -135.285     50.0   1021.8
     1     1    19     4    21    15     0     3   -87.0   28.359 -135.045     52.5   1021.5
     1     1    19     4    21    14     0     2   -88.0   28.539 -134.817     54.8   1021.4
     1     1    19     4    21    13     0     1   -89.0   28.723 -134.595     56.9   1021.2
     1     1    19     4    21    12     0     0   -90.0   28.910 -134.380     59.3   1021.0
     1     1    19     4    21    11     0     1   -91.0   29.101 -134.168     61.8   1020.8
     1     1    19     4    21    10     0     2   -92.0   29.296 -133.959     64.3   1020.5
     1     1    19     4    21     9     0     3   -93.0   29.494 -133.752     66.6   1020.3
     1     1    19     4    21     8     0     2   -94.0   29.699 -133.552     68.6   1019.6
     1     1    19     4    21     7     0     1   -95.0   29.912 -133.362     70.4   1018.9
     1     1    19     4    21     6     0     0   -96.0   30.133 -133.183     72.6   1018.1
     1     1    19     4    21     5     0     1   -97.0   30.361 -133.018     75.7   1017.6
     1     1    19     4    21     4     0     2   -98.0   30.589 -132.866     79.3   1016.9
     1     1    19     4    21     3     0     3   -99.0   30.817 -132.727     83.3   1015.9
     1     1    19     4    21     2     0     2  -100.0   31.046 -132.599     86.9   1015.2
     1     1    19     4    21     1     0     1  -101.0   31.277 -132.481     89.0   1014.8
     1     1    19     4    21     0     0     0  -102.0   31.511 -132.372     89.7   1014.8
     1     1    19     4    20    23     0     1  -103.0   31.748 -132.270     89.7   1015.3
     1     1    19     4    20    22     0     2  -104.0   31.986 -132.170     89.7   1015.6
     1     1    19     4    20    21     0     3  -105.0   32.226 -132.072     89.7   1015.7
     1     1    19     4    20    20     0     2  -106.0   32.473 -131.980     89.7   1015.4
     1     1    19     4    20    19     0     1  -107.0   32.731 -131.900     89.7   1015.4
     1     1    19     4    20    18     0     0  -108.0   32.997 -131.830     89.7   1015.6
     1     1    19     4    20    17     0     1  -109.0   33.263 -131.771     91.1   1014.8
     1     1    19     4    20    16     0     2  -110.0   33.519 -131.721     95.3   1013.5
     1     1    19     4    20    15     0     3  -111.0   33.768 -131.682    102.2   1011.9
     1     1    19     4    20    14     0     2  -112.0   34.020 -131.648    109.9   1010.7
     1     1    19     4    20    13     0     1  -113.0   34.286 -131.615    116.1   1009.9
     1     1    19     4    20    12     0     0  -114.0   34.563 -131.580    120.9   1009.2
     1     1    19     4    20    11     0     1  -115.0   34.845 -131.549    124.3   1008.8
     1     1    19     4    20    10     0     2  -116.0   35.129 -131.533    126.4   1008.5
     1     1    19     4    20     9     0     3  -117.0   35.421 -131.531    127.1   1008.3
     1     1    19     4    20     8     0     2  -118.0   35.718 -131.536    127.1   1008.3
     1     1    19     4    20     7     0     1  -119.0   36.014 -131.545    127.1   1008.2
     1     1    19     4    20     6     0     0  -120.0   36.308 -131.555    127.1   1008.1
     1     1    19     4    20     5     0     1  -121.0   36.599 -131.571    127.5   1007.8
     1     1    19     4    20     4     0     2  -122.0   36.890 -131.600    128.2   1007.2
     1     1    19     4    20     3     0     3  -123.0   37.185 -131.643    129.4   1006.8
     1     1    19     4    20     2     0     2  -124.0   37.477 -131.698    132.0   1006.5
     1     1    19     4    20     1     0     1  -125.0   37.762 -131.762    135.3   1005.9
     1     1    19     4    20     0     0     0  -126.0   38.039 -131.837    136.8   1005.6
     1     1    19     4    19    23     0     1  -127.0   38.313 -131.919    136.8   1005.9
     1     1    19     4    19    22     0     2  -128.0   38.585 -131.999    136.8   1006.0
     1     1    19     4    19    21     0     3  -129.0   38.854 -132.081    136.8   1006.2
     1     1    19     4    19    20     0     2  -130.0   39.117 -132.171    136.8   1006.5
     1     1    19     4    19    19     0     1  -131.0   39.375 -132.274    136.8   1006.7
     1     1    19     4    19    18     0     0  -132.0   39.631 -132.392    136.8   1006.9
     1     1    19     4    19    17     0     1  -133.0   39.886 -132.525    136.8   1006.6
     1     1    19     4    19    16     0     2  -134.0   40.136 -132.671    136.8   1006.1
     1     1    19     4    19    15     0     3  -135.0   40.376 -132.831    136.8   1005.7
     1     1    19     4    19    14     0     2  -136.0   40.602 -133.006    136.8   1005.6
     1     1    19     4    19    13     0     1  -137.0   40.816 -133.193    136.9   1005.4
     1     1    19     4    19    12     0     0  -138.0   41.016 -133.391    137.0   1005.2
     1     1    19     4    19    11     0     1  -139.0   41.202 -133.601    137.0   1005.3
     1     1    19     4    19    10     0     2  -140.0   41.373 -133.823    137.0   1005.4
     1     1    19     4    19     9     0     3  -141.0   41.528 -134.059    137.0   1005.5
     1     1    19     4    19     8     0     2  -142.0   41.669 -134.314    137.0   1005.4
     1     1    19     4    19     7     0     1  -143.0   41.794 -134.589    137.0   1005.2
     1     1    19     4    19     6     0     0  -144.0   41.896 -134.888    137.0   1005.0
     1     1    19     4    19     5     0     1  -145.0   41.975 -135.202    137.0   1004.8
     1     1    19     4    19     4     0     2  -146.0   42.032 -135.520    137.0   1004.5
     1     1    19     4    19     3     0     3  -147.0   42.063 -135.847    136.7   1004.2
     1     1    19     4    19     2     0     2  -148.0   42.070 -136.177    136.2   1004.3
     1     1    19     4    19     1     0     1  -149.0   42.057 -136.503    136.0   1004.3
     1     1    19     4    19     0     0     0  -150.0   42.015 -136.829    136.0   1004.3
     1     1    19     4    18    23     0     1  -151.0   41.965 -137.158    139.1   1004.3
     1     1    19     4    18    22     0     2  -152.0   41.929 -137.492    146.0   1003.0
     1     1    19     4    18    21     0     3  -153.0   41.891 -137.821    151.7   1001.8
     1     1    19     4    18    20     0     2  -154.0   41.849 -138.140    153.8   1001.2
     1     1    19     4    18    19     0     1  -155.0   41.804 -138.448    154.5   1001.0
     1     1    19     4    18    18     0     0  -156.0   41.747 -138.743    156.8   1000.5
     1     1    19     4    18    17     0     1  -157.0   41.680 -139.032    160.6    999.5
     1     1    19     4    18    16     0     2  -158.0   41.611 -139.323    165.8    998.5
     1     1    19     4    18    15     0     3  -159.0   41.532 -139.609    176.0    997.2
     1     1    19     4    18    14     0     2  -160.0   41.444 -139.888    190.7    994.9
     1     1    19     4    18    13     0     1  -161.0   41.351 -140.160    203.1    993.0
     1     1    19     4    18    12     0     0  -162.0   41.255 -140.420    209.5    992.2
     1     1    19     4    18    11     0     1  -163.0   41.164 -140.666    214.4    992.4
     1     1    19     4    18    10     0     2  -164.0   41.080 -140.900    223.0    991.8
     1     1    19     4    18     9     0     3  -165.0   41.002 -141.123    237.5    990.6
     1     1    19     4    18     8     0     2  -166.0   40.928 -141.335    254.7    988.2
     1     1    19     4    18     7     0     1  -167.0   40.857 -141.536    269.7    986.4
     1     1    19     4    18     6     0     0  -168.0   40.796 -141.725    282.7    984.7
