     7     1
    GDAS    18    12     1     0     0
    GDAS    19     1     1     0     0
    GDAS    19     2     1     0     0
    GDAS    19     3     1     0     0
    GDAS    19     4     1     0     0
    GDAS    19     5     1     0     0
    GDAS    19     6     1     0     0
     1 BACKWARD OMEGA   
    19     3    24     0   21.319 -157.670    10.0
     1 PRESSURE
     1     1    19     3    24     0     0     0     0.0   21.319 -157.670     10.0   1015.4
     1     1    19     3    23    23     0     1    -1.0   21.403 -157.502     10.7   1015.6
     1     1    19     3    23    22     0     2    -2.0   21.471 -157.321     12.0   1015.5
     1     1    19     3    23    21     0     3    -3.0   21.524 -157.129     14.4   1015.2
     1     1    19     3    23    20     0     2    -4.0   21.563 -156.938     17.7   1014.5
     1     1    19     3    23    19     0     1    -5.0   21.590 -156.754     21.1   1014.8
     1     1    19     3    23    18     0     0    -6.0   21.605 -156.572     24.3   1015.0
     1     1    19     3    23    17     0     1    -7.0   21.607 -156.382     27.9   1015.2
     1     1    19     3    23    16     0     2    -8.0   21.593 -156.173     32.8   1015.2
     1     1    19     3    23    15     0     3    -9.0   21.560 -155.948     38.6   1015.1
     1     1    19     3    23    14     0     2   -10.0   21.524 -155.717     44.5   1014.2
     1     1    19     3    23    13     0     1   -11.0   21.499 -155.486     49.1   1013.7
     1     1    19     3    23    12     0     0   -12.0   21.486 -155.252     51.7   1013.5
     1     1    19     3    23    11     0     1   -13.0   21.482 -155.014     53.2   1013.8
     1     1    19     3    23    10     0     2   -14.0   21.481 -154.776     55.3   1014.1
     1     1    19     3    23     9     0     3   -15.0   21.487 -154.542     57.9   1014.1
     1     1    19     3    23     8     0     2   -16.0   21.499 -154.314     59.9   1013.4
     1     1    19     3    23     7     0     1   -17.0   21.517 -154.091     60.5   1013.1
     1     1    19     3    23     6     0     0   -18.0   21.537 -153.870     60.6   1012.9
     1     1    19     3    23     5     0     1   -19.0   21.553 -153.647     60.6   1012.8
     1     1    19     3    23     4     0     2   -20.0   21.565 -153.420     60.6   1012.6
     1     1    19     3    23     3     0     3   -21.0   21.573 -153.188     60.6   1012.4
     1     1    19     3    23     2     0     2   -22.0   21.578 -152.954     60.6   1012.4
     1     1    19     3    23     1     0     1   -23.0   21.582 -152.723     60.6   1012.4
     1     1    19     3    23     0     0     0   -24.0   21.585 -152.495     60.6   1012.5
     1     1    19     3    22    23     0     1   -25.0   21.587 -152.263     60.6   1012.6
     1     1    19     3    22    22     0     2   -26.0   21.590 -152.017     60.6   1012.7
     1     1    19     3    22    21     0     3   -27.0   21.594 -151.758     60.6   1012.8
     1     1    19     3    22    20     0     2   -28.0   21.604 -151.490     61.7   1012.8
     1     1    19     3    22    19     0     1   -29.0   21.626 -151.216     65.8   1012.3
     1     1    19     3    22    18     0     0   -30.0   21.662 -150.934     74.5   1011.2
     1     1    19     3    22    17     0     1   -31.0   21.710 -150.653     84.5   1009.3
     1     1    19     3    22    16     0     2   -32.0   21.769 -150.382     90.7   1008.4
     1     1    19     3    22    15     0     3   -33.0   21.839 -150.118     92.8   1008.0
     1     1    19     3    22    14     0     2   -34.0   21.918 -149.867     92.8   1008.4
     1     1    19     3    22    13     0     1   -35.0   22.001 -149.633     92.8   1008.5
     1     1    19     3    22    12     0     0   -36.0   22.086 -149.419     92.8   1008.6
     1     1    19     3    22    11     0     1   -37.0   22.171 -149.218     92.8   1008.9
     1     1    19     3    22    10     0     2   -38.0   22.256 -149.025     92.8   1009.3
     1     1    19     3    22     9     0     3   -39.0   22.342 -148.840     92.8   1009.8
     1     1    19     3    22     8     0     2   -40.0   22.425 -148.663     92.8   1009.7
     1     1    19     3    22     7     0     1   -41.0   22.501 -148.494     92.8   1009.4
     1     1    19     3    22     6     0     0   -42.0   22.570 -148.334     92.8   1009.0
     1     1    19     3    22     5     0     1   -43.0   22.629 -148.176     94.4   1008.8
     1     1    19     3    22     4     0     2   -44.0   22.675 -148.014     99.8   1008.0
     1     1    19     3    22     3     0     3   -45.0   22.709 -147.848    109.2   1006.6
     1     1    19     3    22     2     0     2   -46.0   22.735 -147.681    118.2   1005.2
     1     1    19     3    22     1     0     1   -47.0   22.758 -147.515    122.9   1004.7
     1     1    19     3    22     0     0     0   -48.0   22.777 -147.349    124.3   1004.6
     1     1    19     3    21    23     0     1   -49.0   22.801 -147.182    124.8   1005.3
     1     1    19     3    21    22     0     2   -50.0   22.840 -147.008    125.5   1005.7
     1     1    19     3    21    21     0     3   -51.0   22.891 -146.825    125.5   1006.4
     1     1    19     3    21    20     0     2   -52.0   22.948 -146.645    126.6   1006.5
     1     1    19     3    21    19     0     1   -53.0   23.011 -146.477    130.9   1006.3
     1     1    19     3    21    18     0     0   -54.0   23.081 -146.323    140.1   1005.5
     1     1    19     3    21    17     0     1   -55.0   23.148 -146.182    151.1   1003.1
     1     1    19     3    21    16     0     2   -56.0   23.203 -146.052    158.4   1001.6
     1     1    19     3    21    15     0     3   -57.0   23.249 -145.934    160.9   1000.9
     1     1    19     3    21    14     0     2   -58.0   23.281 -145.822    160.7   1000.9
     1     1    19     3    21    13     0     1   -59.0   23.291 -145.711    160.5   1000.7
     1     1    19     3    21    12     0     0   -60.0   23.279 -145.602    160.4   1000.4
     1     1    19     3    21    11     0     1   -61.0   23.252 -145.488    160.4   1000.6
     1     1    19     3    21    10     0     2   -62.0   23.219 -145.366    160.4   1000.9
     1     1    19     3    21     9     0     3   -63.0   23.182 -145.236    160.4   1001.2
     1     1    19     3    21     8     0     2   -64.0   23.141 -145.099    163.2   1001.1
     1     1    19     3    21     7     0     1   -65.0   23.097 -144.957    172.0    999.9
     1     1    19     3    21     6     0     0   -66.0   23.053 -144.809    187.7    997.8
     1     1    19     3    21     5     0     1   -67.0   23.013 -144.654    207.2    994.9
     1     1    19     3    21     4     0     2   -68.0   22.979 -144.497    226.2    992.5
     1     1    19     3    21     3     0     3   -69.0   22.949 -144.338    244.1    990.3
     1     1    19     3    21     2     0     2   -70.0   22.918 -144.176    258.2    988.4
     1     1    19     3    21     1     0     1   -71.0   22.887 -144.007    266.5    987.3
     1     1    19     3    21     0     0     0   -72.0   22.856 -143.833    269.2    986.8
     1     1    19     3    20    23     0     1   -73.0   22.826 -143.649    268.7    987.9
     1     1    19     3    20    22     0     2   -74.0   22.794 -143.455    266.5    988.8
     1     1    19     3    20    21     0     3   -75.0   22.762 -143.253    261.7    990.1
     1     1    19     3    20    20     0     2   -76.0   22.730 -143.046    255.7    990.9
     1     1    19     3    20    19     0     1   -77.0   22.702 -142.834    251.5    991.4
     1     1    19     3    20    18     0     0   -78.0   22.677 -142.617    250.0    991.6
     1     1    19     3    20    17     0     1   -79.0   22.657 -142.395    250.0    991.2
     1     1    19     3    20    16     0     2   -80.0   22.647 -142.171    250.0    991.1
     1     1    19     3    20    15     0     3   -81.0   22.646 -141.946    250.0    990.9
     1     1    19     3    20    14     0     2   -82.0   22.655 -141.718    250.0    990.7
     1     1    19     3    20    13     0     1   -83.0   22.673 -141.486    250.0    990.4
     1     1    19     3    20    12     0     0   -84.0   22.700 -141.251    250.0    990.1
     1     1    19     3    20    11     0     1   -85.0   22.742 -141.015    250.0    990.4
     1     1    19     3    20    10     0     2   -86.0   22.804 -140.777    250.0    990.7
     1     1    19     3    20     9     0     3   -87.0   22.886 -140.539    250.0    991.0
     1     1    19     3    20     8     0     2   -88.0   22.988 -140.307    250.0    990.8
     1     1    19     3    20     7     0     1   -89.0   23.107 -140.085    250.0    990.7
     1     1    19     3    20     6     0     0   -90.0   23.241 -139.877    250.0    990.6
     1     1    19     3    20     5     0     1   -91.0   23.384 -139.691    252.2    990.3
     1     1    19     3    20     4     0     2   -92.0   23.529 -139.532    259.1    989.4
     1     1    19     3    20     3     0     3   -93.0   23.675 -139.399    272.3    987.7
     1     1    19     3    20     2     0     2   -94.0   23.819 -139.287    286.8    985.0
     1     1    19     3    20     1     0     1   -95.0   23.959 -139.191    296.2    983.5
     1     1    19     3    20     0     0     0   -96.0   24.097 -139.110    299.5    982.8
     1     1    19     3    19    23     0     1   -97.0   24.234 -139.045    299.6    983.6
     1     1    19     3    19    22     0     2   -98.0   24.367 -138.997    300.0    983.9
     1     1    19     3    19    21     0     3   -99.0   24.496 -138.965    300.6    984.2
     1     1    19     3    19    20     0     2  -100.0   24.626 -138.949    304.0    984.0
     1     1    19     3    19    19     0     1  -101.0   24.765 -138.951    313.2    982.9
     1     1    19     3    19    18     0     0  -102.0   24.914 -138.970    328.2    981.0
     1     1    19     3    19    17     0     1  -103.0   25.068 -139.000    343.1    978.1
     1     1    19     3    19    16     0     2  -104.0   25.225 -139.032    352.1    976.4
     1     1    19     3    19    15     0     3  -105.0   25.385 -139.069    355.1    975.5
     1     1    19     3    19    14     0     2  -106.0   25.556 -139.119    355.5    975.6
     1     1    19     3    19    13     0     1  -107.0   25.745 -139.194    357.2    975.2
     1     1    19     3    19    12     0     0  -108.0   25.951 -139.292    361.2    974.5
     1     1    19     3    19    11     0     1  -109.0   26.162 -139.413    365.8    974.0
     1     1    19     3    19    10     0     2  -110.0   26.362 -139.556    368.6    973.9
     1     1    19     3    19     9     0     3  -111.0   26.558 -139.718    369.5    974.0
     1     1    19     3    19     8     0     2  -112.0   26.756 -139.901    369.5    973.9
     1     1    19     3    19     7     0     1  -113.0   26.959 -140.103    369.5    973.8
     1     1    19     3    19     6     0     0  -114.0   27.165 -140.322    369.9    973.6
     1     1    19     3    19     5     0     1  -115.0   27.374 -140.557    371.3    972.9
     1     1    19     3    19     4     0     2  -116.0   27.587 -140.811    373.5    972.1
     1     1    19     3    19     3     0     3  -117.0   27.808 -141.086    374.7    971.3
     1     1    19     3    19     2     0     2  -118.0   28.034 -141.385    374.7    971.3
     1     1    19     3    19     1     0     1  -119.0   28.258 -141.701    374.7    971.1
     1     1    19     3    19     0     0     0  -120.0   28.481 -142.031    374.7    971.0
     1     1    19     3    18    23     0     1  -121.0   28.704 -142.368    376.2    970.9
     1     1    19     3    18    22     0     2  -122.0   28.936 -142.709    379.4    970.5
     1     1    19     3    18    21     0     3  -123.0   29.179 -143.047    381.3    970.1
     1     1    19     3    18    20     0     2  -124.0   29.431 -143.393    383.5    969.9
     1     1    19     3    18    19     0     1  -125.0   29.695 -143.764    390.4    968.7
     1     1    19     3    18    18     0     0  -126.0   29.974 -144.165    403.9    967.0
     1     1    19     3    18    17     0     1  -127.0   30.263 -144.580    424.6    964.0
     1     1    19     3    18    16     0     2  -128.0   30.550 -144.994    442.9    960.4
     1     1    19     3    18    15     0     3  -129.0   30.834 -145.415    449.8    958.7
     1     1    19     3    18    14     0     2  -130.0   31.115 -145.847    449.9    959.2
     1     1    19     3    18    13     0     1  -131.0   31.397 -146.285    450.4    958.7
     1     1    19     3    18    12     0     0  -132.0   31.678 -146.726    451.3    958.1
     1     1    19     3    18    11     0     1  -133.0   31.962 -147.162    452.0    957.9
     1     1    19     3    18    10     0     2  -134.0   32.254 -147.584    452.5    957.9
     1     1    19     3    18     9     0     3  -135.0   32.554 -147.994    452.8    957.7
     1     1    19     3    18     8     0     2  -136.0   32.868 -148.405    455.2    957.2
     1     1    19     3    18     7     0     1  -137.0   33.197 -148.825    459.2    955.7
     1     1    19     3    18     6     0     0  -138.0   33.545 -149.257    462.8    954.9
     1     1    19     3    18     5     0     1  -139.0   33.901 -149.694    472.1    953.2
     1     1    19     3    18     4     0     2  -140.0   34.249 -150.134    484.6    950.0
     1     1    19     3    18     3     0     3  -141.0   34.592 -150.584    490.3    947.9
     1     1    19     3    18     2     0     2  -142.0   34.937 -151.037    490.3    947.9
     1     1    19     3    18     1     0     1  -143.0   35.277 -151.489    487.7    947.4
     1     1    19     3    18     0     0     0  -144.0   35.623 -151.948    487.2    947.6
     1     1    19     3    17    23     0     1  -145.0   35.983 -152.405    494.4    946.4
     1     1    19     3    17    22     0     2  -146.0   36.353 -152.844    500.3    944.5
     1     1    19     3    17    21     0     3  -147.0   36.734 -153.269    499.7    944.6
     1     1    19     3    17    20     0     2  -148.0   37.129 -153.694    497.7    944.4
     1     1    19     3    17    19     0     1  -149.0   37.536 -154.126    495.8    943.9
     1     1    19     3    17    18     0     0  -150.0   37.961 -154.562    494.6    943.4
     1     1    19     3    17    17     0     1  -151.0   38.402 -154.994    495.5    942.7
     1     1    19     3    17    16     0     2  -152.0   38.846 -155.420    496.4    941.8
     1     1    19     3    17    15     0     3  -153.0   39.298 -155.841    496.2    941.4
     1     1    19     3    17    14     0     2  -154.0   39.762 -156.262    495.5    940.7
     1     1    19     3    17    13     0     1  -155.0   40.234 -156.690    492.7    940.3
     1     1    19     3    17    12     0     0  -156.0   40.731 -157.135    485.5    940.3
     1     1    19     3    17    11     0     1  -157.0   41.252 -157.581    479.2    941.5
     1     1    19     3    17    10     0     2  -158.0   41.778 -158.018    479.0    941.0
     1     1    19     3    17     9     0     3  -159.0   42.309 -158.452    481.3    940.0
     1     1    19     3    17     8     0     2  -160.0   42.858 -158.879    493.6    939.1
     1     1    19     3    17     7     0     1  -161.0   43.439 -159.282    513.6    934.5
     1     1    19     3    17     6     0     0  -162.0   44.047 -159.657    532.3    932.1
     1     1    19     3    17     5     0     1  -163.0   44.667 -160.003    552.7    929.0
     1     1    19     3    17     4     0     2  -164.0   45.289 -160.309    571.1    926.0
     1     1    19     3    17     3     0     3  -165.0   45.913 -160.569    586.8    924.0
     1     1    19     3    17     2     0     2  -166.0   46.539 -160.786    604.5    921.9
     1     1    19     3    17     1     0     1  -167.0   47.171 -160.974    628.5    919.3
     1     1    19     3    17     0     0     0  -168.0   47.805 -161.139    645.4    915.2
