     7     1
    GDAS    18    12     1     0     0
    GDAS    19     1     1     0     0
    GDAS    19     2     1     0     0
    GDAS    19     3     1     0     0
    GDAS    19     4     1     0     0
    GDAS    19     5     1     0     0
    GDAS    19     6     1     0     0
     1 BACKWARD OMEGA   
    19     3     2     0   21.319 -157.670    10.0
     1 PRESSURE
     1     1    19     3     2     0     0     0     0.0   21.319 -157.670     10.0   1013.9
     1     1    19     3     1    23     0     1    -1.0   21.463 -157.612     10.7   1014.9
     1     1    19     3     1    22     0     2    -2.0   21.602 -157.558     11.5   1016.1
     1     1    19     3     1    21     0     3    -3.0   21.728 -157.506     12.4   1017.7
     1     1    19     3     1    20     0     2    -4.0   21.841 -157.455     13.0   1017.1
     1     1    19     3     1    19     0     1    -5.0   21.940 -157.403     13.3   1016.5
     1     1    19     3     1    18     0     0    -6.0   22.025 -157.350     13.4   1015.8
     1     1    19     3     1    17     0     1    -7.0   22.111 -157.285     13.4   1015.9
     1     1    19     3     1    16     0     2    -8.0   22.212 -157.203     13.3   1016.0
     1     1    19     3     1    15     0     3    -9.0   22.322 -157.104     13.3   1016.0
     1     1    19     3     1    14     0     2   -10.0   22.437 -157.001     13.3   1016.1
     1     1    19     3     1    13     0     1   -11.0   22.559 -156.908     13.3   1016.2
     1     1    19     3     1    12     0     0   -12.0   22.691 -156.822     13.3   1016.2
     1     1    19     3     1    11     0     1   -13.0   22.837 -156.736     13.2   1016.2
     1     1    19     3     1    10     0     2   -14.0   22.999 -156.643     12.7   1016.2
     1     1    19     3     1     9     0     3   -15.0   23.173 -156.547     12.1   1016.3
     1     1    19     3     1     8     0     2   -16.0   23.359 -156.459     11.9   1016.4
     1     1    19     3     1     7     0     1   -17.0   23.558 -156.387     12.2   1016.3
     1     1    19     3     1     6     0     0   -18.0   23.768 -156.332     13.0   1016.2
     1     1    19     3     1     5     0     1   -19.0   23.988 -156.291     13.9   1015.9
     1     1    19     3     1     4     0     2   -20.0   24.218 -156.270     14.4   1015.7
     1     1    19     3     1     3     0     3   -21.0   24.457 -156.266     14.6   1015.6
     1     1    19     3     1     2     0     2   -22.0   24.704 -156.277     14.6   1015.8
     1     1    19     3     1     1     0     1   -23.0   24.957 -156.302     14.6   1016.0
     1     1    19     3     1     0     0     0   -24.0   25.212 -156.340     14.6   1016.2
     1     1    19     2    28    23     0     1   -25.0   25.471 -156.383     14.6   1016.4
     1     1    19     2    28    22     0     2   -26.0   25.743 -156.423     14.6   1016.6
     1     1    19     2    28    21     0     3   -27.0   26.029 -156.458     14.6   1016.8
     1     1    19     2    28    20     0     2   -28.0   26.332 -156.495     14.8   1017.1
     1     1    19     2    28    19     0     1   -29.0   26.657 -156.538     15.3   1017.2
     1     1    19     2    28    18     0     0   -30.0   27.010 -156.585     15.9   1017.4
     1     1    19     2    28    17     0     1   -31.0   27.374 -156.643     16.6   1016.4
     1     1    19     2    28    16     0     2   -32.0   27.733 -156.715     17.4   1015.4
     1     1    19     2    28    15     0     3   -33.0   28.091 -156.799     17.8   1014.5
     1     1    19     2    28    14     0     2   -34.0   28.451 -156.890     18.0   1015.0
     1     1    19     2    28    13     0     1   -35.0   28.816 -156.984     18.3   1015.4
     1     1    19     2    28    12     0     0   -36.0   29.188 -157.080     18.4   1015.8
     1     1    19     2    28    11     0     1   -37.0   29.564 -157.175     18.5   1016.0
     1     1    19     2    28    10     0     2   -38.0   29.940 -157.268     18.8   1016.2
     1     1    19     2    28     9     0     3   -39.0   30.316 -157.358     19.2   1016.5
     1     1    19     2    28     8     0     2   -40.0   30.696 -157.441     19.7   1016.8
     1     1    19     2    28     7     0     1   -41.0   31.081 -157.511     20.7   1017.1
     1     1    19     2    28     6     0     0   -42.0   31.469 -157.572     22.7   1017.2
     1     1    19     2    28     5     0     1   -43.0   31.857 -157.625     25.5   1016.5
     1     1    19     2    28     4     0     2   -44.0   32.242 -157.677     27.5   1016.2
     1     1    19     2    28     3     0     3   -45.0   32.624 -157.729     28.2   1016.2
     1     1    19     2    28     2     0     2   -46.0   33.005 -157.774     28.2   1016.2
     1     1    19     2    28     1     0     1   -47.0   33.386 -157.806     28.2   1016.0
     1     1    19     2    28     0     0     0   -48.0   33.767 -157.824     28.2   1015.6
     1     1    19     2    27    23     0     1   -49.0   34.149 -157.827     28.4   1017.1
     1     1    19     2    27    22     0     2   -50.0   34.529 -157.818     28.6   1018.5
     1     1    19     2    27    21     0     3   -51.0   34.906 -157.794     28.9   1019.2
     1     1    19     2    27    20     0     2   -52.0   35.289 -157.769     28.9   1019.2
     1     1    19     2    27    19     0     1   -53.0   35.690 -157.756     28.9   1019.2
     1     1    19     2    27    18     0     0   -54.0   36.112 -157.755     28.9   1019.2
     1     1    19     2    27    17     0     1   -55.0   36.538 -157.762     29.0   1019.4
     1     1    19     2    27    16     0     2   -56.0   36.954 -157.776     29.5   1019.7
     1     1    19     2    27    15     0     3   -57.0   37.363 -157.800     30.1   1019.9
     1     1    19     2    27    14     0     2   -58.0   37.769 -157.836     30.5   1020.0
     1     1    19     2    27    13     0     1   -59.0   38.181 -157.879     30.6   1020.2
     1     1    19     2    27    12     0     0   -60.0   38.599 -157.929     30.6   1020.4
     1     1    19     2    27    11     0     1   -61.0   39.019 -157.985     30.6   1020.3
     1     1    19     2    27    10     0     2   -62.0   39.436 -158.045     30.9   1020.4
     1     1    19     2    27     9     0     3   -63.0   39.848 -158.108     32.3   1020.4
     1     1    19     2    27     8     0     2   -64.0   40.256 -158.183     34.5   1020.4
     1     1    19     2    27     7     0     1   -65.0   40.661 -158.274     36.8   1020.4
     1     1    19     2    27     6     0     0   -66.0   41.056 -158.378     39.2   1020.5
     1     1    19     2    27     5     0     1   -67.0   41.440 -158.502     41.2   1020.1
     1     1    19     2    27     4     0     2   -68.0   41.812 -158.656     42.6   1019.6
     1     1    19     2    27     3     0     3   -69.0   42.169 -158.842     43.4   1018.8
     1     1    19     2    27     2     0     2   -70.0   42.507 -159.048     44.8   1019.0
     1     1    19     2    27     1     0     1   -71.0   42.825 -159.264     47.0   1019.5
     1     1    19     2    27     0     0     0   -72.0   43.115 -159.496     49.2   1019.9
     1     1    19     2    26    23     0     1   -73.0   43.385 -159.739     51.6   1020.0
     1     1    19     2    26    22     0     2   -74.0   43.640 -159.989     54.2   1020.1
     1     1    19     2    26    21     0     3   -75.0   43.879 -160.254     56.3   1020.1
     1     1    19     2    26    20     0     2   -76.0   44.096 -160.531     57.9   1019.7
     1     1    19     2    26    19     0     1   -77.0   44.295 -160.817     59.1   1019.2
     1     1    19     2    26    18     0     0   -78.0   44.475 -161.118     59.8   1019.1
     1     1    19     2    26    17     0     1   -79.0   44.635 -161.432     60.9   1018.0
     1     1    19     2    26    16     0     2   -80.0   44.780 -161.753     63.8   1016.6
     1     1    19     2    26    15     0     3   -81.0   44.917 -162.074     69.1   1014.6
     1     1    19     2    26    14     0     2   -82.0   45.045 -162.394     74.8   1013.3
     1     1    19     2    26    13     0     1   -83.0   45.164 -162.713     78.8   1012.7
     1     1    19     2    26    12     0     0   -84.0   45.281 -163.034     81.6   1012.4
     1     1    19     2    26    11     0     1   -85.0   45.396 -163.364     84.2   1011.7
     1     1    19     2    26    10     0     2   -86.0   45.509 -163.718     86.1   1011.0
     1     1    19     2    26     9     0     3   -87.0   45.628 -164.106     87.2   1010.5
     1     1    19     2    26     8     0     2   -88.0   45.736 -164.517     89.2   1010.1
     1     1    19     2    26     7     0     1   -89.0   45.823 -164.935     92.2   1009.2
     1     1    19     2    26     6     0     0   -90.0   45.894 -165.362     93.7   1008.5
     1     1    19     2    26     5     0     1   -91.0   45.953 -165.801     94.1   1007.9
     1     1    19     2    26     4     0     2   -92.0   46.004 -166.263     94.6   1006.8
     1     1    19     2    26     3     0     3   -93.0   46.048 -166.749     94.9   1005.9
     1     1    19     2    26     2     0     2   -94.0   46.079 -167.248     97.5   1005.5
     1     1    19     2    26     1     0     1   -95.0   46.089 -167.750    104.0   1004.4
     1     1    19     2    26     0     0     0   -96.0   46.085 -168.270    113.2   1003.0
     1     1    19     2    25    23     0     1   -97.0   46.071 -168.808    119.4   1001.5
     1     1    19     2    25    22     0     2   -98.0   46.046 -169.354    120.9   1001.0
     1     1    19     2    25    21     0     3   -99.0   46.018 -169.909    121.3   1000.5
     1     1    19     2    25    20     0     2  -100.0   45.991 -170.482    123.4    999.6
     1     1    19     2    25    19     0     1  -101.0   45.965 -171.073    126.6    998.1
     1     1    19     2    25    18     0     0  -102.0   45.951 -171.681    129.4    997.1
     1     1    19     2    25    17     0     1  -103.0   45.947 -172.331    132.8    996.1
     1     1    19     2    25    16     0     2  -104.0   45.947 -173.034    137.0    995.1
     1     1    19     2    25    15     0     3  -105.0   45.960 -173.781    140.3    993.7
     1     1    19     2    25    14     0     2  -106.0   45.977 -174.570    142.4    992.5
     1     1    19     2    25    13     0     1  -107.0   45.993 -175.405    146.8    990.8
     1     1    19     2    25    12     0     0  -108.0   46.024 -176.285    153.7    988.9
     1     1    19     2    25    11     0     1  -109.0   46.063 -177.217    161.9    986.4
     1     1    19     2    25    10     0     2  -110.0   46.101 -178.211    172.8    983.9
     1     1    19     2    25     9     0     3  -111.0   46.166 -179.264    187.5    980.8
     1     1    19     2    25     8     0     2  -112.0   46.260  179.632    200.4    977.9
     1     1    19     2    25     7     0     1  -113.0   46.378  178.484    213.2    975.0
     1     1    19     2    25     6     0     0  -114.0   46.542  177.298    225.7    972.6
     1     1    19     2    25     5     0     1  -115.0   46.739  176.073    242.4    969.1
     1     1    19     2    25     4     0     2  -116.0   46.953  174.817    258.6    966.3
     1     1    19     2    25     3     0     3  -117.0   47.184  173.566    268.4    964.7
     1     1    19     2    25     2     0     2  -118.0   47.450  172.346    281.5    962.6
     1     1    19     2    25     1     0     1  -119.0   47.729  171.200    294.8    961.0
     1     1    19     2    25     0     0     0  -120.0   48.007  170.133    303.3    960.1
     1     1    19     2    24    23     0     1  -121.0   48.287  169.134    313.1    959.3
     1     1    19     2    24    22     0     2  -122.0   48.543  168.194    325.7    957.4
     1     1    19     2    24    21     0     3  -123.0   48.767  167.309    332.0    956.8
     1     1    19     2    24    20     0     2  -124.0   48.968  166.476    337.2    956.0
     1     1    19     2    24    19     0     1  -125.0   49.142  165.680    340.6    955.6
     1     1    19     2    24    18     0     0  -126.0   49.295  164.888    338.0    955.8
     1     1    19     2    24    17     0     1  -127.0   49.436  164.104    337.5    956.1
     1     1    19     2    24    16     0     2  -128.0   49.577  163.338    344.0    955.2
     1     1    19     2    24    15     0     3  -129.0   49.725  162.591    354.6    953.6
     1     1    19     2    24    14     0     2  -130.0   49.878  161.869    358.4    952.5
     1     1    19     2    24    13     0     1  -131.0   50.025  161.169    345.3    953.3
     1     1    19     2    24    12     0     0  -132.0   50.166  160.461    325.0    957.6
     1     1    19     2    24    11     0     1  -133.0   50.312  159.750    314.6    959.6
     1     1    19     2    24    10     0     2  -134.0   50.472  159.071    321.4    959.1
     1     1    19     2    24     9     0     3  -135.0   50.635  158.469    340.6    955.5
     1     1    19     2    24     8     0     2  -136.0   50.793  157.963    361.3    952.6
     1     1    19     2    24     7     0     1  -137.0   50.952  157.506    402.3    949.5
     1     1    19     2    24     6     0     0  -138.0   51.125  157.029    501.0    932.1
     1     1    19     2    24     5     0     1  -139.0   51.311  156.559    566.0    912.5
     1     1    19     2    24     4     0     2  -140.0   51.479  156.167    530.4    924.4
     1     1    19     2    24     3     0     3  -141.0   51.623  155.862    460.5    940.7
     1     1    19     2    24     2     0     2  -142.0   51.760  155.613    392.0    950.6
     1     1    19     2    24     1     0     1  -143.0   51.908  155.372    330.8    957.6
     1     1    19     2    24     0     0     0  -144.0   52.071  155.112    273.4    965.6
     1     1    19     2    23    23     0     1  -145.0   52.240  154.832    227.8    972.1
     1     1    19     2    23    22     0     2  -146.0   52.413  154.550    198.8    975.6
     1     1    19     2    23    21     0     3  -147.0   52.599  154.256    180.0    977.7
     1     1    19     2    23    20     0     2  -148.0   52.801  153.934    167.4    979.6
     1     1    19     2    23    19     0     1  -149.0   53.009  153.634    161.0    980.8
     1     1    19     2    23    18     0     0  -150.0   53.215  153.381    156.3    981.0
     1     1    19     2    23    17     0     1  -151.0   53.409  153.147    151.1    982.1
     1     1    19     2    23    16     0     2  -152.0   53.586  152.906    149.7    982.6
     1     1    19     2    23    15     0     3  -153.0   53.750  152.648    150.1    982.1
     1     1    19     2    23    14     0     2  -154.0   53.909  152.375    145.7    982.4
     1     1    19     2    23    13     0     1  -155.0   54.068  152.097    134.0    984.1
     1     1    19     2    23    12     0     0  -156.0   54.219  151.822    123.1    986.2
     1     1    19     2    23    11     0     1  -157.0   54.367  151.545    120.8    986.7
     1     1    19     2    23    10     0     2  -158.0   54.523  151.247    126.8    985.8
     1     1    19     2    23     9     0     3  -159.0   54.692  150.934    136.6    984.5
     1     1    19     2    23     8     0     2  -160.0   54.869  150.623    147.5    983.0
     1     1    19     2    23     7     0     1  -161.0   55.048  150.324    158.6    981.5
     1     1    19     2    23     6     0     0  -162.0   55.228  150.029    169.8    979.9
     1     1    19     2    23     5     0     1  -163.0   55.409  149.734    179.4    978.4
     1     1    19     2    23     4     0     2  -164.0   55.593  149.445    185.7    977.7
     1     1    19     2    23     3     0     3  -165.0   55.775  149.162    188.3    977.6
     1     1    19     2    23     2     0     2  -166.0   55.952  148.887    187.9    978.1
     1     1    19     2    23     1     0     1  -167.0   56.127  148.628    184.1    978.8
     1     1    19     2    23     0     0     0  -168.0   56.306  148.393    176.5    980.2
