     7     1
    GDAS    19     6     1     0     0
    GDAS    19     7     1     0     0
    GDAS    19     8     1     0     0
    GDAS    19     9     1     0     0
    GDAS    19    10     1     0     0
    GDAS    19    11     1     0     0
    GDAS    19    12     1     0     0
     1 BACKWARD OMEGA   
    19     7     6    18   21.319 -157.670    10.0
     1 PRESSURE
     1     1    19     7     6    18     0     0     0.0   21.319 -157.670     10.0   1014.9
     1     1    19     7     6    17     0     1    -1.0   21.325 -157.575     20.4   1012.1
     1     1    19     7     6    16     0     2    -2.0   21.331 -157.468     43.9   1007.8
     1     1    19     7     6    15     0     3    -3.0   21.336 -157.348     79.2   1001.7
     1     1    19     7     6    14     0     2    -4.0   21.331 -157.228    113.9    996.6
     1     1    19     7     6    13     0     1    -5.0   21.309 -157.124    142.6    992.4
     1     1    19     7     6    12     0     0    -6.0   21.272 -157.048    161.0    988.8
     1     1    19     7     6    11     0     1    -7.0   21.234 -156.986    178.1    987.9
     1     1    19     7     6    10     0     2    -8.0   21.197 -156.904    203.9    985.8
     1     1    19     7     6     9     0     3    -9.0   21.152 -156.790    237.2    983.2
     1     1    19     7     6     8     0     2   -10.0   21.095 -156.655    262.0    979.2
     1     1    19     7     6     7     0     1   -11.0   21.024 -156.515    270.6    979.2
     1     1    19     7     6     6     0     0   -12.0   20.937 -156.371    274.8    980.4
     1     1    19     7     6     5     0     1   -13.0   20.838 -156.228    284.8    980.7
     1     1    19     7     6     4     0     2   -14.0   20.733 -156.092    308.9    979.0
     1     1    19     7     6     3     0     3   -15.0   20.630 -155.969    349.9    974.2
     1     1    19     7     6     2     0     2   -16.0   20.534 -155.871    400.8    968.1
     1     1    19     7     6     1     0     1   -17.0   20.441 -155.806    452.0    962.4
     1     1    19     7     6     0     0     0   -18.0   20.346 -155.775    498.2    956.9
     1     1    19     7     5    23     0     1   -19.0   20.253 -155.764    549.3    952.9
     1     1    19     7     5    22     0     2   -20.0   20.163 -155.746    621.0    945.9
     1     1    19     7     5    21     0     3   -21.0   20.072 -155.713    713.1    935.6
     1     1    19     7     5    20     0     2   -22.0   19.985 -155.659    801.3    923.8
     1     1    19     7     5    19     0     1   -23.0   19.909 -155.586    868.5    917.0
     1     1    19     7     5    18     0     0   -24.0   19.844 -155.495    917.6    911.6
     1     1    19     7     5    17     0     1   -25.0   19.785 -155.391    955.1    907.6
     1     1    19     7     5    16     0     2   -26.0   19.726 -155.272    987.8    903.9
     1     1    19     7     5    15     0     3   -27.0   19.665 -155.140   1020.9    900.2
     1     1    19     7     5    14     0     2   -28.0   19.602 -154.994   1062.0    896.4
     1     1    19     7     5    13     0     1   -29.0   19.546 -154.833   1107.3    890.9
     1     1    19     7     5    12     0     0   -30.0   19.495 -154.665   1152.0    886.7
     1     1    19     7     5    11     0     1   -31.0   19.456 -154.492   1193.0    882.2
     1     1    19     7     5    10     0     2   -32.0   19.430 -154.314   1219.7    879.4
     1     1    19     7     5     9     0     3   -33.0   19.409 -154.132   1222.6    879.0
     1     1    19     7     5     8     0     2   -34.0   19.390 -153.944   1211.2    881.8
     1     1    19     7     5     7     0     1   -35.0   19.372 -153.750   1209.4    882.6
     1     1    19     7     5     6     0     0   -36.0   19.353 -153.551   1219.6    881.0
     1     1    19     7     5     5     0     1   -37.0   19.335 -153.355   1233.7    878.6
     1     1    19     7     5     4     0     2   -38.0   19.315 -153.163   1249.0    876.6
     1     1    19     7     5     3     0     3   -39.0   19.283 -152.969   1267.7    874.3
     1     1    19     7     5     2     0     2   -40.0   19.240 -152.777   1284.6    871.8
     1     1    19     7     5     1     0     1   -41.0   19.197 -152.588   1295.3    871.1
     1     1    19     7     5     0     0     0   -42.0   19.154 -152.396   1308.0    870.4
     1     1    19     7     4    23     0     1   -43.0   19.109 -152.194   1325.7    868.4
     1     1    19     7     4    22     0     2   -44.0   19.057 -151.980   1346.5    866.6
     1     1    19     7     4    21     0     3   -45.0   19.000 -151.770   1369.2    864.2
     1     1    19     7     4    20     0     2   -46.0   18.950 -151.571   1382.9    862.1
     1     1    19     7     4    19     0     1   -47.0   18.909 -151.368   1383.1    862.5
     1     1    19     7     4    18     0     0   -48.0   18.868 -151.146   1372.9    863.7
     1     1    19     7     4    17     0     1   -49.0   18.822 -150.917   1357.2    865.3
     1     1    19     7     4    16     0     2   -50.0   18.781 -150.708   1341.3    866.5
     1     1    19     7     4    15     0     3   -51.0   18.748 -150.526   1320.4    867.6
     1     1    19     7     4    14     0     2   -52.0   18.726 -150.359   1292.6    870.7
     1     1    19     7     4    13     0     1   -53.0   18.715 -150.194   1263.4    874.0
     1     1    19     7     4    12     0     0   -54.0   18.713 -150.025   1236.7    876.9
     1     1    19     7     4    11     0     1   -55.0   18.703 -149.850   1217.4    879.9
     1     1    19     7     4    10     0     2   -56.0   18.672 -149.672   1202.7    881.5
     1     1    19     7     4     9     0     3   -57.0   18.621 -149.492   1177.7    883.9
     1     1    19     7     4     8     0     2   -58.0   18.568 -149.311   1136.7    888.3
     1     1    19     7     4     7     0     1   -59.0   18.531 -149.131   1088.1    893.4
     1     1    19     7     4     6     0     0   -60.0   18.506 -148.951   1038.9    898.8
     1     1    19     7     4     5     0     1   -61.0   18.487 -148.772    996.3    903.3
     1     1    19     7     4     4     0     2   -62.0   18.463 -148.595    956.9    906.5
     1     1    19     7     4     3     0     3   -63.0   18.432 -148.418    905.3    911.1
     1     1    19     7     4     2     0     2   -64.0   18.384 -148.235    835.2    918.9
     1     1    19     7     4     1     0     1   -65.0   18.311 -148.036    752.0    928.0
     1     1    19     7     4     0     0     0   -66.0   18.215 -147.820    673.9    938.4
     1     1    19     7     3    23     0     1   -67.0   18.132 -147.585    609.4    945.1
     1     1    19     7     3    22     0     2   -68.0   18.078 -147.328    547.4    951.3
     1     1    19     7     3    21     0     3   -69.0   18.044 -147.053    483.1    958.8
     1     1    19     7     3    20     0     2   -70.0   18.016 -146.767    431.1    966.8
     1     1    19     7     3    19     0     1   -71.0   17.995 -146.474    403.2    969.8
     1     1    19     7     3    18     0     0   -72.0   17.982 -146.169    397.4    970.4
     1     1    19     7     3    17     0     1   -73.0   17.976 -145.853    405.7    968.3
     1     1    19     7     3    16     0     2   -74.0   17.974 -145.531    414.7    966.3
     1     1    19     7     3    15     0     3   -75.0   17.982 -145.206    418.1    965.5
     1     1    19     7     3    14     0     2   -76.0   17.996 -144.879    418.4    965.8
     1     1    19     7     3    13     0     1   -77.0   18.009 -144.555    418.4    966.0
     1     1    19     7     3    12     0     0   -78.0   18.015 -144.238    418.3    966.1
     1     1    19     7     3    11     0     1   -79.0   18.020 -143.927    421.2    966.8
     1     1    19     7     3    10     0     2   -80.0   18.033 -143.623    429.2    966.6
     1     1    19     7     3     9     0     3   -81.0   18.052 -143.326    436.3    965.9
     1     1    19     7     3     8     0     2   -82.0   18.079 -143.035    442.8    965.8
     1     1    19     7     3     7     0     1   -83.0   18.113 -142.750    456.6    964.1
     1     1    19     7     3     6     0     0   -84.0   18.156 -142.470    479.2    961.2
     1     1    19     7     3     5     0     1   -85.0   18.208 -142.194    495.9    957.5
     1     1    19     7     3     4     0     2   -86.0   18.260 -141.919    490.9    957.6
     1     1    19     7     3     3     0     3   -87.0   18.304 -141.643    468.8    960.6
     1     1    19     7     3     2     0     2   -88.0   18.347 -141.363    448.2    964.4
     1     1    19     7     3     1     0     1   -89.0   18.399 -141.078    443.3    965.0
     1     1    19     7     3     0     0     0   -90.0   18.462 -140.790    455.2    963.3
     1     1    19     7     2    23     0     1   -91.0   18.529 -140.506    473.1    960.7
     1     1    19     7     2    22     0     2   -92.0   18.596 -140.228    489.3    959.8
     1     1    19     7     2    21     0     3   -93.0   18.664 -139.957    510.1    958.5
     1     1    19     7     2    20     0     2   -94.0   18.733 -139.690    536.7    955.3
     1     1    19     7     2    19     0     1   -95.0   18.803 -139.427    557.7    952.1
     1     1    19     7     2    18     0     0   -96.0   18.874 -139.167    552.7    951.5
     1     1    19     7     2    17     0     1   -97.0   18.950 -138.915    527.8    956.0
     1     1    19     7     2    16     0     2   -98.0   19.033 -138.677    513.7    959.2
     1     1    19     7     2    15     0     3   -99.0   19.121 -138.446    522.2    957.7
     1     1    19     7     2    14     0     2  -100.0   19.210 -138.219    536.7    954.2
     1     1    19     7     2    13     0     1  -101.0   19.295 -137.993    540.5    952.7
     1     1    19     7     2    12     0     0  -102.0   19.381 -137.767    530.5    953.3
     1     1    19     7     2    11     0     1  -103.0   19.469 -137.535    519.7    956.6
     1     1    19     7     2    10     0     2  -104.0   19.552 -137.293    522.8    957.4
     1     1    19     7     2     9     0     3  -105.0   19.632 -137.043    546.8    955.9
     1     1    19     7     2     8     0     2  -106.0   19.705 -136.794    584.0    950.5
     1     1    19     7     2     7     0     1  -107.0   19.773 -136.554    618.4    946.6
     1     1    19     7     2     6     0     0  -108.0   19.836 -136.324    645.6    943.3
     1     1    19     7     2     5     0     1  -109.0   19.906 -136.103    664.7    940.8
     1     1    19     7     2     4     0     2  -110.0   19.986 -135.885    678.3    939.2
     1     1    19     7     2     3     0     3  -111.0   20.074 -135.669    689.7    937.8
     1     1    19     7     2     2     0     2  -112.0   20.162 -135.454    706.7    936.3
     1     1    19     7     2     1     0     1  -113.0   20.245 -135.241    736.6    932.9
     1     1    19     7     2     0     0     0  -114.0   20.314 -135.026    781.6    927.8
     1     1    19     7     1    23     0     1  -115.0   20.367 -134.812    830.0    922.2
     1     1    19     7     1    22     0     2  -116.0   20.409 -134.607    870.1    919.0
     1     1    19     7     1    21     0     3  -117.0   20.444 -134.408    905.4    916.0
     1     1    19     7     1    20     0     2  -118.0   20.473 -134.209    933.2    912.5
     1     1    19     7     1    19     0     1  -119.0   20.498 -134.003    949.4    910.7
     1     1    19     7     1    18     0     0  -120.0   20.523 -133.788    948.5    910.2
     1     1    19     7     1    17     0     1  -121.0   20.557 -133.563    935.9    912.4
     1     1    19     7     1    16     0     2  -122.0   20.606 -133.328    924.4    913.5
     1     1    19     7     1    15     0     3  -123.0   20.663 -133.087    919.5    914.0
     1     1    19     7     1    14     0     2  -124.0   20.722 -132.848    918.1    913.0
     1     1    19     7     1    13     0     1  -125.0   20.778 -132.616    914.4    913.2
     1     1    19     7     1    12     0     0  -126.0   20.830 -132.389    915.9    913.3
     1     1    19     7     1    11     0     1  -127.0   20.874 -132.161    937.2    912.3
     1     1    19     7     1    10     0     2  -128.0   20.910 -131.928    984.3    907.4
     1     1    19     7     1     9     0     3  -129.0   20.940 -131.689   1050.6    900.4
     1     1    19     7     1     8     0     2  -130.0   20.973 -131.451   1108.0    892.1
     1     1    19     7     1     7     0     1  -131.0   21.014 -131.215   1122.0    889.8
     1     1    19     7     1     6     0     0  -132.0   21.060 -130.970   1077.2    893.9
     1     1    19     7     1     5     0     1  -133.0   21.114 -130.725   1011.3    904.8
     1     1    19     7     1     4     0     2  -134.0   21.174 -130.486    960.7    909.2
     1     1    19     7     1     3     0     3  -135.0   21.243 -130.251    914.8    913.6
     1     1    19     7     1     2     0     2  -136.0   21.326 -130.021    876.4    918.1
     1     1    19     7     1     1     0     1  -137.0   21.422 -129.799    851.1    920.3
     1     1    19     7     1     0     0     0  -138.0   21.528 -129.587    834.0    921.4
     1     1    19     6    30    23     0     1  -139.0   21.639 -129.381    815.2    923.2
     1     1    19     6    30    22     0     2  -140.0   21.754 -129.174    785.5    926.6
     1     1    19     6    30    21     0     3  -141.0   21.874 -128.960    744.7    931.8
     1     1    19     6    30    20     0     2  -142.0   21.995 -128.754    707.9    937.2
     1     1    19     6    30    19     0     1  -143.0   22.108 -128.574    679.5    939.9
     1     1    19     6    30    18     0     0  -144.0   22.212 -128.414    653.1    942.9
     1     1    19     6    30    17     0     1  -145.0   22.311 -128.263    628.9    945.9
     1     1    19     6    30    16     0     2  -146.0   22.410 -128.111    610.2    948.0
     1     1    19     6    30    15     0     3  -147.0   22.515 -127.963    598.0    949.3
     1     1    19     6    30    14     0     2  -148.0   22.623 -127.818    590.5    949.3
     1     1    19     6    30    13     0     1  -149.0   22.728 -127.672    584.1    949.2
     1     1    19     6    30    12     0     0  -150.0   22.831 -127.523    576.1    949.2
     1     1    19     6    30    11     0     1  -151.0   22.938 -127.363    559.4    950.7
     1     1    19     6    30    10     0     2  -152.0   23.056 -127.184    521.4    954.5
     1     1    19     6    30     9     0     3  -153.0   23.188 -126.992    464.4    962.2
     1     1    19     6    30     8     0     2  -154.0   23.333 -126.800    426.3    970.1
     1     1    19     6    30     7     0     1  -155.0   23.485 -126.614    418.7    969.5
     1     1    19     6    30     6     0     0  -156.0   23.640 -126.428    414.9    969.0
     1     1    19     6    30     5     0     1  -157.0   23.802 -126.235    401.6    969.7
     1     1    19     6    30     4     0     2  -158.0   23.970 -126.030    379.5    971.9
     1     1    19     6    30     3     0     3  -159.0   24.139 -125.818    357.9    974.7
     1     1    19     6    30     2     0     2  -160.0   24.304 -125.604    343.7    976.1
     1     1    19     6    30     1     0     1  -161.0   24.464 -125.388    336.7    976.7
     1     1    19     6    30     0     0     0  -162.0   24.620 -125.156    334.6    976.5
     1     1    19     6    29    23     0     1  -163.0   24.779 -124.912    334.3    976.8
     1     1    19     6    29    22     0     2  -164.0   24.942 -124.663    333.9    977.4
     1     1    19     6    29    21     0     3  -165.0   25.095 -124.410    341.3    977.9
     1     1    19     6    29    20     0     2  -166.0   25.242 -124.160    354.1    975.3
     1     1    19     6    29    19     0     1  -167.0   25.404 -123.928    355.5    974.8
     1     1    19     6    29    18     0     0  -168.0   25.586 -123.706    341.0    976.6
