     7     1
    GDAS    18    12     1     0     0
    GDAS    19     1     1     0     0
    GDAS    19     2     1     0     0
    GDAS    19     3     1     0     0
    GDAS    19     4     1     0     0
    GDAS    19     5     1     0     0
    GDAS    19     6     1     0     0
     1 BACKWARD OMEGA   
    19     2    21    12   21.319 -157.670    10.0
     1 PRESSURE
     1     1    19     2    21    12     0     0     0.0   21.319 -157.670     10.0   1012.9
     1     1    19     2    21    11     0     1    -1.0   21.354 -157.644     13.7   1012.5
     1     1    19     2    21    10     0     2    -2.0   21.395 -157.628     19.0   1012.0
     1     1    19     2    21     9     0     3    -3.0   21.441 -157.619     26.0   1011.4
     1     1    19     2    21     8     0     2    -4.0   21.482 -157.614     34.0   1009.9
     1     1    19     2    21     7     0     1    -5.0   21.510 -157.613     42.5   1008.6
     1     1    19     2    21     6     0     0    -6.0   21.528 -157.616     51.2   1007.3
     1     1    19     2    21     5     0     1    -7.0   21.540 -157.626     61.5   1006.2
     1     1    19     2    21     4     0     2    -8.0   21.552 -157.647     75.4   1004.4
     1     1    19     2    21     3     0     3    -9.0   21.565 -157.678     93.9   1002.1
     1     1    19     2    21     2     0     2   -10.0   21.572 -157.710    115.4    999.7
     1     1    19     2    21     1     0     1   -11.0   21.566 -157.737    137.2    997.6
     1     1    19     2    21     0     0     0   -12.0   21.547 -157.763    157.9    994.8
     1     1    19     2    20    23     0     1   -13.0   21.524 -157.787    179.2    992.9
     1     1    19     2    20    22     0     2   -14.0   21.509 -157.810    205.4    990.3
     1     1    19     2    20    21     0     3   -15.0   21.502 -157.830    238.8    987.2
     1     1    19     2    20    20     0     2   -16.0   21.498 -157.850    275.7    982.4
     1     1    19     2    20    19     0     1   -17.0   21.489 -157.873    308.6    978.1
     1     1    19     2    20    18     0     0   -18.0   21.476 -157.901    335.1    974.7
     1     1    19     2    20    17     0     1   -19.0   21.463 -157.939    358.0    972.2
     1     1    19     2    20    16     0     2   -20.0   21.452 -157.989    380.4    969.4
     1     1    19     2    20    15     0     3   -21.0   21.440 -158.050    402.6    966.7
     1     1    19     2    20    14     0     2   -22.0   21.421 -158.118    424.3    964.5
     1     1    19     2    20    13     0     1   -23.0   21.390 -158.188    443.6    962.3
     1     1    19     2    20    12     0     0   -24.0   21.349 -158.258    460.1    960.4
     1     1    19     2    20    11     0     1   -25.0   21.303 -158.320    474.5    959.2
     1     1    19     2    20    10     0     2   -26.0   21.262 -158.367    488.1    957.9
     1     1    19     2    20     9     0     3   -27.0   21.226 -158.401    500.8    956.7
     1     1    19     2    20     8     0     2   -28.0   21.195 -158.432    515.4    955.1
     1     1    19     2    20     7     0     1   -29.0   21.166 -158.473    534.5    952.7
     1     1    19     2    20     6     0     0   -30.0   21.140 -158.526    557.9    949.8
     1     1    19     2    20     5     0     1   -31.0   21.110 -158.575    576.5    946.7
     1     1    19     2    20     4     0     2   -32.0   21.070 -158.605    583.2    945.9
     1     1    19     2    20     3     0     3   -33.0   21.018 -158.615    579.1    946.1
     1     1    19     2    20     2     0     2   -34.0   20.947 -158.610    565.3    948.0
     1     1    19     2    20     1     0     1   -35.0   20.847 -158.594    545.6    950.6
     1     1    19     2    20     0     0     0   -36.0   20.724 -158.564    524.9    953.5
     1     1    19     2    19    23     0     1   -37.0   20.599 -158.509    518.2    955.9
     1     1    19     2    19    22     0     2   -38.0   20.492 -158.429    537.7    954.0
     1     1    19     2    19    21     0     3   -39.0   20.401 -158.332    586.7    949.2
     1     1    19     2    19    20     0     2   -40.0   20.311 -158.236    654.5    940.3
     1     1    19     2    19    19     0     1   -41.0   20.207 -158.154    730.2    932.1
     1     1    19     2    19    18     0     0   -42.0   20.085 -158.098    827.2    922.5
     1     1    19     2    19    17     0     1   -43.0   19.946 -158.083    940.6    908.3
     1     1    19     2    19    16     0     2   -44.0   19.799 -158.085   1039.9    895.6
     1     1    19     2    19    15     0     3   -45.0   19.652 -158.081   1113.5    887.6
     1     1    19     2    19    14     0     2   -46.0   19.510 -158.065   1184.4    882.9
     1     1    19     2    19    13     0     1   -47.0   19.365 -158.046   1282.1    873.4
     1     1    19     2    19    12     0     0   -48.0   19.207 -158.029   1422.3    860.1
     1     1    19     2    19    11     0     1   -49.0   19.034 -158.035   1579.1    841.1
     1     1    19     2    19    10     0     2   -50.0   18.850 -158.075   1697.2    827.7
     1     1    19     2    19     9     0     3   -51.0   18.645 -158.146   1773.2    821.9
     1     1    19     2    19     8     0     2   -52.0   18.419 -158.246   1820.8    817.3
     1     1    19     2    19     7     0     1   -53.0   18.177 -158.377   1848.6    815.0
     1     1    19     2    19     6     0     0   -54.0   17.908 -158.542   1868.5    813.2
     1     1    19     2    19     5     0     1   -55.0   17.602 -158.722   1888.2    811.2
     1     1    19     2    19     4     0     2   -56.0   17.260 -158.910   1903.8    808.9
     1     1    19     2    19     3     0     3   -57.0   16.888 -159.116   1905.7    808.1
     1     1    19     2    19     2     0     2   -58.0   16.501 -159.312   1904.6    809.7
     1     1    19     2    19     1     0     1   -59.0   16.099 -159.486   1913.1    808.7
     1     1    19     2    19     0     0     0   -60.0   15.686 -159.645   1927.7    807.4
     1     1    19     2    18    23     0     1   -61.0   15.274 -159.781   1955.5    806.0
     1     1    19     2    18    22     0     2   -62.0   14.861 -159.898   2007.9    801.7
     1     1    19     2    18    21     0     3   -63.0   14.441 -159.995   2074.6    794.4
     1     1    19     2    18    20     0     2   -64.0   14.024 -160.069   2137.7    787.8
     1     1    19     2    18    19     0     1   -65.0   13.619 -160.127   2193.7    782.5
     1     1    19     2    18    18     0     0   -66.0   13.216 -160.174   2242.6    777.8
     1     1    19     2    18    17     0     1   -67.0   12.814 -160.214   2277.2    773.7
     1     1    19     2    18    16     0     2   -68.0   12.427 -160.251   2294.9    772.1
     1     1    19     2    18    15     0     3   -69.0   12.056 -160.279   2300.9    771.5
     1     1    19     2    18    14     0     2   -70.0   11.704 -160.297   2300.7    772.1
     1     1    19     2    18    13     0     1   -71.0   11.371 -160.313   2296.9    772.6
     1     1    19     2    18    12     0     0   -72.0   11.054 -160.324   2286.5    773.6
     1     1    19     2    18    11     0     1   -73.0   10.754 -160.331   2277.2    775.7
     1     1    19     2    18    10     0     2   -74.0   10.472 -160.336   2277.0    776.0
     1     1    19     2    18     9     0     3   -75.0   10.207 -160.338   2283.0    775.6
     1     1    19     2    18     8     0     2   -76.0    9.958 -160.338   2292.2    774.4
     1     1    19     2    18     7     0     1   -77.0    9.726 -160.342   2302.7    773.2
     1     1    19     2    18     6     0     0   -78.0    9.510 -160.349   2314.0    771.8
     1     1    19     2    18     5     0     1   -79.0    9.309 -160.364   2323.2    770.4
     1     1    19     2    18     4     0     2   -80.0    9.121 -160.389   2328.6    769.6
     1     1    19     2    18     3     0     3   -81.0    8.947 -160.425   2330.4    769.1
     1     1    19     2    18     2     0     2   -82.0    8.786 -160.468   2328.4    769.4
     1     1    19     2    18     1     0     1   -83.0    8.638 -160.517   2321.3    770.1
     1     1    19     2    18     0     0     0   -84.0    8.502 -160.571   2306.6    771.5
     1     1    19     2    17    23     0     1   -85.0    8.380 -160.627   2289.2    774.2
     1     1    19     2    17    22     0     2   -86.0    8.274 -160.685   2276.8    775.9
     1     1    19     2    17    21     0     3   -87.0    8.185 -160.748   2272.2    777.0
     1     1    19     2    17    20     0     2   -88.0    8.112 -160.816   2277.2    776.5
     1     1    19     2    17    19     0     1   -89.0    8.053 -160.889   2293.1    775.0
     1     1    19     2    17    18     0     0   -90.0    8.007 -160.966   2321.8    772.3
     1     1    19     2    17    17     0     1   -91.0    7.975 -161.054   2355.9    768.2
     1     1    19     2    17    16     0     2   -92.0    7.956 -161.156   2386.2    765.2
     1     1    19     2    17    15     0     3   -93.0    7.950 -161.270   2412.2    762.6
     1     1    19     2    17    14     0     2   -94.0    7.957 -161.393   2432.4    760.9
     1     1    19     2    17    13     0     1   -95.0    7.977 -161.521   2445.8    759.9
     1     1    19     2    17    12     0     0   -96.0    8.008 -161.654   2453.1    759.5
     1     1    19     2    17    11     0     1   -97.0    8.051 -161.794   2458.4    759.6
     1     1    19     2    17    10     0     2   -98.0    8.106 -161.945   2465.1    759.2
     1     1    19     2    17     9     0     3   -99.0    8.170 -162.103   2473.7    758.8
     1     1    19     2    17     8     0     2  -100.0    8.245 -162.270   2482.9    757.6
     1     1    19     2    17     7     0     1  -101.0    8.330 -162.446   2489.7    756.8
     1     1    19     2    17     6     0     0  -102.0    8.426 -162.628   2492.2    756.4
     1     1    19     2    17     5     0     1  -103.0    8.530 -162.815   2492.7    756.2
     1     1    19     2    17     4     0     2  -104.0    8.641 -163.002   2495.5    755.7
     1     1    19     2    17     3     0     3  -105.0    8.760 -163.191   2505.9    754.7
     1     1    19     2    17     2     0     2  -106.0    8.886 -163.384   2521.1    752.8
     1     1    19     2    17     1     0     1  -107.0    9.020 -163.583   2533.1    751.8
     1     1    19     2    17     0     0     0  -108.0    9.157 -163.784   2539.8    751.3
     1     1    19     2    16    23     0     1  -109.0    9.294 -163.979   2544.7    751.7
     1     1    19     2    16    22     0     2  -110.0    9.429 -164.168   2550.4    751.5
     1     1    19     2    16    21     0     3  -111.0    9.563 -164.350   2553.9    751.5
     1     1    19     2    16    20     0     2  -112.0    9.696 -164.525   2557.9    751.3
     1     1    19     2    16    19     0     1  -113.0    9.830 -164.698   2565.3    750.3
     1     1    19     2    16    18     0     0  -114.0    9.967 -164.870   2572.5    749.3
     1     1    19     2    16    17     0     1  -115.0   10.112 -165.040   2578.9    748.6
     1     1    19     2    16    16     0     2  -116.0   10.271 -165.206   2586.6    747.7
     1     1    19     2    16    15     0     3  -117.0   10.443 -165.368   2597.9    746.6
     1     1    19     2    16    14     0     2  -118.0   10.623 -165.527   2615.7    745.4
     1     1    19     2    16    13     0     1  -119.0   10.804 -165.684   2646.1    743.2
     1     1    19     2    16    12     0     0  -120.0   10.987 -165.841   2699.8    739.3
     1     1    19     2    16    11     0     1  -121.0   11.178 -166.006   2762.6    732.0
     1     1    19     2    16    10     0     2  -122.0   11.376 -166.178   2814.6    727.7
     1     1    19     2    16     9     0     3  -123.0   11.578 -166.358   2857.0    724.0
     1     1    19     2    16     8     0     2  -124.0   11.785 -166.545   2893.2    720.9
     1     1    19     2    16     7     0     1  -125.0   11.996 -166.739   2927.2    717.8
     1     1    19     2    16     6     0     0  -126.0   12.207 -166.938   2957.8    714.8
     1     1    19     2    16     5     0     1  -127.0   12.416 -167.140   2986.6    712.4
     1     1    19     2    16     4     0     2  -128.0   12.623 -167.345   3017.1    709.4
     1     1    19     2    16     3     0     3  -129.0   12.828 -167.554   3047.0    706.4
     1     1    19     2    16     2     0     2  -130.0   13.031 -167.766   3072.7    704.3
     1     1    19     2    16     1     0     1  -131.0   13.231 -167.980   3096.8    702.9
     1     1    19     2    16     0     0     0  -132.0   13.429 -168.196   3123.5    701.0
     1     1    19     2    15    23     0     1  -133.0   13.619 -168.410   3152.9    698.7
     1     1    19     2    15    22     0     2  -134.0   13.796 -168.620   3184.0    696.3
     1     1    19     2    15    21     0     3  -135.0   13.963 -168.826   3214.8    693.8
     1     1    19     2    15    20     0     2  -136.0   14.119 -169.026   3245.7    691.2
     1     1    19     2    15    19     0     1  -137.0   14.267 -169.221   3277.8    688.3
     1     1    19     2    15    18     0     0  -138.0   14.409 -169.413   3309.5    685.3
     1     1    19     2    15    17     0     1  -139.0   14.548 -169.596   3345.5    682.6
     1     1    19     2    15    16     0     2  -140.0   14.688 -169.768   3388.8    678.6
     1     1    19     2    15    15     0     3  -141.0   14.831 -169.929   3431.4    674.4
     1     1    19     2    15    14     0     2  -142.0   14.979 -170.081   3464.8    671.5
     1     1    19     2    15    13     0     1  -143.0   15.128 -170.225   3491.0    670.0
     1     1    19     2    15    12     0     0  -144.0   15.272 -170.360   3514.0    668.2
     1     1    19     2    15    11     0     1  -145.0   15.413 -170.490   3538.2    666.8
     1     1    19     2    15    10     0     2  -146.0   15.552 -170.622   3568.0    664.4
     1     1    19     2    15     9     0     3  -147.0   15.695 -170.756   3601.8    661.8
     1     1    19     2    15     8     0     2  -148.0   15.844 -170.891   3631.8    658.6
     1     1    19     2    15     7     0     1  -149.0   16.002 -171.024   3652.7    656.8
     1     1    19     2    15     6     0     0  -150.0   16.161 -171.150   3665.6    655.5
     1     1    19     2    15     5     0     1  -151.0   16.313 -171.267   3680.3    655.0
     1     1    19     2    15     4     0     2  -152.0   16.459 -171.378   3707.1    652.7
     1     1    19     2    15     3     0     3  -153.0   16.603 -171.480   3748.2    649.3
     1     1    19     2    15     2     0     2  -154.0   16.747 -171.577   3793.2    644.9
     1     1    19     2    15     1     0     1  -155.0   16.890 -171.668   3830.7    642.0
     1     1    19     2    15     0     0     0  -156.0   17.032 -171.751   3860.0    639.7
     1     1    19     2    14    23     0     1  -157.0   17.180 -171.829   3883.8    638.2
     1     1    19     2    14    22     0     2  -158.0   17.338 -171.905   3907.7    636.6
     1     1    19     2    14    21     0     3  -159.0   17.508 -171.979   3935.6    634.7
     1     1    19     2    14    20     0     2  -160.0   17.688 -172.053   3976.7    631.8
     1     1    19     2    14    19     0     1  -161.0   17.875 -172.129   4038.6    626.7
     1     1    19     2    14    18     0     0  -162.0   18.070 -172.212   4120.6    620.0
     1     1    19     2    14    17     0     1  -163.0   18.274 -172.303   4203.3    612.0
     1     1    19     2    14    16     0     2  -164.0   18.488 -172.399   4268.2    606.9
     1     1    19     2    14    15     0     3  -165.0   18.710 -172.495   4318.0    603.0
     1     1    19     2    14    14     0     2  -166.0   18.938 -172.585   4356.3    600.4
     1     1    19     2    14    13     0     1  -167.0   19.169 -172.665   4385.5    598.4
     1     1    19     2    14    12     0     0  -168.0   19.401 -172.735   4407.1    597.1
