     7     1
    GDAS    19     6     1     0     0
    GDAS    19     7     1     0     0
    GDAS    19     8     1     0     0
    GDAS    19     9     1     0     0
    GDAS    19    10     1     0     0
    GDAS    19    11     1     0     0
    GDAS    19    12     1     0     0
     1 BACKWARD OMEGA   
    19    11    28     6   21.319 -157.670    10.0
     1 PRESSURE
     1     1    19    11    28     6     0     0     0.0   21.319 -157.670     10.0   1012.4
     1     1    19    11    28     5     0     1    -1.0   21.351 -157.598     24.0   1010.1
     1     1    19    11    28     4     0     2    -2.0   21.378 -157.536     56.6   1005.8
     1     1    19    11    28     3     0     3    -3.0   21.404 -157.489    101.0    998.4
     1     1    19    11    28     2     0     2    -4.0   21.423 -157.454    138.6    993.5
     1     1    19    11    28     1     0     1    -5.0   21.433 -157.430    165.0    989.6
     1     1    19    11    28     0     0     0    -6.0   21.433 -157.418    179.2    987.6
     1     1    19    11    27    23     0     1    -7.0   21.419 -157.405    184.4    988.0
     1     1    19    11    27    22     0     2    -8.0   21.387 -157.378    184.0    988.6
     1     1    19    11    27    21     0     3    -9.0   21.341 -157.342    179.1    989.6
     1     1    19    11    27    20     0     2   -10.0   21.284 -157.311    176.7    989.9
     1     1    19    11    27    19     0     1   -11.0   21.216 -157.297    182.0    988.5
     1     1    19    11    27    18     0     0   -12.0   21.140 -157.302    194.9    986.5
     1     1    19    11    27    17     0     1   -13.0   21.065 -157.306    217.9    983.4
     1     1    19    11    27    16     0     2   -14.0   21.009 -157.285    254.3    978.7
     1     1    19    11    27    15     0     3   -15.0   20.970 -157.240    301.3    972.3
     1     1    19    11    27    14     0     2   -16.0   20.948 -157.207    329.5    966.0
     1     1    19    11    27    13     0     1   -17.0   20.933 -157.203    321.8    967.2
     1     1    19    11    27    12     0     0   -18.0   20.921 -157.221    288.1    972.1
     1     1    19    11    27    11     0     1   -19.0   20.903 -157.251    251.7    979.1
     1     1    19    11    27    10     0     2   -20.0   20.874 -157.282    217.6    983.0
     1     1    19    11    27     9     0     3   -21.0   20.844 -157.312    180.4    987.7
     1     1    19    11    27     8     0     2   -22.0   20.827 -157.333    144.4    992.9
     1     1    19    11    27     7     0     1   -23.0   20.833 -157.340    115.7    995.7
     1     1    19    11    27     6     0     0   -24.0   20.861 -157.341     95.7    997.5
     1     1    19    11    27     5     0     1   -25.0   20.891 -157.334     74.7    997.9
     1     1    19    11    27     4     0     2   -26.0   20.904 -157.310     46.3   1000.5
     1     1    19    11    27     3     0     3   -27.0   20.901 -157.270     13.6   1003.8
     1     1    19    11    27     2     0     2   -28.0   20.892 -157.262      0.0   1004.1
     1     1    19    11    27     1     0     1   -29.0   20.870 -157.325      0.0   1004.2
     1     1    19    11    27     0     0     0   -30.0   20.836 -157.434      0.0   1004.5
     1     1    19    11    26    23     0     1   -31.0   20.797 -157.518      1.4   1006.7
     1     1    19    11    26    22     0     2   -32.0   20.764 -157.551      3.6   1008.4
     1     1    19    11    26    21     0     3   -33.0   20.740 -157.550      6.5   1009.9
     1     1    19    11    26    20     0     2   -34.0   20.727 -157.526     11.0   1010.1
     1     1    19    11    26    19     0     1   -35.0   20.730 -157.489     21.8   1008.6
     1     1    19    11    26    18     0     0   -36.0   20.750 -157.438     51.5   1005.3
     1     1    19    11    26    17     0     1   -37.0   20.779 -157.381     98.1    997.0
     1     1    19    11    26    16     0     2   -38.0   20.803 -157.324    137.1    991.6
     1     1    19    11    26    15     0     3   -39.0   20.817 -157.269    161.9    987.3
     1     1    19    11    26    14     0     2   -40.0   20.821 -157.217    183.4    985.8
     1     1    19    11    26    13     0     1   -41.0   20.816 -157.164    217.1    981.7
     1     1    19    11    26    12     0     0   -42.0   20.803 -157.106    266.9    976.3
     1     1    19    11    26    11     0     1   -43.0   20.800 -157.042    326.0    968.4
     1     1    19    11    26    10     0     2   -44.0   20.819 -156.977    381.7    962.3
     1     1    19    11    26     9     0     3   -45.0   20.852 -156.905    428.5    958.0
     1     1    19    11    26     8     0     2   -46.0   20.873 -156.818    457.6    954.2
     1     1    19    11    26     7     0     1   -47.0   20.869 -156.709    465.0    954.5
     1     1    19    11    26     6     0     0   -48.0   20.837 -156.569    456.8    957.0
     1     1    19    11    26     5     0     1   -49.0   20.781 -156.397    453.0    960.6
     1     1    19    11    26     4     0     2   -50.0   20.701 -156.200    472.5    959.9
     1     1    19    11    26     3     0     3   -51.0   20.603 -155.992    522.3    955.4
     1     1    19    11    26     2     0     2   -52.0   20.496 -155.794    589.1    946.2
     1     1    19    11    26     1     0     1   -53.0   20.381 -155.615    662.2    938.8
     1     1    19    11    26     0     0     0   -54.0   20.253 -155.451    756.8    929.1
     1     1    19    11    25    23     0     1   -55.0   20.112 -155.283    873.8    916.8
     1     1    19    11    25    22     0     2   -56.0   19.954 -155.095    995.2    903.6
     1     1    19    11    25    21     0     3   -57.0   19.805 -154.873   1087.2    892.6
     1     1    19    11    25    20     0     2   -58.0   19.692 -154.621   1121.6    888.9
     1     1    19    11    25    19     0     1   -59.0   19.613 -154.356   1122.0    891.3
     1     1    19    11    25    18     0     0   -60.0   19.564 -154.084   1139.3    892.0
     1     1    19    11    25    17     0     1   -61.0   19.524 -153.810   1155.8    885.7
     1     1    19    11    25    16     0     2   -62.0   19.473 -153.530   1137.7    888.3
     1     1    19    11    25    15     0     3   -63.0   19.413 -153.245   1111.2    892.2
     1     1    19    11    25    14     0     2   -64.0   19.357 -152.949   1099.6    894.0
     1     1    19    11    25    13     0     1   -65.0   19.307 -152.634   1098.5    892.7
     1     1    19    11    25    12     0     0   -66.0   19.262 -152.299   1100.4    892.8
     1     1    19    11    25    11     0     1   -67.0   19.222 -151.946   1109.0    892.2
     1     1    19    11    25    10     0     2   -68.0   19.184 -151.581   1131.6    891.2
     1     1    19    11    25     9     0     3   -69.0   19.157 -151.196   1185.0    887.1
     1     1    19    11    25     8     0     2   -70.0   19.143 -150.808   1260.0    877.1
     1     1    19    11    25     7     0     1   -71.0   19.135 -150.438   1330.2    869.5
     1     1    19    11    25     6     0     0   -72.0   19.138 -150.075   1404.1    863.4
     1     1    19    11    25     5     0     1   -73.0   19.157 -149.715   1459.7    853.8
     1     1    19    11    25     4     0     2   -74.0   19.188 -149.348   1474.0    853.3
     1     1    19    11    25     3     0     3   -75.0   19.237 -148.953   1487.4    853.8
     1     1    19    11    25     2     0     2   -76.0   19.294 -148.557   1501.5    849.7
     1     1    19    11    25     1     0     1   -77.0   19.355 -148.177   1511.5    850.3
     1     1    19    11    25     0     0     0   -78.0   19.438 -147.813   1537.3    847.9
     1     1    19    11    24    23     0     1   -79.0   19.527 -147.466   1543.1    843.7
     1     1    19    11    24    22     0     2   -80.0   19.600 -147.106   1489.7    849.6
     1     1    19    11    24    21     0     3   -81.0   19.674 -146.719   1407.4    861.4
     1     1    19    11    24    20     0     2   -82.0   19.757 -146.313   1335.8    869.8
     1     1    19    11    24    19     0     1   -83.0   19.850 -145.897   1237.1    875.7
     1     1    19    11    24    18     0     0   -84.0   19.957 -145.464   1215.7    893.1
     1     1    19    11    24    17     0     1   -85.0   20.071 -145.068   1378.1    872.2
     1     1    19    11    24    16     0     2   -86.0   20.171 -144.744   1524.4    840.9
     1     1    19    11    24    15     0     3   -87.0   20.259 -144.436   1568.6    840.6
     1     1    19    11    24    14     0     2   -88.0   20.334 -144.129   1598.8    843.0
     1     1    19    11    24    13     0     1   -89.0   20.392 -143.837   1647.8    836.3
     1     1    19    11    24    12     0     0   -90.0   20.432 -143.566   1695.5    830.8
     1     1    19    11    24    11     0     1   -91.0   20.466 -143.300   1709.2    827.4
     1     1    19    11    24    10     0     2   -92.0   20.513 -143.011   1667.5    832.5
     1     1    19    11    24     9     0     3   -93.0   20.579 -142.687   1593.7    842.4
     1     1    19    11    24     8     0     2   -94.0   20.668 -142.340   1545.1    850.8
     1     1    19    11    24     7     0     1   -95.0   20.782 -141.994   1531.1    849.9
     1     1    19    11    24     6     0     0   -96.0   20.910 -141.658   1518.3    850.7
     1     1    19    11    24     5     0     1   -97.0   21.046 -141.331   1536.0    852.0
     1     1    19    11    24     4     0     2   -98.0   21.193 -141.021   1607.3    842.5
     1     1    19    11    24     3     0     3   -99.0   21.343 -140.729   1693.3    830.9
     1     1    19    11    24     2     0     2  -100.0   21.489 -140.448   1760.6    823.0
     1     1    19    11    24     1     0     1  -101.0   21.631 -140.180   1805.3    819.6
     1     1    19    11    24     0     0     0  -102.0   21.771 -139.933   1837.9    816.6
     1     1    19    11    23    23     0     1  -103.0   21.913 -139.694   1861.8    814.9
     1     1    19    11    23    22     0     2  -104.0   22.061 -139.453   1876.6    813.5
     1     1    19    11    23    21     0     3  -105.0   22.215 -139.216   1874.1    813.6
     1     1    19    11    23    20     0     2  -106.0   22.373 -138.980   1862.7    816.4
     1     1    19    11    23    19     0     1  -107.0   22.545 -138.744   1861.6    817.3
     1     1    19    11    23    18     0     0  -108.0   22.733 -138.517   1876.9    816.1
     1     1    19    11    23    17     0     1  -109.0   22.940 -138.303   1914.1    812.7
     1     1    19    11    23    16     0     2  -110.0   23.164 -138.103   1971.8    806.1
     1     1    19    11    23    15     0     3  -111.0   23.401 -137.922   2033.0    799.1
     1     1    19    11    23    14     0     2  -112.0   23.641 -137.753   2071.5    793.6
     1     1    19    11    23    13     0     1  -113.0   23.874 -137.590   2083.8    793.6
     1     1    19    11    23    12     0     0  -114.0   24.101 -137.439   2091.5    793.6
     1     1    19    11    23    11     0     1  -115.0   24.329 -137.285   2108.9    792.7
     1     1    19    11    23    10     0     2  -116.0   24.561 -137.125   2130.5    789.6
     1     1    19    11    23     9     0     3  -117.0   24.797 -136.973   2132.6    788.5
     1     1    19    11    23     8     0     2  -118.0   25.046 -136.825   2122.2    791.7
     1     1    19    11    23     7     0     1  -119.0   25.317 -136.666   2128.2    792.0
     1     1    19    11    23     6     0     0  -120.0   25.614 -136.489   2152.4    789.7
     1     1    19    11    23     5     0     1  -121.0   25.929 -136.307   2179.6    785.6
     1     1    19    11    23     4     0     2  -122.0   26.259 -136.141   2203.7    783.3
     1     1    19    11    23     3     0     3  -123.0   26.612 -136.000   2222.5    780.4
     1     1    19    11    23     2     0     2  -124.0   26.985 -135.876   2224.2    779.7
     1     1    19    11    23     1     0     1  -125.0   27.369 -135.764   2221.3    781.7
     1     1    19    11    23     0     0     0  -126.0   27.761 -135.655   2239.3    780.7
     1     1    19    11    22    23     0     1  -127.0   28.149 -135.550   2261.5    776.5
     1     1    19    11    22    22     0     2  -128.0   28.521 -135.457   2267.7    776.8
     1     1    19    11    22    21     0     3  -129.0   28.894 -135.351   2274.7    777.2
     1     1    19    11    22    20     0     2  -130.0   29.265 -135.229   2296.0    775.5
     1     1    19    11    22    19     0     1  -131.0   29.622 -135.116   2321.2    772.6
     1     1    19    11    22    18     0     0  -132.0   29.983 -134.991   2339.3    770.8
     1     1    19    11    22    17     0     1  -133.0   30.348 -134.845   2379.2    769.7
     1     1    19    11    22    16     0     2  -134.0   30.723 -134.696   2458.2    760.7
     1     1    19    11    22    15     0     3  -135.0   31.132 -134.528   2548.0    750.2
     1     1    19    11    22    14     0     2  -136.0   31.559 -134.346   2607.4    742.9
     1     1    19    11    22    13     0     1  -137.0   31.997 -134.167   2639.4    741.6
     1     1    19    11    22    12     0     0  -138.0   32.437 -133.977   2689.4    738.6
     1     1    19    11    22    11     0     1  -139.0   32.879 -133.784   2767.3    730.6
     1     1    19    11    22    10     0     2  -140.0   33.351 -133.604   2862.7    721.7
     1     1    19    11    22     9     0     3  -141.0   33.835 -133.410   2961.2    711.6
     1     1    19    11    22     8     0     2  -142.0   34.281 -133.218   3063.9    703.8
     1     1    19    11    22     7     0     1  -143.0   34.730 -133.077   3166.9    693.3
     1     1    19    11    22     6     0     0  -144.0   35.242 -132.962   3236.4    685.9
     1     1    19    11    22     5     0     1  -145.0   35.764 -132.858   3290.5    683.6
     1     1    19    11    22     4     0     2  -146.0   36.250 -132.797   3349.3    677.1
     1     1    19    11    22     3     0     3  -147.0   36.733 -132.786   3380.9    671.9
     1     1    19    11    22     2     0     2  -148.0   37.224 -132.801   3381.2    673.6
     1     1    19    11    22     1     0     1  -149.0   37.708 -132.809   3367.0    673.9
     1     1    19    11    22     0     0     0  -150.0   38.180 -132.800   3319.8    676.6
     1     1    19    11    21    23     0     1  -151.0   38.612 -132.783   3284.0    684.4
     1     1    19    11    21    22     0     2  -152.0   39.017 -132.779   3315.2    681.5
     1     1    19    11    21    21     0     3  -153.0   39.418 -132.805   3402.5    672.7
     1     1    19    11    21    20     0     2  -154.0   39.814 -132.874   3492.1    661.8
     1     1    19    11    21    19     0     1  -155.0   40.209 -132.991   3545.3    657.1
     1     1    19    11    21    18     0     0  -156.0   40.606 -133.145   3575.9    655.6
     1     1    19    11    21    17     0     1  -157.0   40.964 -133.348   3607.7    653.3
     1     1    19    11    21    16     0     2  -158.0   41.264 -133.639   3665.6    649.2
     1     1    19    11    21    15     0     3  -159.0   41.560 -134.038   3773.9    640.3
     1     1    19    11    21    14     0     2  -160.0   41.859 -134.510   3890.8    627.2
     1     1    19    11    21    13     0     1  -161.0   42.092 -135.018   3963.4    621.0
     1     1    19    11    21    12     0     0  -162.0   42.281 -135.584   4042.3    618.7
     1     1    19    11    21    11     0     1  -163.0   42.462 -136.218   4172.8    607.2
     1     1    19    11    21    10     0     2  -164.0   42.654 -136.903   4289.4    594.2
     1     1    19    11    21     9     0     3  -165.0   42.889 -137.620   4387.4    588.9
     1     1    19    11    21     8     0     2  -166.0   43.087 -138.359   4496.3    579.7
     1     1    19    11    21     7     0     1  -167.0   43.259 -139.129   4611.9    570.5
     1     1    19    11    21     6     0     0  -168.0   43.542 -139.937   4742.2    560.2
