     7     1
    GDAS    18    12     1     0     0
    GDAS    19     1     1     0     0
    GDAS    19     2     1     0     0
    GDAS    19     3     1     0     0
    GDAS    19     4     1     0     0
    GDAS    19     5     1     0     0
    GDAS    19     6     1     0     0
     1 BACKWARD OMEGA   
    19     6    12    18   21.319 -157.670    10.0
     1 PRESSURE
     1     1    19     6    12    18     0     0     0.0   21.319 -157.670     10.0   1015.1
     1     1    19     6    12    17     0     1    -1.0   21.330 -157.508     25.8   1012.0
     1     1    19     6    12    16     0     2    -2.0   21.339 -157.321     84.3   1005.0
     1     1    19     6    12    15     0     3    -3.0   21.342 -157.099    176.4    990.8
     1     1    19     6    12    14     0     2    -4.0   21.339 -156.852    276.5    978.6
     1     1    19     6    12    13     0     1    -5.0   21.327 -156.600    366.0    969.6
     1     1    19     6    12    12     0     0    -6.0   21.302 -156.341    445.8    963.1
     1     1    19     6    12    11     0     1    -7.0   21.250 -156.070    510.5    956.9
     1     1    19     6    12    10     0     2    -8.0   21.174 -155.787    542.6    953.6
     1     1    19     6    12     9     0     3    -9.0   21.099 -155.501    539.4    955.0
     1     1    19     6    12     8     0     2   -10.0   21.049 -155.222    523.5    958.2
     1     1    19     6    12     7     0     1   -11.0   21.035 -154.954    513.3    959.0
     1     1    19     6    12     6     0     0   -12.0   21.048 -154.691    511.3    958.9
     1     1    19     6    12     5     0     1   -13.0   21.071 -154.438    516.8    957.8
     1     1    19     6    12     4     0     2   -14.0   21.099 -154.199    528.7    956.4
     1     1    19     6    12     3     0     3   -15.0   21.138 -153.975    551.8    953.9
     1     1    19     6    12     2     0     2   -16.0   21.169 -153.763    581.4    950.0
     1     1    19     6    12     1     0     1   -17.0   21.178 -153.559    605.7    947.3
     1     1    19     6    12     0     0     0   -18.0   21.166 -153.361    620.6    945.6
     1     1    19     6    11    23     0     1   -19.0   21.148 -153.158    627.7    945.7
     1     1    19     6    11    22     0     2   -20.0   21.138 -152.943    632.8    945.9
     1     1    19     6    11    21     0     3   -21.0   21.138 -152.718    643.5    945.7
     1     1    19     6    11    20     0     2   -22.0   21.143 -152.490    669.0    943.2
     1     1    19     6    11    19     0     1   -23.0   21.152 -152.265    710.1    938.2
     1     1    19     6    11    18     0     0   -24.0   21.167 -152.042    761.6    932.2
     1     1    19     6    11    17     0     1   -25.0   21.190 -151.818    813.6    925.7
     1     1    19     6    11    16     0     2   -26.0   21.219 -151.584    858.6    920.9
     1     1    19     6    11    15     0     3   -27.0   21.252 -151.343    897.4    916.6
     1     1    19     6    11    14     0     2   -28.0   21.290 -151.099    930.1    912.9
     1     1    19     6    11    13     0     1   -29.0   21.334 -150.855    957.7    910.0
     1     1    19     6    11    12     0     0   -30.0   21.381 -150.609    982.6    907.3
     1     1    19     6    11    11     0     1   -31.0   21.433 -150.358   1004.1    905.3
     1     1    19     6    11    10     0     2   -32.0   21.492 -150.101   1022.0    903.9
     1     1    19     6    11     9     0     3   -33.0   21.564 -149.841   1038.0    902.7
     1     1    19     6    11     8     0     2   -34.0   21.646 -149.582   1053.7    901.0
     1     1    19     6    11     7     0     1   -35.0   21.738 -149.330   1070.1    899.1
     1     1    19     6    11     6     0     0   -36.0   21.842 -149.089   1084.8    897.3
     1     1    19     6    11     5     0     1   -37.0   21.947 -148.860   1096.3    896.0
     1     1    19     6    11     4     0     2   -38.0   22.043 -148.647   1107.6    895.0
     1     1    19     6    11     3     0     3   -39.0   22.129 -148.446   1122.5    893.5
     1     1    19     6    11     2     0     2   -40.0   22.207 -148.255   1141.7    891.6
     1     1    19     6    11     1     0     1   -41.0   22.279 -148.073   1164.8    889.4
     1     1    19     6    11     0     0     0   -42.0   22.350 -147.902   1190.2    886.6
     1     1    19     6    10    23     0     1   -43.0   22.417 -147.731   1217.7    884.0
     1     1    19     6    10    22     0     2   -44.0   22.478 -147.553   1247.4    881.0
     1     1    19     6    10    21     0     3   -45.0   22.532 -147.369   1277.6    878.0
     1     1    19     6    10    20     0     2   -46.0   22.582 -147.183   1307.9    874.9
     1     1    19     6    10    19     0     1   -47.0   22.631 -146.998   1339.4    871.8
     1     1    19     6    10    18     0     0   -48.0   22.680 -146.816   1371.3    868.4
     1     1    19     6    10    17     0     1   -49.0   22.731 -146.629   1399.1    865.1
     1     1    19     6    10    16     0     2   -50.0   22.787 -146.434   1423.0    862.8
     1     1    19     6    10    15     0     3   -51.0   22.848 -146.237   1449.5    860.3
     1     1    19     6    10    14     0     2   -52.0   22.911 -146.041   1475.3    857.1
     1     1    19     6    10    13     0     1   -53.0   22.971 -145.844   1492.5    855.3
     1     1    19     6    10    12     0     0   -54.0   23.026 -145.645   1501.6    854.5
     1     1    19     6    10    11     0     1   -55.0   23.078 -145.444   1507.7    854.5
     1     1    19     6    10    10     0     2   -56.0   23.131 -145.241   1514.3    854.0
     1     1    19     6    10     9     0     3   -57.0   23.183 -145.036   1521.3    853.5
     1     1    19     6    10     8     0     2   -58.0   23.239 -144.831   1532.3    852.6
     1     1    19     6    10     7     0     1   -59.0   23.302 -144.629   1549.4    850.7
     1     1    19     6    10     6     0     0   -60.0   23.370 -144.430   1570.4    848.3
     1     1    19     6    10     5     0     1   -61.0   23.437 -144.233   1591.2    845.6
     1     1    19     6    10     4     0     2   -62.0   23.495 -144.040   1607.8    843.6
     1     1    19     6    10     3     0     3   -63.0   23.544 -143.849   1619.2    842.1
     1     1    19     6    10     2     0     2   -64.0   23.588 -143.655   1628.8    841.6
     1     1    19     6    10     1     0     1   -65.0   23.628 -143.454   1641.4    840.5
     1     1    19     6    10     0     0     0   -66.0   23.667 -143.247   1658.9    839.0
     1     1    19     6     9    23     0     1   -67.0   23.708 -143.033   1680.6    836.8
     1     1    19     6     9    22     0     2   -68.0   23.751 -142.811   1703.9    834.6
     1     1    19     6     9    21     0     3   -69.0   23.796 -142.584   1729.1    832.4
     1     1    19     6     9    20     0     2   -70.0   23.848 -142.354   1753.4    829.7
     1     1    19     6     9    19     0     1   -71.0   23.909 -142.125   1772.0    828.0
     1     1    19     6     9    18     0     0   -72.0   23.979 -141.895   1784.4    826.9
     1     1    19     6     9    17     0     1   -73.0   24.050 -141.672   1794.5    826.1
     1     1    19     6     9    16     0     2   -74.0   24.114 -141.461   1804.8    824.7
     1     1    19     6     9    15     0     3   -75.0   24.172 -141.264   1813.0    823.6
     1     1    19     6     9    14     0     2   -76.0   24.224 -141.075   1818.9    823.1
     1     1    19     6     9    13     0     1   -77.0   24.269 -140.892   1825.5    822.6
     1     1    19     6     9    12     0     0   -78.0   24.307 -140.714   1836.0    821.7
     1     1    19     6     9    11     0     1   -79.0   24.341 -140.537   1851.5    820.4
     1     1    19     6     9    10     0     2   -80.0   24.373 -140.357   1871.6    818.5
     1     1    19     6     9     9     0     3   -81.0   24.402 -140.174   1894.6    816.3
     1     1    19     6     9     8     0     2   -82.0   24.426 -139.990   1919.2    813.7
     1     1    19     6     9     7     0     1   -83.0   24.447 -139.803   1944.2    811.2
     1     1    19     6     9     6     0     0   -84.0   24.463 -139.613   1969.6    808.7
     1     1    19     6     9     5     0     1   -85.0   24.478 -139.419   1991.9    805.9
     1     1    19     6     9     4     0     2   -86.0   24.495 -139.224   2007.2    804.2
     1     1    19     6     9     3     0     3   -87.0   24.514 -139.028   2016.3    803.2
     1     1    19     6     9     2     0     2   -88.0   24.536 -138.829   2021.5    802.8
     1     1    19     6     9     1     0     1   -89.0   24.561 -138.626   2024.9    802.4
     1     1    19     6     9     0     0     0   -90.0   24.590 -138.419   2026.9    802.2
     1     1    19     6     8    23     0     1   -91.0   24.623 -138.209   2027.8    802.2
     1     1    19     6     8    22     0     2   -92.0   24.661 -137.998   2028.1    802.3
     1     1    19     6     8    21     0     3   -93.0   24.703 -137.787   2029.6    802.5
     1     1    19     6     8    20     0     2   -94.0   24.753 -137.579   2033.3    802.1
     1     1    19     6     8    19     0     1   -95.0   24.810 -137.374   2037.6    801.6
     1     1    19     6     8    18     0     0   -96.0   24.873 -137.171   2041.1    801.2
     1     1    19     6     8    17     0     1   -97.0   24.941 -136.973   2049.3    800.8
     1     1    19     6     8    16     0     2   -98.0   25.013 -136.787   2069.4    798.8
     1     1    19     6     8    15     0     3   -99.0   25.090 -136.615   2100.8    795.5
     1     1    19     6     8    14     0     2  -100.0   25.167 -136.452   2131.3    791.6
     1     1    19     6     8    13     0     1  -101.0   25.241 -136.296   2151.0    789.7
     1     1    19     6     8    12     0     0  -102.0   25.312 -136.143   2159.5    788.9
     1     1    19     6     8    11     0     1  -103.0   25.381 -135.993   2161.6    789.5
     1     1    19     6     8    10     0     2  -104.0   25.453 -135.844   2164.0    789.6
     1     1    19     6     8     9     0     3  -105.0   25.524 -135.696   2168.5    789.6
     1     1    19     6     8     8     0     2  -106.0   25.598 -135.550   2174.1    789.0
     1     1    19     6     8     7     0     1  -107.0   25.674 -135.405   2178.6    788.6
     1     1    19     6     8     6     0     0  -108.0   25.753 -135.262   2180.3    788.4
     1     1    19     6     8     5     0     1  -109.0   25.833 -135.119   2179.9    788.4
     1     1    19     6     8     4     0     2  -110.0   25.913 -134.973   2179.4    788.4
     1     1    19     6     8     3     0     3  -111.0   25.994 -134.822   2179.5    788.1
     1     1    19     6     8     2     0     2  -112.0   26.077 -134.663   2183.8    788.1
     1     1    19     6     8     1     0     1  -113.0   26.162 -134.493   2194.6    786.9
     1     1    19     6     8     0     0     0  -114.0   26.249 -134.313   2207.6    785.5
     1     1    19     6     7    23     0     1  -115.0   26.344 -134.132   2207.8    784.5
     1     1    19     6     7    22     0     2  -116.0   26.449 -133.955   2187.3    787.0
     1     1    19     6     7    21     0     3  -117.0   26.565 -133.779   2160.0    790.6
     1     1    19     6     7    20     0     2  -118.0   26.693 -133.606   2160.6    792.9
     1     1    19     6     7    19     0     1  -119.0   26.836 -133.443   2209.1    788.0
     1     1    19     6     7    18     0     0  -120.0   26.993 -133.299   2295.6    779.6
     1     1    19     6     7    17     0     1  -121.0   27.153 -133.174   2377.3    768.1
     1     1    19     6     7    16     0     2  -122.0   27.311 -133.063   2415.3    764.3
     1     1    19     6     7    15     0     3  -123.0   27.467 -132.960   2407.4    764.7
     1     1    19     6     7    14     0     2  -124.0   27.621 -132.862   2378.4    769.7
     1     1    19     6     7    13     0     1  -125.0   27.773 -132.770   2355.3    772.0
     1     1    19     6     7    12     0     0  -126.0   27.923 -132.687   2341.8    773.3
     1     1    19     6     7    11     0     1  -127.0   28.072 -132.606   2343.4    773.9
     1     1    19     6     7    10     0     2  -128.0   28.218 -132.522   2363.2    772.2
     1     1    19     6     7     9     0     3  -129.0   28.361 -132.436   2399.4    769.0
     1     1    19     6     7     8     0     2  -130.0   28.504 -132.351   2440.4    764.4
     1     1    19     6     7     7     0     1  -131.0   28.649 -132.268   2474.2    761.3
     1     1    19     6     7     6     0     0  -132.0   28.796 -132.187   2498.7    759.2
     1     1    19     6     7     5     0     1  -133.0   28.950 -132.112   2514.3    757.7
     1     1    19     6     7     4     0     2  -134.0   29.118 -132.049   2523.5    756.8
     1     1    19     6     7     3     0     3  -135.0   29.299 -131.998   2527.7    756.3
     1     1    19     6     7     2     0     2  -136.0   29.484 -131.961   2534.3    756.3
     1     1    19     6     7     1     0     1  -137.0   29.665 -131.941   2550.1    754.9
     1     1    19     6     7     0     0     0  -138.0   29.841 -131.939   2575.3    752.7
     1     1    19     6     6    23     0     1  -139.0   30.009 -131.954   2604.6    749.8
     1     1    19     6     6    22     0     2  -140.0   30.167 -131.983   2632.3    747.6
     1     1    19     6     6    21     0     3  -141.0   30.317 -132.026   2658.3    745.5
     1     1    19     6     6    20     0     2  -142.0   30.460 -132.081   2680.0    743.3
     1     1    19     6     6    19     0     1  -143.0   30.602 -132.145   2694.6    742.1
     1     1    19     6     6    18     0     0  -144.0   30.743 -132.218   2702.9    741.4
     1     1    19     6     6    17     0     1  -145.0   30.882 -132.300   2709.5    741.0
     1     1    19     6     6    16     0     2  -146.0   31.020 -132.392   2718.8    740.1
     1     1    19     6     6    15     0     3  -147.0   31.154 -132.493   2731.2    738.7
     1     1    19     6     6    14     0     2  -148.0   31.280 -132.605   2746.1    737.3
     1     1    19     6     6    13     0     1  -149.0   31.394 -132.724   2761.4    735.8
     1     1    19     6     6    12     0     0  -150.0   31.496 -132.850   2774.8    734.5
     1     1    19     6     6    11     0     1  -151.0   31.588 -132.977   2789.4    733.7
     1     1    19     6     6    10     0     2  -152.0   31.672 -133.097   2808.7    732.1
     1     1    19     6     6     9     0     3  -153.0   31.748 -133.209   2832.7    730.1
     1     1    19     6     6     8     0     2  -154.0   31.816 -133.315   2859.7    727.8
     1     1    19     6     6     7     0     1  -155.0   31.876 -133.414   2888.7    725.5
     1     1    19     6     6     6     0     0  -156.0   31.928 -133.506   2920.8    722.9
     1     1    19     6     6     5     0     1  -157.0   31.975 -133.594   2949.2    719.8
     1     1    19     6     6     4     0     2  -158.0   32.019 -133.683   2966.3    718.3
     1     1    19     6     6     3     0     3  -159.0   32.060 -133.773   2972.1    717.8
     1     1    19     6     6     2     0     2  -160.0   32.096 -133.859   2974.1    718.4
     1     1    19     6     6     1     0     1  -161.0   32.124 -133.936   2979.8    718.0
     1     1    19     6     6     0     0     0  -162.0   32.145 -134.004   2989.3    717.3
     1     1    19     6     5    23     0     1  -163.0   32.164 -134.062   2998.7    716.3
     1     1    19     6     5    22     0     2  -164.0   32.186 -134.112   3004.2    716.1
     1     1    19     6     5    21     0     3  -165.0   32.212 -134.153   3006.0    716.1
     1     1    19     6     5    20     0     2  -166.0   32.240 -134.191   3004.4    716.2
     1     1    19     6     5    19     0     1  -167.0   32.270 -134.227   2999.8    716.6
     1     1    19     6     5    18     0     0  -168.0   32.301 -134.263   2992.4    717.2
