     7     1
    GDAS    19     6     1     0     0
    GDAS    19     7     1     0     0
    GDAS    19     8     1     0     0
    GDAS    19     9     1     0     0
    GDAS    19    10     1     0     0
    GDAS    19    11     1     0     0
    GDAS    19    12     1     0     0
     1 BACKWARD OMEGA   
    19     8    11    12   21.319 -157.670    10.0
     1 PRESSURE
     1     1    19     8    11    12     0     0     0.0   21.319 -157.670     10.0   1010.9
     1     1    19     8    11    11     0     1    -1.0   21.347 -157.523     26.3   1009.1
     1     1    19     8    11    10     0     2    -2.0   21.367 -157.379     68.7   1005.0
     1     1    19     8    11     9     0     3    -3.0   21.380 -157.232    131.7    996.5
     1     1    19     8    11     8     0     2    -4.0   21.391 -157.082    206.9    986.7
     1     1    19     8    11     7     0     1    -5.0   21.399 -156.930    280.7    977.1
     1     1    19     8    11     6     0     0    -6.0   21.395 -156.777    336.0    970.6
     1     1    19     8    11     5     0     1    -7.0   21.371 -156.625    362.0    967.8
     1     1    19     8    11     4     0     2    -8.0   21.325 -156.471    364.5    969.3
     1     1    19     8    11     3     0     3    -9.0   21.257 -156.304    365.9    970.9
     1     1    19     8    11     2     0     2   -10.0   21.151 -156.114    404.1    970.6
     1     1    19     8    11     1     0     1   -11.0   20.990 -155.895    513.0    959.7
     1     1    19     8    11     0     0     0   -12.0   20.813 -155.695    653.4    940.9
     1     1    19     8    10    23     0     1   -13.0   20.652 -155.530    791.3    926.3
     1     1    19     8    10    22     0     2   -14.0   20.504 -155.377    933.6    913.2
     1     1    19     8    10    21     0     3   -15.0   20.359 -155.223   1100.8    897.3
     1     1    19     8    10    20     0     2   -16.0   20.206 -155.064   1271.8    876.2
     1     1    19     8    10    19     0     1   -17.0   20.041 -154.896   1414.4    861.4
     1     1    19     8    10    18     0     0   -18.0   19.890 -154.713   1514.9    850.2
     1     1    19     8    10    17     0     1   -19.0   19.781 -154.518   1559.5    845.1
     1     1    19     8    10    16     0     2   -20.0   19.710 -154.315   1563.4    846.0
     1     1    19     8    10    15     0     3   -21.0   19.662 -154.103   1557.8    847.5
     1     1    19     8    10    14     0     2   -22.0   19.629 -153.885   1560.1    847.4
     1     1    19     8    10    13     0     1   -23.0   19.605 -153.665   1564.1    845.9
     1     1    19     8    10    12     0     0   -24.0   19.588 -153.443   1559.7    846.0
     1     1    19     8    10    11     0     1   -25.0   19.579 -153.220   1559.4    848.2
     1     1    19     8    10    10     0     2   -26.0   19.582 -153.000   1577.3    847.1
     1     1    19     8    10     9     0     3   -27.0   19.595 -152.788   1607.2    844.1
     1     1    19     8    10     8     0     2   -28.0   19.615 -152.590   1637.7    840.3
     1     1    19     8    10     7     0     1   -29.0   19.639 -152.409   1665.0    837.5
     1     1    19     8    10     6     0     0   -30.0   19.669 -152.242   1689.9    834.8
     1     1    19     8    10     5     0     1   -31.0   19.697 -152.090   1713.4    832.5
     1     1    19     8    10     4     0     2   -32.0   19.718 -151.953   1743.3    830.2
     1     1    19     8    10     3     0     3   -33.0   19.726 -151.834   1783.2    826.0
     1     1    19     8    10     2     0     2   -34.0   19.719 -151.730   1814.9    821.5
     1     1    19     8    10     1     0     1   -35.0   19.695 -151.632   1829.2    820.6
     1     1    19     8    10     0     0     0   -36.0   19.657 -151.536   1838.2    820.3
     1     1    19     8     9    23     0     1   -37.0   19.609 -151.434   1854.0    819.7
     1     1    19     8     9    22     0     2   -38.0   19.554 -151.319   1876.2    817.3
     1     1    19     8     9    21     0     3   -39.0   19.495 -151.192   1893.0    815.5
     1     1    19     8     9    20     0     2   -40.0   19.438 -151.056   1909.1    814.8
     1     1    19     8     9    19     0     1   -41.0   19.385 -150.921   1939.6    812.1
     1     1    19     8     9    18     0     0   -42.0   19.339 -150.790   1987.5    807.2
     1     1    19     8     9    17     0     1   -43.0   19.294 -150.665   2038.2    800.8
     1     1    19     8     9    16     0     2   -44.0   19.248 -150.543   2078.8    796.8
     1     1    19     8     9    15     0     3   -45.0   19.203 -150.425   2110.4    793.7
     1     1    19     8     9    14     0     2   -46.0   19.155 -150.308   2132.2    791.5
     1     1    19     8     9    13     0     1   -47.0   19.099 -150.193   2143.0    790.5
     1     1    19     8     9    12     0     0   -48.0   19.038 -150.083   2145.0    790.3
     1     1    19     8     9    11     0     1   -49.0   18.976 -149.973   2144.2    791.4
     1     1    19     8     9    10     0     2   -50.0   18.912 -149.857   2142.6    791.8
     1     1    19     8     9     9     0     3   -51.0   18.847 -149.734   2135.0    792.9
     1     1    19     8     9     8     0     2   -52.0   18.780 -149.604   2128.3    794.2
     1     1    19     8     9     7     0     1   -53.0   18.710 -149.473   2135.2    793.7
     1     1    19     8     9     6     0     0   -54.0   18.637 -149.343   2159.6    791.4
     1     1    19     8     9     5     0     1   -55.0   18.557 -149.215   2185.3    787.0
     1     1    19     8     9     4     0     2   -56.0   18.469 -149.084   2189.8    785.8
     1     1    19     8     9     3     0     3   -57.0   18.376 -148.945   2164.6    787.4
     1     1    19     8     9     2     0     2   -58.0   18.284 -148.791   2127.2    792.6
     1     1    19     8     9     1     0     1   -59.0   18.192 -148.620   2102.5    795.0
     1     1    19     8     9     0     0     0   -60.0   18.096 -148.438   2092.8    795.7
     1     1    19     8     8    23     0     1   -61.0   17.990 -148.246   2083.8    795.8
     1     1    19     8     8    22     0     2   -62.0   17.878 -148.040   2054.4    798.4
     1     1    19     8     8    21     0     3   -63.0   17.767 -147.819   2004.0    804.3
     1     1    19     8     8    20     0     2   -64.0   17.666 -147.588   1960.4    810.3
     1     1    19     8     8    19     0     1   -65.0   17.581 -147.357   1938.3    811.8
     1     1    19     8     8    18     0     0   -66.0   17.515 -147.125   1924.7    812.4
     1     1    19     8     8    17     0     1   -67.0   17.458 -146.891   1908.9    813.3
     1     1    19     8     8    16     0     2   -68.0   17.399 -146.652   1890.5    815.1
     1     1    19     8     8    15     0     3   -69.0   17.340 -146.411   1876.2    816.5
     1     1    19     8     8    14     0     2   -70.0   17.278 -146.169   1866.4    817.2
     1     1    19     8     8    13     0     1   -71.0   17.212 -145.925   1857.7    818.0
     1     1    19     8     8    12     0     0   -72.0   17.144 -145.675   1857.1    818.8
     1     1    19     8     8    11     0     1   -73.0   17.070 -145.417   1874.0    817.9
     1     1    19     8     8    10     0     2   -74.0   16.987 -145.151   1910.8    814.9
     1     1    19     8     8     9     0     3   -75.0   16.895 -144.878   1961.0    809.8
     1     1    19     8     8     8     0     2   -76.0   16.802 -144.604   2006.5    804.2
     1     1    19     8     8     7     0     1   -77.0   16.711 -144.327   2038.4    801.2
     1     1    19     8     8     6     0     0   -78.0   16.618 -144.044   2059.7    799.0
     1     1    19     8     8     5     0     1   -79.0   16.534 -143.756   2068.7    797.6
     1     1    19     8     8     4     0     2   -80.0   16.465 -143.467   2061.1    797.6
     1     1    19     8     8     3     0     3   -81.0   16.405 -143.183   2028.8    799.7
     1     1    19     8     8     2     0     2   -82.0   16.344 -142.896   1981.3    805.4
     1     1    19     8     8     1     0     1   -83.0   16.285 -142.595   1941.4    810.0
     1     1    19     8     8     0     0     0   -84.0   16.224 -142.284   1903.7    812.2
     1     1    19     8     7    23     0     1   -85.0   16.163 -141.968   1850.5    817.6
     1     1    19     8     7    22     0     2   -86.0   16.115 -141.649   1786.2    824.7
     1     1    19     8     7    21     0     3   -87.0   16.078 -141.323   1699.8    831.8
     1     1    19     8     7    20     0     2   -88.0   16.047 -140.989   1593.7    844.1
     1     1    19     8     7    19     0     1   -89.0   16.021 -140.651   1509.8    854.8
     1     1    19     8     7    18     0     0   -90.0   15.997 -140.311   1468.8    858.7
     1     1    19     8     7    17     0     1   -91.0   15.973 -139.974   1444.4    858.3
     1     1    19     8     7    16     0     2   -92.0   15.951 -139.647   1385.3    860.9
     1     1    19     8     7    15     0     3   -93.0   15.935 -139.325   1247.0    872.4
     1     1    19     8     7    14     0     2   -94.0   15.918 -138.994   1070.8    896.5
     1     1    19     8     7    13     0     1   -95.0   15.903 -138.639    971.8    913.1
     1     1    19     8     7    12     0     0   -96.0   15.878 -138.258   1001.7    909.0
     1     1    19     8     7    11     0     1   -97.0   15.844 -137.879   1040.2    893.7
     1     1    19     8     7    10     0     2   -98.0   15.822 -137.505    992.5    900.8
     1     1    19     8     7     9     0     3   -99.0   15.814 -137.118    927.3    913.9
     1     1    19     8     7     8     0     2  -100.0   15.817 -136.720    901.5    917.1
     1     1    19     8     7     7     0     1  -101.0   15.829 -136.328    902.5    915.9
     1     1    19     8     7     6     0     0  -102.0   15.845 -135.945    917.1    914.2
     1     1    19     8     7     5     0     1  -103.0   15.861 -135.567    932.3    911.0
     1     1    19     8     7     4     0     2  -104.0   15.879 -135.194    953.6    910.1
     1     1    19     8     7     3     0     3  -105.0   15.898 -134.835    998.6    905.0
     1     1    19     8     7     2     0     2  -106.0   15.913 -134.493   1035.9    897.4
     1     1    19     8     7     1     0     1  -107.0   15.919 -134.160   1039.5    897.6
     1     1    19     8     7     0     0     0  -108.0   15.919 -133.833   1023.8    899.7
     1     1    19     8     6    23     0     1  -109.0   15.925 -133.509    997.3    902.9
     1     1    19     8     6    22     0     2  -110.0   15.941 -133.188    961.0    907.2
     1     1    19     8     6    21     0     3  -111.0   15.967 -132.871    921.1    912.6
     1     1    19     8     6    20     0     2  -112.0   15.990 -132.559    897.6    916.9
     1     1    19     8     6    19     0     1  -113.0   16.002 -132.258    892.6    916.4
     1     1    19     8     6    18     0     0  -114.0   16.011 -131.974    884.3    916.3
     1     1    19     8     6    17     0     1  -115.0   16.011 -131.691    875.1    918.2
     1     1    19     8     6    16     0     2  -116.0   15.998 -131.399    870.5    917.6
     1     1    19     8     6    15     0     3  -117.0   15.975 -131.104    854.8    918.0
     1     1    19     8     6    14     0     2  -118.0   15.948 -130.806    838.1    921.2
     1     1    19     8     6    13     0     1  -119.0   15.913 -130.505    841.2    920.6
     1     1    19     8     6    12     0     0  -120.0   15.871 -130.202    864.2    917.6
     1     1    19     8     6    11     0     1  -121.0   15.819 -129.898    880.6    913.7
     1     1    19     8     6    10     0     2  -122.0   15.753 -129.590    869.8    915.8
     1     1    19     8     6     9     0     3  -123.0   15.679 -129.272    849.2    919.7
     1     1    19     8     6     8     0     2  -124.0   15.601 -128.948    824.4    921.8
     1     1    19     8     6     7     0     1  -125.0   15.527 -128.619    792.8    925.9
     1     1    19     8     6     6     0     0  -126.0   15.459 -128.283    761.1    929.9
     1     1    19     8     6     5     0     1  -127.0   15.402 -127.949    731.8    932.4
     1     1    19     8     6     4     0     2  -128.0   15.359 -127.630    707.4    934.8
     1     1    19     8     6     3     0     3  -129.0   15.335 -127.326    695.3    936.1
     1     1    19     8     6     2     0     2  -130.0   15.319 -127.035    690.5    935.5
     1     1    19     8     6     1     0     1  -131.0   15.297 -126.755    678.5    935.9
     1     1    19     8     6     0     0     0  -132.0   15.268 -126.483    663.3    938.6
     1     1    19     8     5    23     0     1  -133.0   15.235 -126.211    654.5    940.1
     1     1    19     8     5    22     0     2  -134.0   15.196 -125.930    647.4    940.9
     1     1    19     8     5    21     0     3  -135.0   15.153 -125.646    635.8    942.5
     1     1    19     8     5    20     0     2  -136.0   15.112 -125.362    627.1    944.7
     1     1    19     8     5    19     0     1  -137.0   15.076 -125.075    638.2    944.6
     1     1    19     8     5    18     0     0  -138.0   15.043 -124.786    669.3    940.6
     1     1    19     8     5    17     0     1  -139.0   15.006 -124.509    690.4    935.3
     1     1    19     8     5    16     0     2  -140.0   14.967 -124.237    692.3    936.0
     1     1    19     8     5    15     0     3  -141.0   14.934 -123.965    697.1    936.3
     1     1    19     8     5    14     0     2  -142.0   14.900 -123.692    706.3    933.6
     1     1    19     8     5    13     0     1  -143.0   14.861 -123.417    712.5    932.7
     1     1    19     8     5    12     0     0  -144.0   14.823 -123.140    722.0    931.6
     1     1    19     8     5    11     0     1  -145.0   14.791 -122.858    735.9    930.1
     1     1    19     8     5    10     0     2  -146.0   14.767 -122.571    743.9    928.7
     1     1    19     8     5     9     0     3  -147.0   14.753 -122.277    736.6    929.6
     1     1    19     8     5     8     0     2  -148.0   14.751 -121.974    723.5    932.4
     1     1    19     8     5     7     0     1  -149.0   14.757 -121.669    714.1    933.6
     1     1    19     8     5     6     0     0  -150.0   14.773 -121.370    704.6    934.6
     1     1    19     8     5     5     0     1  -151.0   14.800 -121.082    690.3    935.6
     1     1    19     8     5     4     0     2  -152.0   14.834 -120.797    677.7    937.7
     1     1    19     8     5     3     0     3  -153.0   14.874 -120.510    670.8    937.6
     1     1    19     8     5     2     0     2  -154.0   14.917 -120.230    671.8    938.0
     1     1    19     8     5     1     0     1  -155.0   14.959 -119.964    690.2    936.0
     1     1    19     8     5     0     0     0  -156.0   14.998 -119.708    725.3    931.5
     1     1    19     8     4    23     0     1  -157.0   15.032 -119.462    754.3    926.7
     1     1    19     8     4    22     0     2  -158.0   15.063 -119.223    757.2    926.4
     1     1    19     8     4    21     0     3  -159.0   15.097 -118.987    729.9    929.5
     1     1    19     8     4    20     0     2  -160.0   15.130 -118.747    693.8    936.2
     1     1    19     8     4    19     0     1  -161.0   15.153 -118.497    671.8    939.2
     1     1    19     8     4    18     0     0  -162.0   15.173 -118.239    669.5    940.0
     1     1    19     8     4    17     0     1  -163.0   15.200 -117.982    683.9    937.4
     1     1    19     8     4    16     0     2  -164.0   15.239 -117.736    699.1    934.6
     1     1    19     8     4    15     0     3  -165.0   15.289 -117.501    705.4    933.5
     1     1    19     8     4    14     0     2  -166.0   15.343 -117.276    699.5    933.7
     1     1    19     8     4    13     0     1  -167.0   15.397 -117.059    679.9    935.6
     1     1    19     8     4    12     0     0  -168.0   15.455 -116.847    651.7    939.0
