     7     1
    GDAS    18    12     1     0     0
    GDAS    19     1     1     0     0
    GDAS    19     2     1     0     0
    GDAS    19     3     1     0     0
    GDAS    19     4     1     0     0
    GDAS    19     5     1     0     0
    GDAS    19     6     1     0     0
     1 BACKWARD OMEGA   
    19     5    28     0   21.319 -157.670    10.0
     1 PRESSURE
     1     1    19     5    28     0     0     0     0.0   21.319 -157.670     10.0   1014.7
     1     1    19     5    27    23     0     1    -1.0   21.263 -157.578      9.8   1014.2
     1     1    19     5    27    22     0     2    -2.0   21.224 -157.499      9.3   1013.7
     1     1    19     5    27    21     0     3    -3.0   21.198 -157.423      8.7   1013.3
     1     1    19     5    27    20     0     2    -4.0   21.184 -157.345      8.3   1012.9
     1     1    19     5    27    19     0     1    -5.0   21.184 -157.262      8.5   1012.6
     1     1    19     5    27    18     0     0    -6.0   21.197 -157.175      9.5   1012.3
     1     1    19     5    27    17     0     1    -7.0   21.218 -157.083     11.5   1010.7
     1     1    19     5    27    16     0     2    -8.0   21.243 -156.986     15.9   1008.9
     1     1    19     5    27    15     0     3    -9.0   21.264 -156.874     24.5   1008.1
     1     1    19     5    27    14     0     2   -10.0   21.269 -156.746     34.8   1007.9
     1     1    19     5    27    13     0     1   -11.0   21.257 -156.609     41.5   1008.3
     1     1    19     5    27    12     0     0   -12.0   21.229 -156.463     43.8   1009.1
     1     1    19     5    27    11     0     1   -13.0   21.190 -156.305     43.9   1010.9
     1     1    19     5    27    10     0     2   -14.0   21.139 -156.133     43.1   1012.5
     1     1    19     5    27     9     0     3   -15.0   21.082 -155.955     39.1   1014.0
     1     1    19     5    27     8     0     2   -16.0   21.024 -155.777     33.7   1014.6
     1     1    19     5    27     7     0     1   -17.0   20.969 -155.599     29.3   1014.6
     1     1    19     5    27     6     0     0   -18.0   20.919 -155.419     26.2   1014.2
     1     1    19     5    27     5     0     1   -19.0   20.867 -155.230     24.1   1013.6
     1     1    19     5    27     4     0     2   -20.0   20.809 -155.026     21.8   1013.0
     1     1    19     5    27     3     0     3   -21.0   20.750 -154.808     18.3   1013.1
     1     1    19     5    27     2     0     2   -22.0   20.698 -154.583     15.0   1014.6
     1     1    19     5    27     1     0     1   -23.0   20.656 -154.352     13.1   1015.7
     1     1    19     5    27     0     0     0   -24.0   20.622 -154.116     12.3   1016.8
     1     1    19     5    26    23     0     1   -25.0   20.595 -153.873     12.1   1016.3
     1     1    19     5    26    22     0     2   -26.0   20.573 -153.623     12.1   1015.8
     1     1    19     5    26    21     0     3   -27.0   20.554 -153.368     12.1   1015.3
     1     1    19     5    26    20     0     2   -28.0   20.542 -153.112     12.2   1015.8
     1     1    19     5    26    19     0     1   -29.0   20.538 -152.853     12.6   1016.3
     1     1    19     5    26    18     0     0   -30.0   20.544 -152.592     13.2   1016.7
     1     1    19     5    26    17     0     1   -31.0   20.558 -152.325     14.1   1016.6
     1     1    19     5    26    16     0     2   -32.0   20.583 -152.054     14.9   1016.5
     1     1    19     5    26    15     0     3   -33.0   20.617 -151.779     15.6   1016.4
     1     1    19     5    26    14     0     2   -34.0   20.662 -151.506     16.0   1016.1
     1     1    19     5    26    13     0     1   -35.0   20.713 -151.237     15.7   1015.9
     1     1    19     5    26    12     0     0   -36.0   20.768 -150.972     14.8   1015.8
     1     1    19     5    26    11     0     1   -37.0   20.826 -150.708     14.0   1016.9
     1     1    19     5    26    10     0     2   -38.0   20.889 -150.441     13.9   1017.8
     1     1    19     5    26     9     0     3   -39.0   20.956 -150.172     14.5   1018.5
     1     1    19     5    26     8     0     2   -40.0   21.026 -149.901     15.5   1018.2
     1     1    19     5    26     7     0     1   -41.0   21.102 -149.632     16.2   1018.0
     1     1    19     5    26     6     0     0   -42.0   21.184 -149.363     16.3   1017.9
     1     1    19     5    26     5     0     1   -43.0   21.265 -149.096     16.3   1017.6
     1     1    19     5    26     4     0     2   -44.0   21.338 -148.832     16.3   1017.3
     1     1    19     5    26     3     0     3   -45.0   21.404 -148.569     16.3   1016.9
     1     1    19     5    26     2     0     2   -46.0   21.461 -148.300     16.3   1017.0
     1     1    19     5    26     1     0     1   -47.0   21.512 -148.022     16.3   1017.0
     1     1    19     5    26     0     0     0   -48.0   21.555 -147.735     16.3   1017.1
     1     1    19     5    25    23     0     1   -49.0   21.598 -147.441     16.3   1017.5
     1     1    19     5    25    22     0     2   -50.0   21.642 -147.140     16.3   1018.1
     1     1    19     5    25    21     0     3   -51.0   21.687 -146.833     16.3   1018.7
     1     1    19     5    25    20     0     2   -52.0   21.736 -146.521     16.3   1018.9
     1     1    19     5    25    19     0     1   -53.0   21.792 -146.204     16.3   1019.1
     1     1    19     5    25    18     0     0   -54.0   21.854 -145.880     16.3   1019.4
     1     1    19     5    25    17     0     1   -55.0   21.925 -145.553     16.3   1019.2
     1     1    19     5    25    16     0     2   -56.0   22.008 -145.229     16.3   1019.1
     1     1    19     5    25    15     0     3   -57.0   22.102 -144.908     16.3   1018.6
     1     1    19     5    25    14     0     2   -58.0   22.200 -144.588     16.3   1018.6
     1     1    19     5    25    13     0     1   -59.0   22.294 -144.268     16.3   1018.5
     1     1    19     5    25    12     0     0   -60.0   22.383 -143.949     16.3   1018.5
     1     1    19     5    25    11     0     1   -61.0   22.475 -143.629     16.4   1018.7
     1     1    19     5    25    10     0     2   -62.0   22.580 -143.307     16.6   1019.1
     1     1    19     5    25     9     0     3   -63.0   22.699 -142.983     17.1   1019.8
     1     1    19     5    25     8     0     2   -64.0   22.829 -142.658     17.8   1019.4
     1     1    19     5    25     7     0     1   -65.0   22.965 -142.336     18.9   1019.5
     1     1    19     5    25     6     0     0   -66.0   23.109 -142.017     20.8   1020.0
     1     1    19     5    25     5     0     1   -67.0   23.257 -141.704     23.0   1019.3
     1     1    19     5    25     4     0     2   -68.0   23.404 -141.400     24.6   1018.8
     1     1    19     5    25     3     0     3   -69.0   23.548 -141.107     26.0   1018.3
     1     1    19     5    25     2     0     2   -70.0   23.689 -140.819     27.4   1018.1
     1     1    19     5    25     1     0     1   -71.0   23.828 -140.529     28.5   1017.9
     1     1    19     5    25     0     0     0   -72.0   23.966 -140.236     28.9   1017.8
     1     1    19     5    24    23     0     1   -73.0   24.105 -139.942     29.0   1018.6
     1     1    19     5    24    22     0     2   -74.0   24.246 -139.649     29.0   1019.4
     1     1    19     5    24    21     0     3   -75.0   24.388 -139.357     29.0   1020.1
     1     1    19     5    24    20     0     2   -76.0   24.533 -139.063     29.3   1020.0
     1     1    19     5    24    19     0     1   -77.0   24.681 -138.767     30.3   1019.8
     1     1    19     5    24    18     0     0   -78.0   24.838 -138.468     32.1   1019.5
     1     1    19     5    24    17     0     1   -79.0   25.002 -138.171     34.3   1019.0
     1     1    19     5    24    16     0     2   -80.0   25.173 -137.878     36.3   1018.5
     1     1    19     5    24    15     0     3   -81.0   25.347 -137.589     37.6   1018.1
     1     1    19     5    24    14     0     2   -82.0   25.527 -137.302     38.2   1017.9
     1     1    19     5    24    13     0     1   -83.0   25.713 -137.016     38.3   1017.8
     1     1    19     5    24    12     0     0   -84.0   25.907 -136.734     38.3   1017.7
     1     1    19     5    24    11     0     1   -85.0   26.108 -136.461     38.3   1018.7
     1     1    19     5    24    10     0     2   -86.0   26.319 -136.202     38.3   1019.5
     1     1    19     5    24     9     0     3   -87.0   26.539 -135.957     38.3   1020.3
     1     1    19     5    24     8     0     2   -88.0   26.766 -135.723     38.3   1020.2
     1     1    19     5    24     7     0     1   -89.0   26.999 -135.494     38.3   1020.1
     1     1    19     5    24     6     0     0   -90.0   27.237 -135.271     38.3   1020.0
     1     1    19     5    24     5     0     1   -91.0   27.479 -135.056     38.4   1019.8
     1     1    19     5    24     4     0     2   -92.0   27.721 -134.854     39.0   1019.5
     1     1    19     5    24     3     0     3   -93.0   27.967 -134.663     40.2   1019.2
     1     1    19     5    24     2     0     2   -94.0   28.215 -134.481     41.4   1019.1
     1     1    19     5    24     1     0     1   -95.0   28.464 -134.307     42.0   1019.1
     1     1    19     5    24     0     0     0   -96.0   28.713 -134.141     42.2   1019.1
     1     1    19     5    23    23     0     1   -97.0   28.965 -133.982     42.2   1020.2
     1     1    19     5    23    22     0     2   -98.0   29.223 -133.834     42.2   1021.3
     1     1    19     5    23    21     0     3   -99.0   29.488 -133.697     42.2   1022.4
     1     1    19     5    23    20     0     2  -100.0   29.757 -133.569     42.2   1022.3
     1     1    19     5    23    19     0     1  -101.0   30.031 -133.453     42.2   1022.5
     1     1    19     5    23    18     0     0  -102.0   30.311 -133.347     42.2   1022.6
     1     1    19     5    23    17     0     1  -103.0   30.597 -133.250     42.2   1021.9
     1     1    19     5    23    16     0     2  -104.0   30.887 -133.163     42.2   1021.2
     1     1    19     5    23    15     0     3  -105.0   31.181 -133.086     42.2   1020.2
     1     1    19     5    23    14     0     2  -106.0   31.475 -133.016     42.2   1020.1
     1     1    19     5    23    13     0     1  -107.0   31.769 -132.949     42.2   1020.2
     1     1    19     5    23    12     0     0  -108.0   32.060 -132.884     42.2   1020.4
     1     1    19     5    23    11     0     1  -109.0   32.350 -132.821     42.2   1021.4
     1     1    19     5    23    10     0     2  -110.0   32.642 -132.760     42.2   1022.3
     1     1    19     5    23     9     0     3  -111.0   32.934 -132.704     42.2   1023.1
     1     1    19     5    23     8     0     2  -112.0   33.231 -132.654     42.6   1023.1
     1     1    19     5    23     7     0     1  -113.0   33.539 -132.611     44.0   1023.0
     1     1    19     5    23     6     0     0  -114.0   33.857 -132.575     46.7   1022.9
     1     1    19     5    23     5     0     1  -115.0   34.179 -132.552     49.7   1021.7
     1     1    19     5    23     4     0     2  -116.0   34.500 -132.550     51.7   1020.9
     1     1    19     5    23     3     0     3  -117.0   34.819 -132.567     52.3   1020.1
     1     1    19     5    23     2     0     2  -118.0   35.131 -132.597     52.3   1020.6
     1     1    19     5    23     1     0     1  -119.0   35.432 -132.634     52.3   1020.9
     1     1    19     5    23     0     0     0  -120.0   35.719 -132.676     52.3   1020.9
     1     1    19     5    22    23     0     1  -121.0   35.998 -132.717     52.8   1021.4
     1     1    19     5    22    22     0     2  -122.0   36.282 -132.747     54.4   1022.2
     1     1    19     5    22    21     0     3  -123.0   36.571 -132.765     57.5   1022.5
     1     1    19     5    22    20     0     2  -124.0   36.865 -132.775     61.1   1021.8
     1     1    19     5    22    19     0     1  -125.0   37.160 -132.783     63.4   1021.3
     1     1    19     5    22    18     0     0  -126.0   37.454 -132.790     64.3   1020.9
     1     1    19     5    22    17     0     1  -127.0   37.751 -132.799     64.3   1020.9
     1     1    19     5    22    16     0     2  -128.0   38.057 -132.815     64.3   1020.8
     1     1    19     5    22    15     0     3  -129.0   38.370 -132.835     64.3   1020.7
     1     1    19     5    22    14     0     2  -130.0   38.691 -132.862     64.3   1020.0
     1     1    19     5    22    13     0     1  -131.0   39.020 -132.900     64.3   1019.2
     1     1    19     5    22    12     0     0  -132.0   39.354 -132.951     64.3   1018.4
     1     1    19     5    22    11     0     1  -133.0   39.692 -133.023     64.3   1018.5
     1     1    19     5    22    10     0     2  -134.0   40.034 -133.114     64.3   1018.8
     1     1    19     5    22     9     0     3  -135.0   40.382 -133.226     64.3   1019.2
     1     1    19     5    22     8     0     2  -136.0   40.734 -133.358     64.7   1019.5
     1     1    19     5    22     7     0     1  -137.0   41.091 -133.507     66.4   1019.5
     1     1    19     5    22     6     0     0  -138.0   41.454 -133.672     70.9   1018.8
     1     1    19     5    22     5     0     1  -139.0   41.818 -133.855     76.9   1017.5
     1     1    19     5    22     4     0     2  -140.0   42.179 -134.059     81.2   1017.0
     1     1    19     5    22     3     0     3  -141.0   42.537 -134.284     82.8   1016.8
     1     1    19     5    22     2     0     2  -142.0   42.890 -134.523     82.8   1016.3
     1     1    19     5    22     1     0     1  -143.0   43.239 -134.770     82.9   1015.4
     1     1    19     5    22     0     0     0  -144.0   43.587 -135.021     83.2   1014.7
     1     1    19     5    21    23     0     1  -145.0   43.937 -135.280     84.0   1015.1
     1     1    19     5    21    22     0     2  -146.0   44.289 -135.550     85.5   1014.8
     1     1    19     5    21    21     0     3  -147.0   44.644 -135.835     86.2   1014.3
     1     1    19     5    21    20     0     2  -148.0   45.004 -136.131     86.2   1013.7
     1     1    19     5    21    19     0     1  -149.0   45.365 -136.434     86.2   1013.6
     1     1    19     5    21    18     0     0  -150.0   45.725 -136.747     86.2   1013.1
     1     1    19     5    21    17     0     1  -151.0   46.083 -137.070     86.3   1012.2
     1     1    19     5    21    16     0     2  -152.0   46.436 -137.401     87.1   1011.8
     1     1    19     5    21    15     0     3  -153.0   46.793 -137.742     88.6   1011.6
     1     1    19     5    21    14     0     2  -154.0   47.151 -138.094     89.6   1010.8
     1     1    19     5    21    13     0     1  -155.0   47.507 -138.453     90.3   1009.9
     1     1    19     5    21    12     0     0  -156.0   47.859 -138.822     89.0   1009.1
     1     1    19     5    21    11     0     1  -157.0   48.200 -139.195     87.5   1009.2
     1     1    19     5    21    10     0     2  -158.0   48.522 -139.568     89.8   1008.8
     1     1    19     5    21     9     0     3  -159.0   48.827 -139.943     95.5   1008.3
     1     1    19     5    21     8     0     2  -160.0   49.119 -140.311    103.6   1006.5
     1     1    19     5    21     7     0     1  -161.0   49.401 -140.665    113.8   1004.7
     1     1    19     5    21     6     0     0  -162.0   49.677 -141.005    126.9   1002.7
     1     1    19     5    21     5     0     1  -163.0   49.941 -141.338    139.6   1000.3
     1     1    19     5    21     4     0     2  -164.0   50.184 -141.669    147.2    998.4
     1     1    19     5    21     3     0     3  -165.0   50.401 -142.000    149.6    997.6
     1     1    19     5    21     2     0     2  -166.0   50.594 -142.323    149.6    997.6
     1     1    19     5    21     1     0     1  -167.0   50.768 -142.631    149.6    997.3
     1     1    19     5    21     0     0     0  -168.0   50.922 -142.924    149.6    997.0
