     7     1
    GDAS    18    12     1     0     0
    GDAS    19     1     1     0     0
    GDAS    19     2     1     0     0
    GDAS    19     3     1     0     0
    GDAS    19     4     1     0     0
    GDAS    19     5     1     0     0
    GDAS    19     6     1     0     0
     1 BACKWARD OMEGA   
    19     2    15    12   21.319 -157.670    10.0
     1 PRESSURE
     1     1    19     2    15    12     0     0     0.0   21.319 -157.670     10.0   1013.8
     1     1    19     2    15    11     0     1    -1.0   21.537 -157.429     12.7   1013.1
     1     1    19     2    15    10     0     2    -2.0   21.754 -157.176     17.4   1012.8
     1     1    19     2    15     9     0     3    -3.0   21.974 -156.908     20.7   1013.4
     1     1    19     2    15     8     0     2    -4.0   22.188 -156.623     20.7   1013.6
     1     1    19     2    15     7     0     1    -5.0   22.385 -156.324     19.9   1013.5
     1     1    19     2    15     6     0     0    -6.0   22.570 -156.021     19.6   1013.3
     1     1    19     2    15     5     0     1    -7.0   22.737 -155.709     19.6   1013.6
     1     1    19     2    15     4     0     2    -8.0   22.878 -155.381     19.6   1013.2
     1     1    19     2    15     3     0     3    -9.0   22.982 -155.042     19.6   1011.6
     1     1    19     2    15     2     0     2   -10.0   23.077 -154.694     19.5   1012.0
     1     1    19     2    15     1     0     1   -11.0   23.196 -154.329     19.2   1012.5
     1     1    19     2    15     0     0     0   -12.0   23.341 -153.950     18.3   1012.6
     1     1    19     2    14    23     0     1   -13.0   23.499 -153.557     17.1   1013.6
     1     1    19     2    14    22     0     2   -14.0   23.651 -153.150     16.2   1014.9
     1     1    19     2    14    21     0     3   -15.0   23.791 -152.734     15.9   1016.4
     1     1    19     2    14    20     0     2   -16.0   23.929 -152.319     15.9   1015.9
     1     1    19     2    14    19     0     1   -17.0   24.076 -151.906     15.8   1015.0
     1     1    19     2    14    18     0     0   -18.0   24.236 -151.488     15.8   1014.0
     1     1    19     2    14    17     0     1   -19.0   24.399 -151.070     15.8   1013.9
     1     1    19     2    14    16     0     2   -20.0   24.559 -150.664     15.8   1013.8
     1     1    19     2    14    15     0     3   -21.0   24.715 -150.267     15.8   1013.6
     1     1    19     2    14    14     0     2   -22.0   24.875 -149.885     15.7   1013.7
     1     1    19     2    14    13     0     1   -23.0   25.042 -149.524     15.6   1014.0
     1     1    19     2    14    12     0     0   -24.0   25.209 -149.185     15.5   1014.7
     1     1    19     2    14    11     0     1   -25.0   25.379 -148.855     15.5   1015.7
     1     1    19     2    14    10     0     2   -26.0   25.557 -148.524     15.5   1016.4
     1     1    19     2    14     9     0     3   -27.0   25.747 -148.195     15.5   1016.6
     1     1    19     2    14     8     0     2   -28.0   25.955 -147.874     15.5   1016.4
     1     1    19     2    14     7     0     1   -29.0   26.183 -147.569     15.5   1016.3
     1     1    19     2    14     6     0     0   -30.0   26.423 -147.281     15.5   1016.2
     1     1    19     2    14     5     0     1   -31.0   26.667 -147.011     15.5   1015.4
     1     1    19     2    14     4     0     2   -32.0   26.914 -146.763     15.5   1015.2
     1     1    19     2    14     3     0     3   -33.0   27.168 -146.535     15.5   1015.0
     1     1    19     2    14     2     0     2   -34.0   27.436 -146.327     15.5   1014.0
     1     1    19     2    14     1     0     1   -35.0   27.720 -146.141     15.5   1013.6
     1     1    19     2    14     0     0     0   -36.0   28.018 -145.980     15.5   1013.8
     1     1    19     2    13    23     0     1   -37.0   28.323 -145.837     15.5   1013.5
     1     1    19     2    13    22     0     2   -38.0   28.630 -145.703     15.5   1013.4
     1     1    19     2    13    21     0     3   -39.0   28.941 -145.577     15.5   1013.3
     1     1    19     2    13    20     0     2   -40.0   29.257 -145.455     15.5   1013.1
     1     1    19     2    13    19     0     1   -41.0   29.580 -145.334     15.5   1012.8
     1     1    19     2    13    18     0     0   -42.0   29.908 -145.216     15.5   1012.5
     1     1    19     2    13    17     0     1   -43.0   30.247 -145.099     15.5   1012.2
     1     1    19     2    13    16     0     2   -44.0   30.604 -144.982     15.5   1012.0
     1     1    19     2    13    15     0     3   -45.0   30.981 -144.871     15.5   1011.7
     1     1    19     2    13    14     0     2   -46.0   31.367 -144.754     15.5   1011.4
     1     1    19     2    13    13     0     1   -47.0   31.756 -144.619     15.5   1010.7
     1     1    19     2    13    12     0     0   -48.0   32.156 -144.474     15.5   1010.1
     1     1    19     2    13    11     0     1   -49.0   32.565 -144.315     15.5   1010.7
     1     1    19     2    13    10     0     2   -50.0   32.979 -144.138     15.5   1011.3
     1     1    19     2    13     9     0     3   -51.0   33.398 -143.946     15.5   1011.1
     1     1    19     2    13     8     0     2   -52.0   33.822 -143.741     15.5   1010.7
     1     1    19     2    13     7     0     1   -53.0   34.258 -143.527     15.5   1010.6
     1     1    19     2    13     6     0     0   -54.0   34.706 -143.304     15.5   1010.8
     1     1    19     2    13     5     0     1   -55.0   35.166 -143.078     15.5   1010.6
     1     1    19     2    13     4     0     2   -56.0   35.623 -142.850     15.5   1010.3
     1     1    19     2    13     3     0     3   -57.0   36.076 -142.626     15.5   1010.2
     1     1    19     2    13     2     0     2   -58.0   36.524 -142.402     15.5   1009.5
     1     1    19     2    13     1     0     1   -59.0   36.971 -142.171     15.5   1009.2
     1     1    19     2    13     0     0     0   -60.0   37.415 -141.937     15.5   1010.2
     1     1    19     2    12    23     0     1   -61.0   37.858 -141.701     15.5   1010.9
     1     1    19     2    12    22     0     2   -62.0   38.303 -141.460     15.5   1010.9
     1     1    19     2    12    21     0     3   -63.0   38.750 -141.208     15.5   1011.8
     1     1    19     2    12    20     0     2   -64.0   39.204 -140.954     15.5   1012.4
     1     1    19     2    12    19     0     1   -65.0   39.671 -140.714     15.5   1012.3
     1     1    19     2    12    18     0     0   -66.0   40.146 -140.502     15.5   1012.7
     1     1    19     2    12    17     0     1   -67.0   40.624 -140.321     15.5   1012.4
     1     1    19     2    12    16     0     2   -68.0   41.094 -140.160     15.5   1012.6
     1     1    19     2    12    15     0     3   -69.0   41.557 -140.009     15.5   1012.5
     1     1    19     2    12    14     0     2   -70.0   42.016 -139.871     15.5   1012.4
     1     1    19     2    12    13     0     1   -71.0   42.467 -139.749     15.5   1012.3
     1     1    19     2    12    12     0     0   -72.0   42.907 -139.635     15.5   1012.5
     1     1    19     2    12    11     0     1   -73.0   43.339 -139.512     15.7   1012.4
     1     1    19     2    12    10     0     2   -74.0   43.766 -139.365     16.1   1012.2
     1     1    19     2    12     9     0     3   -75.0   44.182 -139.196     16.6   1012.1
     1     1    19     2    12     8     0     2   -76.0   44.609 -139.013     17.1   1011.4
     1     1    19     2    12     7     0     1   -77.0   45.053 -138.827     17.6   1011.4
     1     1    19     2    12     6     0     0   -78.0   45.503 -138.634     17.8   1011.0
     1     1    19     2    12     5     0     1   -79.0   45.953 -138.444     18.3   1010.7
     1     1    19     2    12     4     0     2   -80.0   46.398 -138.263     19.4   1009.4
     1     1    19     2    12     3     0     3   -81.0   46.834 -138.094     20.3   1007.8
     1     1    19     2    12     2     0     2   -82.0   47.273 -137.916     21.3   1007.8
     1     1    19     2    12     1     0     1   -83.0   47.725 -137.706     23.5   1007.4
     1     1    19     2    12     0     0     0   -84.0   48.175 -137.463     27.3   1006.5
     1     1    19     2    11    23     0     1   -85.0   48.608 -137.186     31.4   1005.5
     1     1    19     2    11    22     0     2   -86.0   49.006 -136.878     35.2   1005.0
     1     1    19     2    11    21     0     3   -87.0   49.372 -136.555     39.3   1004.3
     1     1    19     2    11    20     0     2   -88.0   49.719 -136.200     42.2   1002.9
     1     1    19     2    11    19     0     1   -89.0   50.052 -135.786     43.1   1002.0
     1     1    19     2    11    18     0     0   -90.0   50.376 -135.325     43.5   1001.5
     1     1    19     2    11    17     0     1   -91.0   50.688 -134.846     43.7   1000.9
     1     1    19     2    11    16     0     2   -92.0   50.984 -134.358     43.7   1000.4
     1     1    19     2    11    15     0     3   -93.0   51.274 -133.867     43.8    999.9
     1     1    19     2    11    14     0     2   -94.0   51.539 -133.387     43.0    999.8
     1     1    19     2    11    13     0     1   -95.0   51.776 -132.921     42.4    999.9
     1     1    19     2    11    12     0     0   -96.0   52.008 -132.482     42.4    999.6
     1     1    19     2    11    11     0     1   -97.0   52.222 -132.100     40.1    992.8
     1     1    19     2    11    10     0     2   -98.0   52.402 -131.762     37.1    990.0
     1     1    19     2    11     9     0     3   -99.0   52.570 -131.421     37.4    993.0
     1     1    19     2    11     8     0     2  -100.0   52.745 -131.031     41.1   1000.6
     1     1    19     2    11     7     0     1  -101.0   52.935 -130.580     43.5   1001.2
     1     1    19     2    11     6     0     0  -102.0   53.149 -130.127     45.1    995.0
     1     1    19     2    11     5     0     1  -103.0   53.351 -129.792     61.0    977.4
     1     1    19     2    11     4     0     2  -104.0   53.536 -129.575    111.5    955.3
     1     1    19     2    11     3     0     3  -105.0   53.722 -129.416    214.1    928.6
     1     1    19     2    11     2     0     2  -106.0   53.915 -129.269    359.1    894.4
     1     1    19     2    11     1     0     1  -107.0   54.116 -129.114    526.0    863.9
     1     1    19     2    11     0     0     0  -108.0   54.325 -128.948    696.9    834.6
     1     1    19     2    10    23     0     1  -109.0   54.536 -128.718    834.2    808.2
     1     1    19     2    10    22     0     2  -110.0   54.749 -128.385    920.9    791.5
     1     1    19     2    10    21     0     3  -111.0   54.970 -127.979   1001.8    781.3
     1     1    19     2    10    20     0     2  -112.0   55.220 -127.443   1033.6    760.7
     1     1    19     2    10    19     0     1  -113.0   55.523 -126.783    963.8    759.3
     1     1    19     2    10    18     0     0  -114.0   55.894 -125.952   1133.8    756.3
     1     1    19     2    10    17     0     1  -115.0   56.355 -124.835   1502.2    707.8
     1     1    19     2    10    16     0     2  -116.0   56.880 -123.790   1640.6    678.8
     1     1    19     2    10    15     0     3  -117.0   57.462 -122.955   1613.3    720.8
     1     1    19     2    10    14     0     2  -118.0   58.022 -122.299   1346.6    786.3
     1     1    19     2    10    13     0     1  -119.0   58.560 -121.748   1065.6    846.1
     1     1    19     2    10    12     0     0  -120.0   59.101 -121.165    966.1    848.3
     1     1    19     2    10    11     0     1  -121.0   59.672 -120.575    952.7    844.9
     1     1    19     2    10    10     0     2  -122.0   60.245 -120.106    902.3    861.5
     1     1    19     2    10     9     0     3  -123.0   60.797 -119.732    755.4    885.7
     1     1    19     2    10     8     0     2  -124.0   61.315 -119.479    709.9    911.0
     1     1    19     2    10     7     0     1  -125.0   61.892 -119.217   1041.7    862.7
     1     1    19     2    10     6     0     0  -126.0   62.461 -118.921   1438.1    786.7
     1     1    19     2    10     5     0     1  -127.0   62.992 -118.663   1491.5    796.0
     1     1    19     2    10     4     0     2  -128.0   63.503 -118.467   1402.9    825.2
     1     1    19     2    10     3     0     3  -129.0   64.021 -118.227   1384.7    822.4
     1     1    19     2    10     2     0     2  -130.0   64.522 -118.006   1406.5    822.0
     1     1    19     2    10     1     0     1  -131.0   64.997 -117.842   1403.2    823.0
     1     1    19     2    10     0     0     0  -132.0   65.482 -117.646   1367.6    824.4
     1     1    19     2     9    23     0     1  -133.0   65.969 -117.547   1335.5    827.4
     1     1    19     2     9    22     0     2  -134.0   66.436 -117.574   1303.3    821.0
     1     1    19     2     9    21     0     3  -135.0   66.917 -117.581   1269.8    815.2
     1     1    19     2     9    20     0     2  -136.0   67.410 -117.646   1244.2    829.4
     1     1    19     2     9    19     0     1  -137.0   67.890 -117.829   1176.4    848.1
     1     1    19     2     9    18     0     0  -138.0   68.365 -118.073   1065.5    868.3
     1     1    19     2     9    17     0     1  -139.0   68.817 -118.541    990.7    872.6
     1     1    19     2     9    16     0     2  -140.0   69.239 -119.189    982.6    861.8
     1     1    19     2     9    15     0     3  -141.0   69.633 -119.781    975.2    868.5
     1     1    19     2     9    14     0     2  -142.0   69.968 -120.331    935.3    892.0
     1     1    19     2     9    13     0     1  -143.0   70.252 -120.886    880.5    903.4
     1     1    19     2     9    12     0     0  -144.0   70.523 -121.381    849.9    907.7
     1     1    19     2     9    11     0     1  -145.0   70.775 -121.873    843.4    907.6
     1     1    19     2     9    10     0     2  -146.0   71.010 -122.419    877.9    905.4
     1     1    19     2     9     9     0     3  -147.0   71.250 -123.066    959.3    885.7
     1     1    19     2     9     8     0     2  -148.0   71.466 -123.894    982.3    873.1
     1     1    19     2     9     7     0     1  -149.0   71.638 -124.823    951.3    887.8
     1     1    19     2     9     6     0     0  -150.0   71.778 -125.811    930.3    894.7
     1     1    19     2     9     5     0     1  -151.0   71.886 -126.828    877.5    904.1
     1     1    19     2     9     4     0     2  -152.0   71.964 -127.890    827.9    909.7
     1     1    19     2     9     3     0     3  -153.0   72.019 -128.994    778.9    915.5
     1     1    19     2     9     2     0     2  -154.0   72.059 -130.164    729.0    921.9
     1     1    19     2     9     1     0     1  -155.0   72.085 -131.396    692.4    926.7
     1     1    19     2     9     0     0     0  -156.0   72.093 -132.637    672.3    929.6
     1     1    19     2     8    23     0     1  -157.0   72.093 -133.944    667.4    929.9
     1     1    19     2     8    22     0     2  -158.0   72.099 -135.395    669.5    929.5
     1     1    19     2     8    21     0     3  -159.0   72.106 -137.013    671.8    929.0
     1     1    19     2     8    20     0     2  -160.0   72.086 -138.741    686.3    927.4
     1     1    19     2     8    19     0     1  -161.0   72.035 -140.517    741.8    920.2
     1     1    19     2     8    18     0     0  -162.0   71.952 -142.311    804.6    912.7
     1     1    19     2     8    17     0     1  -163.0   71.821 -144.127    840.2    908.4
     1     1    19     2     8    16     0     2  -164.0   71.655 -145.942    867.1    905.2
     1     1    19     2     8    15     0     3  -165.0   71.472 -147.691    901.8    900.6
     1     1    19     2     8    14     0     2  -166.0   71.277 -149.400    924.8    897.9
     1     1    19     2     8    13     0     1  -167.0   71.091 -151.126    962.6    892.5
     1     1    19     2     8    12     0     0  -168.0   70.926 -152.825    953.6    892.6
