     7     1
    GDAS    19     6     1     0     0
    GDAS    19     7     1     0     0
    GDAS    19     8     1     0     0
    GDAS    19     9     1     0     0
    GDAS    19    10     1     0     0
    GDAS    19    11     1     0     0
    GDAS    19    12     1     0     0
     1 BACKWARD OMEGA   
    19    12     1     0   21.319 -157.670    10.0
     1 PRESSURE
     1     1    19    12     1     0     0     0     0.0   21.319 -157.670     10.0   1012.1
     1     1    19    11    30    23     0     1    -1.0   21.436 -157.296     99.2   1008.0
     1     1    19    11    30    22     0     2    -2.0   21.538 -156.832    318.8    978.4
     1     1    19    11    30    21     0     3    -3.0   21.611 -156.323    472.7    955.4
     1     1    19    11    30    20     0     2    -4.0   21.673 -155.825    508.8    956.9
     1     1    19    11    30    19     0     1    -5.0   21.750 -155.364    517.3    960.9
     1     1    19    11    30    18     0     0    -6.0   21.849 -154.931    556.3    957.7
     1     1    19    11    30    17     0     1    -7.0   21.957 -154.521    618.3    948.8
     1     1    19    11    30    16     0     2    -8.0   22.063 -154.134    685.7    941.7
     1     1    19    11    30    15     0     3    -9.0   22.158 -153.771    762.7    932.8
     1     1    19    11    30    14     0     2   -10.0   22.244 -153.424    822.6    923.5
     1     1    19    11    30    13     0     1   -11.0   22.331 -153.085    834.7    921.9
     1     1    19    11    30    12     0     0   -12.0   22.420 -152.751    809.9    925.6
     1     1    19    11    30    11     0     1   -13.0   22.504 -152.427    790.0    931.4
     1     1    19    11    30    10     0     2   -14.0   22.581 -152.120    785.5    930.4
     1     1    19    11    30     9     0     3   -15.0   22.647 -151.834    776.7    931.8
     1     1    19    11    30     8     0     2   -16.0   22.718 -151.566    776.6    933.4
     1     1    19    11    30     7     0     1   -17.0   22.806 -151.313    786.4    930.6
     1     1    19    11    30     6     0     0   -18.0   22.917 -151.075    776.1    930.1
     1     1    19    11    30     5     0     1   -19.0   23.036 -150.853    761.1    934.2
     1     1    19    11    30     4     0     2   -20.0   23.146 -150.647    759.7    933.6
     1     1    19    11    30     3     0     3   -21.0   23.242 -150.463    768.5    932.3
     1     1    19    11    30     2     0     2   -22.0   23.315 -150.297    786.3    929.9
     1     1    19    11    30     1     0     1   -23.0   23.360 -150.142    811.0    926.7
     1     1    19    11    30     0     0     0   -24.0   23.377 -149.997    839.5    923.1
     1     1    19    11    29    23     0     1   -25.0   23.379 -149.855    862.5    920.7
     1     1    19    11    29    22     0     2   -26.0   23.378 -149.713    864.4    920.5
     1     1    19    11    29    21     0     3   -27.0   23.374 -149.572    830.0    924.0
     1     1    19    11    29    20     0     2   -28.0   23.365 -149.427    777.6    932.0
     1     1    19    11    29    19     0     1   -29.0   23.350 -149.278    735.4    936.5
     1     1    19    11    29    18     0     0   -30.0   23.332 -149.126    706.0    939.7
     1     1    19    11    29    17     0     1   -31.0   23.312 -148.970    683.0    941.1
     1     1    19    11    29    16     0     2   -32.0   23.292 -148.813    665.1    943.4
     1     1    19    11    29    15     0     3   -33.0   23.268 -148.654    657.2    943.8
     1     1    19    11    29    14     0     2   -34.0   23.240 -148.493    659.6    943.6
     1     1    19    11    29    13     0     1   -35.0   23.210 -148.329    675.6    941.9
     1     1    19    11    29    12     0     0   -36.0   23.176 -148.162    709.0    938.2
     1     1    19    11    29    11     0     1   -37.0   23.135 -147.992    763.2    932.7
     1     1    19    11    29    10     0     2   -38.0   23.087 -147.817    836.5    924.8
     1     1    19    11    29     9     0     3   -39.0   23.040 -147.637    928.6    915.7
     1     1    19    11    29     8     0     2   -40.0   23.009 -147.452   1018.1    902.9
     1     1    19    11    29     7     0     1   -41.0   23.007 -147.261   1072.7    896.9
     1     1    19    11    29     6     0     0   -42.0   23.029 -147.058   1097.5    894.8
     1     1    19    11    29     5     0     1   -43.0   23.066 -146.855   1111.3    894.2
     1     1    19    11    29     4     0     2   -44.0   23.113 -146.662   1120.1    892.2
     1     1    19    11    29     3     0     3   -45.0   23.170 -146.482   1111.1    892.0
     1     1    19    11    29     2     0     2   -46.0   23.234 -146.314   1088.5    894.9
     1     1    19    11    29     1     0     1   -47.0   23.298 -146.158   1065.1    897.3
     1     1    19    11    29     0     0     0   -48.0   23.365 -146.015   1044.6    899.1
     1     1    19    11    28    23     0     1   -49.0   23.420 -145.876   1023.0    901.6
     1     1    19    11    28    22     0     2   -50.0   23.452 -145.734    998.3    905.2
     1     1    19    11    28    21     0     3   -51.0   23.458 -145.591    975.2    908.5
     1     1    19    11    28    20     0     2   -52.0   23.448 -145.444    969.1    910.9
     1     1    19    11    28    19     0     1   -53.0   23.432 -145.293    994.9    908.5
     1     1    19    11    28    18     0     0   -54.0   23.414 -145.137   1057.6    902.3
     1     1    19    11    28    17     0     1   -55.0   23.396 -144.980   1133.7    891.3
     1     1    19    11    28    16     0     2   -56.0   23.382 -144.818   1187.2    884.5
     1     1    19    11    28    15     0     3   -57.0   23.368 -144.653   1208.5    881.7
     1     1    19    11    28    14     0     2   -58.0   23.360 -144.484   1218.8    883.1
     1     1    19    11    28    13     0     1   -59.0   23.365 -144.311   1242.4    880.7
     1     1    19    11    28    12     0     0   -60.0   23.384 -144.138   1281.2    876.7
     1     1    19    11    28    11     0     1   -61.0   23.415 -143.965   1322.1    871.2
     1     1    19    11    28    10     0     2   -62.0   23.462 -143.791   1352.5    868.6
     1     1    19    11    28     9     0     3   -63.0   23.527 -143.614   1370.6    866.7
     1     1    19    11    28     8     0     2   -64.0   23.608 -143.433   1381.7    866.5
     1     1    19    11    28     7     0     1   -65.0   23.701 -143.250   1390.9    865.1
     1     1    19    11    28     6     0     0   -66.0   23.808 -143.062   1390.9    864.8
     1     1    19    11    28     5     0     1   -67.0   23.932 -142.881   1387.2    865.9
     1     1    19    11    28     4     0     2   -68.0   24.075 -142.720   1397.7    865.5
     1     1    19    11    28     3     0     3   -69.0   24.233 -142.585   1434.6    861.7
     1     1    19    11    28     2     0     2   -70.0   24.388 -142.474   1472.3    854.9
     1     1    19    11    28     1     0     1   -71.0   24.529 -142.375   1482.8    853.8
     1     1    19    11    28     0     0     0   -72.0   24.658 -142.284   1472.3    855.1
     1     1    19    11    27    23     0     1   -73.0   24.769 -142.192   1463.6    858.3
     1     1    19    11    27    22     0     2   -74.0   24.853 -142.091   1473.6    857.6
     1     1    19    11    27    21     0     3   -75.0   24.906 -141.983   1502.2    855.4
     1     1    19    11    27    20     0     2   -76.0   24.941 -141.864   1530.5    850.7
     1     1    19    11    27    19     0     1   -77.0   24.970 -141.731   1541.1    850.0
     1     1    19    11    27    18     0     0   -78.0   24.993 -141.585   1536.1    850.9
     1     1    19    11    27    17     0     1   -79.0   25.020 -141.423   1512.5    852.7
     1     1    19    11    27    16     0     2   -80.0   25.065 -141.249   1466.0    857.3
     1     1    19    11    27    15     0     3   -81.0   25.134 -141.059   1398.8    864.0
     1     1    19    11    27    14     0     2   -82.0   25.223 -140.852   1341.7    872.5
     1     1    19    11    27    13     0     1   -83.0   25.319 -140.635   1318.7    874.3
     1     1    19    11    27    12     0     0   -84.0   25.420 -140.413   1324.9    873.2
     1     1    19    11    27    11     0     1   -85.0   25.528 -140.184   1350.4    870.3
     1     1    19    11    27    10     0     2   -86.0   25.644 -139.945   1385.5    867.0
     1     1    19    11    27     9     0     3   -87.0   25.770 -139.700   1427.1    863.3
     1     1    19    11    27     8     0     2   -88.0   25.903 -139.453   1481.6    858.8
     1     1    19    11    27     7     0     1   -89.0   26.039 -139.211   1551.7    851.4
     1     1    19    11    27     6     0     0   -90.0   26.176 -138.973   1635.1    843.4
     1     1    19    11    27     5     0     1   -91.0   26.322 -138.737   1718.1    833.3
     1     1    19    11    27     4     0     2   -92.0   26.482 -138.499   1785.7    826.8
     1     1    19    11    27     3     0     3   -93.0   26.647 -138.258   1849.9    821.5
     1     1    19    11    27     2     0     2   -94.0   26.812 -138.016   1928.7    814.4
     1     1    19    11    27     1     0     1   -95.0   26.978 -137.782   2023.1    804.4
     1     1    19    11    27     0     0     0   -96.0   27.147 -137.559   2106.8    794.6
     1     1    19    11    26    23     0     1   -97.0   27.320 -137.343   2149.4    789.9
     1     1    19    11    26    22     0     2   -98.0   27.497 -137.124   2154.6    791.0
     1     1    19    11    26    21     0     3   -99.0   27.673 -136.894   2146.5    793.0
     1     1    19    11    26    20     0     2  -100.0   27.851 -136.657   2142.1    794.6
     1     1    19    11    26    19     0     1  -101.0   28.033 -136.419   2148.9    794.3
     1     1    19    11    26    18     0     0  -102.0   28.217 -136.180   2167.4    793.1
     1     1    19    11    26    17     0     1  -103.0   28.410 -135.938   2202.9    789.8
     1     1    19    11    26    16     0     2  -104.0   28.623 -135.691   2248.3    784.3
     1     1    19    11    26    15     0     3  -105.0   28.854 -135.439   2287.8    780.0
     1     1    19    11    26    14     0     2  -106.0   29.095 -135.180   2318.1    777.2
     1     1    19    11    26    13     0     1  -107.0   29.339 -134.910   2344.1    775.2
     1     1    19    11    26    12     0     0  -108.0   29.584 -134.631   2369.0    772.9
     1     1    19    11    26    11     0     1  -109.0   29.840 -134.340   2403.0    770.9
     1     1    19    11    26    10     0     2  -110.0   30.119 -134.036   2452.5    766.1
     1     1    19    11    26     9     0     3  -111.0   30.425 -133.725   2521.7    760.5
     1     1    19    11    26     8     0     2  -112.0   30.765 -133.426   2600.1    752.1
     1     1    19    11    26     7     0     1  -113.0   31.130 -133.141   2673.5    746.3
     1     1    19    11    26     6     0     0  -114.0   31.517 -132.870   2756.9    740.2
     1     1    19    11    26     5     0     1  -115.0   31.937 -132.636   2849.6    730.3
     1     1    19    11    26     4     0     2  -116.0   32.394 -132.450   2926.6    722.1
     1     1    19    11    26     3     0     3  -117.0   32.880 -132.310   2984.7    717.8
     1     1    19    11    26     2     0     2  -118.0   33.376 -132.220   3037.7    713.6
     1     1    19    11    26     1     0     1  -119.0   33.874 -132.180   3096.1    709.1
     1     1    19    11    26     0     0     0  -120.0   34.379 -132.197   3175.5    703.2
     1     1    19    11    25    23     0     1  -121.0   34.878 -132.268   3260.8    693.9
     1     1    19    11    25    22     0     2  -122.0   35.358 -132.382   3323.2    688.1
     1     1    19    11    25    21     0     3  -123.0   35.820 -132.537   3357.0    685.3
     1     1    19    11    25    20     0     2  -124.0   36.274 -132.721   3386.7    685.4
     1     1    19    11    25    19     0     1  -125.0   36.723 -132.935   3433.2    681.4
     1     1    19    11    25    18     0     0  -126.0   37.157 -133.195   3485.3    676.9
     1     1    19    11    25    17     0     1  -127.0   37.583 -133.476   3534.8    672.3
     1     1    19    11    25    16     0     2  -128.0   38.016 -133.764   3575.2    667.9
     1     1    19    11    25    15     0     3  -129.0   38.433 -134.081   3589.4    665.6
     1     1    19    11    25    14     0     2  -130.0   38.830 -134.432   3593.5    667.6
     1     1    19    11    25    13     0     1  -131.0   39.213 -134.818   3624.7    666.3
     1     1    19    11    25    12     0     0  -132.0   39.568 -135.235   3680.7    660.6
     1     1    19    11    25    11     0     1  -133.0   39.903 -135.680   3735.7    655.3
     1     1    19    11    25    10     0     2  -134.0   40.233 -136.155   3791.2    651.5
     1     1    19    11    25     9     0     3  -135.0   40.546 -136.645   3832.2    646.1
     1     1    19    11    25     8     0     2  -136.0   40.844 -137.131   3843.3    646.0
     1     1    19    11    25     7     0     1  -137.0   41.138 -137.625   3856.1    647.3
     1     1    19    11    25     6     0     0  -138.0   41.417 -138.143   3889.9    644.2
     1     1    19    11    25     5     0     1  -139.0   41.680 -138.693   3918.7    639.9
     1     1    19    11    25     4     0     2  -140.0   41.942 -139.282   3916.4    639.0
     1     1    19    11    25     3     0     3  -141.0   42.189 -139.905   3880.3    641.9
     1     1    19    11    25     2     0     2  -142.0   42.403 -140.568   3842.2    647.4
     1     1    19    11    25     1     0     1  -143.0   42.590 -141.297   3861.2    648.0
     1     1    19    11    25     0     0     0  -144.0   42.741 -142.106   3886.1    641.5
     1     1    19    11    24    23     0     1  -145.0   42.842 -142.957   3907.0    641.7
     1     1    19    11    24    22     0     2  -146.0   42.886 -143.807   3942.3    636.7
     1     1    19    11    24    21     0     3  -147.0   42.866 -144.611   3976.9    636.7
     1     1    19    11    24    20     0     2  -148.0   42.769 -145.402   4105.6    623.6
     1     1    19    11    24    19     0     1  -149.0   42.681 -146.246   4180.6    618.1
     1     1    19    11    24    18     0     0  -150.0   42.580 -147.115   4183.8    618.1
     1     1    19    11    24    17     0     1  -151.0   42.421 -147.939   4258.8    613.4
     1     1    19    11    24    16     0     2  -152.0   42.231 -148.779   4439.4    597.6
     1     1    19    11    24    15     0     3  -153.0   42.041 -149.647   4621.4    582.2
     1     1    19    11    24    14     0     2  -154.0   41.794 -150.546   4727.7    573.8
     1     1    19    11    24    13     0     1  -155.0   41.494 -151.423   4788.5    570.9
     1     1    19    11    24    12     0     0  -156.0   41.241 -152.323   4925.0    558.0
     1     1    19    11    24    11     0     1  -157.0   40.919 -153.188   4821.5    565.7
     1     1    19    11    24    10     0     2  -158.0   40.545 -153.985   4694.1    577.8
     1     1    19    11    24     9     0     3  -159.0   40.201 -154.797   4595.6    580.8
     1     1    19    11    24     8     0     2  -160.0   39.846 -155.559   4409.6    600.1
     1     1    19    11    24     7     0     1  -161.0   39.446 -156.277   4399.8    599.6
     1     1    19    11    24     6     0     0  -162.0   39.107 -157.069   4429.5    593.2
     1     1    19    11    24     5     0     1  -163.0   38.744 -157.911   4387.4    598.0
     1     1    19    11    24     4     0     2  -164.0   38.335 -158.705   4266.4    605.4
     1     1    19    11    24     3     0     3  -165.0   37.953 -159.530   4013.5    627.7
     1     1    19    11    24     2     0     2  -166.0   37.529 -160.295   3800.0    645.3
     1     1    19    11    24     1     0     1  -167.0   37.055 -160.995   3715.6    652.3
     1     1    19    11    24     0     0     0  -168.0   36.541 -161.675   3682.1    652.3
