     7     1
    GDAS    19     6     1     0     0
    GDAS    19     7     1     0     0
    GDAS    19     8     1     0     0
    GDAS    19     9     1     0     0
    GDAS    19    10     1     0     0
    GDAS    19    11     1     0     0
    GDAS    19    12     1     0     0
     1 BACKWARD OMEGA   
    19    11    29    18   21.319 -157.670    10.0
     1 PRESSURE
     1     1    19    11    29    18     0     0     0.0   21.319 -157.670     10.0   1013.2
     1     1    19    11    29    17     0     1    -1.0   21.353 -157.447     34.6   1009.3
     1     1    19    11    29    16     0     2    -2.0   21.389 -157.202    110.3    998.8
     1     1    19    11    29    15     0     3    -3.0   21.418 -156.920    212.8    984.1
     1     1    19    11    29    14     0     2    -4.0   21.428 -156.610    303.8    974.1
     1     1    19    11    29    13     0     1    -5.0   21.408 -156.290    367.3    968.7
     1     1    19    11    29    12     0     0    -6.0   21.351 -155.965    398.3    966.9
     1     1    19    11    29    11     0     1    -7.0   21.275 -155.642    404.1    968.2
     1     1    19    11    29    10     0     2    -8.0   21.201 -155.327    405.0    969.6
     1     1    19    11    29     9     0     3    -9.0   21.122 -155.022    413.6    970.1
     1     1    19    11    29     8     0     2   -10.0   21.049 -154.723    425.2    967.6
     1     1    19    11    29     7     0     1   -11.0   20.999 -154.427    432.9    966.8
     1     1    19    11    29     6     0     0   -12.0   20.973 -154.140    445.5    965.6
     1     1    19    11    29     5     0     1   -13.0   20.960 -153.863    463.9    962.5
     1     1    19    11    29     4     0     2   -14.0   20.945 -153.592    484.4    959.5
     1     1    19    11    29     3     0     3   -15.0   20.923 -153.327    512.7    956.3
     1     1    19    11    29     2     0     2   -16.0   20.893 -153.068    535.9    951.5
     1     1    19    11    29     1     0     1   -17.0   20.850 -152.812    541.1    951.5
     1     1    19    11    29     0     0     0   -18.0   20.795 -152.552    538.7    951.9
     1     1    19    11    28    23     0     1   -19.0   20.729 -152.285    539.2    953.5
     1     1    19    11    28    22     0     2   -20.0   20.652 -152.005    553.7    953.0
     1     1    19    11    28    21     0     3   -21.0   20.567 -151.713    586.4    950.3
     1     1    19    11    28    20     0     2   -22.0   20.483 -151.407    633.3    944.9
     1     1    19    11    28    19     0     1   -23.0   20.404 -151.093    703.5    938.7
     1     1    19    11    28    18     0     0   -24.0   20.335 -150.780    817.3    926.8
     1     1    19    11    28    17     0     1   -25.0   20.280 -150.467    925.7    909.1
     1     1    19    11    28    16     0     2   -26.0   20.238 -150.158    973.2    904.1
     1     1    19    11    28    15     0     3   -27.0   20.205 -149.853    989.7    904.8
     1     1    19    11    28    14     0     2   -28.0   20.180 -149.548   1014.3    903.7
     1     1    19    11    28    13     0     1   -29.0   20.156 -149.240   1042.6    898.6
     1     1    19    11    28    12     0     0   -30.0   20.125 -148.928   1039.5    897.3
     1     1    19    11    28    11     0     1   -31.0   20.092 -148.610   1024.4    903.0
     1     1    19    11    28    10     0     2   -32.0   20.066 -148.280   1029.6    902.8
     1     1    19    11    28     9     0     3   -33.0   20.045 -147.922   1053.1    900.8
     1     1    19    11    28     8     0     2   -34.0   20.035 -147.560   1086.0    896.4
     1     1    19    11    28     7     0     1   -35.0   20.041 -147.215   1119.2    893.1
     1     1    19    11    28     6     0     0   -36.0   20.059 -146.876   1147.7    889.7
     1     1    19    11    28     5     0     1   -37.0   20.088 -146.544   1163.5    887.3
     1     1    19    11    28     4     0     2   -38.0   20.129 -146.218   1177.3    886.8
     1     1    19    11    28     3     0     3   -39.0   20.180 -145.899   1209.3    883.8
     1     1    19    11    28     2     0     2   -40.0   20.229 -145.600   1241.5    876.9
     1     1    19    11    28     1     0     1   -41.0   20.266 -145.322   1236.9    876.2
     1     1    19    11    28     0     0     0   -42.0   20.290 -145.047   1181.4    880.8
     1     1    19    11    27    23     0     1   -43.0   20.303 -144.765   1125.1    893.4
     1     1    19    11    27    22     0     2   -44.0   20.303 -144.474   1129.8    893.9
     1     1    19    11    27    21     0     3   -45.0   20.298 -144.182   1195.8    887.9
     1     1    19    11    27    20     0     2   -46.0   20.294 -143.886   1282.9    874.6
     1     1    19    11    27    19     0     1   -47.0   20.298 -143.579   1344.7    867.6
     1     1    19    11    27    18     0     0   -48.0   20.309 -143.258   1387.2    864.6
     1     1    19    11    27    17     0     1   -49.0   20.319 -142.929   1420.4    860.8
     1     1    19    11    27    16     0     2   -50.0   20.324 -142.601   1445.6    858.6
     1     1    19    11    27    15     0     3   -51.0   20.326 -142.274   1478.4    856.2
     1     1    19    11    27    14     0     2   -52.0   20.326 -141.938   1524.2    850.6
     1     1    19    11    27    13     0     1   -53.0   20.334 -141.583   1572.9    844.7
     1     1    19    11    27    12     0     0   -54.0   20.350 -141.209   1625.5    839.4
     1     1    19    11    27    11     0     1   -55.0   20.374 -140.817   1671.6    833.8
     1     1    19    11    27    10     0     2   -56.0   20.406 -140.413   1685.0    831.9
     1     1    19    11    27     9     0     3   -57.0   20.438 -139.998   1658.4    835.1
     1     1    19    11    27     8     0     2   -58.0   20.475 -139.577   1637.1    841.7
     1     1    19    11    27     7     0     1   -59.0   20.522 -139.161   1663.8    838.8
     1     1    19    11    27     6     0     0   -60.0   20.580 -138.747   1725.5    831.9
     1     1    19    11    27     5     0     1   -61.0   20.653 -138.328   1800.2    823.1
     1     1    19    11    27     4     0     2   -62.0   20.742 -137.900   1870.1    815.6
     1     1    19    11    27     3     0     3   -63.0   20.847 -137.467   1928.0    809.2
     1     1    19    11    27     2     0     2   -64.0   20.969 -137.033   1973.2    804.8
     1     1    19    11    27     1     0     1   -65.0   21.103 -136.602   2016.2    801.1
     1     1    19    11    27     0     0     0   -66.0   21.250 -136.175   2071.7    796.2
     1     1    19    11    26    23     0     1   -67.0   21.408 -135.742   2133.4    789.4
     1     1    19    11    26    22     0     2   -68.0   21.570 -135.291   2184.2    784.6
     1     1    19    11    26    21     0     3   -69.0   21.743 -134.822   2219.0    781.6
     1     1    19    11    26    20     0     2   -70.0   21.937 -134.340   2234.1    780.2
     1     1    19    11    26    19     0     1   -71.0   22.147 -133.855   2238.1    781.1
     1     1    19    11    26    18     0     0   -72.0   22.371 -133.369   2244.9    780.9
     1     1    19    11    26    17     0     1   -73.0   22.622 -132.877   2269.5    779.3
     1     1    19    11    26    16     0     2   -74.0   22.907 -132.377   2334.5    773.7
     1     1    19    11    26    15     0     3   -75.0   23.224 -131.872   2436.0    762.5
     1     1    19    11    26    14     0     2   -76.0   23.565 -131.378   2521.1    751.1
     1     1    19    11    26    13     0     1   -77.0   23.915 -130.897   2564.7    748.0
     1     1    19    11    26    12     0     0   -78.0   24.268 -130.428   2600.1    746.8
     1     1    19    11    26    11     0     1   -79.0   24.619 -129.959   2663.6    742.3
     1     1    19    11    26    10     0     2   -80.0   24.966 -129.480   2770.0    733.0
     1     1    19    11    26     9     0     3   -81.0   25.323 -128.988   2867.4    719.8
     1     1    19    11    26     8     0     2   -82.0   25.697 -128.490   2931.4    716.4
     1     1    19    11    26     7     0     1   -83.0   26.083 -127.981   2985.2    712.0
     1     1    19    11    26     6     0     0   -84.0   26.478 -127.467   3051.2    708.3
     1     1    19    11    26     5     0     1   -85.0   26.893 -126.982   3147.3    699.6
     1     1    19    11    26     4     0     2   -86.0   27.315 -126.522   3230.3    688.4
     1     1    19    11    26     3     0     3   -87.0   27.710 -126.070   3246.8    686.5
     1     1    19    11    26     2     0     2   -88.0   28.085 -125.633   3167.8    691.0
     1     1    19    11    26     1     0     1   -89.0   28.460 -125.211   3044.7    708.0
     1     1    19    11    26     0     0     0   -90.0   28.834 -124.795   2954.3    714.6
     1     1    19    11    25    23     0     1   -91.0   29.212 -124.388   2938.5    720.5
     1     1    19    11    25    22     0     2   -92.0   29.585 -123.995   2949.4    710.7
     1     1    19    11    25    21     0     3   -93.0   29.953 -123.607   2930.4    716.6
     1     1    19    11    25    20     0     2   -94.0   30.341 -123.257   2960.3    717.3
     1     1    19    11    25    19     0     1   -95.0   30.741 -122.963   2995.8    708.3
     1     1    19    11    25    18     0     0   -96.0   31.127 -122.701   2967.4    710.9
     1     1    19    11    25    17     0     1   -97.0   31.536 -122.482   2971.3    719.0
     1     1    19    11    25    16     0     2   -98.0   32.019 -122.339   2941.9    707.4
     1     1    19    11    25    15     0     3   -99.0   32.536 -122.273   2798.5    722.4
     1     1    19    11    25    14     0     2  -100.0   33.043 -122.275   2618.5    744.0
     1     1    19    11    25    13     0     1  -101.0   33.523 -122.334   2503.1    759.1
     1     1    19    11    25    12     0     0  -102.0   33.971 -122.448   2527.4    760.2
     1     1    19    11    25    11     0     1  -103.0   34.393 -122.589   2598.8    743.4
     1     1    19    11    25    10     0     2  -104.0   34.801 -122.723   2662.4    742.1
     1     1    19    11    25     9     0     3  -105.0   35.177 -122.859   2784.0    732.9
     1     1    19    11    25     8     0     2  -106.0   35.512 -122.981   2938.1    716.0
     1     1    19    11    25     7     0     1  -107.0   35.816 -123.081   3069.2    704.4
     1     1    19    11    25     6     0     0  -108.0   36.092 -123.165   3148.2    696.6
     1     1    19    11    25     5     0     1  -109.0   36.368 -123.225   3182.7    695.6
     1     1    19    11    25     4     0     2  -110.0   36.654 -123.261   3219.4    694.4
     1     1    19    11    25     3     0     3  -111.0   36.934 -123.284   3305.0    688.7
     1     1    19    11    25     2     0     2  -112.0   37.226 -123.317   3397.6    676.0
     1     1    19    11    25     1     0     1  -113.0   37.539 -123.379   3448.5    672.0
     1     1    19    11    25     0     0     0  -114.0   37.856 -123.468   3467.7    671.3
     1     1    19    11    24    23     0     1  -115.0   38.152 -123.568   3456.6    669.2
     1     1    19    11    24    22     0     2  -116.0   38.416 -123.668   3424.6    669.6
     1     1    19    11    24    21     0     3  -117.0   38.657 -123.780   3386.9    672.5
     1     1    19    11    24    20     0     2  -118.0   38.892 -123.904   3357.1    679.6
     1     1    19    11    24    19     0     1  -119.0   39.137 -124.036   3349.1    682.7
     1     1    19    11    24    18     0     0  -120.0   39.372 -124.176   3343.6    680.2
     1     1    19    11    24    17     0     1  -121.0   39.594 -124.324   3346.8    679.3
     1     1    19    11    24    16     0     2  -122.0   39.813 -124.482   3372.1    676.6
     1     1    19    11    24    15     0     3  -123.0   40.039 -124.651   3426.0    672.9
     1     1    19    11    24    14     0     2  -124.0   40.252 -124.829   3493.9    667.7
     1     1    19    11    24    13     0     1  -125.0   40.434 -124.996   3547.5    665.5
     1     1    19    11    24    12     0     0  -126.0   40.587 -125.142   3572.2    663.5
     1     1    19    11    24    11     0     1  -127.0   40.721 -125.263   3594.3    663.8
     1     1    19    11    24    10     0     2  -128.0   40.845 -125.350   3631.2    660.4
     1     1    19    11    24     9     0     3  -129.0   40.959 -125.391   3676.6    656.5
     1     1    19    11    24     8     0     2  -130.0   41.079 -125.397   3726.0    652.4
     1     1    19    11    24     7     0     1  -131.0   41.222 -125.393   3772.3    648.6
     1     1    19    11    24     6     0     0  -132.0   41.390 -125.388   3814.2    645.5
     1     1    19    11    24     5     0     1  -133.0   41.584 -125.391   3844.8    642.0
     1     1    19    11    24     4     0     2  -134.0   41.795 -125.408   3858.4    640.8
     1     1    19    11    24     3     0     3  -135.0   42.018 -125.431   3859.9    640.6
     1     1    19    11    24     2     0     2  -136.0   42.251 -125.487   3860.6    641.3
     1     1    19    11    24     1     0     1  -137.0   42.496 -125.595   3869.0    640.6
     1     1    19    11    24     0     0     0  -138.0   42.755 -125.742   3885.4    639.4
     1     1    19    11    23    23     0     1  -139.0   43.020 -125.939   3901.8    637.2
     1     1    19    11    23    22     0     2  -140.0   43.291 -126.198   3913.1    636.2
     1     1    19    11    23    21     0     3  -141.0   43.577 -126.512   3936.6    635.2
     1     1    19    11    23    20     0     2  -142.0   43.863 -126.892   3992.4    631.5
     1     1    19    11    23    19     0     1  -143.0   44.137 -127.345   4068.3    624.2
     1     1    19    11    23    18     0     0  -144.0   44.416 -127.861   4157.7    618.5
     1     1    19    11    23    17     0     1  -145.0   44.679 -128.438   4266.6    608.6
     1     1    19    11    23    16     0     2  -146.0   44.896 -129.051   4340.6    599.5
     1     1    19    11    23    15     0     3  -147.0   45.092 -129.695   4372.3    598.6
     1     1    19    11    23    14     0     2  -148.0   45.264 -130.379   4404.6    597.7
     1     1    19    11    23    13     0     1  -149.0   45.400 -131.110   4434.3    593.7
     1     1    19    11    23    12     0     0  -150.0   45.512 -131.888   4413.9    595.8
     1     1    19    11    23    11     0     1  -151.0   45.591 -132.702   4385.9    599.0
     1     1    19    11    23    10     0     2  -152.0   45.630 -133.554   4421.1    595.1
     1     1    19    11    23     9     0     3  -153.0   45.641 -134.479   4418.9    595.5
     1     1    19    11    23     8     0     2  -154.0   45.618 -135.432   4433.0    593.7
     1     1    19    11    23     7     0     1  -155.0   45.567 -136.387   4416.3    595.6
     1     1    19    11    23     6     0     0  -156.0   45.496 -137.359   4407.5    596.8
     1     1    19    11    23     5     0     1  -157.0   45.403 -138.365   4434.1    593.4
     1     1    19    11    23     4     0     2  -158.0   45.289 -139.422   4427.9    593.5
     1     1    19    11    23     3     0     3  -159.0   45.138 -140.519   4415.2    595.1
     1     1    19    11    23     2     0     2  -160.0   44.946 -141.657   4437.0    591.5
     1     1    19    11    23     1     0     1  -161.0   44.741 -142.821   4392.8    595.5
     1     1    19    11    23     0     0     0  -162.0   44.505 -143.982   4362.1    598.7
     1     1    19    11    22    23     0     1  -163.0   44.250 -145.166   4354.8    598.2
     1     1    19    11    22    22     0     2  -164.0   43.973 -146.398   4381.7    596.2
     1     1    19    11    22    21     0     3  -165.0   43.686 -147.654   4434.0    590.2
     1     1    19    11    22    20     0     2  -166.0   43.380 -148.923   4436.4    591.5
     1     1    19    11    22    19     0     1  -167.0   43.057 -150.222   4452.0    589.9
     1     1    19    11    22    18     0     0  -168.0   42.704 -151.562   4482.4    586.5
