     7     1
    GDAS    19     6     1     0     0
    GDAS    19     7     1     0     0
    GDAS    19     8     1     0     0
    GDAS    19     9     1     0     0
    GDAS    19    10     1     0     0
    GDAS    19    11     1     0     0
    GDAS    19    12     1     0     0
     1 BACKWARD OMEGA   
    19     9    22    18   21.319 -157.670    10.0
     1 PRESSURE
     1     1    19     9    22    18     0     0     0.0   21.319 -157.670     10.0   1013.7
     1     1    19     9    22    17     0     1    -1.0   21.358 -157.555     19.3   1011.3
     1     1    19     9    22    16     0     2    -2.0   21.383 -157.432     40.1   1007.6
     1     1    19     9    22    15     0     3    -3.0   21.399 -157.302     75.8   1002.3
     1     1    19     9    22    14     0     2    -4.0   21.410 -157.167    121.6    996.1
     1     1    19     9    22    13     0     1    -5.0   21.419 -157.029    173.2    989.3
     1     1    19     9    22    12     0     0    -6.0   21.423 -156.888    221.3    983.5
     1     1    19     9    22    11     0     1    -7.0   21.416 -156.728    262.9    980.7
     1     1    19     9    22    10     0     2    -8.0   21.397 -156.537    300.5    977.2
     1     1    19     9    22     9     0     3    -9.0   21.362 -156.313    332.9    974.8
     1     1    19     9    22     8     0     2   -10.0   21.310 -156.062    352.0    973.2
     1     1    19     9    22     7     0     1   -11.0   21.251 -155.792    353.5    973.7
     1     1    19     9    22     6     0     0   -12.0   21.209 -155.510    356.6    974.9
     1     1    19     9    22     5     0     1   -13.0   21.200 -155.229    368.3    972.2
     1     1    19     9    22     4     0     2   -14.0   21.223 -154.950    383.5    970.2
     1     1    19     9    22     3     0     3   -15.0   21.277 -154.667    399.8    967.3
     1     1    19     9    22     2     0     2   -16.0   21.352 -154.379    413.9    966.2
     1     1    19     9    22     1     0     1   -17.0   21.429 -154.096    427.9    964.9
     1     1    19     9    22     0     0     0   -18.0   21.499 -153.821    436.9    963.4
     1     1    19     9    21    23     0     1   -19.0   21.560 -153.540    439.4    963.8
     1     1    19     9    21    22     0     2   -20.0   21.604 -153.243    442.6    964.4
     1     1    19     9    21    21     0     3   -21.0   21.616 -152.939    457.0    963.8
     1     1    19     9    21    20     0     2   -22.0   21.621 -152.633    467.6    960.2
     1     1    19     9    21    19     0     1   -23.0   21.643 -152.324    455.8    961.8
     1     1    19     9    21    18     0     0   -24.0   21.674 -152.010    428.2    965.5
     1     1    19     9    21    17     0     1   -25.0   21.708 -151.690    403.1    969.2
     1     1    19     9    21    16     0     2   -26.0   21.742 -151.366    390.7    969.9
     1     1    19     9    21    15     0     3   -27.0   21.772 -151.044    387.1    969.7
     1     1    19     9    21    14     0     2   -28.0   21.801 -150.725    389.8    969.3
     1     1    19     9    21    13     0     1   -29.0   21.836 -150.410    396.2    968.4
     1     1    19     9    21    12     0     0   -30.0   21.879 -150.115    403.6    967.4
     1     1    19     9    21    11     0     1   -31.0   21.923 -149.837    411.3    967.1
     1     1    19     9    21    10     0     2   -32.0   21.957 -149.568    425.6    966.7
     1     1    19     9    21     9     0     3   -33.0   21.973 -149.320    459.1    964.1
     1     1    19     9    21     8     0     2   -34.0   21.974 -149.091    504.4    957.2
     1     1    19     9    21     7     0     1   -35.0   21.964 -148.862    546.6    952.3
     1     1    19     9    21     6     0     0   -36.0   21.946 -148.626    585.8    948.2
     1     1    19     9    21     5     0     1   -37.0   21.927 -148.392    612.7    943.7
     1     1    19     9    21     4     0     2   -38.0   21.915 -148.167    607.4    942.8
     1     1    19     9    21     3     0     3   -39.0   21.916 -147.953    560.3    946.9
     1     1    19     9    21     2     0     2   -40.0   21.923 -147.744    517.7    956.7
     1     1    19     9    21     1     0     1   -41.0   21.929 -147.533    516.5    955.6
     1     1    19     9    21     0     0     0   -42.0   21.932 -147.325    543.3    951.9
     1     1    19     9    20    23     0     1   -43.0   21.937 -147.120    574.6    947.0
     1     1    19     9    20    22     0     2   -44.0   21.946 -146.917    595.8    945.7
     1     1    19     9    20    21     0     3   -45.0   21.956 -146.715    623.0    944.5
     1     1    19     9    20    20     0     2   -46.0   21.974 -146.515    652.7    939.6
     1     1    19     9    20    19     0     1   -47.0   22.005 -146.320    658.5    938.0
     1     1    19     9    20    18     0     0   -48.0   22.048 -146.127    623.7    941.2
     1     1    19     9    20    17     0     1   -49.0   22.091 -145.941    576.6    949.3
     1     1    19     9    20    16     0     2   -50.0   22.125 -145.767    550.6    951.7
     1     1    19     9    20    15     0     3   -51.0   22.152 -145.606    547.4    951.5
     1     1    19     9    20    14     0     2   -52.0   22.171 -145.455    553.8    949.4
     1     1    19     9    20    13     0     1   -53.0   22.182 -145.310    556.0    949.5
     1     1    19     9    20    12     0     0   -54.0   22.183 -145.169    556.1    949.6
     1     1    19     9    20    11     0     1   -55.0   22.178 -145.026    553.7    950.2
     1     1    19     9    20    10     0     2   -56.0   22.171 -144.869    543.1    951.5
     1     1    19     9    20     9     0     3   -57.0   22.161 -144.701    519.8    954.6
     1     1    19     9    20     8     0     2   -58.0   22.150 -144.521    493.3    958.5
     1     1    19     9    20     7     0     1   -59.0   22.143 -144.330    477.2    960.9
     1     1    19     9    20     6     0     0   -60.0   22.141 -144.128    480.9    961.0
     1     1    19     9    20     5     0     1   -61.0   22.147 -143.922    504.3    957.2
     1     1    19     9    20     4     0     2   -62.0   22.159 -143.718    531.1    952.6
     1     1    19     9    20     3     0     3   -63.0   22.180 -143.516    547.4    950.1
     1     1    19     9    20     2     0     2   -64.0   22.207 -143.321    548.3    949.8
     1     1    19     9    20     1     0     1   -65.0   22.240 -143.135    538.9    951.5
     1     1    19     9    20     0     0     0   -66.0   22.282 -142.958    530.4    952.9
     1     1    19     9    19    23     0     1   -67.0   22.323 -142.781    523.4    953.7
     1     1    19     9    19    22     0     2   -68.0   22.356 -142.602    514.0    955.2
     1     1    19     9    19    21     0     3   -69.0   22.383 -142.424    501.7    957.1
     1     1    19     9    19    20     0     2   -70.0   22.406 -142.247    484.4    959.0
     1     1    19     9    19    19     0     1   -71.0   22.424 -142.069    464.7    962.1
     1     1    19     9    19    18     0     0   -72.0   22.437 -141.889    450.0    964.4
     1     1    19     9    19    17     0     1   -73.0   22.445 -141.707    459.0    965.1
     1     1    19     9    19    16     0     2   -74.0   22.450 -141.527    505.5    959.1
     1     1    19     9    19    15     0     3   -75.0   22.456 -141.351    584.9    950.0
     1     1    19     9    19    14     0     2   -76.0   22.459 -141.173    659.7    937.8
     1     1    19     9    19    13     0     1   -77.0   22.455 -140.986    695.6    934.0
     1     1    19     9    19    12     0     0   -78.0   22.440 -140.788    696.7    933.7
     1     1    19     9    19    11     0     1   -79.0   22.417 -140.577    686.0    937.8
     1     1    19     9    19    10     0     2   -80.0   22.396 -140.351    688.0    938.4
     1     1    19     9    19     9     0     3   -81.0   22.378 -140.111    707.4    936.9
     1     1    19     9    19     8     0     2   -82.0   22.373 -139.859    733.6    932.6
     1     1    19     9    19     7     0     1   -83.0   22.388 -139.599    748.5    930.5
     1     1    19     9    19     6     0     0   -84.0   22.423 -139.329    742.9    930.5
     1     1    19     9    19     5     0     1   -85.0   22.469 -139.060    721.9    933.5
     1     1    19     9    19     4     0     2   -86.0   22.514 -138.802    702.2    936.0
     1     1    19     9    19     3     0     3   -87.0   22.556 -138.556    687.4    937.1
     1     1    19     9    19     2     0     2   -88.0   22.598 -138.323    671.1    938.3
     1     1    19     9    19     1     0     1   -89.0   22.635 -138.105    653.9    940.7
     1     1    19     9    19     0     0     0   -90.0   22.668 -137.897    642.6    942.1
     1     1    19     9    18    23     0     1   -91.0   22.694 -137.693    636.6    943.0
     1     1    19     9    18    22     0     2   -92.0   22.708 -137.488    631.0    943.9
     1     1    19     9    18    21     0     3   -93.0   22.709 -137.281    622.2    945.2
     1     1    19     9    18    20     0     2   -94.0   22.704 -137.067    611.9    946.7
     1     1    19     9    18    19     0     1   -95.0   22.699 -136.848    611.6    947.6
     1     1    19     9    18    18     0     0   -96.0   22.693 -136.635    631.2    945.8
     1     1    19     9    18    17     0     1   -97.0   22.688 -136.434    664.7    941.0
     1     1    19     9    18    16     0     2   -98.0   22.686 -136.247    708.5    936.1
     1     1    19     9    18    15     0     3   -99.0   22.682 -136.069    773.4    929.3
     1     1    19     9    18    14     0     2  -100.0   22.670 -135.898    849.3    919.1
     1     1    19     9    18    13     0     1  -101.0   22.649 -135.735    914.6    911.2
     1     1    19     9    18    12     0     0  -102.0   22.624 -135.580    968.4    905.2
     1     1    19     9    18    11     0     1  -103.0   22.594 -135.418   1014.2    900.8
     1     1    19     9    18    10     0     2  -104.0   22.559 -135.237   1057.1    897.2
     1     1    19     9    18     9     0     3  -105.0   22.516 -135.040   1104.3    893.1
     1     1    19     9    18     8     0     2  -106.0   22.480 -134.838   1140.0    887.9
     1     1    19     9    18     7     0     1  -107.0   22.465 -134.635   1150.3    887.3
     1     1    19     9    18     6     0     0  -108.0   22.470 -134.426   1136.3    888.8
     1     1    19     9    18     5     0     1  -109.0   22.488 -134.217   1112.7    892.5
     1     1    19     9    18     4     0     2  -110.0   22.518 -134.018   1094.4    893.9
     1     1    19     9    18     3     0     3  -111.0   22.560 -133.827   1081.4    895.1
     1     1    19     9    18     2     0     2  -112.0   22.603 -133.643   1069.3    895.3
     1     1    19     9    18     1     0     1  -113.0   22.641 -133.461   1052.7    896.6
     1     1    19     9    18     0     0     0  -114.0   22.679 -133.279   1033.3    898.4
     1     1    19     9    17    23     0     1  -115.0   22.716 -133.092   1023.4    901.3
     1     1    19     9    17    22     0     2  -116.0   22.746 -132.906   1029.9    900.9
     1     1    19     9    17    21     0     3  -117.0   22.766 -132.725   1047.3    899.6
     1     1    19     9    17    20     0     2  -118.0   22.783 -132.549   1064.2    896.9
     1     1    19     9    17    19     0     1  -119.0   22.805 -132.376   1068.5    896.4
     1     1    19     9    17    18     0     0  -120.0   22.836 -132.204   1056.9    897.5
     1     1    19     9    17    17     0     1  -121.0   22.872 -132.031   1040.5    900.3
     1     1    19     9    17    16     0     2  -122.0   22.904 -131.854   1038.7    900.8
     1     1    19     9    17    15     0     3  -123.0   22.932 -131.678   1054.6    898.7
     1     1    19     9    17    14     0     2  -124.0   22.954 -131.512   1067.6    894.9
     1     1    19     9    17    13     0     1  -125.0   22.973 -131.360   1058.4    895.2
     1     1    19     9    17    12     0     0  -126.0   22.992 -131.218   1024.3    898.0
     1     1    19     9    17    11     0     1  -127.0   23.020 -131.070    985.5    905.0
     1     1    19     9    17    10     0     2  -128.0   23.054 -130.901    968.3    907.7
     1     1    19     9    17     9     0     3  -129.0   23.087 -130.714    972.4    907.4
     1     1    19     9    17     8     0     2  -130.0   23.120 -130.516    984.8    905.0
     1     1    19     9    17     7     0     1  -131.0   23.160 -130.310    996.9    903.8
     1     1    19     9    17     6     0     0  -132.0   23.212 -130.096   1012.5    902.3
     1     1    19     9    17     5     0     1  -133.0   23.276 -129.886   1028.3    899.7
     1     1    19     9    17     4     0     2  -134.0   23.351 -129.690   1037.4    898.4
     1     1    19     9    17     3     0     3  -135.0   23.440 -129.505   1038.7    897.8
     1     1    19     9    17     2     0     2  -136.0   23.532 -129.333   1039.8    898.1
     1     1    19     9    17     1     0     1  -137.0   23.611 -129.177   1046.4    896.7
     1     1    19     9    17     0     0     0  -138.0   23.673 -129.038   1055.0    895.1
     1     1    19     9    16    23     0     1  -139.0   23.721 -128.907   1052.0    894.7
     1     1    19     9    16    22     0     2  -140.0   23.764 -128.773   1025.7    897.9
     1     1    19     9    16    21     0     3  -141.0   23.806 -128.633    977.4    903.7
     1     1    19     9    16    20     0     2  -142.0   23.858 -128.496    937.0    911.3
     1     1    19     9    16    19     0     1  -143.0   23.913 -128.372    929.0    911.8
     1     1    19     9    16    18     0     0  -144.0   23.962 -128.265    950.1    909.5
     1     1    19     9    16    17     0     1  -145.0   23.997 -128.166    975.0    903.9
     1     1    19     9    16    16     0     2  -146.0   24.026 -128.068    973.4    903.7
     1     1    19     9    16    15     0     3  -147.0   24.057 -127.970    944.9    906.8
     1     1    19     9    16    14     0     2  -148.0   24.092 -127.873    912.3    912.2
     1     1    19     9    16    13     0     1  -149.0   24.116 -127.781    895.9    913.4
     1     1    19     9    16    12     0     0  -150.0   24.123 -127.695    894.2    913.0
     1     1    19     9    16    11     0     1  -151.0   24.118 -127.607    896.6    912.0
     1     1    19     9    16    10     0     2  -152.0   24.112 -127.508    893.2    912.7
     1     1    19     9    16     9     0     3  -153.0   24.106 -127.397    884.9    914.0
     1     1    19     9    16     8     0     2  -154.0   24.108 -127.275    885.0    915.5
     1     1    19     9    16     7     0     1  -155.0   24.122 -127.144    900.6    913.4
     1     1    19     9    16     6     0     0  -156.0   24.143 -127.004    920.2    910.8
     1     1    19     9    16     5     0     1  -157.0   24.171 -126.869    938.9    908.6
     1     1    19     9    16     4     0     2  -158.0   24.208 -126.751    953.2    906.2
     1     1    19     9    16     3     0     3  -159.0   24.258 -126.650    954.5    905.4
     1     1    19     9    16     2     0     2  -160.0   24.317 -126.564    950.8    906.6
     1     1    19     9    16     1     0     1  -161.0   24.376 -126.491    952.9    906.2
     1     1    19     9    16     0     0     0  -162.0   24.431 -126.430    963.4    904.8
     1     1    19     9    15    23     0     1  -163.0   24.478 -126.377    974.6    903.3
     1     1    19     9    15    22     0     2  -164.0   24.510 -126.325    978.9    903.5
     1     1    19     9    15    21     0     3  -165.0   24.532 -126.275    977.3    904.3
     1     1    19     9    15    20     0     2  -166.0   24.548 -126.229    979.7    905.3
     1     1    19     9    15    19     0     1  -167.0   24.561 -126.188    998.2    903.7
     1     1    19     9    15    18     0     0  -168.0   24.564 -126.150   1034.1    900.2
