     7     1
    GDAS    18    12     1     0     0
    GDAS    19     1     1     0     0
    GDAS    19     2     1     0     0
    GDAS    19     3     1     0     0
    GDAS    19     4     1     0     0
    GDAS    19     5     1     0     0
    GDAS    19     6     1     0     0
     1 BACKWARD OMEGA   
    19     4    17    18   21.319 -157.670    10.0
     1 PRESSURE
     1     1    19     4    17    18     0     0     0.0   21.319 -157.670     10.0   1015.3
     1     1    19     4    17    17     0     1    -1.0   21.341 -157.509      9.8   1014.4
     1     1    19     4    17    16     0     2    -2.0   21.363 -157.344      9.4   1013.4
     1     1    19     4    17    15     0     3    -3.0   21.384 -157.172      8.9   1012.3
     1     1    19     4    17    14     0     2    -4.0   21.407 -157.002      8.5   1012.0
     1     1    19     4    17    13     0     1    -5.0   21.424 -156.829      8.2   1013.7
     1     1    19     4    17    12     0     0    -6.0   21.427 -156.648      8.2   1015.3
     1     1    19     4    17    11     0     1    -7.0   21.419 -156.450      9.0   1016.5
     1     1    19     4    17    10     0     2    -8.0   21.405 -156.229     11.2   1017.8
     1     1    19     4    17     9     0     3    -9.0   21.385 -155.985     14.6   1018.7
     1     1    19     4    17     8     0     2   -10.0   21.373 -155.735     18.8   1017.7
     1     1    19     4    17     7     0     1   -11.0   21.378 -155.491     22.6   1016.8
     1     1    19     4    17     6     0     0   -12.0   21.396 -155.256     25.2   1015.8
     1     1    19     4    17     5     0     1   -13.0   21.418 -155.026     26.2   1014.9
     1     1    19     4    17     4     0     2   -14.0   21.435 -154.798     26.3   1014.5
     1     1    19     4    17     3     0     3   -15.0   21.445 -154.576     26.3   1014.2
     1     1    19     4    17     2     0     2   -16.0   21.451 -154.355     26.3   1014.3
     1     1    19     4    17     1     0     1   -17.0   21.453 -154.133     26.3   1014.4
     1     1    19     4    17     0     0     0   -18.0   21.452 -153.907     26.3   1014.6
     1     1    19     4    16    23     0     1   -19.0   21.446 -153.678     26.3   1015.4
     1     1    19     4    16    22     0     2   -20.0   21.437 -153.446     26.3   1016.3
     1     1    19     4    16    21     0     3   -21.0   21.427 -153.212     26.3   1017.1
     1     1    19     4    16    20     0     2   -22.0   21.418 -152.973     26.3   1016.6
     1     1    19     4    16    19     0     1   -23.0   21.414 -152.728     26.3   1016.0
     1     1    19     4    16    18     0     0   -24.0   21.412 -152.478     26.3   1015.5
     1     1    19     4    16    17     0     1   -25.0   21.416 -152.219     26.3   1015.1
     1     1    19     4    16    16     0     2   -26.0   21.429 -151.946     26.3   1014.7
     1     1    19     4    16    15     0     3   -27.0   21.453 -151.658     26.3   1014.4
     1     1    19     4    16    14     0     2   -28.0   21.488 -151.364     26.5   1014.5
     1     1    19     4    16    13     0     1   -29.0   21.533 -151.075     26.6   1014.6
     1     1    19     4    16    12     0     0   -30.0   21.585 -150.796     26.7   1014.8
     1     1    19     4    16    11     0     1   -31.0   21.644 -150.521     26.4   1015.1
     1     1    19     4    16    10     0     2   -32.0   21.705 -150.244     25.5   1015.3
     1     1    19     4    16     9     0     3   -33.0   21.764 -149.966     23.5   1015.5
     1     1    19     4    16     8     0     2   -34.0   21.828 -149.685     21.7   1015.9
     1     1    19     4    16     7     0     1   -35.0   21.905 -149.402     20.9   1015.9
     1     1    19     4    16     6     0     0   -36.0   21.990 -149.114     20.7   1015.9
     1     1    19     4    16     5     0     1   -37.0   22.081 -148.827     20.8   1015.6
     1     1    19     4    16     4     0     2   -38.0   22.176 -148.546     21.4   1015.3
     1     1    19     4    16     3     0     3   -39.0   22.273 -148.270     23.0   1014.9
     1     1    19     4    16     2     0     2   -40.0   22.373 -147.992     25.2   1014.5
     1     1    19     4    16     1     0     1   -41.0   22.478 -147.709     26.7   1014.3
     1     1    19     4    16     0     0     0   -42.0   22.587 -147.424     27.2   1014.2
     1     1    19     4    15    23     0     1   -43.0   22.705 -147.140     27.4   1015.2
     1     1    19     4    15    22     0     2   -44.0   22.837 -146.862     27.7   1016.0
     1     1    19     4    15    21     0     3   -45.0   22.978 -146.594     27.9   1016.9
     1     1    19     4    15    20     0     2   -46.0   23.119 -146.335     28.2   1017.0
     1     1    19     4    15    19     0     1   -47.0   23.265 -146.079     28.5   1017.0
     1     1    19     4    15    18     0     0   -48.0   23.418 -145.823     28.6   1017.1
     1     1    19     4    15    17     0     1   -49.0   23.572 -145.568     28.6   1016.7
     1     1    19     4    15    16     0     2   -50.0   23.719 -145.315     28.6   1016.3
     1     1    19     4    15    15     0     3   -51.0   23.858 -145.065     28.6   1016.1
     1     1    19     4    15    14     0     2   -52.0   23.994 -144.816     28.6   1015.5
     1     1    19     4    15    13     0     1   -53.0   24.131 -144.566     28.4   1014.8
     1     1    19     4    15    12     0     0   -54.0   24.267 -144.312     27.6   1014.5
     1     1    19     4    15    11     0     1   -55.0   24.402 -144.050     26.0   1015.7
     1     1    19     4    15    10     0     2   -56.0   24.539 -143.777     24.6   1016.6
     1     1    19     4    15     9     0     3   -57.0   24.674 -143.496     24.2   1017.0
     1     1    19     4    15     8     0     2   -58.0   24.813 -143.213     24.2   1016.9
     1     1    19     4    15     7     0     1   -59.0   24.966 -142.933     24.2   1016.9
     1     1    19     4    15     6     0     0   -60.0   25.132 -142.658     24.2   1017.0
     1     1    19     4    15     5     0     1   -61.0   25.307 -142.389     24.2   1016.6
     1     1    19     4    15     4     0     2   -62.0   25.485 -142.130     24.2   1016.2
     1     1    19     4    15     3     0     3   -63.0   25.664 -141.881     24.2   1015.9
     1     1    19     4    15     2     0     2   -64.0   25.844 -141.634     24.2   1016.3
     1     1    19     4    15     1     0     1   -65.0   26.023 -141.382     24.2   1016.5
     1     1    19     4    15     0     0     0   -66.0   26.197 -141.127     24.2   1016.5
     1     1    19     4    14    23     0     1   -67.0   26.369 -140.871     24.2   1017.0
     1     1    19     4    14    22     0     2   -68.0   26.539 -140.615     24.2   1017.5
     1     1    19     4    14    21     0     3   -69.0   26.702 -140.357     24.2   1017.6
     1     1    19     4    14    20     0     2   -70.0   26.862 -140.097     24.2   1018.2
     1     1    19     4    14    19     0     1   -71.0   27.034 -139.837     24.2   1019.1
     1     1    19     4    14    18     0     0   -72.0   27.219 -139.579     24.2   1019.9
     1     1    19     4    14    17     0     1   -73.0   27.410 -139.324     24.2   1019.4
     1     1    19     4    14    16     0     2   -74.0   27.605 -139.073     24.2   1018.7
     1     1    19     4    14    15     0     3   -75.0   27.808 -138.824     24.2   1017.9
     1     1    19     4    14    14     0     2   -76.0   28.018 -138.580     23.5   1018.6
     1     1    19     4    14    13     0     1   -77.0   28.226 -138.343     21.8   1019.8
     1     1    19     4    14    12     0     0   -78.0   28.429 -138.113     19.1   1020.6
     1     1    19     4    14    11     0     1   -79.0   28.630 -137.888     16.5   1021.7
     1     1    19     4    14    10     0     2   -80.0   28.832 -137.671     14.6   1022.5
     1     1    19     4    14     9     0     3   -81.0   29.032 -137.461     13.4   1023.4
     1     1    19     4    14     8     0     2   -82.0   29.229 -137.254     12.9   1022.9
     1     1    19     4    14     7     0     1   -83.0   29.426 -137.047     12.7   1022.4
     1     1    19     4    14     6     0     0   -84.0   29.629 -136.838     12.7   1021.8
     1     1    19     4    14     5     0     1   -85.0   29.845 -136.633     12.6   1022.4
     1     1    19     4    14     4     0     2   -86.0   30.069 -136.433     12.2   1023.2
     1     1    19     4    14     3     0     3   -87.0   30.297 -136.237     11.9   1023.9
     1     1    19     4    14     2     0     2   -88.0   30.527 -136.048     11.8   1023.5
     1     1    19     4    14     1     0     1   -89.0   30.759 -135.864     11.8   1023.0
     1     1    19     4    14     0     0     0   -90.0   30.989 -135.686     11.8   1022.6
     1     1    19     4    13    23     0     1   -91.0   31.224 -135.517     11.8   1023.4
     1     1    19     4    13    22     0     2   -92.0   31.468 -135.362     11.8   1024.3
     1     1    19     4    13    21     0     3   -93.0   31.720 -135.218     11.8   1025.1
     1     1    19     4    13    20     0     2   -94.0   31.973 -135.082     11.8   1024.9
     1     1    19     4    13    19     0     1   -95.0   32.220 -134.954     11.8   1024.6
     1     1    19     4    13    18     0     0   -96.0   32.466 -134.834     11.8   1024.3
     1     1    19     4    13    17     0     1   -97.0   32.714 -134.720     11.8   1024.2
     1     1    19     4    13    16     0     2   -98.0   32.960 -134.611     11.8   1024.2
     1     1    19     4    13    15     0     3   -99.0   33.205 -134.507     11.8   1024.1
     1     1    19     4    13    14     0     2  -100.0   33.452 -134.411     11.8   1024.2
     1     1    19     4    13    13     0     1  -101.0   33.707 -134.323     11.8   1024.2
     1     1    19     4    13    12     0     0  -102.0   33.969 -134.243     11.8   1024.3
     1     1    19     4    13    11     0     1  -103.0   34.236 -134.176     11.8   1024.3
     1     1    19     4    13    10     0     2  -104.0   34.508 -134.127     11.8   1024.4
     1     1    19     4    13     9     0     3  -105.0   34.781 -134.097     11.8   1024.6
     1     1    19     4    13     8     0     2  -106.0   35.051 -134.086     11.8   1024.8
     1     1    19     4    13     7     0     1  -107.0   35.310 -134.092     11.8   1025.7
     1     1    19     4    13     6     0     0  -108.0   35.558 -134.111     11.8   1027.1
     1     1    19     4    13     5     0     1  -109.0   35.805 -134.136     11.8   1027.1
     1     1    19     4    13     4     0     2  -110.0   36.059 -134.160     11.7   1026.6
     1     1    19     4    13     3     0     3  -111.0   36.319 -134.181     11.6   1025.8
     1     1    19     4    13     2     0     2  -112.0   36.582 -134.213     11.5   1026.4
     1     1    19     4    13     1     0     1  -113.0   36.849 -134.265     11.6   1026.9
     1     1    19     4    13     0     0     0  -114.0   37.119 -134.335     11.8   1027.1
     1     1    19     4    12    23     0     1  -115.0   37.386 -134.421     12.1   1027.5
     1     1    19     4    12    22     0     2  -116.0   37.644 -134.524     12.4   1028.2
     1     1    19     4    12    21     0     3  -117.0   37.894 -134.641     12.6   1029.2
     1     1    19     4    12    20     0     2  -118.0   38.141 -134.772     12.6   1029.2
     1     1    19     4    12    19     0     1  -119.0   38.389 -134.916     12.3   1028.9
     1     1    19     4    12    18     0     0  -120.0   38.638 -135.073     11.6   1028.6
     1     1    19     4    12    17     0     1  -121.0   38.883 -135.243     10.7   1029.6
     1     1    19     4    12    16     0     2  -122.0   39.120 -135.426     10.3   1030.0
     1     1    19     4    12    15     0     3  -123.0   39.345 -135.624     10.1   1030.0
     1     1    19     4    12    14     0     2  -124.0   39.558 -135.847     10.2   1030.4
     1     1    19     4    12    13     0     1  -125.0   39.762 -136.098     10.2   1030.8
     1     1    19     4    12    12     0     0  -126.0   39.958 -136.375     10.1   1031.2
     1     1    19     4    12    11     0     1  -127.0   40.137 -136.666     10.1   1031.3
     1     1    19     4    12    10     0     2  -128.0   40.298 -136.956     10.2   1031.4
     1     1    19     4    12     9     0     3  -129.0   40.452 -137.239     10.2   1031.4
     1     1    19     4    12     8     0     2  -130.0   40.597 -137.530     10.2   1031.8
     1     1    19     4    12     7     0     1  -131.0   40.725 -137.842     10.2   1032.2
     1     1    19     4    12     6     0     0  -132.0   40.837 -138.175     10.2   1032.5
     1     1    19     4    12     5     0     1  -133.0   40.929 -138.522     10.2   1032.5
     1     1    19     4    12     4     0     2  -134.0   41.001 -138.879     10.5   1032.3
     1     1    19     4    12     3     0     3  -135.0   41.055 -139.243     11.1   1032.1
     1     1    19     4    12     2     0     2  -136.0   41.087 -139.606     11.6   1032.2
     1     1    19     4    12     1     0     1  -137.0   41.089 -139.962     11.9   1032.4
     1     1    19     4    12     0     0     0  -138.0   41.062 -140.310     12.0   1032.6
     1     1    19     4    11    23     0     1  -139.0   41.014 -140.657     12.0   1032.5
     1     1    19     4    11    22     0     2  -140.0   40.953 -141.006     12.3   1032.4
     1     1    19     4    11    21     0     3  -141.0   40.878 -141.354     12.8   1032.6
     1     1    19     4    11    20     0     2  -142.0   40.788 -141.692     13.4   1033.8
     1     1    19     4    11    19     0     1  -143.0   40.683 -142.016     13.7   1035.0
     1     1    19     4    11    18     0     0  -144.0   40.564 -142.325     13.9   1035.9
     1     1    19     4    11    17     0     1  -145.0   40.434 -142.622     14.2   1035.6
     1     1    19     4    11    16     0     2  -146.0   40.291 -142.907     14.8   1035.2
     1     1    19     4    11    15     0     3  -147.0   40.138 -143.181     15.6   1034.8
     1     1    19     4    11    14     0     2  -148.0   39.974 -143.435     16.3   1034.7
     1     1    19     4    11    13     0     1  -149.0   39.801 -143.665     16.8   1034.7
     1     1    19     4    11    12     0     0  -150.0   39.620 -143.868     17.0   1034.7
     1     1    19     4    11    11     0     1  -151.0   39.425 -144.046     17.1   1035.2
     1     1    19     4    11    10     0     2  -152.0   39.213 -144.198     17.4   1036.1
     1     1    19     4    11     9     0     3  -153.0   38.985 -144.319     18.1   1037.4
     1     1    19     4    11     8     0     2  -154.0   38.759 -144.406     19.1   1037.4
     1     1    19     4    11     7     0     1  -155.0   38.550 -144.462     20.4   1037.2
     1     1    19     4    11     6     0     0  -156.0   38.357 -144.488     22.0   1037.1
     1     1    19     4    11     5     0     1  -157.0   38.173 -144.492     23.8   1036.5
     1     1    19     4    11     4     0     2  -158.0   37.993 -144.483     25.7   1036.2
     1     1    19     4    11     3     0     3  -159.0   37.816 -144.462     27.7   1035.8
     1     1    19     4    11     2     0     2  -160.0   37.645 -144.433     29.7   1035.2
     1     1    19     4    11     1     0     1  -161.0   37.479 -144.395     31.6   1034.8
     1     1    19     4    11     0     0     0  -162.0   37.317 -144.348     33.4   1034.6
     1     1    19     4    10    23     0     1  -163.0   37.154 -144.294     35.3   1034.9
     1     1    19     4    10    22     0     2  -164.0   36.989 -144.232     37.5   1035.0
     1     1    19     4    10    21     0     3  -165.0   36.819 -144.156     39.7   1035.0
     1     1    19     4    10    20     0     2  -166.0   36.647 -144.061     41.8   1034.9
     1     1    19     4    10    19     0     1  -167.0   36.478 -143.951     43.9   1034.9
     1     1    19     4    10    18     0     0  -168.0   36.320 -143.830     46.5   1034.7
