     7     1
    GDAS    19     6     1     0     0
    GDAS    19     7     1     0     0
    GDAS    19     8     1     0     0
    GDAS    19     9     1     0     0
    GDAS    19    10     1     0     0
    GDAS    19    11     1     0     0
    GDAS    19    12     1     0     0
     1 BACKWARD OMEGA   
    19    10    30    18   21.319 -157.670    10.0
     1 PRESSURE
     1     1    19    10    30    18     0     0     0.0   21.319 -157.670     10.0   1007.7
     1     1    19    10    30    17     0     1    -1.0   21.292 -157.739     10.0   1007.8
     1     1    19    10    30    16     0     2    -2.0   21.261 -157.807     10.6   1007.7
     1     1    19    10    30    15     0     3    -3.0   21.225 -157.873     12.1   1007.5
     1     1    19    10    30    14     0     2    -4.0   21.190 -157.929     14.0   1007.5
     1     1    19    10    30    13     0     1    -5.0   21.159 -157.968     15.4   1007.6
     1     1    19    10    30    12     0     0    -6.0   21.129 -157.987     15.9   1007.8
     1     1    19    10    30    11     0     1    -7.0   21.107 -157.997     15.9   1009.0
     1     1    19    10    30    10     0     2    -8.0   21.102 -158.009     16.0   1010.1
     1     1    19    10    30     9     0     3    -9.0   21.116 -158.023     16.0   1011.1
     1     1    19    10    30     8     0     2   -10.0   21.135 -158.036     16.0   1010.1
     1     1    19    10    30     7     0     1   -11.0   21.150 -158.048     16.0   1009.0
     1     1    19    10    30     6     0     0   -12.0   21.161 -158.061     16.0   1008.0
     1     1    19    10    30     5     0     1   -13.0   21.170 -158.082     16.1   1007.8
     1     1    19    10    30     4     0     2   -14.0   21.180 -158.119     16.4   1007.6
     1     1    19    10    30     3     0     3   -15.0   21.190 -158.169     17.1   1007.3
     1     1    19    10    30     2     0     2   -16.0   21.193 -158.213     18.2   1007.4
     1     1    19    10    30     1     0     1   -17.0   21.177 -158.236     19.3   1007.5
     1     1    19    10    30     0     0     0   -18.0   21.141 -158.240     20.4   1007.5
     1     1    19    10    29    23     0     1   -19.0   21.093 -158.235     21.1   1008.4
     1     1    19    10    29    22     0     2   -20.0   21.046 -158.228     21.4   1009.4
     1     1    19    10    29    21     0     3   -21.0   21.003 -158.220     21.4   1010.3
     1     1    19    10    29    20     0     2   -22.0   20.962 -158.205     20.4   1009.6
     1     1    19    10    29    19     0     1   -23.0   20.922 -158.177     17.7   1009.2
     1     1    19    10    29    18     0     0   -24.0   20.882 -158.135     14.0   1009.0
     1     1    19    10    29    17     0     1   -25.0   20.846 -158.090     10.8   1009.6
     1     1    19    10    29    16     0     2   -26.0   20.819 -158.047      8.2   1009.5
     1     1    19    10    29    15     0     3   -27.0   20.802 -158.007      5.8   1009.4
     1     1    19    10    29    14     0     2   -28.0   20.792 -157.966      3.5   1009.5
     1     1    19    10    29    13     0     1   -29.0   20.789 -157.920      1.7   1009.5
     1     1    19    10    29    12     0     0   -30.0   20.793 -157.869      0.4   1009.5
     1     1    19    10    29    11     0     1   -31.0   20.810 -157.800      0.6   1009.1
     1     1    19    10    29    10     0     2   -32.0   20.843 -157.705      4.9   1008.5
     1     1    19    10    29     9     0     3   -33.0   20.891 -157.587     16.8   1007.4
     1     1    19    10    29     8     0     2   -34.0   20.949 -157.453     53.4   1002.3
     1     1    19    10    29     7     0     1   -35.0   21.016 -157.303    130.6    991.5
     1     1    19    10    29     6     0     0   -36.0   21.085 -157.128    243.2    977.4
     1     1    19    10    29     5     0     1   -37.0   21.135 -156.933    379.3    960.7
     1     1    19    10    29     4     0     2   -38.0   21.154 -156.732    505.1    946.4
     1     1    19    10    29     3     0     3   -39.0   21.144 -156.530    608.9    937.7
     1     1    19    10    29     2     0     2   -40.0   21.109 -156.319    690.1    929.5
     1     1    19    10    29     1     0     1   -41.0   21.041 -156.082    759.3    925.4
     1     1    19    10    29     0     0     0   -42.0   20.950 -155.829    833.3    918.4
     1     1    19    10    28    23     0     1   -43.0   20.869 -155.580    878.4    910.7
     1     1    19    10    28    22     0     2   -44.0   20.816 -155.329    887.0    913.7
     1     1    19    10    28    21     0     3   -45.0   20.786 -155.073    910.8    914.5
     1     1    19    10    28    20     0     2   -46.0   20.767 -154.815    935.7    907.5
     1     1    19    10    28    19     0     1   -47.0   20.756 -154.554    928.2    909.1
     1     1    19    10    28    18     0     0   -48.0   20.756 -154.292    913.4    912.9
     1     1    19    10    28    17     0     1   -49.0   20.767 -154.032    906.7    912.8
     1     1    19    10    28    16     0     2   -50.0   20.786 -153.765    896.3    912.7
     1     1    19    10    28    15     0     3   -51.0   20.811 -153.493    876.9    914.8
     1     1    19    10    28    14     0     2   -52.0   20.845 -153.222    864.6    917.1
     1     1    19    10    28    13     0     1   -53.0   20.887 -152.949    875.7    916.0
     1     1    19    10    28    12     0     0   -54.0   20.938 -152.670    911.5    911.8
     1     1    19    10    28    11     0     1   -55.0   20.993 -152.394    964.1    906.2
     1     1    19    10    28    10     0     2   -56.0   21.048 -152.130   1036.3    899.9
     1     1    19    10    28     9     0     3   -57.0   21.103 -151.884   1128.8    890.3
     1     1    19    10    28     8     0     2   -58.0   21.162 -151.661   1205.3    879.2
     1     1    19    10    28     7     0     1   -59.0   21.230 -151.456   1249.2    876.0
     1     1    19    10    28     6     0     0   -60.0   21.301 -151.262   1281.8    873.8
     1     1    19    10    28     5     0     1   -61.0   21.373 -151.074   1322.8    870.2
     1     1    19    10    28     4     0     2   -62.0   21.443 -150.896   1378.4    863.7
     1     1    19    10    28     3     0     3   -63.0   21.513 -150.731   1439.0    856.7
     1     1    19    10    28     2     0     2   -64.0   21.578 -150.568   1496.4    850.6
     1     1    19    10    28     1     0     1   -65.0   21.638 -150.394   1551.7    845.1
     1     1    19    10    28     0     0     0   -66.0   21.702 -150.210   1614.7    839.1
     1     1    19    10    27    23     0     1   -67.0   21.772 -150.021   1671.5    832.1
     1     1    19    10    27    22     0     2   -68.0   21.842 -149.832   1694.7    829.6
     1     1    19    10    27    21     0     3   -69.0   21.910 -149.648   1682.5    832.2
     1     1    19    10    27    20     0     2   -70.0   21.980 -149.461   1664.2    836.3
     1     1    19    10    27    19     0     1   -71.0   22.055 -149.268   1666.0    836.5
     1     1    19    10    27    18     0     0   -72.0   22.135 -149.076   1688.2    834.2
     1     1    19    10    27    17     0     1   -73.0   22.220 -148.883   1707.4    830.0
     1     1    19    10    27    16     0     2   -74.0   22.308 -148.683   1714.5    829.9
     1     1    19    10    27    15     0     3   -75.0   22.398 -148.480   1727.1    829.2
     1     1    19    10    27    14     0     2   -76.0   22.485 -148.277   1761.4    826.3
     1     1    19    10    27    13     0     1   -77.0   22.565 -148.073   1808.8    820.2
     1     1    19    10    27    12     0     0   -78.0   22.641 -147.867   1839.5    815.5
     1     1    19    10    27    11     0     1   -79.0   22.710 -147.659   1846.3    816.0
     1     1    19    10    27    10     0     2   -80.0   22.769 -147.447   1845.1    817.7
     1     1    19    10    27     9     0     3   -81.0   22.816 -147.232   1854.6    818.1
     1     1    19    10    27     8     0     2   -82.0   22.859 -147.012   1869.8    815.3
     1     1    19    10    27     7     0     1   -83.0   22.908 -146.783   1866.3    814.5
     1     1    19    10    27     6     0     0   -84.0   22.964 -146.545   1844.1    817.8
     1     1    19    10    27     5     0     1   -85.0   23.028 -146.305   1838.3    820.4
     1     1    19    10    27     4     0     2   -86.0   23.104 -146.072   1876.0    816.9
     1     1    19    10    27     3     0     3   -87.0   23.192 -145.849   1946.3    808.5
     1     1    19    10    27     2     0     2   -88.0   23.282 -145.637   2006.1    799.6
     1     1    19    10    27     1     0     1   -89.0   23.368 -145.429   2032.8    797.8
     1     1    19    10    27     0     0     0   -90.0   23.447 -145.222   2041.2    797.5
     1     1    19    10    26    23     0     1   -91.0   23.516 -145.011   2044.8    798.5
     1     1    19    10    26    22     0     2   -92.0   23.579 -144.794   2052.0    798.6
     1     1    19    10    26    21     0     3   -93.0   23.638 -144.570   2065.1    798.2
     1     1    19    10    26    20     0     2   -94.0   23.698 -144.340   2082.8    796.2
     1     1    19    10    26    19     0     1   -95.0   23.764 -144.102   2106.5    794.4
     1     1    19    10    26    18     0     0   -96.0   23.835 -143.854   2146.2    791.2
     1     1    19    10    26    17     0     1   -97.0   23.914 -143.600   2191.7    785.1
     1     1    19    10    26    16     0     2   -98.0   24.009 -143.343   2215.2    781.6
     1     1    19    10    26    15     0     3   -99.0   24.116 -143.088   2200.8    782.2
     1     1    19    10    26    14     0     2  -100.0   24.220 -142.840   2174.3    787.4
     1     1    19    10    26    13     0     1  -101.0   24.314 -142.598   2165.9    788.1
     1     1    19    10    26    12     0     0  -102.0   24.401 -142.358   2170.1    787.2
     1     1    19    10    26    11     0     1  -103.0   24.482 -142.116   2175.4    786.5
     1     1    19    10    26    10     0     2  -104.0   24.562 -141.871   2179.9    786.8
     1     1    19    10    26     9     0     3  -105.0   24.643 -141.626   2192.7    786.4
     1     1    19    10    26     8     0     2  -106.0   24.727 -141.383   2211.8    784.3
     1     1    19    10    26     7     0     1  -107.0   24.812 -141.145   2228.1    782.9
     1     1    19    10    26     6     0     0  -108.0   24.894 -140.910   2235.1    782.1
     1     1    19    10    26     5     0     1  -109.0   24.974 -140.678   2236.6    782.4
     1     1    19    10    26     4     0     2  -110.0   25.050 -140.449   2244.5    781.7
     1     1    19    10    26     3     0     3  -111.0   25.122 -140.225   2266.4    779.8
     1     1    19    10    26     2     0     2  -112.0   25.187 -140.005   2307.2    775.9
     1     1    19    10    26     1     0     1  -113.0   25.243 -139.787   2356.9    770.2
     1     1    19    10    26     0     0     0  -114.0   25.289 -139.568   2397.0    765.8
     1     1    19    10    25    23     0     1  -115.0   25.329 -139.348   2418.8    764.0
     1     1    19    10    25    22     0     2  -116.0   25.362 -139.120   2425.6    764.1
     1     1    19    10    25    21     0     3  -117.0   25.388 -138.885   2426.4    764.8
     1     1    19    10    25    20     0     2  -118.0   25.412 -138.645   2428.5    765.1
     1     1    19    10    25    19     0     1  -119.0   25.440 -138.406   2433.6    764.8
     1     1    19    10    25    18     0     0  -120.0   25.471 -138.171   2438.4    764.4
     1     1    19    10    25    17     0     1  -121.0   25.501 -137.936   2440.5    763.8
     1     1    19    10    25    16     0     2  -122.0   25.526 -137.699   2440.8    763.6
     1     1    19    10    25    15     0     3  -123.0   25.547 -137.456   2442.0    763.2
     1     1    19    10    25    14     0     2  -124.0   25.565 -137.208   2447.6    762.7
     1     1    19    10    25    13     0     1  -125.0   25.577 -136.954   2460.2    761.3
     1     1    19    10    25    12     0     0  -126.0   25.586 -136.694   2478.1    759.4
     1     1    19    10    25    11     0     1  -127.0   25.596 -136.434   2491.6    757.7
     1     1    19    10    25    10     0     2  -128.0   25.613 -136.171   2496.2    757.9
     1     1    19    10    25     9     0     3  -129.0   25.638 -135.905   2494.1    758.3
     1     1    19    10    25     8     0     2  -130.0   25.669 -135.640   2479.9    759.3
     1     1    19    10    25     7     0     1  -131.0   25.707 -135.378   2453.2    762.2
     1     1    19    10    25     6     0     0  -132.0   25.750 -135.120   2420.6    765.7
     1     1    19    10    25     5     0     1  -133.0   25.796 -134.866   2395.2    768.5
     1     1    19    10    25     4     0     2  -134.0   25.845 -134.617   2385.8    769.0
     1     1    19    10    25     3     0     3  -135.0   25.895 -134.374   2386.5    768.0
     1     1    19    10    25     2     0     2  -136.0   25.943 -134.139   2388.9    767.5
     1     1    19    10    25     1     0     1  -137.0   25.984 -133.913   2391.6    767.3
     1     1    19    10    25     0     0     0  -138.0   26.019 -133.696   2399.0    766.9
     1     1    19    10    24    23     0     1  -139.0   26.046 -133.483   2411.0    765.7
     1     1    19    10    24    22     0     2  -140.0   26.064 -133.267   2420.6    764.7
     1     1    19    10    24    21     0     3  -141.0   26.073 -133.042   2421.4    764.5
     1     1    19    10    24    20     0     2  -142.0   26.079 -132.809   2423.0    765.9
     1     1    19    10    24    19     0     1  -143.0   26.088 -132.570   2434.7    764.9
     1     1    19    10    24    18     0     0  -144.0   26.101 -132.329   2449.8    763.6
     1     1    19    10    24    17     0     1  -145.0   26.118 -132.086   2459.6    761.8
     1     1    19    10    24    16     0     2  -146.0   26.138 -131.841   2462.7    761.5
     1     1    19    10    24    15     0     3  -147.0   26.159 -131.592   2463.7    761.0
     1     1    19    10    24    14     0     2  -148.0   26.181 -131.342   2471.7    761.1
     1     1    19    10    24    13     0     1  -149.0   26.205 -131.096   2500.6    758.8
     1     1    19    10    24    12     0     0  -150.0   26.228 -130.857   2550.0    753.9
     1     1    19    10    24    11     0     1  -151.0   26.249 -130.617   2588.3    748.2
     1     1    19    10    24    10     0     2  -152.0   26.269 -130.370   2590.5    748.3
     1     1    19    10    24     9     0     3  -153.0   26.283 -130.114   2562.4    751.1
     1     1    19    10    24     8     0     2  -154.0   26.299 -129.853   2536.6    756.4
     1     1    19    10    24     7     0     1  -155.0   26.325 -129.589   2538.5    756.0
     1     1    19    10    24     6     0     0  -156.0   26.361 -129.319   2553.0    754.0
     1     1    19    10    24     5     0     1  -157.0   26.404 -129.045   2560.4    752.3
     1     1    19    10    24     4     0     2  -158.0   26.457 -128.770   2557.4    752.8
     1     1    19    10    24     3     0     3  -159.0   26.521 -128.495   2552.8    753.3
     1     1    19    10    24     2     0     2  -160.0   26.587 -128.225   2549.8    753.5
     1     1    19    10    24     1     0     1  -161.0   26.651 -127.967   2548.4    753.5
     1     1    19    10    24     0     0     0  -162.0   26.715 -127.721   2550.1    753.5
     1     1    19    10    23    23     0     1  -163.0   26.778 -127.482   2559.7    753.2
     1     1    19    10    23    22     0     2  -164.0   26.834 -127.244   2575.8    751.5
     1     1    19    10    23    21     0     3  -165.0   26.883 -127.007   2588.4    750.2
     1     1    19    10    23    20     0     2  -166.0   26.930 -126.769   2597.9    750.3
     1     1    19    10    23    19     0     1  -167.0   26.977 -126.530   2607.1    749.8
     1     1    19    10    23    18     0     0  -168.0   27.020 -126.291   2610.5    749.6
