     7     1
    GDAS    18    12     1     0     0
    GDAS    19     1     1     0     0
    GDAS    19     2     1     0     0
    GDAS    19     3     1     0     0
    GDAS    19     4     1     0     0
    GDAS    19     5     1     0     0
    GDAS    19     6     1     0     0
     1 BACKWARD OMEGA   
    19     6    19     0   21.319 -157.670    10.0
     1 PRESSURE
     1     1    19     6    19     0     0     0     0.0   21.319 -157.670     10.0   1012.2
     1     1    19     6    18    23     0     1    -1.0   21.377 -157.467     46.0   1009.3
     1     1    19     6    18    22     0     2    -2.0   21.420 -157.222    149.9    996.2
     1     1    19     6    18    21     0     3    -3.0   21.449 -156.931    281.7    979.9
     1     1    19     6    18    20     0     2    -4.0   21.445 -156.608    387.4    965.7
     1     1    19     6    18    19     0     1    -5.0   21.405 -156.275    437.6    962.2
     1     1    19     6    18    18     0     0    -6.0   21.339 -155.935    445.4    963.9
     1     1    19     6    18    17     0     1    -7.0   21.265 -155.593    438.6    967.1
     1     1    19     6    18    16     0     2    -8.0   21.197 -155.254    448.3    966.8
     1     1    19     6    18    15     0     3    -9.0   21.132 -154.920    494.7    962.3
     1     1    19     6    18    14     0     2   -10.0   21.063 -154.590    555.9    951.7
     1     1    19     6    18    13     0     1   -11.0   20.996 -154.262    600.0    947.8
     1     1    19     6    18    12     0     0   -12.0   20.936 -153.945    638.0    944.4
     1     1    19     6    18    11     0     1   -13.0   20.887 -153.625    678.6    940.6
     1     1    19     6    18    10     0     2   -14.0   20.857 -153.290    736.1    935.8
     1     1    19     6    18     9     0     3   -15.0   20.848 -152.946    827.9    927.1
     1     1    19     6    18     8     0     2   -16.0   20.841 -152.601    910.2    912.7
     1     1    19     6    18     7     0     1   -17.0   20.832 -152.252    944.9    910.3
     1     1    19     6    18     6     0     0   -18.0   20.824 -151.903    954.4    910.3
     1     1    19     6    18     5     0     1   -19.0   20.814 -151.560    955.2    910.5
     1     1    19     6    18     4     0     2   -20.0   20.804 -151.228    953.5    910.2
     1     1    19     6    18     3     0     3   -21.0   20.800 -150.902    948.3    910.4
     1     1    19     6    18     2     0     2   -22.0   20.799 -150.573    942.6    911.4
     1     1    19     6    18     1     0     1   -23.0   20.799 -150.239    944.4    911.8
     1     1    19     6    18     0     0     0   -24.0   20.801 -149.902    957.6    910.3
     1     1    19     6    17    23     0     1   -25.0   20.803 -149.568    962.2    908.0
     1     1    19     6    17    22     0     2   -26.0   20.808 -149.233    949.2    910.8
     1     1    19     6    17    21     0     3   -27.0   20.816 -148.893    937.7    913.3
     1     1    19     6    17    20     0     2   -28.0   20.830 -148.548    925.8    913.3
     1     1    19     6    17    19     0     1   -29.0   20.853 -148.192    897.9    916.0
     1     1    19     6    17    18     0     0   -30.0   20.886 -147.823    855.2    921.0
     1     1    19     6    17    17     0     1   -31.0   20.927 -147.455    826.3    926.1
     1     1    19     6    17    16     0     2   -32.0   20.976 -147.098    832.7    924.8
     1     1    19     6    17    15     0     3   -33.0   21.037 -146.753    856.5    920.5
     1     1    19     6    17    14     0     2   -34.0   21.096 -146.421    879.5    917.8
     1     1    19     6    17    13     0     1   -35.0   21.149 -146.098    907.4    915.8
     1     1    19     6    17    12     0     0   -36.0   21.202 -145.789    951.6    911.1
     1     1    19     6    17    11     0     1   -37.0   21.252 -145.492   1004.5    905.0
     1     1    19     6    17    10     0     2   -38.0   21.295 -145.198   1061.1    899.9
     1     1    19     6    17     9     0     3   -39.0   21.329 -144.905   1122.5    894.0
     1     1    19     6    17     8     0     2   -40.0   21.357 -144.620   1170.6    887.3
     1     1    19     6    17     7     0     1   -41.0   21.382 -144.342   1193.0    885.1
     1     1    19     6    17     6     0     0   -42.0   21.404 -144.058   1191.1    885.3
     1     1    19     6    17     5     0     1   -43.0   21.433 -143.769   1177.6    887.7
     1     1    19     6    17     4     0     2   -44.0   21.474 -143.487   1172.4    888.5
     1     1    19     6    17     3     0     3   -45.0   21.521 -143.208   1183.3    887.2
     1     1    19     6    17     2     0     2   -46.0   21.560 -142.934   1204.0    883.9
     1     1    19     6    17     1     0     1   -47.0   21.582 -142.665   1221.6    881.4
     1     1    19     6    17     0     0     0   -48.0   21.594 -142.399   1234.2    880.3
     1     1    19     6    16    23     0     1   -49.0   21.600 -142.131   1239.4    879.5
     1     1    19     6    16    22     0     2   -50.0   21.605 -141.859   1233.9    880.8
     1     1    19     6    16    21     0     3   -51.0   21.609 -141.582   1227.3    882.6
     1     1    19     6    16    20     0     2   -52.0   21.618 -141.307   1231.7    882.7
     1     1    19     6    16    19     0     1   -53.0   21.633 -141.037   1243.1    880.7
     1     1    19     6    16    18     0     0   -54.0   21.653 -140.771   1248.6    879.8
     1     1    19     6    16    17     0     1   -55.0   21.675 -140.510   1251.9    880.0
     1     1    19     6    16    16     0     2   -56.0   21.694 -140.254   1261.4    878.8
     1     1    19     6    16    15     0     3   -57.0   21.710 -140.001   1279.3    876.8
     1     1    19     6    16    14     0     2   -58.0   21.722 -139.756   1306.7    873.7
     1     1    19     6    16    13     0     1   -59.0   21.729 -139.521   1340.4    869.8
     1     1    19     6    16    12     0     0   -60.0   21.729 -139.289   1373.3    865.8
     1     1    19     6    16    11     0     1   -61.0   21.724 -139.055   1391.2    863.4
     1     1    19     6    16    10     0     2   -62.0   21.717 -138.817   1391.8    864.4
     1     1    19     6    16     9     0     3   -63.0   21.711 -138.576   1389.2    865.8
     1     1    19     6    16     8     0     2   -64.0   21.702 -138.337   1395.8    865.6
     1     1    19     6    16     7     0     1   -65.0   21.681 -138.100   1407.1    863.7
     1     1    19     6    16     6     0     0   -66.0   21.649 -137.861   1411.0    863.0
     1     1    19     6    16     5     0     1   -67.0   21.611 -137.623   1404.4    863.5
     1     1    19     6    16     4     0     2   -68.0   21.576 -137.388   1387.3    864.9
     1     1    19     6    16     3     0     3   -69.0   21.545 -137.152   1359.7    867.4
     1     1    19     6    16     2     0     2   -70.0   21.517 -136.918   1340.0    871.0
     1     1    19     6    16     1     0     1   -71.0   21.485 -136.689   1345.6    870.1
     1     1    19     6    16     0     0     0   -72.0   21.443 -136.466   1373.7    866.9
     1     1    19     6    15    23     0     1   -73.0   21.392 -136.246   1406.9    862.6
     1     1    19     6    15    22     0     2   -74.0   21.341 -136.031   1424.7    860.8
     1     1    19     6    15    21     0     3   -75.0   21.294 -135.820   1423.7    861.4
     1     1    19     6    15    20     0     2   -76.0   21.253 -135.612   1423.8    863.3
     1     1    19     6    15    19     0     1   -77.0   21.213 -135.404   1446.3    861.5
     1     1    19     6    15    18     0     0   -78.0   21.167 -135.198   1498.6    856.9
     1     1    19     6    15    17     0     1   -79.0   21.109 -134.993   1553.9    848.0
     1     1    19     6    15    16     0     2   -80.0   21.043 -134.787   1576.2    844.8
     1     1    19     6    15    15     0     3   -81.0   20.974 -134.577   1565.7    846.2
     1     1    19     6    15    14     0     2   -82.0   20.897 -134.361   1550.4    849.6
     1     1    19     6    15    13     0     1   -83.0   20.808 -134.136   1555.4    849.1
     1     1    19     6    15    12     0     0   -84.0   20.708 -133.901   1580.2    845.8
     1     1    19     6    15    11     0     1   -85.0   20.606 -133.653   1600.2    842.1
     1     1    19     6    15    10     0     2   -86.0   20.510 -133.393   1606.8    842.9
     1     1    19     6    15     9     0     3   -87.0   20.425 -133.123   1621.0    843.0
     1     1    19     6    15     8     0     2   -88.0   20.349 -132.847   1645.3    839.8
     1     1    19     6    15     7     0     1   -89.0   20.283 -132.567   1665.0    837.6
     1     1    19     6    15     6     0     0   -90.0   20.228 -132.284   1677.0    836.7
     1     1    19     6    15     5     0     1   -91.0   20.184 -132.000   1683.0    835.9
     1     1    19     6    15     4     0     2   -92.0   20.150 -131.717   1688.4    835.6
     1     1    19     6    15     3     0     3   -93.0   20.122 -131.437   1702.9    834.2
     1     1    19     6    15     2     0     2   -94.0   20.099 -131.160   1725.5    831.3
     1     1    19     6    15     1     0     1   -95.0   20.076 -130.890   1743.9    828.6
     1     1    19     6    15     0     0     0   -96.0   20.055 -130.625   1750.9    827.7
     1     1    19     6    14    23     0     1   -97.0   20.031 -130.360   1757.9    828.6
     1     1    19     6    14    22     0     2   -98.0   20.000 -130.089   1784.9    827.4
     1     1    19     6    14    21     0     3   -99.0   19.962 -129.814   1830.8    822.7
     1     1    19     6    14    20     0     2  -100.0   19.925 -129.540   1862.4    817.6
     1     1    19     6    14    19     0     1  -101.0   19.896 -129.273   1871.9    818.1
     1     1    19     6    14    18     0     0  -102.0   19.877 -129.014   1883.6    818.2
     1     1    19     6    14    17     0     1  -103.0   19.862 -128.766   1910.5    815.5
     1     1    19     6    14    16     0     2  -104.0   19.847 -128.529   1953.1    810.9
     1     1    19     6    14    15     0     3  -105.0   19.835 -128.304   2008.1    805.3
     1     1    19     6    14    14     0     2  -106.0   19.823 -128.084   2061.2    798.7
     1     1    19     6    14    13     0     1  -107.0   19.803 -127.869   2099.2    794.7
     1     1    19     6    14    12     0     0  -108.0   19.776 -127.656   2122.2    792.0
     1     1    19     6    14    11     0     1  -109.0   19.745 -127.440   2133.4    791.7
     1     1    19     6    14    10     0     2  -110.0   19.713 -127.214   2135.8    791.9
     1     1    19     6    14     9     0     3  -111.0   19.682 -126.981   2129.6    793.0
     1     1    19     6    14     8     0     2  -112.0   19.653 -126.745   2125.0    794.5
     1     1    19     6    14     7     0     1  -113.0   19.628 -126.510   2131.7    794.0
     1     1    19     6    14     6     0     0  -114.0   19.608 -126.273   2150.1    792.4
     1     1    19     6    14     5     0     1  -115.0   19.593 -126.037   2169.3    789.4
     1     1    19     6    14     4     0     2  -116.0   19.585 -125.802   2177.5    788.4
     1     1    19     6    14     3     0     3  -117.0   19.580 -125.573   2174.0    788.5
     1     1    19     6    14     2     0     2  -118.0   19.575 -125.347   2151.8    789.7
     1     1    19     6    14     1     0     1  -119.0   19.566 -125.126   2107.1    793.8
     1     1    19     6    14     0     0     0  -120.0   19.554 -124.908   2047.1    799.6
     1     1    19     6    13    23     0     1  -121.0   19.539 -124.690   1999.3    806.6
     1     1    19     6    13    22     0     2  -122.0   19.518 -124.468   1983.5    808.1
     1     1    19     6    13    21     0     3  -123.0   19.497 -124.244   1994.5    807.2
     1     1    19     6    13    20     0     2  -124.0   19.478 -124.019   2025.4    804.0
     1     1    19     6    13    19     0     1  -125.0   19.461 -123.793   2069.0    799.8
     1     1    19     6    13    18     0     0  -126.0   19.444 -123.565   2126.2    794.9
     1     1    19     6    13    17     0     1  -127.0   19.427 -123.335   2188.4    788.1
     1     1    19     6    13    16     0     2  -128.0   19.413 -123.104   2242.0    783.0
     1     1    19     6    13    15     0     3  -129.0   19.402 -122.870   2281.2    778.9
     1     1    19     6    13    14     0     2  -130.0   19.394 -122.641   2307.8    776.5
     1     1    19     6    13    13     0     1  -131.0   19.390 -122.420   2332.0    774.4
     1     1    19     6    13    12     0     0  -132.0   19.387 -122.202   2362.9    771.7
     1     1    19     6    13    11     0     1  -133.0   19.384 -121.989   2395.4    768.2
     1     1    19     6    13    10     0     2  -134.0   19.383 -121.779   2418.0    766.2
     1     1    19     6    13     9     0     3  -135.0   19.382 -121.569   2433.0    765.6
     1     1    19     6    13     8     0     2  -136.0   19.384 -121.358   2447.8    764.7
     1     1    19     6    13     7     0     1  -137.0   19.392 -121.148   2464.1    763.3
     1     1    19     6    13     6     0     0  -138.0   19.403 -120.945   2480.4    762.0
     1     1    19     6    13     5     0     1  -139.0   19.415 -120.746   2493.9    760.5
     1     1    19     6    13     4     0     2  -140.0   19.424 -120.544   2499.9    759.5
     1     1    19     6    13     3     0     3  -141.0   19.429 -120.343   2492.4    759.7
     1     1    19     6    13     2     0     2  -142.0   19.428 -120.142   2473.6    761.4
     1     1    19     6    13     1     0     1  -143.0   19.416 -119.938   2448.1    763.3
     1     1    19     6    13     0     0     0  -144.0   19.397 -119.736   2413.2    765.8
     1     1    19     6    12    23     0     1  -145.0   19.382 -119.533   2377.6    770.4
     1     1    19     6    12    22     0     2  -146.0   19.375 -119.328   2354.2    773.0
     1     1    19     6    12    21     0     3  -147.0   19.369 -119.123   2346.1    774.2
     1     1    19     6    12    20     0     2  -148.0   19.362 -118.916   2346.6    773.8
     1     1    19     6    12    19     0     1  -149.0   19.358 -118.704   2352.0    774.1
     1     1    19     6    12    18     0     0  -150.0   19.354 -118.488   2372.7    773.1
     1     1    19     6    12    17     0     1  -151.0   19.347 -118.267   2410.3    769.1
     1     1    19     6    12    16     0     2  -152.0   19.336 -118.043   2453.1    764.3
     1     1    19     6    12    15     0     3  -153.0   19.319 -117.813   2487.7    760.5
     1     1    19     6    12    14     0     2  -154.0   19.302 -117.584   2509.4    758.4
     1     1    19     6    12    13     0     1  -155.0   19.287 -117.354   2522.3    757.2
     1     1    19     6    12    12     0     0  -156.0   19.276 -117.120   2530.0    756.3
     1     1    19     6    12    11     0     1  -157.0   19.267 -116.877   2534.0    756.0
     1     1    19     6    12    10     0     2  -158.0   19.259 -116.626   2537.5    756.2
     1     1    19     6    12     9     0     3  -159.0   19.248 -116.365   2548.6    755.7
     1     1    19     6    12     8     0     2  -160.0   19.240 -116.104   2565.5    754.0
     1     1    19     6    12     7     0     1  -161.0   19.243 -115.850   2572.0    753.1
     1     1    19     6    12     6     0     0  -162.0   19.257 -115.603   2559.2    754.6
     1     1    19     6    12     5     0     1  -163.0   19.275 -115.363   2538.9    757.0
     1     1    19     6    12     4     0     2  -164.0   19.297 -115.127   2521.3    758.2
     1     1    19     6    12     3     0     3  -165.0   19.327 -114.894   2507.8    759.2
     1     1    19     6    12     2     0     2  -166.0   19.355 -114.666   2503.6    759.5
     1     1    19     6    12     1     0     1  -167.0   19.370 -114.441   2511.9    758.4
     1     1    19     6    12     0     0     0  -168.0   19.377 -114.218   2534.6    756.1
