     7     1
    GDAS    19     6     1     0     0
    GDAS    19     7     1     0     0
    GDAS    19     8     1     0     0
    GDAS    19     9     1     0     0
    GDAS    19    10     1     0     0
    GDAS    19    11     1     0     0
    GDAS    19    12     1     0     0
     1 BACKWARD OMEGA   
    19     8     8    12   21.319 -157.670    10.0
     1 PRESSURE
     1     1    19     8     8    12     0     0     0.0   21.319 -157.670     10.0   1011.3
     1     1    19     8     8    11     0     1    -1.0   21.318 -157.612     16.5   1010.8
     1     1    19     8     8    10     0     2    -2.0   21.316 -157.539     30.6   1009.3
     1     1    19     8     8     9     0     3    -3.0   21.309 -157.449     63.1   1006.5
     1     1    19     8     8     8     0     2    -4.0   21.300 -157.342    114.3    999.0
     1     1    19     8     8     7     0     1    -5.0   21.292 -157.221    182.9    990.7
     1     1    19     8     8     6     0     0    -6.0   21.292 -157.078    277.1    980.0
     1     1    19     8     8     5     0     1    -7.0   21.292 -156.930    356.0    965.6
     1     1    19     8     8     4     0     2    -8.0   21.286 -156.792    393.5    963.1
     1     1    19     8     8     3     0     3    -9.0   21.272 -156.656    402.5    963.3
     1     1    19     8     8     2     0     2   -10.0   21.247 -156.522    397.3    965.7
     1     1    19     8     8     1     0     1   -11.0   21.204 -156.390    392.7    968.0
     1     1    19     8     8     0     0     0   -12.0   21.143 -156.255    405.8    968.7
     1     1    19     8     7    23     0     1   -13.0   21.059 -156.097    461.6    965.8
     1     1    19     8     7    22     0     2   -14.0   20.951 -155.906    574.9    953.3
     1     1    19     8     7    21     0     3   -15.0   20.840 -155.712    699.7    936.6
     1     1    19     8     7    20     0     2   -16.0   20.732 -155.531    796.2    924.9
     1     1    19     8     7    19     0     1   -17.0   20.618 -155.357    861.9    919.0
     1     1    19     8     7    18     0     0   -18.0   20.491 -155.180    910.3    914.3
     1     1    19     8     7    17     0     1   -19.0   20.354 -154.999    962.1    909.8
     1     1    19     8     7    16     0     2   -20.0   20.235 -154.826   1024.5    902.2
     1     1    19     8     7    15     0     3   -21.0   20.150 -154.661   1091.3    894.9
     1     1    19     8     7    14     0     2   -22.0   20.093 -154.499   1159.6    888.2
     1     1    19     8     7    13     0     1   -23.0   20.057 -154.333   1220.5    881.3
     1     1    19     8     7    12     0     0   -24.0   20.041 -154.163   1263.0    876.7
     1     1    19     8     7    11     0     1   -25.0   20.046 -153.987   1289.2    875.1
     1     1    19     8     7    10     0     2   -26.0   20.069 -153.804   1313.1    874.0
     1     1    19     8     7     9     0     3   -27.0   20.105 -153.620   1343.8    871.4
     1     1    19     8     7     8     0     2   -28.0   20.151 -153.436   1369.8    867.4
     1     1    19     8     7     7     0     1   -29.0   20.201 -153.253   1379.8    866.4
     1     1    19     8     7     6     0     0   -30.0   20.257 -153.069   1376.5    866.7
     1     1    19     8     7     5     0     1   -31.0   20.312 -152.887   1373.8    868.0
     1     1    19     8     7     4     0     2   -32.0   20.366 -152.710   1382.2    866.7
     1     1    19     8     7     3     0     3   -33.0   20.417 -152.539   1396.4    864.7
     1     1    19     8     7     2     0     2   -34.0   20.458 -152.366   1403.9    863.1
     1     1    19     8     7     1     0     1   -35.0   20.482 -152.183   1397.3    864.0
     1     1    19     8     7     0     0     0   -36.0   20.493 -151.987   1379.3    865.9
     1     1    19     8     6    23     0     1   -37.0   20.493 -151.782   1374.2    868.9
     1     1    19     8     6    22     0     2   -38.0   20.488 -151.574   1400.0    866.2
     1     1    19     8     6    21     0     3   -39.0   20.483 -151.365   1448.3    861.3
     1     1    19     8     6    20     0     2   -40.0   20.483 -151.154   1500.6    854.8
     1     1    19     8     6    19     0     1   -41.0   20.488 -150.938   1543.2    850.5
     1     1    19     8     6    18     0     0   -42.0   20.496 -150.716   1567.2    847.1
     1     1    19     8     6    17     0     1   -43.0   20.503 -150.489   1571.6    846.9
     1     1    19     8     6    16     0     2   -44.0   20.510 -150.259   1569.9    847.4
     1     1    19     8     6    15     0     3   -45.0   20.520 -150.032   1575.8    847.1
     1     1    19     8     6    14     0     2   -46.0   20.533 -149.806   1589.2    845.0
     1     1    19     8     6    13     0     1   -47.0   20.546 -149.574   1600.8    843.5
     1     1    19     8     6    12     0     0   -48.0   20.560 -149.335   1606.2    842.6
     1     1    19     8     6    11     0     1   -49.0   20.575 -149.084   1607.5    843.3
     1     1    19     8     6    10     0     2   -50.0   20.593 -148.818   1609.8    843.6
     1     1    19     8     6     9     0     3   -51.0   20.616 -148.542   1613.0    843.6
     1     1    19     8     6     8     0     2   -52.0   20.648 -148.265   1619.9    843.3
     1     1    19     8     6     7     0     1   -53.0   20.694 -147.993   1633.3    842.0
     1     1    19     8     6     6     0     0   -54.0   20.754 -147.726   1663.5    840.2
     1     1    19     8     6     5     0     1   -55.0   20.816 -147.472   1710.2    834.3
     1     1    19     8     6     4     0     2   -56.0   20.875 -147.232   1750.6    829.2
     1     1    19     8     6     3     0     3   -57.0   20.929 -146.999   1763.7    826.8
     1     1    19     8     6     2     0     2   -58.0   20.977 -146.768   1751.9    829.2
     1     1    19     8     6     1     0     1   -59.0   21.022 -146.535   1732.9    831.5
     1     1    19     8     6     0     0     0   -60.0   21.069 -146.300   1718.0    833.8
     1     1    19     8     5    23     0     1   -61.0   21.117 -146.068   1716.9    834.5
     1     1    19     8     5    22     0     2   -62.0   21.163 -145.844   1723.5    833.4
     1     1    19     8     5    21     0     3   -63.0   21.206 -145.623   1729.5    833.1
     1     1    19     8     5    20     0     2   -64.0   21.250 -145.405   1728.1    832.6
     1     1    19     8     5    19     0     1   -65.0   21.296 -145.191   1705.2    834.0
     1     1    19     8     5    18     0     0   -66.0   21.346 -144.984   1649.7    839.0
     1     1    19     8     5    17     0     1   -67.0   21.392 -144.776   1593.4    847.8
     1     1    19     8     5    16     0     2   -68.0   21.429 -144.568   1574.0    849.8
     1     1    19     8     5    15     0     3   -69.0   21.464 -144.368   1600.7    847.2
     1     1    19     8     5    14     0     2   -70.0   21.496 -144.177   1650.9    839.6
     1     1    19     8     5    13     0     1   -71.0   21.523 -143.983   1688.7    834.8
     1     1    19     8     5    12     0     0   -72.0   21.545 -143.781   1693.1    833.3
     1     1    19     8     5    11     0     1   -73.0   21.564 -143.560   1669.6    837.4
     1     1    19     8     5    10     0     2   -74.0   21.587 -143.321   1648.1    841.1
     1     1    19     8     5     9     0     3   -75.0   21.620 -143.072   1659.7    841.9
     1     1    19     8     5     8     0     2   -76.0   21.660 -142.826   1696.1    835.7
     1     1    19     8     5     7     0     1   -77.0   21.703 -142.583   1729.7    832.3
     1     1    19     8     5     6     0     0   -78.0   21.750 -142.341   1766.0    829.3
     1     1    19     8     5     5     0     1   -79.0   21.798 -142.102   1805.5    824.8
     1     1    19     8     5     4     0     2   -80.0   21.843 -141.867   1835.0    821.0
     1     1    19     8     5     3     0     3   -81.0   21.888 -141.639   1846.0    819.7
     1     1    19     8     5     2     0     2   -82.0   21.932 -141.419   1844.9    820.6
     1     1    19     8     5     1     0     1   -83.0   21.976 -141.208   1839.2    821.2
     1     1    19     8     5     0     0     0   -84.0   22.018 -141.007   1831.2    822.2
     1     1    19     8     4    23     0     1   -85.0   22.057 -140.802   1832.2    823.2
     1     1    19     8     4    22     0     2   -86.0   22.098 -140.585   1851.5    821.5
     1     1    19     8     4    21     0     3   -87.0   22.141 -140.363   1887.3    818.2
     1     1    19     8     4    20     0     2   -88.0   22.188 -140.145   1926.3    813.3
     1     1    19     8     4    19     0     1   -89.0   22.238 -139.938   1949.5    810.6
     1     1    19     8     4    18     0     0   -90.0   22.291 -139.739   1948.8    810.5
     1     1    19     8     4    17     0     1   -91.0   22.344 -139.549   1936.2    812.8
     1     1    19     8     4    16     0     2   -92.0   22.398 -139.370   1926.6    813.5
     1     1    19     8     4    15     0     3   -93.0   22.453 -139.201   1921.5    813.6
     1     1    19     8     4    14     0     2   -94.0   22.503 -139.041   1920.1    813.7
     1     1    19     8     4    13     0     1   -95.0   22.543 -138.886   1920.9    813.7
     1     1    19     8     4    12     0     0   -96.0   22.572 -138.733   1919.5    813.5
     1     1    19     8     4    11     0     1   -97.0   22.595 -138.575   1912.7    814.6
     1     1    19     8     4    10     0     2   -98.0   22.617 -138.408   1902.5    816.2
     1     1    19     8     4     9     0     3   -99.0   22.639 -138.229   1892.5    817.7
     1     1    19     8     4     8     0     2  -100.0   22.660 -138.043   1874.2    818.5
     1     1    19     8     4     7     0     1  -101.0   22.681 -137.858   1838.5    822.2
     1     1    19     8     4     6     0     0  -102.0   22.702 -137.677   1788.1    827.2
     1     1    19     8     4     5     0     1  -103.0   22.716 -137.495   1747.1    832.7
     1     1    19     8     4     4     0     2  -104.0   22.715 -137.316   1735.3    833.1
     1     1    19     8     4     3     0     3  -105.0   22.696 -137.147   1744.8    831.3
     1     1    19     8     4     2     0     2  -106.0   22.668 -136.979   1754.7    828.8
     1     1    19     8     4     1     0     1  -107.0   22.643 -136.796   1759.1    829.2
     1     1    19     8     4     0     0     0  -108.0   22.624 -136.595   1769.8    828.4
     1     1    19     8     3    23     0     1  -109.0   22.609 -136.377   1786.5    826.8
     1     1    19     8     3    22     0     2  -110.0   22.595 -136.142   1804.9    825.2
     1     1    19     8     3    21     0     3  -111.0   22.579 -135.893   1820.7    823.7
     1     1    19     8     3    20     0     2  -112.0   22.562 -135.640   1840.4    823.0
     1     1    19     8     3    19     0     1  -113.0   22.547 -135.393   1866.9    820.0
     1     1    19     8     3    18     0     0  -114.0   22.529 -135.153   1887.8    817.6
     1     1    19     8     3    17     0     1  -115.0   22.506 -134.917   1898.6    816.3
     1     1    19     8     3    16     0     2  -116.0   22.481 -134.680   1897.7    815.8
     1     1    19     8     3    15     0     3  -117.0   22.454 -134.435   1866.5    816.8
     1     1    19     8     3    14     0     2  -118.0   22.427 -134.175   1818.1    824.1
     1     1    19     8     3    13     0     1  -119.0   22.400 -133.904   1792.1    827.2
     1     1    19     8     3    12     0     0  -120.0   22.371 -133.625   1791.7    826.4
     1     1    19     8     3    11     0     1  -121.0   22.343 -133.340   1793.9    825.1
     1     1    19     8     3    10     0     2  -122.0   22.320 -133.047   1794.1    826.5
     1     1    19     8     3     9     0     3  -123.0   22.302 -132.744   1803.1    826.0
     1     1    19     8     3     8     0     2  -124.0   22.293 -132.436   1820.1    824.7
     1     1    19     8     3     7     0     1  -125.0   22.294 -132.126   1846.6    822.6
     1     1    19     8     3     6     0     0  -126.0   22.302 -131.812   1879.6    819.2
     1     1    19     8     3     5     0     1  -127.0   22.316 -131.501   1893.5    815.5
     1     1    19     8     3     4     0     2  -128.0   22.337 -131.192   1885.4    817.5
     1     1    19     8     3     3     0     3  -129.0   22.363 -130.885   1886.9    818.5
     1     1    19     8     3     2     0     2  -130.0   22.392 -130.574   1902.2    815.8
     1     1    19     8     3     1     0     1  -131.0   22.423 -130.252   1914.6    814.0
     1     1    19     8     3     0     0     0  -132.0   22.457 -129.919   1915.9    813.5
     1     1    19     8     2    23     0     1  -133.0   22.495 -129.576   1905.2    815.0
     1     1    19     8     2    22     0     2  -134.0   22.538 -129.222   1885.8    817.2
     1     1    19     8     2    21     0     3  -135.0   22.589 -128.857   1857.5    820.2
     1     1    19     8     2    20     0     2  -136.0   22.652 -128.488   1830.9    824.0
     1     1    19     8     2    19     0     1  -137.0   22.727 -128.121   1819.8    825.4
     1     1    19     8     2    18     0     0  -138.0   22.813 -127.754   1826.1    825.0
     1     1    19     8     2    17     0     1  -139.0   22.916 -127.383   1830.5    822.4
     1     1    19     8     2    16     0     2  -140.0   23.043 -127.004   1813.9    823.5
     1     1    19     8     2    15     0     3  -141.0   23.199 -126.624   1801.5    826.5
     1     1    19     8     2    14     0     2  -142.0   23.374 -126.256   1812.0    824.9
     1     1    19     8     2    13     0     1  -143.0   23.560 -125.912   1824.7    822.1
     1     1    19     8     2    12     0     0  -144.0   23.755 -125.597   1820.7    822.1
     1     1    19     8     2    11     0     1  -145.0   23.956 -125.301   1804.0    824.6
     1     1    19     8     2    10     0     2  -146.0   24.167 -125.013   1778.3    826.9
     1     1    19     8     2     9     0     3  -147.0   24.386 -124.732   1746.8    830.8
     1     1    19     8     2     8     0     2  -148.0   24.618 -124.465   1728.6    834.1
     1     1    19     8     2     7     0     1  -149.0   24.872 -124.221   1731.4    833.7
     1     1    19     8     2     6     0     0  -150.0   25.147 -124.003   1743.6    832.2
     1     1    19     8     2     5     0     1  -151.0   25.439 -123.820   1758.5    830.6
     1     1    19     8     2     4     0     2  -152.0   25.743 -123.687   1782.4    828.5
     1     1    19     8     2     3     0     3  -153.0   26.062 -123.612   1824.7    824.5
     1     1    19     8     2     2     0     2  -154.0   26.378 -123.588   1884.0    818.1
     1     1    19     8     2     1     0     1  -155.0   26.674 -123.605   1948.8    811.5
     1     1    19     8     2     0     0     0  -156.0   26.951 -123.672   2010.9    804.9
     1     1    19     8     1    23     0     1  -157.0   27.209 -123.782   2058.1    800.2
     1     1    19     8     1    22     0     2  -158.0   27.451 -123.926   2094.8    798.0
     1     1    19     8     1    21     0     3  -159.0   27.676 -124.099   2140.4    794.9
     1     1    19     8     1    20     0     2  -160.0   27.880 -124.295   2218.8    789.2
     1     1    19     8     1    19     0     1  -161.0   28.060 -124.512   2338.8    778.0
     1     1    19     8     1    18     0     0  -162.0   28.216 -124.747   2483.7    764.0
     1     1    19     8     1    17     0     1  -163.0   28.358 -124.995   2637.8    749.3
     1     1    19     8     1    16     0     2  -164.0   28.488 -125.249   2779.3    734.8
     1     1    19     8     1    15     0     3  -165.0   28.600 -125.503   2892.4    724.4
     1     1    19     8     1    14     0     2  -166.0   28.697 -125.763   2968.1    717.0
     1     1    19     8     1    13     0     1  -167.0   28.786 -126.031   3000.4    714.3
     1     1    19     8     1    12     0     0  -168.0   28.864 -126.305   3008.1    715.0
