     7     1
    GDAS    18    12     1     0     0
    GDAS    19     1     1     0     0
    GDAS    19     2     1     0     0
    GDAS    19     3     1     0     0
    GDAS    19     4     1     0     0
    GDAS    19     5     1     0     0
    GDAS    19     6     1     0     0
     1 BACKWARD OMEGA   
    19     1    10     6   21.319 -157.670    10.0
     1 PRESSURE
     1     1    19     1    10     6     0     0     0.0   21.319 -157.670     10.0   1015.7
     1     1    19     1    10     5     0     1    -1.0   21.398 -157.628     11.2   1015.3
     1     1    19     1    10     4     0     2    -2.0   21.447 -157.586     12.6   1014.8
     1     1    19     1    10     3     0     3    -3.0   21.469 -157.547     14.0   1014.2
     1     1    19     1    10     2     0     2    -4.0   21.471 -157.508     15.0   1014.0
     1     1    19     1    10     1     0     1    -5.0   21.462 -157.463     15.2   1013.9
     1     1    19     1    10     0     0     0    -6.0   21.441 -157.415     14.3   1013.9
     1     1    19     1     9    23     0     1    -7.0   21.423 -157.363     13.0   1013.8
     1     1    19     1     9    22     0     2    -8.0   21.422 -157.300     11.9   1013.7
     1     1    19     1     9    21     0     3    -9.0   21.437 -157.222     10.9   1013.5
     1     1    19     1     9    20     0     2   -10.0   21.454 -157.133     10.1   1013.3
     1     1    19     1     9    19     0     1   -11.0   21.463 -157.044      9.3   1013.0
     1     1    19     1     9    18     0     0   -12.0   21.465 -156.955      8.8   1013.0
     1     1    19     1     9    17     0     1   -13.0   21.456 -156.859      8.5   1013.5
     1     1    19     1     9    16     0     2   -14.0   21.436 -156.750      8.3   1014.0
     1     1    19     1     9    15     0     3   -15.0   21.407 -156.625      8.3   1014.7
     1     1    19     1     9    14     0     2   -16.0   21.375 -156.487      8.1   1015.2
     1     1    19     1     9    13     0     1   -17.0   21.346 -156.339      7.8   1015.6
     1     1    19     1     9    12     0     0   -18.0   21.320 -156.181      7.4   1015.8
     1     1    19     1     9    11     0     1   -19.0   21.295 -156.007      7.2   1017.5
     1     1    19     1     9    10     0     2   -20.0   21.276 -155.815      7.2   1017.9
     1     1    19     1     9     9     0     3   -21.0   21.269 -155.607      7.2   1018.0
     1     1    19     1     9     8     0     2   -22.0   21.280 -155.387      7.3   1017.3
     1     1    19     1     9     7     0     1   -23.0   21.310 -155.161      7.4   1016.7
     1     1    19     1     9     6     0     0   -24.0   21.357 -154.932      7.9   1016.3
     1     1    19     1     9     5     0     1   -25.0   21.411 -154.709      8.4   1016.1
     1     1    19     1     9     4     0     2   -26.0   21.467 -154.495      8.9   1015.9
     1     1    19     1     9     3     0     3   -27.0   21.526 -154.290      9.3   1015.7
     1     1    19     1     9     2     0     2   -28.0   21.587 -154.090      9.4   1015.8
     1     1    19     1     9     1     0     1   -29.0   21.646 -153.890      9.5   1015.8
     1     1    19     1     9     0     0     0   -30.0   21.705 -153.691      9.5   1015.9
     1     1    19     1     8    23     0     1   -31.0   21.765 -153.493      9.5   1017.0
     1     1    19     1     8    22     0     2   -32.0   21.829 -153.296      9.5   1018.0
     1     1    19     1     8    21     0     3   -33.0   21.897 -153.098      9.5   1019.1
     1     1    19     1     8    20     0     2   -34.0   21.970 -152.901      9.7   1019.1
     1     1    19     1     8    19     0     1   -35.0   22.050 -152.701     10.2   1019.0
     1     1    19     1     8    18     0     0   -36.0   22.134 -152.497     11.2   1018.8
     1     1    19     1     8    17     0     1   -37.0   22.230 -152.290     12.4   1018.4
     1     1    19     1     8    16     0     2   -38.0   22.345 -152.079     13.7   1017.9
     1     1    19     1     8    15     0     3   -39.0   22.478 -151.868     15.4   1017.5
     1     1    19     1     8    14     0     2   -40.0   22.622 -151.657     16.9   1017.1
     1     1    19     1     8    13     0     1   -41.0   22.774 -151.452     18.0   1016.9
     1     1    19     1     8    12     0     0   -42.0   22.937 -151.252     18.3   1016.9
     1     1    19     1     8    11     0     1   -43.0   23.108 -151.063     18.4   1017.0
     1     1    19     1     8    10     0     2   -44.0   23.284 -150.885     18.6   1017.4
     1     1    19     1     8     9     0     3   -45.0   23.464 -150.718     19.4   1018.2
     1     1    19     1     8     8     0     2   -46.0   23.653 -150.560     20.8   1018.3
     1     1    19     1     8     7     0     1   -47.0   23.852 -150.413     23.1   1017.8
     1     1    19     1     8     6     0     0   -48.0   24.061 -150.284     25.9   1016.8
     1     1    19     1     8     5     0     1   -49.0   24.282 -150.174     28.8   1016.0
     1     1    19     1     8     4     0     2   -50.0   24.517 -150.080     31.7   1015.2
     1     1    19     1     8     3     0     3   -51.0   24.764 -149.999     35.0   1014.2
     1     1    19     1     8     2     0     2   -52.0   25.018 -149.936     38.7   1013.8
     1     1    19     1     8     1     0     1   -53.0   25.277 -149.901     41.4   1013.6
     1     1    19     1     8     0     0     0   -54.0   25.542 -149.892     42.3   1013.5
     1     1    19     1     7    23     0     1   -55.0   25.817 -149.901     43.0   1014.5
     1     1    19     1     7    22     0     2   -56.0   26.100 -149.927     45.8   1015.2
     1     1    19     1     7    21     0     3   -57.0   26.384 -149.975     50.3   1015.6
     1     1    19     1     7    20     0     2   -58.0   26.670 -150.053     54.1   1014.9
     1     1    19     1     7    19     0     1   -59.0   26.956 -150.158     55.7   1014.8
     1     1    19     1     7    18     0     0   -60.0   27.244 -150.287     56.0   1014.9
     1     1    19     1     7    17     0     1   -61.0   27.541 -150.444     56.0   1014.0
     1     1    19     1     7    16     0     2   -62.0   27.849 -150.627     56.0   1013.6
     1     1    19     1     7    15     0     3   -63.0   28.170 -150.826     56.0   1013.3
     1     1    19     1     7    14     0     2   -64.0   28.494 -151.052     56.0   1012.4
     1     1    19     1     7    13     0     1   -65.0   28.807 -151.312     56.0   1011.8
     1     1    19     1     7    12     0     0   -66.0   29.113 -151.600     56.0   1011.4
     1     1    19     1     7    11     0     1   -67.0   29.408 -151.916     56.0   1011.2
     1     1    19     1     7    10     0     2   -68.0   29.687 -152.255     56.0   1011.2
     1     1    19     1     7     9     0     3   -69.0   29.953 -152.610     56.0   1010.8
     1     1    19     1     7     8     0     2   -70.0   30.225 -152.990     58.6   1010.7
     1     1    19     1     7     7     0     1   -71.0   30.518 -153.398     66.4   1009.6
     1     1    19     1     7     6     0     0   -72.0   30.827 -153.817     75.4   1007.5
     1     1    19     1     7     5     0     1   -73.0   31.139 -154.269     79.3   1005.5
     1     1    19     1     7     4     0     2   -74.0   31.467 -154.781     79.8   1004.7
     1     1    19     1     7     3     0     3   -75.0   31.840 -155.339     80.8   1003.5
     1     1    19     1     7     2     0     2   -76.0   32.228 -155.929     82.4   1002.3
     1     1    19     1     7     1     0     1   -77.0   32.606 -156.546     86.9   1001.4
     1     1    19     1     7     0     0     0   -78.0   33.010 -157.198     97.0    999.7
     1     1    19     1     6    23     0     1   -79.0   33.421 -157.858    110.5    997.5
     1     1    19     1     6    22     0     2   -80.0   33.812 -158.494    125.4    995.1
     1     1    19     1     6    21     0     3   -81.0   34.232 -159.086    141.2    992.7
     1     1    19     1     6    20     0     2   -82.0   34.680 -159.626    156.5    989.3
     1     1    19     1     6    19     0     1   -83.0   35.176 -160.084    174.3    986.2
     1     1    19     1     6    18     0     0   -84.0   35.761 -160.408    189.1    982.0
     1     1    19     1     6    17     0     1   -85.0   36.347 -160.641    190.5    980.3
     1     1    19     1     6    16     0     2   -86.0   36.910 -160.788    185.8    980.3
     1     1    19     1     6    15     0     3   -87.0   37.484 -160.819    180.9    980.2
     1     1    19     1     6    14     0     2   -88.0   38.033 -160.780    175.7    980.8
     1     1    19     1     6    13     0     1   -89.0   38.534 -160.707    169.2    982.1
     1     1    19     1     6    12     0     0   -90.0   38.985 -160.644    164.9    983.7
     1     1    19     1     6    11     0     1   -91.0   39.377 -160.609    162.9    984.3
     1     1    19     1     6    10     0     2   -92.0   39.702 -160.601    160.6    985.6
     1     1    19     1     6     9     0     3   -93.0   39.978 -160.620    159.6    986.7
     1     1    19     1     6     8     0     2   -94.0   40.239 -160.675    158.9    987.1
     1     1    19     1     6     7     0     1   -95.0   40.512 -160.779    159.8    987.9
     1     1    19     1     6     6     0     0   -96.0   40.795 -160.937    167.0    987.9
     1     1    19     1     6     5     0     1   -97.0   41.086 -161.159    178.7    985.7
     1     1    19     1     6     4     0     2   -98.0   41.387 -161.441    185.3    984.3
     1     1    19     1     6     3     0     3   -99.0   41.709 -161.776    186.5    984.2
     1     1    19     1     6     2     0     2  -100.0   42.063 -162.163    186.8    984.3
     1     1    19     1     6     1     0     1  -101.0   42.450 -162.596    188.0    984.0
     1     1    19     1     6     0     0     0  -102.0   42.869 -163.080    188.7    983.6
     1     1    19     1     5    23     0     1  -103.0   43.327 -163.600    194.1    983.4
     1     1    19     1     5    22     0     2  -104.0   43.818 -164.149    212.0    981.3
     1     1    19     1     5    21     0     3  -105.0   44.313 -164.704    235.1    977.6
     1     1    19     1     5    20     0     2  -106.0   44.818 -165.256    250.3    975.0
     1     1    19     1     5    19     0     1  -107.0   45.330 -165.792    261.5    974.2
     1     1    19     1     5    18     0     0  -108.0   45.836 -166.302    285.3    972.1
     1     1    19     1     5    17     0     1  -109.0   46.312 -166.809    314.7    965.1
     1     1    19     1     5    16     0     2  -110.0   46.747 -167.345    334.7    962.3
     1     1    19     1     5    15     0     3  -111.0   47.150 -167.922    349.8    960.0
     1     1    19     1     5    14     0     2  -112.0   47.493 -168.528    367.3    958.1
     1     1    19     1     5    13     0     1  -113.0   47.775 -169.158    394.0    954.8
     1     1    19     1     5    12     0     0  -114.0   48.001 -169.807    428.2    950.1
     1     1    19     1     5    11     0     1  -115.0   48.168 -170.471    455.3    944.6
     1     1    19     1     5    10     0     2  -116.0   48.302 -171.167    477.4    942.7
     1     1    19     1     5     9     0     3  -117.0   48.407 -171.893    507.5    938.3
     1     1    19     1     5     8     0     2  -118.0   48.479 -172.623    540.5    933.5
     1     1    19     1     5     7     0     1  -119.0   48.530 -173.336    576.4    929.3
     1     1    19     1     5     6     0     0  -120.0   48.547 -174.025    612.3    923.9
     1     1    19     1     5     5     0     1  -121.0   48.526 -174.725    645.0    920.0
     1     1    19     1     5     4     0     2  -122.0   48.474 -175.476    683.1    915.1
     1     1    19     1     5     3     0     3  -123.0   48.388 -176.268    732.5    908.2
     1     1    19     1     5     2     0     2  -124.0   48.278 -177.077    783.0    902.1
     1     1    19     1     5     1     0     1  -125.0   48.153 -177.896    838.3    896.0
     1     1    19     1     5     0     0     0  -126.0   47.997 -178.702    898.5    888.5
     1     1    19     1     4    23     0     1  -127.0   47.818 -179.525    939.3    883.2
     1     1    19     1     4    22     0     2  -128.0   47.648  179.610    957.7    881.4
     1     1    19     1     4    21     0     3  -129.0   47.487  178.719    978.8    878.0
     1     1    19     1     4    20     0     2  -130.0   47.347  177.790    983.3    877.4
     1     1    19     1     4    19     0     1  -131.0   47.237  176.820    991.2    875.9
     1     1    19     1     4    18     0     0  -132.0   47.148  175.833    988.8    875.0
     1     1    19     1     4    17     0     1  -133.0   47.087  174.825    973.7    877.0
     1     1    19     1     4    16     0     2  -134.0   47.072  173.811    958.0    878.1
     1     1    19     1     4    15     0     3  -135.0   47.085  172.822    943.2    879.8
     1     1    19     1     4    14     0     2  -136.0   47.126  171.873    932.5    880.8
     1     1    19     1     4    13     0     1  -137.0   47.191  170.980    923.8    882.7
     1     1    19     1     4    12     0     0  -138.0   47.255  170.139    925.8    881.8
     1     1    19     1     4    11     0     1  -139.0   47.322  169.332    922.2    882.6
     1     1    19     1     4    10     0     2  -140.0   47.405  168.567    916.5    883.5
     1     1    19     1     4     9     0     3  -141.0   47.501  167.822    907.2    884.7
     1     1    19     1     4     8     0     2  -142.0   47.606  167.087    905.8    885.4
     1     1    19     1     4     7     0     1  -143.0   47.728  166.356    907.5    884.1
     1     1    19     1     4     6     0     0  -144.0   47.873  165.609    912.7    884.5
     1     1    19     1     4     5     0     1  -145.0   48.051  164.845    928.2    881.3
     1     1    19     1     4     4     0     2  -146.0   48.256  164.109    919.2    881.7
     1     1    19     1     4     3     0     3  -147.0   48.486  163.386    876.3    885.4
     1     1    19     1     4     2     0     2  -148.0   48.744  162.674    819.4    893.3
     1     1    19     1     4     1     0     1  -149.0   49.050  161.946    769.5    900.0
     1     1    19     1     4     0     0     0  -150.0   49.399  161.284    699.3    904.1
     1     1    19     1     3    23     0     1  -151.0   49.755  160.730    607.8    919.0
     1     1    19     1     3    22     0     2  -152.0   50.127  160.204    563.7    929.2
     1     1    19     1     3    21     0     3  -153.0   50.534  159.746    551.7    923.1
     1     1    19     1     3    20     0     2  -154.0   50.931  159.418    505.9    928.8
     1     1    19     1     3    19     0     1  -155.0   51.300  159.167    449.7    938.1
     1     1    19     1     3    18     0     0  -156.0   51.660  158.968    397.1    942.7
     1     1    19     1     3    17     0     1  -157.0   51.998  158.854    361.3    945.3
     1     1    19     1     3    16     0     2  -158.0   52.299  158.801    359.2    942.5
     1     1    19     1     3    15     0     3  -159.0   52.543  158.750    396.2    932.5
     1     1    19     1     3    14     0     2  -160.0   52.733  158.707    441.3    921.6
     1     1    19     1     3    13     0     1  -161.0   52.877  158.671    476.9    913.6
     1     1    19     1     3    12     0     0  -162.0   52.981  158.634    502.5    907.5
     1     1    19     1     3    11     0     1  -163.0   53.066  158.619    526.6    901.3
     1     1    19     1     3    10     0     2  -164.0   53.147  158.661    556.6    896.5
     1     1    19     1     3     9     0     3  -165.0   53.227  158.763    595.6    894.9
     1     1    19     1     3     8     0     2  -166.0   53.298  158.904    644.1    894.0
     1     1    19     1     3     7     0     1  -167.0   53.351  159.044    696.3    890.9
     1     1    19     1     3     6     0     0  -168.0   53.383  159.168    750.9    884.4
