     7     1
    GDAS    19     6     1     0     0
    GDAS    19     7     1     0     0
    GDAS    19     8     1     0     0
    GDAS    19     9     1     0     0
    GDAS    19    10     1     0     0
    GDAS    19    11     1     0     0
    GDAS    19    12     1     0     0
     1 BACKWARD OMEGA   
    19     8    15    12   21.319 -157.670    10.0
     1 PRESSURE
     1     1    19     8    15    12     0     0     0.0   21.319 -157.670     10.0   1013.4
     1     1    19     8    15    11     0     1    -1.0   21.258 -157.517     20.0   1010.5
     1     1    19     8    15    10     0     2    -2.0   21.210 -157.395     29.6   1007.0
     1     1    19     8    15     9     0     3    -3.0   21.165 -157.307     22.3   1006.0
     1     1    19     8    15     8     0     2    -4.0   21.146 -157.239     17.1   1008.6
     1     1    19     8    15     7     0     1    -5.0   21.169 -157.162     29.7   1005.7
     1     1    19     8    15     6     0     0    -6.0   21.224 -157.057     83.2   1000.4
     1     1    19     8    15     5     0     1    -7.0   21.267 -156.905    136.0    989.9
     1     1    19     8    15     4     0     2    -8.0   21.266 -156.709    163.9    987.9
     1     1    19     8    15     3     0     3    -9.0   21.223 -156.470    176.0    988.5
     1     1    19     8    15     2     0     2   -10.0   21.146 -156.181    189.2    990.8
     1     1    19     8    15     1     0     1   -11.0   21.042 -155.840    212.7    989.7
     1     1    19     8    15     0     0     0   -12.0   20.932 -155.498    248.8    986.2
     1     1    19     8    14    23     0     1   -13.0   20.824 -155.189    291.4    980.9
     1     1    19     8    14    22     0     2   -14.0   20.710 -154.901    333.3    976.8
     1     1    19     8    14    21     0     3   -15.0   20.589 -154.621    382.7    972.4
     1     1    19     8    14    20     0     2   -16.0   20.475 -154.349    424.0    965.8
     1     1    19     8    14    19     0     1   -17.0   20.378 -154.079    429.6    964.2
     1     1    19     8    14    18     0     0   -18.0   20.296 -153.800    403.3    967.9
     1     1    19     8    14    17     0     1   -19.0   20.219 -153.513    370.9    972.8
     1     1    19     8    14    16     0     2   -20.0   20.139 -153.215    345.9    975.0
     1     1    19     8    14    15     0     3   -21.0   20.063 -152.897    325.4    977.0
     1     1    19     8    14    14     0     2   -22.0   20.004 -152.573    313.2    979.0
     1     1    19     8    14    13     0     1   -23.0   19.968 -152.254    311.1    979.1
     1     1    19     8    14    12     0     0   -24.0   19.948 -151.939    314.2    978.6
     1     1    19     8    14    11     0     1   -25.0   19.938 -151.631    319.4    978.5
     1     1    19     8    14    10     0     2   -26.0   19.932 -151.335    324.6    978.3
     1     1    19     8    14     9     0     3   -27.0   19.931 -151.049    326.8    978.4
     1     1    19     8    14     8     0     2   -28.0   19.931 -150.768    327.0    978.6
     1     1    19     8    14     7     0     1   -29.0   19.928 -150.485    327.5    978.4
     1     1    19     8    14     6     0     0   -30.0   19.923 -150.202    327.8    978.2
     1     1    19     8    14     5     0     1   -31.0   19.918 -149.915    327.5    977.9
     1     1    19     8    14     4     0     2   -32.0   19.916 -149.621    330.3    977.5
     1     1    19     8    14     3     0     3   -33.0   19.922 -149.323    341.9    976.2
     1     1    19     8    14     2     0     2   -34.0   19.934 -149.027    360.7    973.6
     1     1    19     8    14     1     0     1   -35.0   19.948 -148.736    378.2    971.4
     1     1    19     8    14     0     0     0   -36.0   19.964 -148.453    396.4    970.0
     1     1    19     8    13    23     0     1   -37.0   19.980 -148.166    417.0    967.9
     1     1    19     8    13    22     0     2   -38.0   19.990 -147.860    433.8    966.1
     1     1    19     8    13    21     0     3   -39.0   19.996 -147.537    442.6    965.4
     1     1    19     8    13    20     0     2   -40.0   20.007 -147.210    457.1    965.8
     1     1    19     8    13    19     0     1   -41.0   20.025 -146.889    493.1    961.9
     1     1    19     8    13    18     0     0   -42.0   20.047 -146.570    531.7    955.7
     1     1    19     8    13    17     0     1   -43.0   20.078 -146.250    545.1    953.1
     1     1    19     8    13    16     0     2   -44.0   20.114 -145.929    541.3    954.6
     1     1    19     8    13    15     0     3   -45.0   20.151 -145.607    543.0    955.0
     1     1    19     8    13    14     0     2   -46.0   20.188 -145.284    560.7    953.1
     1     1    19     8    13    13     0     1   -47.0   20.215 -144.967    600.3    949.3
     1     1    19     8    13    12     0     0   -48.0   20.229 -144.658    660.5    942.2
     1     1    19     8    13    11     0     1   -49.0   20.228 -144.349    712.1    934.1
     1     1    19     8    13    10     0     2   -50.0   20.223 -144.026    727.8    932.5
     1     1    19     8    13     9     0     3   -51.0   20.224 -143.689    720.8    935.4
     1     1    19     8    13     8     0     2   -52.0   20.240 -143.342    720.6    936.9
     1     1    19     8    13     7     0     1   -53.0   20.274 -142.993    733.7    934.8
     1     1    19     8    13     6     0     0   -54.0   20.320 -142.647    754.6    932.6
     1     1    19     8    13     5     0     1   -55.0   20.376 -142.315    781.1    929.1
     1     1    19     8    13     4     0     2   -56.0   20.441 -141.998    802.9    925.8
     1     1    19     8    13     3     0     3   -57.0   20.514 -141.692    821.1    924.5
     1     1    19     8    13     2     0     2   -58.0   20.591 -141.402    845.6    922.0
     1     1    19     8    13     1     0     1   -59.0   20.669 -141.122    878.4    918.3
     1     1    19     8    13     0     0     0   -60.0   20.746 -140.846    915.6    913.5
     1     1    19     8    12    23     0     1   -61.0   20.811 -140.571    945.9    909.9
     1     1    19     8    12    22     0     2   -62.0   20.857 -140.297    958.3    908.7
     1     1    19     8    12    21     0     3   -63.0   20.885 -140.020    945.8    910.3
     1     1    19     8    12    20     0     2   -64.0   20.908 -139.736    932.7    914.9
     1     1    19     8    12    19     0     1   -65.0   20.933 -139.447    943.2    913.6
     1     1    19     8    12    18     0     0   -66.0   20.960 -139.151    974.6    910.2
     1     1    19     8    12    17     0     1   -67.0   20.989 -138.852   1022.1    904.4
     1     1    19     8    12    16     0     2   -68.0   21.017 -138.555   1071.6    898.2
     1     1    19     8    12    15     0     3   -69.0   21.048 -138.258   1112.2    893.6
     1     1    19     8    12    14     0     2   -70.0   21.084 -137.962   1137.5    890.4
     1     1    19     8    12    13     0     1   -71.0   21.121 -137.665   1150.4    889.5
     1     1    19     8    12    12     0     0   -72.0   21.157 -137.364   1160.5    888.5
     1     1    19     8    12    11     0     1   -73.0   21.193 -137.052   1171.2    887.9
     1     1    19     8    12    10     0     2   -74.0   21.230 -136.726   1178.4    887.1
     1     1    19     8    12     9     0     3   -75.0   21.271 -136.388   1178.3    887.6
     1     1    19     8    12     8     0     2   -76.0   21.320 -136.043   1183.3    888.3
     1     1    19     8    12     7     0     1   -77.0   21.376 -135.699   1194.2    886.0
     1     1    19     8    12     6     0     0   -78.0   21.443 -135.358   1199.3    885.3
     1     1    19     8    12     5     0     1   -79.0   21.524 -135.026   1201.8    885.2
     1     1    19     8    12     4     0     2   -80.0   21.616 -134.710   1212.8    884.4
     1     1    19     8    12     3     0     3   -81.0   21.716 -134.413   1236.7    881.4
     1     1    19     8    12     2     0     2   -82.0   21.811 -134.135   1260.2    877.6
     1     1    19     8    12     1     0     1   -83.0   21.896 -133.875   1270.4    876.1
     1     1    19     8    12     0     0     0   -84.0   21.970 -133.626   1269.6    876.4
     1     1    19     8    11    23     0     1   -85.0   22.035 -133.378   1271.6    877.5
     1     1    19     8    11    22     0     2   -86.0   22.093 -133.125   1283.2    876.4
     1     1    19     8    11    21     0     3   -87.0   22.145 -132.869   1300.8    874.9
     1     1    19     8    11    20     0     2   -88.0   22.193 -132.613   1326.1    872.6
     1     1    19     8    11    19     0     1   -89.0   22.239 -132.360   1360.6    869.2
     1     1    19     8    11    18     0     0   -90.0   22.280 -132.110   1403.9    865.0
     1     1    19     8    11    17     0     1   -91.0   22.315 -131.868   1442.7    859.6
     1     1    19     8    11    16     0     2   -92.0   22.345 -131.635   1467.4    857.4
     1     1    19     8    11    15     0     3   -93.0   22.370 -131.410   1485.5    855.8
     1     1    19     8    11    14     0     2   -94.0   22.389 -131.187   1503.6    853.9
     1     1    19     8    11    13     0     1   -95.0   22.405 -130.965   1520.0    851.4
     1     1    19     8    11    12     0     0   -96.0   22.418 -130.742   1533.8    850.1
     1     1    19     8    11    11     0     1   -97.0   22.435 -130.519   1550.9    848.9
     1     1    19     8    11    10     0     2   -98.0   22.462 -130.294   1571.2    847.0
     1     1    19     8    11     9     0     3   -99.0   22.497 -130.070   1590.4    845.2
     1     1    19     8    11     8     0     2  -100.0   22.543 -129.848   1599.9    843.6
     1     1    19     8    11     7     0     1  -101.0   22.600 -129.632   1593.0    844.4
     1     1    19     8    11     6     0     0  -102.0   22.670 -129.419   1568.8    846.8
     1     1    19     8    11     5     0     1  -103.0   22.754 -129.214   1540.3    850.8
     1     1    19     8    11     4     0     2  -104.0   22.850 -129.026   1516.3    852.4
     1     1    19     8    11     3     0     3  -105.0   22.958 -128.856   1495.2    854.6
     1     1    19     8    11     2     0     2  -106.0   23.068 -128.700   1483.0    855.9
     1     1    19     8    11     1     0     1  -107.0   23.174 -128.554   1481.1    855.6
     1     1    19     8    11     0     0     0  -108.0   23.274 -128.419   1484.2    854.7
     1     1    19     8    10    23     0     1  -109.0   23.366 -128.288   1488.1    854.6
     1     1    19     8    10    22     0     2  -110.0   23.449 -128.153   1491.3    854.5
     1     1    19     8    10    21     0     3  -111.0   23.524 -128.017   1492.7    854.7
     1     1    19     8    10    20     0     2  -112.0   23.594 -127.881   1499.1    854.9
     1     1    19     8    10    19     0     1  -113.0   23.660 -127.750   1516.8    853.1
     1     1    19     8    10    18     0     0  -114.0   23.719 -127.624   1544.0    850.4
     1     1    19     8    10    17     0     1  -115.0   23.768 -127.502   1571.4    846.4
     1     1    19     8    10    16     0     2  -116.0   23.807 -127.380   1593.1    844.0
     1     1    19     8    10    15     0     3  -117.0   23.838 -127.259   1613.6    841.8
     1     1    19     8    10    14     0     2  -118.0   23.865 -127.140   1629.5    839.5
     1     1    19     8    10    13     0     1  -119.0   23.892 -127.022   1634.4    838.6
     1     1    19     8    10    12     0     0  -120.0   23.917 -126.904   1626.3    839.1
     1     1    19     8    10    11     0     1  -121.0   23.949 -126.783   1616.6    841.5
     1     1    19     8    10    10     0     2  -122.0   23.993 -126.658   1615.9    841.6
     1     1    19     8    10     9     0     3  -123.0   24.051 -126.531   1621.5    841.1
     1     1    19     8    10     8     0     2  -124.0   24.119 -126.408   1632.6    840.3
     1     1    19     8    10     7     0     1  -125.0   24.194 -126.297   1650.6    838.9
     1     1    19     8    10     6     0     0  -126.0   24.275 -126.199   1677.7    836.7
     1     1    19     8    10     5     0     1  -127.0   24.360 -126.117   1706.5    832.8
     1     1    19     8    10     4     0     2  -128.0   24.447 -126.053   1727.3    830.4
     1     1    19     8    10     3     0     3  -129.0   24.538 -126.004   1738.2    828.9
     1     1    19     8    10     2     0     2  -130.0   24.626 -125.963   1747.1    828.9
     1     1    19     8    10     1     0     1  -131.0   24.704 -125.928   1764.4    827.3
     1     1    19     8    10     0     0     0  -132.0   24.770 -125.897   1792.0    824.7
     1     1    19     8     9    23     0     1  -133.0   24.824 -125.871   1825.1    821.1
     1     1    19     8     9    22     0     2  -134.0   24.868 -125.848   1855.8    818.3
     1     1    19     8     9    21     0     3  -135.0   24.903 -125.827   1881.3    815.8
     1     1    19     8     9    20     0     2  -136.0   24.935 -125.805   1906.7    814.1
     1     1    19     8     9    19     0     1  -137.0   24.971 -125.784   1938.5    811.2
     1     1    19     8     9    18     0     0  -138.0   25.010 -125.764   1978.2    807.6
     1     1    19     8     9    17     0     1  -139.0   25.056 -125.746   2017.1    802.8
     1     1    19     8     9    16     0     2  -140.0   25.110 -125.733   2046.5    799.9
     1     1    19     8     9    15     0     3  -141.0   25.177 -125.724   2067.3    797.7
     1     1    19     8     9    14     0     2  -142.0   25.248 -125.725   2089.0    796.2
     1     1    19     8     9    13     0     1  -143.0   25.320 -125.741   2119.2    793.0
     1     1    19     8     9    12     0     0  -144.0   25.392 -125.773   2156.0    789.2
     1     1    19     8     9    11     0     1  -145.0   25.463 -125.818   2188.7    785.6
     1     1    19     8     9    10     0     2  -146.0   25.525 -125.871   2208.1    784.1
     1     1    19     8     9     9     0     3  -147.0   25.578 -125.932   2213.2    783.9
     1     1    19     8     9     8     0     2  -148.0   25.624 -125.990   2206.6    785.1
     1     1    19     8     9     7     0     1  -149.0   25.669 -126.036   2192.8    786.6
     1     1    19     8     9     6     0     0  -150.0   25.711 -126.068   2170.0    788.8
     1     1    19     8     9     5     0     1  -151.0   25.757 -126.092   2147.1    791.7
     1     1    19     8     9     4     0     2  -152.0   25.811 -126.116   2139.2    792.5
     1     1    19     8     9     3     0     3  -153.0   25.872 -126.140   2153.6    791.3
     1     1    19     8     9     2     0     2  -154.0   25.933 -126.166   2183.0    787.4
     1     1    19     8     9     1     0     1  -155.0   25.992 -126.191   2213.3    784.3
     1     1    19     8     9     0     0     0  -156.0   26.047 -126.216   2239.1    781.5
     1     1    19     8     8    23     0     1  -157.0   26.102 -126.243   2262.9    780.3
     1     1    19     8     8    22     0     2  -158.0   26.156 -126.275   2289.4    778.1
     1     1    19     8     8    21     0     3  -159.0   26.211 -126.310   2316.9    775.9
     1     1    19     8     8    20     0     2  -160.0   26.266 -126.348   2338.3    773.4
     1     1    19     8     8    19     0     1  -161.0   26.316 -126.388   2349.4    772.7
     1     1    19     8     8    18     0     0  -162.0   26.362 -126.429   2352.7    772.6
     1     1    19     8     8    17     0     1  -163.0   26.411 -126.472   2352.7    772.8
     1     1    19     8     8    16     0     2  -164.0   26.471 -126.514   2353.8    772.6
     1     1    19     8     8    15     0     3  -165.0   26.541 -126.555   2358.1    772.1
     1     1    19     8     8    14     0     2  -166.0   26.619 -126.599   2369.3    771.0
     1     1    19     8     8    13     0     1  -167.0   26.703 -126.653   2391.1    768.8
     1     1    19     8     8    12     0     0  -168.0   26.798 -126.718   2424.9    765.4
