     7     1
    GDAS    19     6     1     0     0
    GDAS    19     7     1     0     0
    GDAS    19     8     1     0     0
    GDAS    19     9     1     0     0
    GDAS    19    10     1     0     0
    GDAS    19    11     1     0     0
    GDAS    19    12     1     0     0
     1 BACKWARD OMEGA   
    19     7    16     0   21.319 -157.670    10.0
     1 PRESSURE
     1     1    19     7    16     0     0     0     0.0   21.319 -157.670     10.0   1012.3
     1     1    19     7    15    23     0     1    -1.0   21.411 -157.447     67.8   1007.4
     1     1    19     7    15    22     0     2    -2.0   21.477 -157.214    184.2    990.0
     1     1    19     7    15    21     0     3    -3.0   21.505 -156.982    303.8    975.6
     1     1    19     7    15    20     0     2    -4.0   21.510 -156.752    403.7    964.1
     1     1    19     7    15    19     0     1    -5.0   21.504 -156.519    470.7    958.3
     1     1    19     7    15    18     0     0    -6.0   21.488 -156.285    519.1    954.7
     1     1    19     7    15    17     0     1    -7.0   21.457 -156.050    553.6    951.6
     1     1    19     7    15    16     0     2    -8.0   21.419 -155.816    570.9    949.8
     1     1    19     7    15    15     0     3    -9.0   21.385 -155.584    575.6    949.6
     1     1    19     7    15    14     0     2   -10.0   21.358 -155.351    579.3    949.9
     1     1    19     7    15    13     0     1   -11.0   21.338 -155.118    592.2    948.8
     1     1    19     7    15    12     0     0   -12.0   21.325 -154.885    618.1    946.1
     1     1    19     7    15    11     0     1   -13.0   21.318 -154.649    647.0    942.4
     1     1    19     7    15    10     0     2   -14.0   21.314 -154.406    668.2    940.5
     1     1    19     7    15     9     0     3   -15.0   21.310 -154.155    680.4    939.5
     1     1    19     7    15     8     0     2   -16.0   21.313 -153.898    683.8    939.0
     1     1    19     7    15     7     0     1   -17.0   21.330 -153.634    680.0    939.2
     1     1    19     7    15     6     0     0   -18.0   21.360 -153.366    671.5    940.2
     1     1    19     7    15     5     0     1   -19.0   21.404 -153.096    675.3    941.3
     1     1    19     7    15     4     0     2   -20.0   21.466 -152.824    703.7    937.6
     1     1    19     7    15     3     0     3   -21.0   21.543 -152.548    748.9    931.8
     1     1    19     7    15     2     0     2   -22.0   21.624 -152.274    796.4    926.0
     1     1    19     7    15     1     0     1   -23.0   21.700 -152.007    842.6    921.8
     1     1    19     7    15     0     0     0   -24.0   21.771 -151.743    898.9    916.5
     1     1    19     7    14    23     0     1   -25.0   21.837 -151.484    967.0    909.2
     1     1    19     7    14    22     0     2   -26.0   21.900 -151.231   1036.3    901.6
     1     1    19     7    14    21     0     3   -27.0   21.962 -150.985   1091.5    895.7
     1     1    19     7    14    20     0     2   -28.0   22.023 -150.743   1124.1    892.0
     1     1    19     7    14    19     0     1   -29.0   22.082 -150.505   1137.1    890.9
     1     1    19     7    14    18     0     0   -30.0   22.138 -150.274   1137.9    890.9
     1     1    19     7    14    17     0     1   -31.0   22.198 -150.052   1144.2    891.5
     1     1    19     7    14    16     0     2   -32.0   22.263 -149.836   1166.6    888.7
     1     1    19     7    14    15     0     3   -33.0   22.333 -149.631   1196.6    884.7
     1     1    19     7    14    14     0     2   -34.0   22.404 -149.436   1219.8    881.0
     1     1    19     7    14    13     0     1   -35.0   22.467 -149.246   1230.8    879.8
     1     1    19     7    14    12     0     0   -36.0   22.522 -149.061   1234.1    879.3
     1     1    19     7    14    11     0     1   -37.0   22.574 -148.871   1242.9    880.3
     1     1    19     7    14    10     0     2   -38.0   22.627 -148.673   1268.6    878.3
     1     1    19     7    14     9     0     3   -39.0   22.683 -148.467   1309.1    874.6
     1     1    19     7    14     8     0     2   -40.0   22.750 -148.258   1350.2    868.9
     1     1    19     7    14     7     0     1   -41.0   22.831 -148.048   1381.5    865.6
     1     1    19     7    14     6     0     0   -42.0   22.924 -147.833   1400.2    863.1
     1     1    19     7    14     5     0     1   -43.0   23.024 -147.626   1405.3    862.7
     1     1    19     7    14     4     0     2   -44.0   23.129 -147.440   1405.4    863.0
     1     1    19     7    14     3     0     3   -45.0   23.237 -147.274   1408.6    862.9
     1     1    19     7    14     2     0     2   -46.0   23.346 -147.124   1413.9    861.9
     1     1    19     7    14     1     0     1   -47.0   23.451 -146.985   1415.4    861.5
     1     1    19     7    14     0     0     0   -48.0   23.551 -146.855   1409.8    861.9
     1     1    19     7    13    23     0     1   -49.0   23.638 -146.731   1407.0    863.5
     1     1    19     7    13    22     0     2   -50.0   23.709 -146.614   1417.2    862.7
     1     1    19     7    13    21     0     3   -51.0   23.766 -146.505   1438.4    860.7
     1     1    19     7    13    20     0     2   -52.0   23.818 -146.400   1465.4    857.6
     1     1    19     7    13    19     0     1   -53.0   23.873 -146.295   1498.0    854.8
     1     1    19     7    13    18     0     0   -54.0   23.929 -146.193   1546.3    850.4
     1     1    19     7    13    17     0     1   -55.0   23.975 -146.099   1600.2    842.9
     1     1    19     7    13    16     0     2   -56.0   24.000 -146.010   1638.0    838.3
     1     1    19     7    13    15     0     3   -57.0   24.005 -145.923   1651.0    836.2
     1     1    19     7    13    14     0     2   -58.0   23.998 -145.829   1650.4    837.7
     1     1    19     7    13    13     0     1   -59.0   23.992 -145.723   1653.3    837.5
     1     1    19     7    13    12     0     0   -60.0   23.985 -145.608   1662.9    836.6
     1     1    19     7    13    11     0     1   -61.0   23.982 -145.486   1676.5    835.3
     1     1    19     7    13    10     0     2   -62.0   23.988 -145.360   1688.5    834.4
     1     1    19     7    13     9     0     3   -63.0   24.001 -145.230   1695.8    834.0
     1     1    19     7    13     8     0     2   -64.0   24.022 -145.099   1696.9    833.7
     1     1    19     7    13     7     0     1   -65.0   24.059 -144.972   1691.3    834.1
     1     1    19     7    13     6     0     0   -66.0   24.111 -144.848   1678.9    835.3
     1     1    19     7    13     5     0     1   -67.0   24.170 -144.729   1661.7    836.8
     1     1    19     7    13     4     0     2   -68.0   24.225 -144.615   1640.0    838.6
     1     1    19     7    13     3     0     3   -69.0   24.274 -144.507   1613.1    841.0
     1     1    19     7    13     2     0     2   -70.0   24.316 -144.403   1590.5    844.3
     1     1    19     7    13     1     0     1   -71.0   24.350 -144.306   1581.0    845.2
     1     1    19     7    13     0     0     0   -72.0   24.377 -144.213   1583.9    844.9
     1     1    19     7    12    23     0     1   -73.0   24.397 -144.124   1594.3    843.7
     1     1    19     7    12    22     0     2   -74.0   24.406 -144.036   1607.8    842.7
     1     1    19     7    12    21     0     3   -75.0   24.405 -143.947   1626.1    841.3
     1     1    19     7    12    20     0     2   -76.0   24.399 -143.859   1647.0    838.9
     1     1    19     7    12    19     0     1   -77.0   24.394 -143.772   1665.9    836.9
     1     1    19     7    12    18     0     0   -78.0   24.390 -143.685   1679.7    835.4
     1     1    19     7    12    17     0     1   -79.0   24.381 -143.589   1693.2    834.4
     1     1    19     7    12    16     0     2   -80.0   24.363 -143.475   1714.0    832.1
     1     1    19     7    12    15     0     3   -81.0   24.336 -143.344   1744.0    829.0
     1     1    19     7    12    14     0     2   -82.0   24.313 -143.204   1779.0    825.1
     1     1    19     7    12    13     0     1   -83.0   24.305 -143.066   1813.7    821.7
     1     1    19     7    12    12     0     0   -84.0   24.313 -142.934   1846.3    818.4
     1     1    19     7    12    11     0     1   -85.0   24.330 -142.800   1868.2    816.1
     1     1    19     7    12    10     0     2   -86.0   24.350 -142.656   1876.7    816.1
     1     1    19     7    12     9     0     3   -87.0   24.370 -142.502   1880.3    816.6
     1     1    19     7    12     8     0     2   -88.0   24.392 -142.345   1889.2    816.3
     1     1    19     7    12     7     0     1   -89.0   24.412 -142.186   1905.4    814.3
     1     1    19     7    12     6     0     0   -90.0   24.426 -142.027   1921.2    812.3
     1     1    19     7    12     5     0     1   -91.0   24.440 -141.868   1931.1    810.9
     1     1    19     7    12     4     0     2   -92.0   24.463 -141.713   1935.5    810.5
     1     1    19     7    12     3     0     3   -93.0   24.493 -141.560   1938.7    810.1
     1     1    19     7    12     2     0     2   -94.0   24.526 -141.411   1946.4    809.7
     1     1    19     7    12     1     0     1   -95.0   24.555 -141.268   1960.3    808.3
     1     1    19     7    12     0     0     0   -96.0   24.577 -141.130   1977.2    806.5
     1     1    19     7    11    23     0     1   -97.0   24.594 -140.994   1995.9    805.0
     1     1    19     7    11    22     0     2   -98.0   24.610 -140.854   2016.7    803.4
     1     1    19     7    11    21     0     3   -99.0   24.626 -140.709   2039.3    801.5
     1     1    19     7    11    20     0     2  -100.0   24.643 -140.561   2059.8    799.3
     1     1    19     7    11    19     0     1  -101.0   24.661 -140.414   2075.5    797.8
     1     1    19     7    11    18     0     0  -102.0   24.678 -140.268   2086.2    796.9
     1     1    19     7    11    17     0     1  -103.0   24.694 -140.121   2096.9    796.1
     1     1    19     7    11    16     0     2  -104.0   24.708 -139.978   2113.7    794.5
     1     1    19     7    11    15     0     3  -105.0   24.722 -139.840   2136.6    792.0
     1     1    19     7    11    14     0     2  -106.0   24.738 -139.705   2157.9    789.2
     1     1    19     7    11    13     0     1  -107.0   24.754 -139.569   2173.0    787.6
     1     1    19     7    11    12     0     0  -108.0   24.766 -139.431   2184.0    786.4
     1     1    19     7    11    11     0     1  -109.0   24.777 -139.287   2193.4    786.0
     1     1    19     7    11    10     0     2  -110.0   24.788 -139.135   2201.8    785.6
     1     1    19     7    11     9     0     3  -111.0   24.801 -138.977   2207.5    785.4
     1     1    19     7    11     8     0     2  -112.0   24.819 -138.815   2212.7    785.2
     1     1    19     7    11     7     0     1  -113.0   24.845 -138.650   2219.7    784.5
     1     1    19     7    11     6     0     0  -114.0   24.878 -138.483   2227.4    783.8
     1     1    19     7    11     5     0     1  -115.0   24.919 -138.322   2235.2    782.9
     1     1    19     7    11     4     0     2  -116.0   24.970 -138.174   2243.1    782.0
     1     1    19     7    11     3     0     3  -117.0   25.031 -138.041   2252.0    781.0
     1     1    19     7    11     2     0     2  -118.0   25.094 -137.920   2263.2    780.1
     1     1    19     7    11     1     0     1  -119.0   25.149 -137.810   2277.0    778.7
     1     1    19     7    11     0     0     0  -120.0   25.199 -137.709   2293.2    777.2
     1     1    19     7    10    23     0     1  -121.0   25.245 -137.606   2315.5    775.7
     1     1    19     7    10    22     0     2  -122.0   25.286 -137.492   2348.8    772.9
     1     1    19     7    10    21     0     3  -123.0   25.323 -137.370   2394.7    769.0
     1     1    19     7    10    20     0     2  -124.0   25.364 -137.253   2435.1    763.5
     1     1    19     7    10    19     0     1  -125.0   25.420 -137.149   2450.6    762.0
     1     1    19     7    10    18     0     0  -126.0   25.489 -137.057   2440.0    763.0
     1     1    19     7    10    17     0     1  -127.0   25.570 -136.976   2425.1    766.2
     1     1    19     7    10    16     0     2  -128.0   25.657 -136.905   2427.1    765.8
     1     1    19     7    10    15     0     3  -129.0   25.752 -136.847   2443.6    764.0
     1     1    19     7    10    14     0     2  -130.0   25.846 -136.801   2462.7    761.0
     1     1    19     7    10    13     0     1  -131.0   25.933 -136.767   2474.2    759.6
     1     1    19     7    10    12     0     0  -132.0   26.011 -136.746   2478.1    758.9
     1     1    19     7    10    11     0     1  -133.0   26.084 -136.733   2483.2    759.6
     1     1    19     7    10    10     0     2  -134.0   26.154 -136.721   2498.1    758.6
     1     1    19     7    10     9     0     3  -135.0   26.221 -136.710   2522.4    756.7
     1     1    19     7    10     8     0     2  -136.0   26.289 -136.701   2545.7    753.9
     1     1    19     7    10     7     0     1  -137.0   26.365 -136.696   2558.8    752.9
     1     1    19     7    10     6     0     0  -138.0   26.448 -136.694   2563.7    752.8
     1     1    19     7    10     5     0     1  -139.0   26.536 -136.697   2567.7    752.8
     1     1    19     7    10     4     0     2  -140.0   26.627 -136.710   2575.3    751.9
     1     1    19     7    10     3     0     3  -141.0   26.718 -136.732   2584.0    750.9
     1     1    19     7    10     2     0     2  -142.0   26.808 -136.765   2592.3    749.9
     1     1    19     7    10     1     0     1  -143.0   26.899 -136.814   2599.6    749.1
     1     1    19     7    10     0     0     0  -144.0   26.989 -136.879   2605.0    748.4
     1     1    19     7     9    23     0     1  -145.0   27.077 -136.955   2607.9    748.5
     1     1    19     7     9    22     0     2  -146.0   27.162 -137.038   2609.1    748.8
     1     1    19     7     9    21     0     3  -147.0   27.246 -137.126   2608.6    749.1
     1     1    19     7     9    20     0     2  -148.0   27.329 -137.216   2606.9    749.3
     1     1    19     7     9    19     0     1  -149.0   27.410 -137.306   2606.2    749.3
     1     1    19     7     9    18     0     0  -150.0   27.492 -137.401   2607.7    749.2
     1     1    19     7     9    17     0     1  -151.0   27.577 -137.502   2607.0    748.5
     1     1    19     7     9    16     0     2  -152.0   27.669 -137.606   2599.9    748.9
     1     1    19     7     9    15     0     3  -153.0   27.764 -137.717   2588.4    749.7
     1     1    19     7     9    14     0     2  -154.0   27.864 -137.838   2583.3    750.9
     1     1    19     7     9    13     0     1  -155.0   27.966 -137.969   2594.6    749.9
     1     1    19     7     9    12     0     0  -156.0   28.069 -138.111   2618.7    747.2
     1     1    19     7     9    11     0     1  -157.0   28.177 -138.255   2640.3    744.8
     1     1    19     7     9    10     0     2  -158.0   28.294 -138.397   2649.9    744.5
     1     1    19     7     9     9     0     3  -159.0   28.418 -138.543   2649.0    744.9
     1     1    19     7     9     8     0     2  -160.0   28.550 -138.699   2648.4    746.0
     1     1    19     7     9     7     0     1  -161.0   28.689 -138.871   2656.4    745.2
     1     1    19     7     9     6     0     0  -162.0   28.829 -139.063   2668.0    744.0
     1     1    19     7     9     5     0     1  -163.0   28.965 -139.271   2676.2    742.9
     1     1    19     7     9     4     0     2  -164.0   29.096 -139.488   2679.9    743.0
     1     1    19     7     9     3     0     3  -165.0   29.224 -139.712   2681.4    742.8
     1     1    19     7     9     2     0     2  -166.0   29.348 -139.943   2685.4    742.9
     1     1    19     7     9     1     0     1  -167.0   29.468 -140.175   2695.8    741.9
     1     1    19     7     9     0     0     0  -168.0   29.579 -140.409   2710.1    740.6
