     7     1
    GDAS    19     6     1     0     0
    GDAS    19     7     1     0     0
    GDAS    19     8     1     0     0
    GDAS    19     9     1     0     0
    GDAS    19    10     1     0     0
    GDAS    19    11     1     0     0
    GDAS    19    12     1     0     0
     1 BACKWARD OMEGA   
    19    11     3    18   21.319 -157.670    10.0
     1 PRESSURE
     1     1    19    11     3    18     0     0     0.0   21.319 -157.670     10.0   1010.2
     1     1    19    11     3    17     0     1    -1.0   21.257 -157.771     17.5   1008.2
     1     1    19    11     3    16     0     2    -2.0   21.182 -157.877     24.3   1006.8
     1     1    19    11     3    15     0     3    -3.0   21.096 -157.991     30.7   1005.9
     1     1    19    11     3    14     0     2    -4.0   21.008 -158.112     36.5   1005.7
     1     1    19    11     3    13     0     1    -5.0   20.920 -158.235     40.0   1005.6
     1     1    19    11     3    12     0     0    -6.0   20.830 -158.361     41.0   1005.8
     1     1    19    11     3    11     0     1    -7.0   20.741 -158.480     41.1   1006.6
     1     1    19    11     3    10     0     2    -8.0   20.661 -158.585     41.6   1007.3
     1     1    19    11     3     9     0     3    -9.0   20.588 -158.675     42.3   1008.0
     1     1    19    11     3     8     0     2   -10.0   20.521 -158.755     43.7   1007.6
     1     1    19    11     3     7     0     1   -11.0   20.461 -158.830     46.4   1007.1
     1     1    19    11     3     6     0     0   -12.0   20.408 -158.901     50.9   1006.4
     1     1    19    11     3     5     0     1   -13.0   20.366 -158.968     56.9   1005.2
     1     1    19    11     3     4     0     2   -14.0   20.336 -159.031     63.7   1003.7
     1     1    19    11     3     3     0     3   -15.0   20.319 -159.093     71.0   1002.3
     1     1    19    11     3     2     0     2   -16.0   20.309 -159.151     77.4   1001.3
     1     1    19    11     3     1     0     1   -17.0   20.300 -159.199     81.5   1000.8
     1     1    19    11     3     0     0     0   -18.0   20.290 -159.238     83.0   1000.7
     1     1    19    11     2    23     0     1   -19.0   20.276 -159.274     83.2   1001.5
     1     1    19    11     2    22     0     2   -20.0   20.252 -159.311     83.1   1002.3
     1     1    19    11     2    21     0     3   -21.0   20.221 -159.347     82.9   1003.0
     1     1    19    11     2    20     0     2   -22.0   20.190 -159.381     82.8   1002.8
     1     1    19    11     2    19     0     1   -23.0   20.167 -159.415     83.1   1002.5
     1     1    19    11     2    18     0     0   -24.0   20.152 -159.448     83.9   1002.1
     1     1    19    11     2    17     0     1   -25.0   20.146 -159.487     85.3   1001.8
     1     1    19    11     2    16     0     2   -26.0   20.151 -159.534     87.6   1001.4
     1     1    19    11     2    15     0     3   -27.0   20.164 -159.589     91.4   1000.8
     1     1    19    11     2    14     0     2   -28.0   20.179 -159.646     97.2   1000.0
     1     1    19    11     2    13     0     1   -29.0   20.189 -159.700    105.6    999.0
     1     1    19    11     2    12     0     0   -30.0   20.194 -159.750    117.0    997.7
     1     1    19    11     2    11     0     1   -31.0   20.197 -159.795    131.1    996.8
     1     1    19    11     2    10     0     2   -32.0   20.199 -159.835    146.4    995.7
     1     1    19    11     2     9     0     3   -33.0   20.201 -159.870    162.0    994.2
     1     1    19    11     2     8     0     2   -34.0   20.206 -159.908    177.9    992.1
     1     1    19    11     2     7     0     1   -35.0   20.221 -159.955    195.1    989.9
     1     1    19    11     2     6     0     0   -36.0   20.245 -160.012    214.9    987.4
     1     1    19    11     2     5     0     1   -37.0   20.268 -160.079    232.1    984.6
     1     1    19    11     2     4     0     2   -38.0   20.284 -160.152    240.7    983.2
     1     1    19    11     2     3     0     3   -39.0   20.292 -160.231    241.4    982.8
     1     1    19    11     2     2     0     2   -40.0   20.291 -160.308    242.7    983.2
     1     1    19    11     2     1     0     1   -41.0   20.281 -160.379    252.8    981.9
     1     1    19    11     2     0     0     0   -42.0   20.262 -160.441    272.5    979.7
     1     1    19    11     1    23     0     1   -43.0   20.240 -160.494    296.5    976.8
     1     1    19    11     1    22     0     2   -44.0   20.220 -160.538    317.5    975.2
     1     1    19    11     1    21     0     3   -45.0   20.204 -160.572    334.8    974.0
     1     1    19    11     1    20     0     2   -46.0   20.194 -160.602    346.9    972.4
     1     1    19    11     1    19     0     1   -47.0   20.191 -160.633    351.7    971.6
     1     1    19    11     1    18     0     0   -48.0   20.197 -160.665    349.1    971.8
     1     1    19    11     1    17     0     1   -49.0   20.207 -160.705    348.9    972.3
     1     1    19    11     1    16     0     2   -50.0   20.220 -160.757    360.6    970.5
     1     1    19    11     1    15     0     3   -51.0   20.235 -160.823    386.0    967.3
     1     1    19    11     1    14     0     2   -52.0   20.252 -160.896    420.8    963.2
     1     1    19    11     1    13     0     1   -53.0   20.272 -160.971    459.6    958.8
     1     1    19    11     1    12     0     0   -54.0   20.292 -161.049    502.2    953.8
     1     1    19    11     1    11     0     1   -55.0   20.309 -161.127    544.4    949.7
     1     1    19    11     1    10     0     2   -56.0   20.322 -161.202    582.6    946.4
     1     1    19    11     1     9     0     3   -57.0   20.330 -161.272    616.2    943.7
     1     1    19    11     1     8     0     2   -58.0   20.333 -161.339    648.2    940.2
     1     1    19    11     1     7     0     1   -59.0   20.334 -161.407    682.2    936.0
     1     1    19    11     1     6     0     0   -60.0   20.335 -161.474    719.6    931.5
     1     1    19    11     1     5     0     1   -61.0   20.335 -161.544    753.9    926.6
     1     1    19    11     1     4     0     2   -62.0   20.334 -161.621    778.2    923.8
     1     1    19    11     1     3     0     3   -63.0   20.334 -161.706    794.7    921.9
     1     1    19    11     1     2     0     2   -64.0   20.333 -161.793    805.1    920.6
     1     1    19    11     1     1     0     1   -65.0   20.332 -161.879    808.0    919.7
     1     1    19    11     1     0     0     0   -66.0   20.329 -161.961    799.9    920.1
     1     1    19    10    31    23     0     1   -67.0   20.326 -162.036    788.2    923.1
     1     1    19    10    31    22     0     2   -68.0   20.318 -162.103    782.4    924.7
     1     1    19    10    31    21     0     3   -69.0   20.306 -162.165    783.5    925.4
     1     1    19    10    31    20     0     2   -70.0   20.299 -162.221    791.8    924.2
     1     1    19    10    31    19     0     1   -71.0   20.305 -162.273    808.1    922.2
     1     1    19    10    31    18     0     0   -72.0   20.325 -162.322    833.6    919.2
     1     1    19    10    31    17     0     1   -73.0   20.355 -162.366    864.3    915.2
     1     1    19    10    31    16     0     2   -74.0   20.393 -162.404    895.3    911.5
     1     1    19    10    31    15     0     3   -75.0   20.440 -162.437    926.3    907.7
     1     1    19    10    31    14     0     2   -76.0   20.492 -162.469    956.0    904.1
     1     1    19    10    31    13     0     1   -77.0   20.549 -162.499    984.1    901.2
     1     1    19    10    31    12     0     0   -78.0   20.610 -162.530   1014.3    898.1
     1     1    19    10    31    11     0     1   -79.0   20.674 -162.557   1041.4    895.1
     1     1    19    10    31    10     0     2   -80.0   20.745 -162.579   1059.9    893.8
     1     1    19    10    31     9     0     3   -81.0   20.826 -162.595   1074.0    893.2
     1     1    19    10    31     8     0     2   -82.0   20.917 -162.616   1099.2    891.6
     1     1    19    10    31     7     0     1   -83.0   21.020 -162.652   1147.6    886.3
     1     1    19    10    31     6     0     0   -84.0   21.134 -162.702   1206.2    878.8
     1     1    19    10    31     5     0     1   -85.0   21.256 -162.765   1248.7    872.3
     1     1    19    10    31     4     0     2   -86.0   21.380 -162.838   1264.5    870.9
     1     1    19    10    31     3     0     3   -87.0   21.504 -162.921   1261.6    871.3
     1     1    19    10    31     2     0     2   -88.0   21.629 -163.005   1250.9    873.1
     1     1    19    10    31     1     0     1   -89.0   21.752 -163.083   1241.4    874.1
     1     1    19    10    31     0     0     0   -90.0   21.873 -163.156   1232.9    874.7
     1     1    19    10    30    23     0     1   -91.0   21.994 -163.226   1236.3    876.6
     1     1    19    10    30    22     0     2   -92.0   22.116 -163.294   1263.7    874.7
     1     1    19    10    30    21     0     3   -93.0   22.235 -163.357   1313.2    870.4
     1     1    19    10    30    20     0     2   -94.0   22.347 -163.417   1367.6    862.8
     1     1    19    10    30    19     0     1   -95.0   22.453 -163.472   1409.2    858.1
     1     1    19    10    30    18     0     0   -96.0   22.555 -163.525   1435.0    855.1
     1     1    19    10    30    17     0     1   -97.0   22.659 -163.574   1457.8    854.1
     1     1    19    10    30    16     0     2   -98.0   22.766 -163.619   1494.5    850.7
     1     1    19    10    30    15     0     3   -99.0   22.876 -163.661   1550.7    845.1
     1     1    19    10    30    14     0     2  -100.0   22.988 -163.700   1620.1    837.1
     1     1    19    10    30    13     0     1  -101.0   23.097 -163.738   1687.3    829.8
     1     1    19    10    30    12     0     0  -102.0   23.200 -163.778   1741.7    824.0
     1     1    19    10    30    11     0     1  -103.0   23.306 -163.815   1785.2    821.0
     1     1    19    10    30    10     0     2  -104.0   23.422 -163.847   1825.7    818.0
     1     1    19    10    30     9     0     3  -105.0   23.545 -163.877   1868.8    814.7
     1     1    19    10    30     8     0     2  -106.0   23.681 -163.904   1907.2    809.7
     1     1    19    10    30     7     0     1  -107.0   23.831 -163.925   1928.8    807.3
     1     1    19    10    30     6     0     0  -108.0   23.991 -163.940   1932.3    806.8
     1     1    19    10    30     5     0     1  -109.0   24.153 -163.959   1934.5    808.0
     1     1    19    10    30     4     0     2  -110.0   24.312 -163.995   1953.3    806.0
     1     1    19    10    30     3     0     3  -111.0   24.467 -164.043   1991.3    802.2
     1     1    19    10    30     2     0     2  -112.0   24.616 -164.089   2034.4    796.8
     1     1    19    10    30     1     0     1  -113.0   24.759 -164.122   2065.8    793.8
     1     1    19    10    30     0     0     0  -114.0   24.895 -164.141   2082.5    792.2
     1     1    19    10    29    23     0     1  -115.0   25.031 -164.135   2093.1    792.7
     1     1    19    10    29    22     0     2  -116.0   25.168 -164.100   2109.0    791.8
     1     1    19    10    29    21     0     3  -117.0   25.307 -164.041   2128.2    790.2
     1     1    19    10    29    20     0     2  -118.0   25.446 -163.972   2153.3    788.2
     1     1    19    10    29    19     0     1  -119.0   25.584 -163.905   2191.0    784.5
     1     1    19    10    29    18     0     0  -120.0   25.723 -163.832   2241.4    779.7
     1     1    19    10    29    17     0     1  -121.0   25.868 -163.752   2300.5    773.5
     1     1    19    10    29    16     0     2  -122.0   26.027 -163.667   2364.4    767.3
     1     1    19    10    29    15     0     3  -123.0   26.200 -163.588   2434.1    760.7
     1     1    19    10    29    14     0     2  -124.0   26.381 -163.522   2507.2    753.9
     1     1    19    10    29    13     0     1  -125.0   26.566 -163.465   2575.5    747.5
     1     1    19    10    29    12     0     0  -126.0   26.756 -163.412   2627.7    742.5
     1     1    19    10    29    11     0     1  -127.0   26.954 -163.366   2671.7    740.4
     1     1    19    10    29    10     0     2  -128.0   27.171 -163.331   2729.2    736.2
     1     1    19    10    29     9     0     3  -129.0   27.408 -163.303   2810.3    729.6
     1     1    19    10    29     8     0     2  -130.0   27.654 -163.286   2893.7    719.8
     1     1    19    10    29     7     0     1  -131.0   27.896 -163.286   2958.1    714.2
     1     1    19    10    29     6     0     0  -132.0   28.143 -163.306   3009.3    709.8
     1     1    19    10    29     5     0     1  -133.0   28.401 -163.340   3050.1    706.1
     1     1    19    10    29     4     0     2  -134.0   28.668 -163.381   3084.1    703.1
     1     1    19    10    29     3     0     3  -135.0   28.943 -163.435   3117.0    700.3
     1     1    19    10    29     2     0     2  -136.0   29.215 -163.497   3151.2    697.5
     1     1    19    10    29     1     0     1  -137.0   29.477 -163.562   3186.1    694.9
     1     1    19    10    29     0     0     0  -138.0   29.735 -163.630   3222.9    692.0
     1     1    19    10    28    23     0     1  -139.0   29.995 -163.690   3267.1    689.1
     1     1    19    10    28    22     0     2  -140.0   30.251 -163.737   3331.1    684.5
     1     1    19    10    28    21     0     3  -141.0   30.503 -163.776   3418.5    677.2
     1     1    19    10    28    20     0     2  -142.0   30.758 -163.830   3510.2    668.2
     1     1    19    10    28    19     0     1  -143.0   31.022 -163.915   3586.0    661.6
     1     1    19    10    28    18     0     0  -144.0   31.296 -164.025   3639.4    657.0
     1     1    19    10    28    17     0     1  -145.0   31.567 -164.161   3691.1    654.2
     1     1    19    10    28    16     0     2  -146.0   31.826 -164.326   3765.7    647.9
     1     1    19    10    28    15     0     3  -147.0   32.078 -164.519   3863.9    639.6
     1     1    19    10    28    14     0     2  -148.0   32.320 -164.733   3962.2    630.0
     1     1    19    10    28    13     0     1  -149.0   32.541 -164.967   4042.7    624.2
     1     1    19    10    28    12     0     0  -150.0   32.745 -165.216   4102.0    619.1
     1     1    19    10    28    11     0     1  -151.0   32.932 -165.475   4132.3    616.8
     1     1    19    10    28    10     0     2  -152.0   33.095 -165.748   4145.5    616.8
     1     1    19    10    28     9     0     3  -153.0   33.234 -166.044   4159.4    616.3
     1     1    19    10    28     8     0     2  -154.0   33.363 -166.355   4177.6    614.6
     1     1    19    10    28     7     0     1  -155.0   33.492 -166.671   4192.2    612.9
     1     1    19    10    28     6     0     0  -156.0   33.611 -166.996   4188.1    612.3
     1     1    19    10    28     5     0     1  -157.0   33.729 -167.326   4172.2    614.4
     1     1    19    10    28     4     0     2  -158.0   33.853 -167.660   4177.0    615.1
     1     1    19    10    28     3     0     3  -159.0   33.974 -168.003   4239.0    611.3
     1     1    19    10    28     2     0     2  -160.0   34.093 -168.381   4318.0    600.9
     1     1    19    10    28     1     0     1  -161.0   34.225 -168.797   4360.8    597.8
     1     1    19    10    28     0     0     0  -162.0   34.366 -169.232   4372.8    597.2
     1     1    19    10    27    23     0     1  -163.0   34.515 -169.688   4370.6    598.2
     1     1    19    10    27    22     0     2  -164.0   34.677 -170.178   4371.0    598.4
     1     1    19    10    27    21     0     3  -165.0   34.857 -170.707   4397.7    597.6
     1     1    19    10    27    20     0     2  -166.0   35.053 -171.283   4455.8    591.4
     1     1    19    10    27    19     0     1  -167.0   35.264 -171.910   4506.4    585.5
     1     1    19    10    27    18     0     0  -168.0   35.495 -172.575   4538.2    583.2
