     7     1
    GDAS    18    12     1     0     0
    GDAS    19     1     1     0     0
    GDAS    19     2     1     0     0
    GDAS    19     3     1     0     0
    GDAS    19     4     1     0     0
    GDAS    19     5     1     0     0
    GDAS    19     6     1     0     0
     1 BACKWARD OMEGA   
    19     1    14    18   21.319 -157.670    10.0
     1 PRESSURE
     1     1    19     1    14    18     0     0     0.0   21.319 -157.670     10.0   1016.4
     1     1    19     1    14    17     0     1    -1.0   21.327 -157.655      9.3   1015.8
     1     1    19     1    14    16     0     2    -2.0   21.341 -157.636      9.0   1015.2
     1     1    19     1    14    15     0     3    -3.0   21.361 -157.612      9.1   1014.6
     1     1    19     1    14    14     0     2    -4.0   21.380 -157.584      9.2   1014.5
     1     1    19     1    14    13     0     1    -5.0   21.392 -157.555      9.1   1014.3
     1     1    19     1    14    12     0     0    -6.0   21.399 -157.526      8.8   1014.0
     1     1    19     1    14    11     0     1    -7.0   21.402 -157.490      8.3   1014.4
     1     1    19     1    14    10     0     2    -8.0   21.402 -157.440      8.0   1014.7
     1     1    19     1    14     9     0     3    -9.0   21.400 -157.375      7.8   1014.9
     1     1    19     1    14     8     0     2   -10.0   21.398 -157.310      7.5   1014.4
     1     1    19     1    14     7     0     1   -11.0   21.398 -157.259      7.1   1014.0
     1     1    19     1    14     6     0     0   -12.0   21.398 -157.225      6.6   1013.7
     1     1    19     1    14     5     0     1   -13.0   21.396 -157.198      5.9   1012.5
     1     1    19     1    14     4     0     2   -14.0   21.390 -157.170      4.7   1011.1
     1     1    19     1    14     3     0     3   -15.0   21.381 -157.142      2.9   1009.7
     1     1    19     1    14     2     0     2   -16.0   21.362 -157.118      0.5   1009.5
     1     1    19     1    14     1     0     1   -17.0   21.330 -157.102      0.0   1009.2
     1     1    19     1    14     0     0     0   -18.0   21.284 -157.100      0.0   1008.8
     1     1    19     1    13    23     0     1   -19.0   21.232 -157.093      0.0   1009.5
     1     1    19     1    13    22     0     2   -20.0   21.177 -157.063      0.0   1009.9
     1     1    19     1    13    21     0     3   -21.0   21.116 -157.008      0.0   1010.1
     1     1    19     1    13    20     0     2   -22.0   21.061 -156.933      0.0   1010.3
     1     1    19     1    13    19     0     1   -23.0   21.023 -156.840      0.0   1010.9
     1     1    19     1    13    18     0     0   -24.0   20.993 -156.724      0.0   1012.1
     1     1    19     1    13    17     0     1   -25.0   20.957 -156.581      0.9   1013.7
     1     1    19     1    13    16     0     2   -26.0   20.903 -156.411      2.5   1015.7
     1     1    19     1    13    15     0     3   -27.0   20.829 -156.215      4.7   1017.6
     1     1    19     1    13    14     0     2   -28.0   20.732 -156.015      6.5   1019.6
     1     1    19     1    13    13     0     1   -29.0   20.627 -155.836      7.8   1019.2
     1     1    19     1    13    12     0     0   -30.0   20.520 -155.680      9.0   1018.8
     1     1    19     1    13    11     0     1   -31.0   20.409 -155.535     10.5   1018.9
     1     1    19     1    13    10     0     2   -32.0   20.290 -155.390     12.9   1018.7
     1     1    19     1    13     9     0     3   -33.0   20.150 -155.235     18.2   1018.0
     1     1    19     1    13     8     0     2   -34.0   19.971 -155.055     33.2   1016.0
     1     1    19     1    13     7     0     1   -35.0   19.792 -154.849     63.1   1010.8
     1     1    19     1    13     6     0     0   -36.0   19.653 -154.627    101.5   1004.5
     1     1    19     1    13     5     0     1   -37.0   19.546 -154.384    135.0    999.5
     1     1    19     1    13     4     0     2   -38.0   19.461 -154.123    151.3    997.3
     1     1    19     1    13     3     0     3   -39.0   19.387 -153.850    155.1    997.2
     1     1    19     1    13     2     0     2   -40.0   19.322 -153.571    154.9    997.7
     1     1    19     1    13     1     0     1   -41.0   19.269 -153.285    154.4    997.7
     1     1    19     1    13     0     0     0   -42.0   19.223 -152.989    153.9    997.8
     1     1    19     1    12    23     0     1   -43.0   19.184 -152.692    153.7    998.6
     1     1    19     1    12    22     0     2   -44.0   19.152 -152.399    153.6    999.4
     1     1    19     1    12    21     0     3   -45.0   19.127 -152.107    153.6   1000.1
     1     1    19     1    12    20     0     2   -46.0   19.108 -151.818    153.4   1000.1
     1     1    19     1    12    19     0     1   -47.0   19.092 -151.536    152.9   1000.3
     1     1    19     1    12    18     0     0   -48.0   19.078 -151.265    152.5   1000.4
     1     1    19     1    12    17     0     1   -49.0   19.064 -151.001    152.7   1000.1
     1     1    19     1    12    16     0     2   -50.0   19.051 -150.742    153.5    999.6
     1     1    19     1    12    15     0     3   -51.0   19.038 -150.488    154.6    999.1
     1     1    19     1    12    14     0     2   -52.0   19.026 -150.239    155.5    999.0
     1     1    19     1    12    13     0     1   -53.0   19.015 -149.997    155.9    999.1
     1     1    19     1    12    12     0     0   -54.0   19.007 -149.760    155.9    999.2
     1     1    19     1    12    11     0     1   -55.0   18.995 -149.525    155.9    999.4
     1     1    19     1    12    10     0     2   -56.0   18.979 -149.288    155.9    999.6
     1     1    19     1    12     9     0     3   -57.0   18.959 -149.046    155.9    999.9
     1     1    19     1    12     8     0     2   -58.0   18.935 -148.801    155.9    999.7
     1     1    19     1    12     7     0     1   -59.0   18.906 -148.557    155.9    999.5
     1     1    19     1    12     6     0     0   -60.0   18.874 -148.312    155.9    999.3
     1     1    19     1    12     5     0     1   -61.0   18.841 -148.062    155.9    999.1
     1     1    19     1    12     4     0     2   -62.0   18.814 -147.802    155.8    998.9
     1     1    19     1    12     3     0     3   -63.0   18.793 -147.530    155.7    998.8
     1     1    19     1    12     2     0     2   -64.0   18.782 -147.250    155.4    998.8
     1     1    19     1    12     1     0     1   -65.0   18.783 -146.966    155.0    998.8
     1     1    19     1    12     0     0     0   -66.0   18.794 -146.679    154.7    998.8
     1     1    19     1    11    23     0     1   -67.0   18.813 -146.390    153.9    999.4
     1     1    19     1    11    22     0     2   -68.0   18.842 -146.097    152.1   1000.2
     1     1    19     1    11    21     0     3   -69.0   18.879 -145.799    149.8   1001.1
     1     1    19     1    11    20     0     2   -70.0   18.926 -145.507    148.0   1001.6
     1     1    19     1    11    19     0     1   -71.0   18.982 -145.228    147.2   1001.9
     1     1    19     1    11    18     0     0   -72.0   19.047 -144.962    147.1   1002.0
     1     1    19     1    11    17     0     1   -73.0   19.118 -144.706    147.1   1001.7
     1     1    19     1    11    16     0     2   -74.0   19.189 -144.460    147.1   1001.4
     1     1    19     1    11    15     0     3   -75.0   19.261 -144.226    147.1   1001.1
     1     1    19     1    11    14     0     2   -76.0   19.335 -144.002    147.2   1001.0
     1     1    19     1    11    13     0     1   -77.0   19.411 -143.789    148.3   1000.9
     1     1    19     1    11    12     0     0   -78.0   19.487 -143.588    151.9   1000.3
     1     1    19     1    11    11     0     1   -79.0   19.563 -143.398    156.7    999.9
     1     1    19     1    11    10     0     2   -80.0   19.643 -143.218    160.2    999.8
     1     1    19     1    11     9     0     3   -81.0   19.727 -143.049    161.8   1000.0
     1     1    19     1    11     8     0     2   -82.0   19.815 -142.894    163.2   1000.2
     1     1    19     1    11     7     0     1   -83.0   19.907 -142.754    165.7    999.8
     1     1    19     1    11     6     0     0   -84.0   20.003 -142.629    168.7    999.5
     1     1    19     1    11     5     0     1   -85.0   20.098 -142.517    171.4    998.6
     1     1    19     1    11     4     0     2   -86.0   20.190 -142.413    173.4    997.8
     1     1    19     1    11     3     0     3   -87.0   20.279 -142.318    174.8    997.2
     1     1    19     1    11     2     0     2   -88.0   20.360 -142.228    176.1    997.0
     1     1    19     1    11     1     0     1   -89.0   20.430 -142.135    177.8    996.6
     1     1    19     1    11     0     0     0   -90.0   20.488 -142.040    180.1    996.2
     1     1    19     1    10    23     0     1   -91.0   20.544 -141.947    182.8    996.4
     1     1    19     1    10    22     0     2   -92.0   20.605 -141.858    185.7    996.7
     1     1    19     1    10    21     0     3   -93.0   20.671 -141.776    188.9    997.0
     1     1    19     1    10    20     0     2   -94.0   20.734 -141.706    193.7    997.0
     1     1    19     1    10    19     0     1   -95.0   20.786 -141.655    202.0    996.5
     1     1    19     1    10    18     0     0   -96.0   20.824 -141.622    214.7    995.5
     1     1    19     1    10    17     0     1   -97.0   20.853 -141.601    231.3    993.3
     1     1    19     1    10    16     0     2   -98.0   20.875 -141.586    250.7    991.0
     1     1    19     1    10    15     0     3   -99.0   20.889 -141.577    272.1    988.4
     1     1    19     1    10    14     0     2  -100.0   20.898 -141.565    291.2    985.3
     1     1    19     1    10    13     0     1  -101.0   20.902 -141.541    303.6    983.5
     1     1    19     1    10    12     0     0  -102.0   20.903 -141.505    308.5    982.7
     1     1    19     1    10    11     0     1  -103.0   20.905 -141.449    309.6    983.1
     1     1    19     1    10    10     0     2  -104.0   20.913 -141.370    310.2    983.1
     1     1    19     1    10     9     0     3  -105.0   20.925 -141.266    310.5    983.1
     1     1    19     1    10     8     0     2  -106.0   20.940 -141.141    310.9    983.0
     1     1    19     1    10     7     0     1  -107.0   20.956 -141.001    311.5    982.8
     1     1    19     1    10     6     0     0  -108.0   20.973 -140.848    312.2    982.6
     1     1    19     1    10     5     0     1  -109.0   20.994 -140.692    315.6    982.3
     1     1    19     1    10     4     0     2  -110.0   21.019 -140.539    324.9    981.0
     1     1    19     1    10     3     0     3  -111.0   21.047 -140.390    340.7    979.0
     1     1    19     1    10     2     0     2  -112.0   21.080 -140.241    360.9    976.3
     1     1    19     1    10     1     0     1  -113.0   21.118 -140.089    382.4    973.8
     1     1    19     1    10     0     0     0  -114.0   21.161 -139.934    405.7    971.3
     1     1    19     1     9    23     0     1  -115.0   21.213 -139.772    429.1    969.2
     1     1    19     1     9    22     0     2  -116.0   21.278 -139.601    448.5    967.2
     1     1    19     1     9    21     0     3  -117.0   21.355 -139.420    462.6    966.0
     1     1    19     1     9    20     0     2  -118.0   21.444 -139.237    473.3    965.1
     1     1    19     1     9    19     0     1  -119.0   21.545 -139.059    483.0    964.0
     1     1    19     1     9    18     0     0  -120.0   21.657 -138.884    492.0    963.1
     1     1    19     1     9    17     0     1  -121.0   21.789 -138.716    500.0    961.7
     1     1    19     1     9    16     0     2  -122.0   21.943 -138.558    505.2    960.5
     1     1    19     1     9    15     0     3  -123.0   22.118 -138.414    508.9    959.9
     1     1    19     1     9    14     0     2  -124.0   22.309 -138.295    514.9    959.1
     1     1    19     1     9    13     0     1  -125.0   22.510 -138.206    522.8    957.7
     1     1    19     1     9    12     0     0  -126.0   22.720 -138.145    528.8    956.6
     1     1    19     1     9    11     0     1  -127.0   22.934 -138.111    532.4    956.5
     1     1    19     1     9    10     0     2  -128.0   23.152 -138.103    536.1    956.3
     1     1    19     1     9     9     0     3  -129.0   23.371 -138.120    540.5    955.9
     1     1    19     1     9     8     0     2  -130.0   23.591 -138.162    547.1    955.3
     1     1    19     1     9     7     0     1  -131.0   23.808 -138.227    556.3    954.1
     1     1    19     1     9     6     0     0  -132.0   24.024 -138.317    565.3    952.9
     1     1    19     1     9     5     0     1  -133.0   24.234 -138.427    575.9    951.6
     1     1    19     1     9     4     0     2  -134.0   24.434 -138.553    588.5    949.4
     1     1    19     1     9     3     0     3  -135.0   24.624 -138.694    597.8    947.6
     1     1    19     1     9     2     0     2  -136.0   24.808 -138.852    603.0    947.0
     1     1    19     1     9     1     0     1  -137.0   24.994 -139.030    605.0    946.4
     1     1    19     1     9     0     0     0  -138.0   25.178 -139.230    607.1    946.3
     1     1    19     1     8    23     0     1  -139.0   25.360 -139.443    613.4    945.9
     1     1    19     1     8    22     0     2  -140.0   25.539 -139.662    622.2    945.0
     1     1    19     1     8    21     0     3  -141.0   25.717 -139.886    629.2    944.2
     1     1    19     1     8    20     0     2  -142.0   25.897 -140.118    631.7    944.1
     1     1    19     1     8    19     0     1  -143.0   26.084 -140.358    631.1    944.4
     1     1    19     1     8    18     0     0  -144.0   26.276 -140.607    631.4    944.6
     1     1    19     1     8    17     0     1  -145.0   26.476 -140.864    636.1    943.7
     1     1    19     1     8    16     0     2  -146.0   26.684 -141.126    645.9    942.1
     1     1    19     1     8    15     0     3  -147.0   26.901 -141.396    659.8    940.0
     1     1    19     1     8    14     0     2  -148.0   27.129 -141.681    673.7    937.8
     1     1    19     1     8    13     0     1  -149.0   27.368 -141.988    684.9    936.6
     1     1    19     1     8    12     0     0  -150.0   27.615 -142.313    697.3    935.5
     1     1    19     1     8    11     0     1  -151.0   27.867 -142.647    712.9    933.9
     1     1    19     1     8    10     0     2  -152.0   28.128 -142.984    728.3    932.1
     1     1    19     1     8     9     0     3  -153.0   28.403 -143.323    742.8    930.9
     1     1    19     1     8     8     0     2  -154.0   28.694 -143.673    758.9    929.1
     1     1    19     1     8     7     0     1  -155.0   29.005 -144.041    776.6    927.0
     1     1    19     1     8     6     0     0  -156.0   29.339 -144.428    795.1    924.7
     1     1    19     1     8     5     0     1  -157.0   29.695 -144.838    817.6    922.4
     1     1    19     1     8     4     0     2  -158.0   30.071 -145.271    852.2    918.8
     1     1    19     1     8     3     0     3  -159.0   30.461 -145.724    904.5    912.9
     1     1    19     1     8     2     0     2  -160.0   30.860 -146.201    968.1    904.4
     1     1    19     1     8     1     0     1  -161.0   31.268 -146.703   1029.0    896.6
     1     1    19     1     8     0     0     0  -162.0   31.690 -147.225   1081.1    890.6
     1     1    19     1     7    23     0     1  -163.0   32.126 -147.764   1126.7    886.1
     1     1    19     1     7    22     0     2  -164.0   32.580 -148.314   1164.4    881.9
     1     1    19     1     7    21     0     3  -165.0   33.057 -148.867   1194.9    878.9
     1     1    19     1     7    20     0     2  -166.0   33.562 -149.423   1227.4    875.3
     1     1    19     1     7    19     0     1  -167.0   34.100 -149.981   1268.4    870.4
     1     1    19     1     7    18     0     0  -168.0   34.673 -150.539   1324.4    864.3
