     7     1
    GDAS    18    12     1     0     0
    GDAS    19     1     1     0     0
    GDAS    19     2     1     0     0
    GDAS    19     3     1     0     0
    GDAS    19     4     1     0     0
    GDAS    19     5     1     0     0
    GDAS    19     6     1     0     0
     1 BACKWARD OMEGA   
    19     1     1     0   21.319 -157.670    10.0
     1 PRESSURE
     1     1    19     1     1     0     0     0     0.0   21.319 -157.670     10.0   1013.0
     1     1    18    12    31    23     0     1    -1.0   21.394 -157.378     15.6   1011.3
     1     1    18    12    31    22     0     2    -2.0   21.457 -157.075     28.1   1009.1
     1     1    18    12    31    21     0     3    -3.0   21.504 -156.753     45.0   1008.6
     1     1    18    12    31    20     0     2    -4.0   21.523 -156.413     53.9   1008.8
     1     1    18    12    31    19     0     1    -5.0   21.515 -156.066     49.6   1010.6
     1     1    18    12    31    18     0     0    -6.0   21.498 -155.719     40.5   1012.3
     1     1    18    12    31    17     0     1    -7.0   21.490 -155.366     36.1   1012.7
     1     1    18    12    31    16     0     2    -8.0   21.489 -155.003     36.2   1012.0
     1     1    18    12    31    15     0     3    -9.0   21.493 -154.640     37.0   1011.3
     1     1    18    12    31    14     0     2   -10.0   21.493 -154.286     37.2   1011.4
     1     1    18    12    31    13     0     1   -11.0   21.485 -153.936     37.3   1011.6
     1     1    18    12    31    12     0     0   -12.0   21.470 -153.587     37.3   1011.7
     1     1    18    12    31    11     0     1   -13.0   21.450 -153.238     37.3   1012.3
     1     1    18    12    31    10     0     2   -14.0   21.429 -152.890     37.3   1012.9
     1     1    18    12    31     9     0     3   -15.0   21.409 -152.539     37.3   1013.5
     1     1    18    12    31     8     0     2   -16.0   21.391 -152.186     37.3   1013.5
     1     1    18    12    31     7     0     1   -17.0   21.379 -151.834     37.3   1013.7
     1     1    18    12    31     6     0     0   -18.0   21.375 -151.483     37.3   1013.8
     1     1    18    12    31     5     0     1   -19.0   21.378 -151.134     37.3   1013.1
     1     1    18    12    31     4     0     2   -20.0   21.389 -150.787     37.1   1012.5
     1     1    18    12    31     3     0     3   -21.0   21.405 -150.441     36.9   1012.0
     1     1    18    12    31     2     0     2   -22.0   21.422 -150.099     36.6   1011.6
     1     1    18    12    31     1     0     1   -23.0   21.434 -149.755     35.4   1011.2
     1     1    18    12    31     0     0     0   -24.0   21.447 -149.411     33.4   1011.0
     1     1    18    12    30    23     0     1   -25.0   21.458 -149.070     31.2   1012.3
     1     1    18    12    30    22     0     2   -26.0   21.463 -148.728     28.9   1013.6
     1     1    18    12    30    21     0     3   -27.0   21.464 -148.387     26.2   1015.1
     1     1    18    12    30    20     0     2   -28.0   21.463 -148.046     23.7   1015.5
     1     1    18    12    30    19     0     1   -29.0   21.463 -147.700     22.1   1015.7
     1     1    18    12    30    18     0     0   -30.0   21.459 -147.345     21.6   1015.8
     1     1    18    12    30    17     0     1   -31.0   21.447 -146.984     21.6   1015.6
     1     1    18    12    30    16     0     2   -32.0   21.426 -146.621     21.4   1015.5
     1     1    18    12    30    15     0     3   -33.0   21.396 -146.258     21.3   1015.5
     1     1    18    12    30    14     0     2   -34.0   21.364 -145.900     21.3   1015.4
     1     1    18    12    30    13     0     1   -35.0   21.332 -145.544     21.3   1015.4
     1     1    18    12    30    12     0     0   -36.0   21.301 -145.192     21.3   1015.4
     1     1    18    12    30    11     0     1   -37.0   21.270 -144.837     21.3   1015.4
     1     1    18    12    30    10     0     2   -38.0   21.239 -144.476     21.3   1015.4
     1     1    18    12    30     9     0     3   -39.0   21.210 -144.109     21.3   1015.4
     1     1    18    12    30     8     0     2   -40.0   21.188 -143.736     21.2   1015.3
     1     1    18    12    30     7     0     1   -41.0   21.177 -143.360     21.1   1015.2
     1     1    18    12    30     6     0     0   -42.0   21.174 -142.976     21.0   1015.2
     1     1    18    12    30     5     0     1   -43.0   21.171 -142.589     21.0   1015.1
     1     1    18    12    30     4     0     2   -44.0   21.159 -142.207     21.0   1015.1
     1     1    18    12    30     3     0     3   -45.0   21.140 -141.828     21.0   1015.1
     1     1    18    12    30     2     0     2   -46.0   21.116 -141.453     21.0   1015.0
     1     1    18    12    30     1     0     1   -47.0   21.094 -141.083     21.0   1014.9
     1     1    18    12    30     0     0     0   -48.0   21.071 -140.716     21.0   1014.8
     1     1    18    12    29    23     0     1   -49.0   21.054 -140.346     21.0   1014.9
     1     1    18    12    29    22     0     2   -50.0   21.047 -139.964     21.0   1014.9
     1     1    18    12    29    21     0     3   -51.0   21.052 -139.572     21.0   1014.9
     1     1    18    12    29    20     0     2   -52.0   21.062 -139.178     20.9   1016.0
     1     1    18    12    29    19     0     1   -53.0   21.074 -138.790     20.8   1017.2
     1     1    18    12    29    18     0     0   -54.0   21.085 -138.409     20.7   1018.0
     1     1    18    12    29    17     0     1   -55.0   21.092 -138.031     20.7   1017.9
     1     1    18    12    29    16     0     2   -56.0   21.092 -137.652     20.7   1017.7
     1     1    18    12    29    15     0     3   -57.0   21.089 -137.272     20.7   1017.6
     1     1    18    12    29    14     0     2   -58.0   21.086 -136.886     20.7   1017.5
     1     1    18    12    29    13     0     1   -59.0   21.088 -136.494     20.7   1017.3
     1     1    18    12    29    12     0     0   -60.0   21.092 -136.099     20.7   1017.2
     1     1    18    12    29    11     0     1   -61.0   21.103 -135.703     20.7   1017.0
     1     1    18    12    29    10     0     2   -62.0   21.127 -135.310     20.7   1016.9
     1     1    18    12    29     9     0     3   -63.0   21.162 -134.922     20.7   1016.7
     1     1    18    12    29     8     0     2   -64.0   21.206 -134.541     20.7   1016.7
     1     1    18    12    29     7     0     1   -65.0   21.259 -134.167     20.7   1016.6
     1     1    18    12    29     6     0     0   -66.0   21.316 -133.799     20.7   1016.5
     1     1    18    12    29     5     0     1   -67.0   21.383 -133.435     20.7   1016.4
     1     1    18    12    29     4     0     2   -68.0   21.463 -133.076     20.7   1016.2
     1     1    18    12    29     3     0     3   -69.0   21.556 -132.722     20.7   1016.1
     1     1    18    12    29     2     0     2   -70.0   21.661 -132.374     20.7   1016.0
     1     1    18    12    29     1     0     1   -71.0   21.775 -132.030     20.7   1015.9
     1     1    18    12    29     0     0     0   -72.0   21.897 -131.695     20.7   1015.8
     1     1    18    12    28    23     0     1   -73.0   22.026 -131.365     20.7   1015.7
     1     1    18    12    28    22     0     2   -74.0   22.161 -131.039     20.7   1016.0
     1     1    18    12    28    21     0     3   -75.0   22.302 -130.717     20.7   1016.5
     1     1    18    12    28    20     0     2   -76.0   22.449 -130.400     20.7   1017.6
     1     1    18    12    28    19     0     1   -77.0   22.603 -130.092     20.7   1018.4
     1     1    18    12    28    18     0     0   -78.0   22.763 -129.793     20.7   1018.8
     1     1    18    12    28    17     0     1   -79.0   22.926 -129.503     20.7   1018.6
     1     1    18    12    28    16     0     2   -80.0   23.091 -129.223     20.7   1018.4
     1     1    18    12    28    15     0     3   -81.0   23.257 -128.953     20.7   1018.3
     1     1    18    12    28    14     0     2   -82.0   23.427 -128.693     20.7   1018.2
     1     1    18    12    28    13     0     1   -83.0   23.606 -128.443     20.7   1018.1
     1     1    18    12    28    12     0     0   -84.0   23.796 -128.205     20.7   1018.1
     1     1    18    12    28    11     0     1   -85.0   23.993 -127.974     20.7   1017.9
     1     1    18    12    28    10     0     2   -86.0   24.190 -127.749     20.7   1017.8
     1     1    18    12    28     9     0     3   -87.0   24.387 -127.534     20.7   1017.7
     1     1    18    12    28     8     0     2   -88.0   24.590 -127.327     20.9   1017.7
     1     1    18    12    28     7     0     1   -89.0   24.801 -127.127     21.6   1017.7
     1     1    18    12    28     6     0     0   -90.0   25.020 -126.933     23.4   1017.6
     1     1    18    12    28     5     0     1   -91.0   25.251 -126.741     25.6   1017.3
     1     1    18    12    28     4     0     2   -92.0   25.497 -126.552     27.1   1017.2
     1     1    18    12    28     3     0     3   -93.0   25.763 -126.372     27.8   1017.2
     1     1    18    12    28     2     0     2   -94.0   26.043 -126.208     28.6   1017.4
     1     1    18    12    28     1     0     1   -95.0   26.329 -126.063     30.1   1017.3
     1     1    18    12    28     0     0     0   -96.0   26.619 -125.941     31.9   1017.2
     1     1    18    12    27    23     0     1   -97.0   26.914 -125.838     33.2   1017.3
     1     1    18    12    27    22     0     2   -98.0   27.215 -125.747     33.8   1017.5
     1     1    18    12    27    21     0     3   -99.0   27.523 -125.670     34.1   1017.7
     1     1    18    12    27    20     0     2  -100.0   27.836 -125.608     34.7   1018.5
     1     1    18    12    27    19     0     1  -101.0   28.155 -125.557     36.5   1019.2
     1     1    18    12    27    18     0     0  -102.0   28.478 -125.518     39.0   1019.6
     1     1    18    12    27    17     0     1  -103.0   28.804 -125.491     40.5   1019.0
     1     1    18    12    27    16     0     2  -104.0   29.130 -125.470     40.9   1018.8
     1     1    18    12    27    15     0     3  -105.0   29.457 -125.459     40.9   1018.5
     1     1    18    12    27    14     0     2  -106.0   29.783 -125.461     41.3   1018.8
     1     1    18    12    27    13     0     1  -107.0   30.112 -125.471     42.2   1019.0
     1     1    18    12    27    12     0     0  -108.0   30.443 -125.490     43.8   1019.1
     1     1    18    12    27    11     0     1  -109.0   30.771 -125.516     45.5   1019.0
     1     1    18    12    27    10     0     2  -110.0   31.097 -125.539     46.5   1019.1
     1     1    18    12    27     9     0     3  -111.0   31.418 -125.559     47.3   1019.3
     1     1    18    12    27     8     0     2  -112.0   31.730 -125.581     49.0   1019.4
     1     1    18    12    27     7     0     1  -113.0   32.039 -125.606     52.2   1019.4
     1     1    18    12    27     6     0     0  -114.0   32.342 -125.635     56.4   1019.2
     1     1    18    12    27     5     0     1  -115.0   32.647 -125.672     60.7   1018.4
     1     1    18    12    27     4     0     2  -116.0   32.965 -125.717     63.4   1018.1
     1     1    18    12    27     3     0     3  -117.0   33.295 -125.765     64.3   1018.0
     1     1    18    12    27     2     0     2  -118.0   33.623 -125.823     65.1   1018.1
     1     1    18    12    27     1     0     1  -119.0   33.952 -125.896     67.5   1017.8
     1     1    18    12    27     0     0     0  -120.0   34.294 -125.976     71.8   1017.5
     1     1    18    12    26    23     0     1  -121.0   34.639 -126.073     76.3   1016.6
     1     1    18    12    26    22     0     2  -122.0   34.976 -126.189     79.2   1016.2
     1     1    18    12    26    21     0     3  -123.0   35.305 -126.327     80.2   1016.1
     1     1    18    12    26    20     0     2  -124.0   35.621 -126.481     80.2   1016.2
     1     1    18    12    26    19     0     1  -125.0   35.920 -126.645     80.2   1016.3
     1     1    18    12    26    18     0     0  -126.0   36.202 -126.817     80.2   1016.4
     1     1    18    12    26    17     0     1  -127.0   36.469 -127.002     80.2   1016.3
     1     1    18    12    26    16     0     2  -128.0   36.726 -127.199     80.1   1016.2
     1     1    18    12    26    15     0     3  -129.0   36.982 -127.402     79.9   1016.2
     1     1    18    12    26    14     0     2  -130.0   37.224 -127.610     79.9   1016.0
     1     1    18    12    26    13     0     1  -131.0   37.442 -127.825     79.9   1015.9
     1     1    18    12    26    12     0     0  -132.0   37.640 -128.041     79.9   1015.7
     1     1    18    12    26    11     0     1  -133.0   37.820 -128.261     79.9   1015.7
     1     1    18    12    26    10     0     2  -134.0   37.980 -128.486     79.9   1015.6
     1     1    18    12    26     9     0     3  -135.0   38.123 -128.715     79.9   1015.6
     1     1    18    12    26     8     0     2  -136.0   38.250 -128.947     80.5   1015.5
     1     1    18    12    26     7     0     1  -137.0   38.365 -129.182     82.3   1015.3
     1     1    18    12    26     6     0     0  -138.0   38.471 -129.415     85.3   1014.9
     1     1    18    12    26     5     0     1  -139.0   38.565 -129.641     88.5   1014.4
     1     1    18    12    26     4     0     2  -140.0   38.647 -129.859     90.4   1014.2
     1     1    18    12    26     3     0     3  -141.0   38.720 -130.072     91.1   1014.2
     1     1    18    12    26     2     0     2  -142.0   38.786 -130.276     91.1   1014.3
     1     1    18    12    26     1     0     1  -143.0   38.845 -130.470     91.1   1014.3
     1     1    18    12    26     0     0     0  -144.0   38.900 -130.657     91.1   1014.3
     1     1    18    12    25    23     0     1  -145.0   38.952 -130.841     91.1   1015.1
     1     1    18    12    25    22     0     2  -146.0   39.000 -131.018     91.1   1016.2
     1     1    18    12    25    21     0     3  -147.0   39.044 -131.185     91.1   1017.0
     1     1    18    12    25    20     0     2  -148.0   39.085 -131.343     91.1   1017.2
     1     1    18    12    25    19     0     1  -149.0   39.126 -131.487     91.1   1017.4
     1     1    18    12    25    18     0     0  -150.0   39.170 -131.616     91.1   1017.7
     1     1    18    12    25    17     0     1  -151.0   39.219 -131.718     91.1   1017.6
     1     1    18    12    25    16     0     2  -152.0   39.280 -131.784     91.1   1017.5
     1     1    18    12    25    15     0     3  -153.0   39.356 -131.812     91.1   1017.5
     1     1    18    12    25    14     0     2  -154.0   39.448 -131.815     91.1   1016.8
     1     1    18    12    25    13     0     1  -155.0   39.555 -131.809     91.1   1016.2
     1     1    18    12    25    12     0     0  -156.0   39.678 -131.795     91.1   1015.5
     1     1    18    12    25    11     0     1  -157.0   39.819 -131.770     91.1   1015.5
     1     1    18    12    25    10     0     2  -158.0   39.982 -131.729     91.1   1015.5
     1     1    18    12    25     9     0     3  -159.0   40.171 -131.671     91.1   1015.4
     1     1    18    12    25     8     0     2  -160.0   40.392 -131.606     92.4   1015.3
     1     1    18    12    25     7     0     1  -161.0   40.651 -131.545     96.9   1014.8
     1     1    18    12    25     6     0     0  -162.0   40.942 -131.489    106.6   1013.8
     1     1    18    12    25     5     0     1  -163.0   41.266 -131.462    120.6   1011.4
     1     1    18    12    25     4     0     2  -164.0   41.622 -131.479    136.2   1009.3
     1     1    18    12    25     3     0     3  -165.0   42.015 -131.520    153.0   1006.6
     1     1    18    12    25     2     0     2  -166.0   42.425 -131.584    170.7   1003.6
     1     1    18    12    25     1     0     1  -167.0   42.830 -131.684    188.4   1000.7
     1     1    18    12    25     0     0     0  -168.0   43.231 -131.823    206.0    998.3
