     7     1
    GDAS    18    12     1     0     0
    GDAS    19     1     1     0     0
    GDAS    19     2     1     0     0
    GDAS    19     3     1     0     0
    GDAS    19     4     1     0     0
    GDAS    19     5     1     0     0
    GDAS    19     6     1     0     0
     1 BACKWARD OMEGA   
    19     4    21    18   21.319 -157.670    10.0
     1 PRESSURE
     1     1    19     4    21    18     0     0     0.0   21.319 -157.670     10.0   1020.2
     1     1    19     4    21    17     0     1    -1.0   21.383 -157.441     12.1   1017.8
     1     1    19     4    21    16     0     2    -2.0   21.432 -157.209     14.9   1015.5
     1     1    19     4    21    15     0     3    -3.0   21.469 -156.968     19.0   1013.5
     1     1    19     4    21    14     0     2    -4.0   21.487 -156.710     23.9   1014.9
     1     1    19     4    21    13     0     1    -5.0   21.479 -156.431     28.4   1016.1
     1     1    19     4    21    12     0     0    -6.0   21.445 -156.131     30.6   1017.4
     1     1    19     4    21    11     0     1    -7.0   21.392 -155.810     30.2   1018.5
     1     1    19     4    21    10     0     2    -8.0   21.343 -155.475     29.6   1018.6
     1     1    19     4    21     9     0     3    -9.0   21.315 -155.128     30.1   1018.6
     1     1    19     4    21     8     0     2   -10.0   21.309 -154.783     31.5   1018.4
     1     1    19     4    21     7     0     1   -11.0   21.320 -154.451     33.2   1018.1
     1     1    19     4    21     6     0     0   -12.0   21.348 -154.133     35.2   1017.3
     1     1    19     4    21     5     0     1   -13.0   21.392 -153.822     37.1   1017.2
     1     1    19     4    21     4     0     2   -14.0   21.447 -153.508     39.0   1017.1
     1     1    19     4    21     3     0     3   -15.0   21.513 -153.194     41.3   1016.9
     1     1    19     4    21     2     0     2   -16.0   21.586 -152.884     43.6   1016.6
     1     1    19     4    21     1     0     1   -17.0   21.661 -152.582     45.4   1016.5
     1     1    19     4    21     0     0     0   -18.0   21.737 -152.289     47.2   1016.5
     1     1    19     4    20    23     0     1   -19.0   21.811 -152.003     49.2   1016.9
     1     1    19     4    20    22     0     2   -20.0   21.878 -151.722     51.0   1017.1
     1     1    19     4    20    21     0     3   -21.0   21.936 -151.445     52.9   1017.2
     1     1    19     4    20    20     0     2   -22.0   21.987 -151.167     55.9   1017.1
     1     1    19     4    20    19     0     1   -23.0   22.036 -150.886     60.0   1016.5
     1     1    19     4    20    18     0     0   -24.0   22.084 -150.602     63.7   1016.0
     1     1    19     4    20    17     0     1   -25.0   22.132 -150.315     66.9   1014.7
     1     1    19     4    20    16     0     2   -26.0   22.180 -150.027     70.7   1013.5
     1     1    19     4    20    15     0     3   -27.0   22.228 -149.737     76.4   1012.2
     1     1    19     4    20    14     0     2   -28.0   22.279 -149.443     82.7   1011.3
     1     1    19     4    20    13     0     1   -29.0   22.336 -149.148     86.7   1011.0
     1     1    19     4    20    12     0     0   -30.0   22.398 -148.854     88.0   1011.0
     1     1    19     4    20    11     0     1   -31.0   22.466 -148.561     88.0   1011.8
     1     1    19     4    20    10     0     2   -32.0   22.542 -148.266     88.0   1012.4
     1     1    19     4    20     9     0     3   -33.0   22.625 -147.970     88.0   1012.8
     1     1    19     4    20     8     0     2   -34.0   22.712 -147.675     88.2   1012.7
     1     1    19     4    20     7     0     1   -35.0   22.802 -147.384     88.8   1012.5
     1     1    19     4    20     6     0     0   -36.0   22.897 -147.098     89.7   1012.2
     1     1    19     4    20     5     0     1   -37.0   22.997 -146.819     90.2   1011.8
     1     1    19     4    20     4     0     2   -38.0   23.102 -146.548     90.4   1011.5
     1     1    19     4    20     3     0     3   -39.0   23.215 -146.287     91.0   1011.1
     1     1    19     4    20     2     0     2   -40.0   23.327 -146.033     91.4   1010.9
     1     1    19     4    20     1     0     1   -41.0   23.431 -145.786     91.4   1010.8
     1     1    19     4    20     0     0     0   -42.0   23.526 -145.546     91.4   1010.7
     1     1    19     4    19    23     0     1   -43.0   23.616 -145.309     91.4   1010.8
     1     1    19     4    19    22     0     2   -44.0   23.704 -145.067     91.4   1010.9
     1     1    19     4    19    21     0     3   -45.0   23.788 -144.821     91.4   1010.9
     1     1    19     4    19    20     0     2   -46.0   23.871 -144.574     91.4   1011.4
     1     1    19     4    19    19     0     1   -47.0   23.951 -144.332     91.4   1012.0
     1     1    19     4    19    18     0     0   -48.0   24.031 -144.094     91.4   1012.6
     1     1    19     4    19    17     0     1   -49.0   24.111 -143.859     91.4   1012.2
     1     1    19     4    19    16     0     2   -50.0   24.189 -143.623     91.2   1011.9
     1     1    19     4    19    15     0     3   -51.0   24.266 -143.389     91.0   1011.6
     1     1    19     4    19    14     0     2   -52.0   24.350 -143.158     91.0   1011.4
     1     1    19     4    19    13     0     1   -53.0   24.446 -142.930     91.0   1011.3
     1     1    19     4    19    12     0     0   -54.0   24.555 -142.705     91.0   1011.1
     1     1    19     4    19    11     0     1   -55.0   24.670 -142.482     91.0   1011.1
     1     1    19     4    19    10     0     2   -56.0   24.787 -142.257     91.0   1011.1
     1     1    19     4    19     9     0     3   -57.0   24.906 -142.031     91.0   1011.1
     1     1    19     4    19     8     0     2   -58.0   25.030 -141.810     90.9   1011.0
     1     1    19     4    19     7     0     1   -59.0   25.163 -141.598     90.7   1011.1
     1     1    19     4    19     6     0     0   -60.0   25.306 -141.394     90.5   1011.4
     1     1    19     4    19     5     0     1   -61.0   25.457 -141.201     90.5   1011.3
     1     1    19     4    19     4     0     2   -62.0   25.611 -141.021     90.5   1010.9
     1     1    19     4    19     3     0     3   -63.0   25.768 -140.855     90.5   1010.3
     1     1    19     4    19     2     0     2   -64.0   25.924 -140.701     90.5   1010.5
     1     1    19     4    19     1     0     1   -65.0   26.073 -140.558     90.5   1010.6
     1     1    19     4    19     0     0     0   -66.0   26.218 -140.423     90.5   1010.7
     1     1    19     4    18    23     0     1   -67.0   26.352 -140.297     90.5   1011.3
     1     1    19     4    18    22     0     2   -68.0   26.469 -140.180     90.5   1012.0
     1     1    19     4    18    21     0     3   -69.0   26.571 -140.080     90.5   1012.9
     1     1    19     4    18    20     0     2   -70.0   26.666 -139.987     91.7   1013.0
     1     1    19     4    18    19     0     1   -71.0   26.762 -139.892     95.6   1012.5
     1     1    19     4    18    18     0     0   -72.0   26.858 -139.790    103.3   1011.6
     1     1    19     4    18    17     0     1   -73.0   26.956 -139.682    114.0   1009.7
     1     1    19     4    18    16     0     2   -74.0   27.058 -139.569    125.1   1008.0
     1     1    19     4    18    15     0     3   -75.0   27.165 -139.448    134.2   1006.6
     1     1    19     4    18    14     0     2   -76.0   27.272 -139.322    140.2   1005.9
     1     1    19     4    18    13     0     1   -77.0   27.372 -139.191    143.3   1005.6
     1     1    19     4    18    12     0     0   -78.0   27.470 -139.060    144.3   1005.5
     1     1    19     4    18    11     0     1   -79.0   27.565 -138.932    144.5   1006.0
     1     1    19     4    18    10     0     2   -80.0   27.654 -138.804    144.6   1006.5
     1     1    19     4    18     9     0     3   -81.0   27.734 -138.677    144.5   1006.9
     1     1    19     4    18     8     0     2   -82.0   27.812 -138.548    144.5   1006.7
     1     1    19     4    18     7     0     1   -83.0   27.896 -138.415    144.4   1006.5
     1     1    19     4    18     6     0     0   -84.0   27.989 -138.278    144.4   1006.3
     1     1    19     4    18     5     0     1   -85.0   28.087 -138.142    143.9   1006.2
     1     1    19     4    18     4     0     2   -86.0   28.185 -138.010    142.3   1006.4
     1     1    19     4    18     3     0     3   -87.0   28.283 -137.885    139.4   1006.7
     1     1    19     4    18     2     0     2   -88.0   28.373 -137.766    135.8   1007.2
     1     1    19     4    18     1     0     1   -89.0   28.453 -137.654    131.5   1007.8
     1     1    19     4    18     0     0     0   -90.0   28.523 -137.548    126.3   1008.5
     1     1    19     4    17    23     0     1   -91.0   28.578 -137.443    121.4   1009.5
     1     1    19     4    17    22     0     2   -92.0   28.618 -137.331    118.3   1010.1
     1     1    19     4    17    21     0     3   -93.0   28.644 -137.212    117.3   1010.5
     1     1    19     4    17    20     0     2   -94.0   28.663 -137.082    117.3   1010.6
     1     1    19     4    17    19     0     1   -95.0   28.685 -136.935    117.3   1010.8
     1     1    19     4    17    18     0     0   -96.0   28.709 -136.772    117.3   1011.0
     1     1    19     4    17    17     0     1   -97.0   28.736 -136.607    117.3   1010.7
     1     1    19     4    17    16     0     2   -98.0   28.770 -136.449    117.3   1010.5
     1     1    19     4    17    15     0     3   -99.0   28.813 -136.295    117.3   1010.3
     1     1    19     4    17    14     0     2  -100.0   28.859 -136.144    114.0   1009.9
     1     1    19     4    17    13     0     1  -101.0   28.903 -135.995    103.3   1010.5
     1     1    19     4    17    12     0     0  -102.0   28.947 -135.850     86.2   1012.1
     1     1    19     4    17    11     0     1  -103.0   28.991 -135.707     71.5   1015.7
     1     1    19     4    17    10     0     2  -104.0   29.038 -135.566     63.8   1017.6
     1     1    19     4    17     9     0     3  -105.0   29.088 -135.427     61.4   1018.8
     1     1    19     4    17     8     0     2  -106.0   29.146 -135.294     61.4   1018.5
     1     1    19     4    17     7     0     1  -107.0   29.214 -135.174     61.4   1018.6
     1     1    19     4    17     6     0     0  -108.0   29.291 -135.064     61.4   1018.7
     1     1    19     4    17     5     0     1  -109.0   29.372 -134.963     61.4   1017.7
     1     1    19     4    17     4     0     2  -110.0   29.452 -134.870     61.4   1016.9
     1     1    19     4    17     3     0     3  -111.0   29.532 -134.785     61.4   1016.3
     1     1    19     4    17     2     0     2  -112.0   29.612 -134.703     61.4   1016.0
     1     1    19     4    17     1     0     1  -113.0   29.694 -134.621     61.4   1015.6
     1     1    19     4    17     0     0     0  -114.0   29.781 -134.538     61.4   1015.1
     1     1    19     4    16    23     0     1  -115.0   29.868 -134.455     61.4   1015.8
     1     1    19     4    16    22     0     2  -116.0   29.950 -134.371     61.4   1016.5
     1     1    19     4    16    21     0     3  -117.0   30.024 -134.293     61.4   1017.2
     1     1    19     4    16    20     0     2  -118.0   30.102 -134.226     61.4   1017.3
     1     1    19     4    16    19     0     1  -119.0   30.194 -134.176     61.4   1017.3
     1     1    19     4    16    18     0     0  -120.0   30.302 -134.137     61.4   1017.3
     1     1    19     4    16    17     0     1  -121.0   30.422 -134.110     61.9   1016.8
     1     1    19     4    16    16     0     2  -122.0   30.552 -134.099     63.5   1016.2
     1     1    19     4    16    15     0     3  -123.0   30.697 -134.099     67.2   1015.3
     1     1    19     4    16    14     0     2  -124.0   30.853 -134.111     72.0   1013.5
     1     1    19     4    16    13     0     1  -125.0   31.011 -134.146     75.8   1011.9
     1     1    19     4    16    12     0     0  -126.0   31.165 -134.210     78.0   1010.8
     1     1    19     4    16    11     0     1  -127.0   31.312 -134.290     78.6   1011.2
     1     1    19     4    16    10     0     2  -128.0   31.452 -134.379     77.3   1011.9
     1     1    19     4    16     9     0     3  -129.0   31.590 -134.476     73.7   1012.9
     1     1    19     4    16     8     0     2  -130.0   31.730 -134.584     69.5   1013.6
     1     1    19     4    16     7     0     1  -131.0   31.872 -134.707     65.4   1014.0
     1     1    19     4    16     6     0     0  -132.0   32.009 -134.855     60.6   1014.6
     1     1    19     4    16     5     0     1  -133.0   32.139 -135.020     57.3   1015.2
     1     1    19     4    16     4     0     2  -134.0   32.267 -135.199     57.2   1014.5
     1     1    19     4    16     3     0     3  -135.0   32.390 -135.393     59.2   1013.6
     1     1    19     4    16     2     0     2  -136.0   32.508 -135.602     61.8   1012.8
     1     1    19     4    16     1     0     1  -137.0   32.615 -135.827     63.4   1012.2
     1     1    19     4    16     0     0     0  -138.0   32.709 -136.072     64.0   1011.5
     1     1    19     4    15    23     0     1  -139.0   32.794 -136.329     64.2   1012.3
     1     1    19     4    15    22     0     2  -140.0   32.870 -136.589     64.8   1012.7
     1     1    19     4    15    21     0     3  -141.0   32.929 -136.857     65.4   1012.8
     1     1    19     4    15    20     0     2  -142.0   32.982 -137.129     67.1   1012.8
     1     1    19     4    15    19     0     1  -143.0   33.040 -137.397     71.6   1012.3
     1     1    19     4    15    18     0     0  -144.0   33.099 -137.664     79.4   1011.4
     1     1    19     4    15    17     0     1  -145.0   33.160 -137.932     89.1   1009.8
     1     1    19     4    15    16     0     2  -146.0   33.234 -138.204     98.9   1008.4
     1     1    19     4    15    15     0     3  -147.0   33.318 -138.483    108.7   1007.2
     1     1    19     4    15    14     0     2  -148.0   33.403 -138.765    116.7   1006.3
     1     1    19     4    15    13     0     1  -149.0   33.482 -139.046    121.1   1006.0
     1     1    19     4    15    12     0     0  -150.0   33.556 -139.326    122.4   1006.1
     1     1    19     4    15    11     0     1  -151.0   33.626 -139.605    122.4   1006.9
     1     1    19     4    15    10     0     2  -152.0   33.700 -139.883    122.4   1007.6
     1     1    19     4    15     9     0     3  -153.0   33.778 -140.162    122.4   1008.4
     1     1    19     4    15     8     0     2  -154.0   33.858 -140.441    122.4   1008.5
     1     1    19     4    15     7     0     1  -155.0   33.938 -140.719    122.4   1008.6
     1     1    19     4    15     6     0     0  -156.0   34.017 -140.999    122.4   1008.7
     1     1    19     4    15     5     0     1  -157.0   34.092 -141.285    122.4   1008.6
     1     1    19     4    15     4     0     2  -158.0   34.159 -141.573    122.4   1008.4
     1     1    19     4    15     3     0     3  -159.0   34.217 -141.864    122.4   1008.3
     1     1    19     4    15     2     0     2  -160.0   34.263 -142.153    122.4   1008.8
     1     1    19     4    15     1     0     1  -161.0   34.297 -142.435    122.4   1009.4
     1     1    19     4    15     0     0     0  -162.0   34.317 -142.708    122.4   1009.9
     1     1    19     4    14    23     0     1  -163.0   34.327 -142.973    122.4   1010.6
     1     1    19     4    14    22     0     2  -164.0   34.336 -143.230    122.5   1011.2
     1     1    19     4    14    21     0     3  -165.0   34.344 -143.477    122.5   1011.8
     1     1    19     4    14    20     0     2  -166.0   34.352 -143.715    122.9   1012.0
     1     1    19     4    14    19     0     1  -167.0   34.361 -143.939    123.5   1011.9
     1     1    19     4    14    18     0     0  -168.0   34.369 -144.152    123.7   1012.0
