     7     1
    GDAS    19     6     1     0     0
    GDAS    19     7     1     0     0
    GDAS    19     8     1     0     0
    GDAS    19     9     1     0     0
    GDAS    19    10     1     0     0
    GDAS    19    11     1     0     0
    GDAS    19    12     1     0     0
     1 BACKWARD OMEGA   
    19    11    14    12   21.319 -157.670    10.0
     1 PRESSURE
     1     1    19    11    14    12     0     0     0.0   21.319 -157.670     10.0   1010.9
     1     1    19    11    14    11     0     1    -1.0   21.340 -157.562     20.6   1010.1
     1     1    19    11    14    10     0     2    -2.0   21.370 -157.433     44.3   1008.0
     1     1    19    11    14     9     0     3    -3.0   21.404 -157.280     86.0   1003.1
     1     1    19    11    14     8     0     2    -4.0   21.442 -157.116    146.7    995.8
     1     1    19    11    14     7     0     1    -5.0   21.486 -156.955    220.6    985.6
     1     1    19    11    14     6     0     0    -6.0   21.532 -156.795    285.0    977.5
     1     1    19    11    14     5     0     1    -7.0   21.565 -156.631    328.9    973.2
     1     1    19    11    14     4     0     2    -8.0   21.575 -156.462    361.6    970.7
     1     1    19    11    14     3     0     3    -9.0   21.567 -156.288    392.7    968.2
     1     1    19    11    14     2     0     2   -10.0   21.553 -156.116    423.0    965.4
     1     1    19    11    14     1     0     1   -11.0   21.546 -155.950    451.7    962.6
     1     1    19    11    14     0     0     0   -12.0   21.545 -155.794    476.6    959.0
     1     1    19    11    13    23     0     1   -13.0   21.547 -155.643    492.0    957.8
     1     1    19    11    13    22     0     2   -14.0   21.547 -155.489    496.6    958.1
     1     1    19    11    13    21     0     3   -15.0   21.549 -155.328    492.3    959.4
     1     1    19    11    13    20     0     2   -16.0   21.551 -155.165    493.4    960.7
     1     1    19    11    13    19     0     1   -17.0   21.552 -155.007    522.6    958.2
     1     1    19    11    13    18     0     0   -18.0   21.550 -154.861    592.1    950.7
     1     1    19    11    13    17     0     1   -19.0   21.550 -154.730    677.5    938.3
     1     1    19    11    13    16     0     2   -20.0   21.554 -154.606    743.0    930.5
     1     1    19    11    13    15     0     3   -21.0   21.563 -154.483    781.3    925.9
     1     1    19    11    13    14     0     2   -22.0   21.574 -154.358    815.8    924.8
     1     1    19    11    13    13     0     1   -23.0   21.580 -154.237    880.1    918.7
     1     1    19    11    13    12     0     0   -24.0   21.580 -154.126    990.8    907.3
     1     1    19    11    13    11     0     1   -25.0   21.575 -154.030   1115.3    890.7
     1     1    19    11    13    10     0     2   -26.0   21.573 -153.946   1198.3    881.8
     1     1    19    11    13     9     0     3   -27.0   21.580 -153.867   1232.9    879.0
     1     1    19    11    13     8     0     2   -28.0   21.596 -153.793   1246.4    880.1
     1     1    19    11    13     7     0     1   -29.0   21.619 -153.725   1264.3    878.0
     1     1    19    11    13     6     0     0   -30.0   21.648 -153.665   1285.9    875.6
     1     1    19    11    13     5     0     1   -31.0   21.681 -153.612   1302.0    872.4
     1     1    19    11    13     4     0     2   -32.0   21.713 -153.567   1300.0    871.9
     1     1    19    11    13     3     0     3   -33.0   21.742 -153.526   1276.4    873.6
     1     1    19    11    13     2     0     2   -34.0   21.772 -153.480   1239.9    878.3
     1     1    19    11    13     1     0     1   -35.0   21.804 -153.426   1200.6    882.4
     1     1    19    11    13     0     0     0   -36.0   21.839 -153.361   1161.1    886.6
     1     1    19    11    12    23     0     1   -37.0   21.875 -153.285   1129.9    891.1
     1     1    19    11    12    22     0     2   -38.0   21.912 -153.198   1113.0    893.5
     1     1    19    11    12    21     0     3   -39.0   21.950 -153.104   1109.0    894.5
     1     1    19    11    12    20     0     2   -40.0   21.997 -153.012   1117.5    893.6
     1     1    19    11    12    19     0     1   -41.0   22.060 -152.935   1139.1    891.4
     1     1    19    11    12    18     0     0   -42.0   22.135 -152.877   1173.7    887.7
     1     1    19    11    12    17     0     1   -43.0   22.212 -152.839   1208.3    882.5
     1     1    19    11    12    16     0     2   -44.0   22.277 -152.817   1232.6    879.8
     1     1    19    11    12    15     0     3   -45.0   22.333 -152.805   1249.4    877.9
     1     1    19    11    12    14     0     2   -46.0   22.381 -152.793   1262.4    876.7
     1     1    19    11    12    13     0     1   -47.0   22.422 -152.772   1274.9    875.4
     1     1    19    11    12    12     0     0   -48.0   22.455 -152.743   1288.7    874.0
     1     1    19    11    12    11     0     1   -49.0   22.492 -152.713   1297.5    872.9
     1     1    19    11    12    10     0     2   -50.0   22.538 -152.688   1292.8    873.7
     1     1    19    11    12     9     0     3   -51.0   22.594 -152.664   1269.5    876.4
     1     1    19    11    12     8     0     2   -52.0   22.660 -152.640   1241.9    881.0
     1     1    19    11    12     7     0     1   -53.0   22.736 -152.625   1232.0    882.1
     1     1    19    11    12     6     0     0   -54.0   22.825 -152.623   1244.1    880.9
     1     1    19    11    12     5     0     1   -55.0   22.920 -152.644   1259.0    876.6
     1     1    19    11    12     4     0     2   -56.0   23.015 -152.683   1253.4    877.0
     1     1    19    11    12     3     0     3   -57.0   23.110 -152.735   1235.3    879.2
     1     1    19    11    12     2     0     2   -58.0   23.198 -152.789   1217.7    881.5
     1     1    19    11    12     1     0     1   -59.0   23.271 -152.843   1200.2    882.5
     1     1    19    11    12     0     0     0   -60.0   23.333 -152.897   1174.0    884.6
     1     1    19    11    11    23     0     1   -61.0   23.392 -152.950   1143.8    889.4
     1     1    19    11    11    22     0     2   -62.0   23.449 -153.001   1119.1    892.8
     1     1    19    11    11    21     0     3   -63.0   23.503 -153.055   1101.6    895.5
     1     1    19    11    11    20     0     2   -64.0   23.555 -153.112   1084.8    896.3
     1     1    19    11    11    19     0     1   -65.0   23.605 -153.171   1059.9    898.7
     1     1    19    11    11    18     0     0   -66.0   23.655 -153.232   1025.0    902.1
     1     1    19    11    11    17     0     1   -67.0   23.708 -153.299    999.8    906.7
     1     1    19    11    11    16     0     2   -68.0   23.757 -153.385   1006.1    905.9
     1     1    19    11    11    15     0     3   -69.0   23.798 -153.499   1046.1    901.4
     1     1    19    11    11    14     0     2   -70.0   23.825 -153.634   1085.6    893.7
     1     1    19    11    11    13     0     1   -71.0   23.841 -153.775   1093.9    893.0
     1     1    19    11    11    12     0     0   -72.0   23.845 -153.919   1078.6    894.9
     1     1    19    11    11    11     0     1   -73.0   23.848 -154.061   1004.9    899.0
     1     1    19    11    11    10     0     2   -74.0   23.868 -154.198    848.7    918.1
     1     1    19    11    11     9     0     3   -75.0   23.910 -154.327    642.7    942.7
     1     1    19    11    11     8     0     2   -76.0   23.965 -154.448    478.6    968.9
     1     1    19    11    11     7     0     1   -77.0   24.013 -154.568    382.4    975.0
     1     1    19    11    11     6     0     0   -78.0   24.051 -154.700    309.2    981.0
     1     1    19    11    11     5     0     1   -79.0   24.071 -154.828    250.3    988.0
     1     1    19    11    11     4     0     2   -80.0   24.065 -154.935    210.6    991.4
     1     1    19    11    11     3     0     3   -81.0   24.026 -155.019    188.3    993.5
     1     1    19    11    11     2     0     2   -82.0   23.974 -155.094    170.9    994.0
     1     1    19    11    11     1     0     1   -83.0   23.933 -155.168    149.0    996.7
     1     1    19    11    11     0     0     0   -84.0   23.904 -155.240    124.4    999.3
     1     1    19    11    10    23     0     1   -85.0   23.882 -155.306    105.1   1002.9
     1     1    19    11    10    22     0     2   -86.0   23.861 -155.363     94.8   1004.8
     1     1    19    11    10    21     0     3   -87.0   23.839 -155.412     90.4   1006.3
     1     1    19    11    10    20     0     2   -88.0   23.811 -155.458     88.4   1005.6
     1     1    19    11    10    19     0     1   -89.0   23.777 -155.504     86.3   1005.1
     1     1    19    11    10    18     0     0   -90.0   23.737 -155.550     84.3   1004.7
     1     1    19    11    10    17     0     1   -91.0   23.694 -155.590     83.0   1004.8
     1     1    19    11    10    16     0     2   -92.0   23.655 -155.620     83.3   1004.7
     1     1    19    11    10    15     0     3   -93.0   23.619 -155.639     85.7   1004.4
     1     1    19    11    10    14     0     2   -94.0   23.584 -155.654     88.8   1003.3
     1     1    19    11    10    13     0     1   -95.0   23.551 -155.669     91.5   1002.4
     1     1    19    11    10    12     0     0   -96.0   23.517 -155.683     93.6   1001.6
     1     1    19    11    10    11     0     1   -97.0   23.488 -155.697     96.0   1002.3
     1     1    19    11    10    10     0     2   -98.0   23.472 -155.711     99.3   1002.8
     1     1    19    11    10     9     0     3   -99.0   23.467 -155.727    103.4   1003.2
     1     1    19    11    10     8     0     2  -100.0   23.473 -155.747    109.5   1002.2
     1     1    19    11    10     7     0     1  -101.0   23.488 -155.774    119.1   1000.7
     1     1    19    11    10     6     0     0  -102.0   23.512 -155.808    132.7    999.1
     1     1    19    11    10     5     0     1  -103.0   23.545 -155.853    144.5    996.4
     1     1    19    11    10     4     0     2  -104.0   23.587 -155.912    147.2    995.3
     1     1    19    11    10     3     0     3  -105.0   23.639 -155.992    139.0    995.5
     1     1    19    11    10     2     0     2  -106.0   23.694 -156.090    128.0    997.2
     1     1    19    11    10     1     0     1  -107.0   23.738 -156.199    122.2    997.4
     1     1    19    11    10     0     0     0  -108.0   23.771 -156.318    122.0    997.0
     1     1    19    11     9    23     0     1  -109.0   23.796 -156.441    121.7    997.2
     1     1    19    11     9    22     0     2  -110.0   23.814 -156.564    113.9    998.5
     1     1    19    11     9    21     0     3  -111.0   23.825 -156.688     96.1   1001.0
     1     1    19    11     9    20     0     2  -112.0   23.830 -156.826     77.4   1004.1
     1     1    19    11     9    19     0     1  -113.0   23.834 -156.989     65.1   1005.8
     1     1    19    11     9    18     0     0  -114.0   23.835 -157.174     59.8   1006.6
     1     1    19    11     9    17     0     1  -115.0   23.829 -157.368     58.7   1005.1
     1     1    19    11     9    16     0     2  -116.0   23.809 -157.560     58.1   1004.2
     1     1    19    11     9    15     0     3  -117.0   23.776 -157.748     57.8   1003.2
     1     1    19    11     9    14     0     2  -118.0   23.735 -157.928     57.7   1003.2
     1     1    19    11     9    13     0     1  -119.0   23.691 -158.101     57.8   1003.2
     1     1    19    11     9    12     0     0  -120.0   23.643 -158.270     58.4   1003.2
     1     1    19    11     9    11     0     1  -121.0   23.595 -158.437     58.2   1003.9
     1     1    19    11     9    10     0     2  -122.0   23.550 -158.602     56.3   1005.1
     1     1    19    11     9     9     0     3  -123.0   23.507 -158.766     53.4   1006.4
     1     1    19    11     9     8     0     2  -124.0   23.468 -158.937     51.1   1005.9
     1     1    19    11     9     7     0     1  -125.0   23.433 -159.120     49.4   1005.2
     1     1    19    11     9     6     0     0  -126.0   23.402 -159.309     46.7   1004.6
     1     1    19    11     9     5     0     1  -127.0   23.374 -159.483     43.7   1004.8
     1     1    19    11     9     4     0     2  -128.0   23.348 -159.626     41.8   1004.8
     1     1    19    11     9     3     0     3  -129.0   23.322 -159.742     41.2   1004.8
     1     1    19    11     9     2     0     2  -130.0   23.292 -159.847     40.9   1004.7
     1     1    19    11     9     1     0     1  -131.0   23.260 -159.952     40.4   1004.8
     1     1    19    11     9     0     0     0  -132.0   23.226 -160.059     40.1   1004.8
     1     1    19    11     8    23     0     1  -133.0   23.196 -160.159     38.9   1006.0
     1     1    19    11     8    22     0     2  -134.0   23.173 -160.243     36.0   1007.5
     1     1    19    11     8    21     0     3  -135.0   23.157 -160.316     32.1   1009.2
     1     1    19    11     8    20     0     2  -136.0   23.146 -160.379     28.9   1008.9
     1     1    19    11     8    19     0     1  -137.0   23.138 -160.432     27.2   1008.3
     1     1    19    11     8    18     0     0  -138.0   23.132 -160.478     26.6   1007.5
     1     1    19    11     8    17     0     1  -139.0   23.131 -160.516     26.5   1007.4
     1     1    19    11     8    16     0     2  -140.0   23.132 -160.542     26.0   1007.5
     1     1    19    11     8    15     0     3  -141.0   23.137 -160.557     25.2   1007.6
     1     1    19    11     8    14     0     2  -142.0   23.143 -160.565     24.3   1007.8
     1     1    19    11     8    13     0     1  -143.0   23.150 -160.569     23.6   1008.1
     1     1    19    11     8    12     0     0  -144.0   23.158 -160.568     23.0   1008.3
     1     1    19    11     8    11     0     1  -145.0   23.170 -160.555     22.8   1009.6
     1     1    19    11     8    10     0     2  -146.0   23.185 -160.522     23.1   1010.9
     1     1    19    11     8     9     0     3  -147.0   23.206 -160.469     23.9   1012.0
     1     1    19    11     8     8     0     2  -148.0   23.235 -160.409     24.7   1010.8
     1     1    19    11     8     7     0     1  -149.0   23.275 -160.355     24.7   1009.8
     1     1    19    11     8     6     0     0  -150.0   23.325 -160.308     23.8   1008.9
     1     1    19    11     8     5     0     1  -151.0   23.385 -160.265     22.6   1008.9
     1     1    19    11     8     4     0     2  -152.0   23.458 -160.223     22.1   1008.8
     1     1    19    11     8     3     0     3  -153.0   23.545 -160.183     22.7   1008.7
     1     1    19    11     8     2     0     2  -154.0   23.636 -160.147     24.3   1008.6
     1     1    19    11     8     1     0     1  -155.0   23.722 -160.113     26.3   1008.6
     1     1    19    11     8     0     0     0  -156.0   23.804 -160.082     28.3   1008.5
     1     1    19    11     7    23     0     1  -157.0   23.882 -160.054     29.1   1009.6
     1     1    19    11     7    22     0     2  -158.0   23.955 -160.030     27.6   1011.0
     1     1    19    11     7    21     0     3  -159.0   24.020 -160.010     23.9   1012.7
     1     1    19    11     7    20     0     2  -160.0   24.079 -159.997     20.3   1013.6
     1     1    19    11     7    19     0     1  -161.0   24.128 -159.993     18.4   1013.9
     1     1    19    11     7    18     0     0  -162.0   24.168 -159.997     17.8   1014.1
     1     1    19    11     7    17     0     1  -163.0   24.201 -159.996     18.7   1014.1
     1     1    19    11     7    16     0     2  -164.0   24.231 -159.978     21.5   1013.7
     1     1    19    11     7    15     0     3  -165.0   24.257 -159.941     26.6   1013.0
     1     1    19    11     7    14     0     2  -166.0   24.284 -159.892     33.2   1012.3
     1     1    19    11     7    13     0     1  -167.0   24.317 -159.836     39.5   1011.8
     1     1    19    11     7    12     0     0  -168.0   24.355 -159.773     44.8   1011.4
