     7     1
    GDAS    18    12     1     0     0
    GDAS    19     1     1     0     0
    GDAS    19     2     1     0     0
    GDAS    19     3     1     0     0
    GDAS    19     4     1     0     0
    GDAS    19     5     1     0     0
    GDAS    19     6     1     0     0
     1 BACKWARD OMEGA   
    19     1    26    12   21.319 -157.670    10.0
     1 PRESSURE
     1     1    19     1    26    12     0     0     0.0   21.319 -157.670     10.0   1010.9
     1     1    19     1    26    11     0     1    -1.0   21.589 -157.517      9.4   1012.0
     1     1    19     1    26    10     0     2    -2.0   21.896 -157.358      9.3   1014.3
     1     1    19     1    26     9     0     3    -3.0   22.250 -157.200      9.3   1016.1
     1     1    19     1    26     8     0     2    -4.0   22.625 -157.049      9.3   1016.0
     1     1    19     1    26     7     0     1    -5.0   23.006 -156.914      9.3   1015.9
     1     1    19     1    26     6     0     0    -6.0   23.403 -156.799      9.3   1015.9
     1     1    19     1    26     5     0     1    -7.0   23.818 -156.700      9.3   1015.1
     1     1    19     1    26     4     0     2    -8.0   24.241 -156.612      9.3   1014.6
     1     1    19     1    26     3     0     3    -9.0   24.666 -156.548      9.3   1014.5
     1     1    19     1    26     2     0     2   -10.0   25.094 -156.500      9.3   1015.0
     1     1    19     1    26     1     0     1   -11.0   25.528 -156.458      9.3   1014.9
     1     1    19     1    26     0     0     0   -12.0   25.962 -156.425      9.3   1014.8
     1     1    19     1    25    23     0     1   -13.0   26.395 -156.407      9.3   1015.1
     1     1    19     1    25    22     0     2   -14.0   26.829 -156.405      9.3   1016.0
     1     1    19     1    25    21     0     3   -15.0   27.265 -156.417      9.4   1016.9
     1     1    19     1    25    20     0     2   -16.0   27.692 -156.445      9.8   1016.5
     1     1    19     1    25    19     0     1   -17.0   28.110 -156.489     10.5   1016.5
     1     1    19     1    25    18     0     0   -18.0   28.532 -156.551     11.7   1016.0
     1     1    19     1    25    17     0     1   -19.0   28.949 -156.632     13.2   1014.9
     1     1    19     1    25    16     0     2   -20.0   29.351 -156.725     14.4   1014.2
     1     1    19     1    25    15     0     3   -21.0   29.742 -156.835     14.8   1013.9
     1     1    19     1    25    14     0     2   -22.0   30.115 -156.958     14.9   1014.1
     1     1    19     1    25    13     0     1   -23.0   30.466 -157.089     15.2   1013.8
     1     1    19     1    25    12     0     0   -24.0   30.802 -157.233     15.5   1013.4
     1     1    19     1    25    11     0     1   -25.0   31.125 -157.388     15.8   1013.3
     1     1    19     1    25    10     0     2   -26.0   31.428 -157.543     16.5   1013.0
     1     1    19     1    25     9     0     3   -27.0   31.712 -157.709     17.1   1012.7
     1     1    19     1    25     8     0     2   -28.0   31.978 -157.896     17.3   1012.4
     1     1    19     1    25     7     0     1   -29.0   32.223 -158.101     17.3   1012.3
     1     1    19     1    25     6     0     0   -30.0   32.447 -158.319     17.3   1012.1
     1     1    19     1    25     5     0     1   -31.0   32.647 -158.564     17.3   1010.8
     1     1    19     1    25     4     0     2   -32.0   32.816 -158.843     17.3   1009.5
     1     1    19     1    25     3     0     3   -33.0   32.956 -159.150     17.3   1008.1
     1     1    19     1    25     2     0     2   -34.0   33.073 -159.484     17.7   1008.2
     1     1    19     1    25     1     0     1   -35.0   33.172 -159.835     19.3   1008.1
     1     1    19     1    25     0     0     0   -36.0   33.252 -160.197     22.5   1007.7
     1     1    19     1    24    23     0     1   -37.0   33.310 -160.581     25.1   1007.1
     1     1    19     1    24    22     0     2   -38.0   33.353 -160.994     25.8   1007.0
     1     1    19     1    24    21     0     3   -39.0   33.387 -161.426     26.7   1007.1
     1     1    19     1    24    20     0     2   -40.0   33.401 -161.872     28.8   1005.8
     1     1    19     1    24    19     0     1   -41.0   33.397 -162.342     30.7   1004.6
     1     1    19     1    24    18     0     0   -42.0   33.389 -162.840     31.2   1003.6
     1     1    19     1    24    17     0     1   -43.0   33.379 -163.355     31.2   1003.3
     1     1    19     1    24    16     0     2   -44.0   33.356 -163.883     31.2   1002.9
     1     1    19     1    24    15     0     3   -45.0   33.316 -164.427     31.2   1002.6
     1     1    19     1    24    14     0     2   -46.0   33.267 -164.981     31.3   1002.4
     1     1    19     1    24    13     0     1   -47.0   33.211 -165.540     33.0   1002.1
     1     1    19     1    24    12     0     0   -48.0   33.139 -166.099     39.6   1001.2
     1     1    19     1    24    11     0     1   -49.0   33.059 -166.651     46.6    999.6
     1     1    19     1    24    10     0     2   -50.0   32.981 -167.181     48.2    999.3
     1     1    19     1    24     9     0     3   -51.0   32.901 -167.677     48.2    999.0
     1     1    19     1    24     8     0     2   -52.0   32.828 -168.154     49.0    998.6
     1     1    19     1    24     7     0     1   -53.0   32.767 -168.628     51.2    998.0
     1     1    19     1    24     6     0     0   -54.0   32.714 -169.081     54.9    997.1
     1     1    19     1    24     5     0     1   -55.0   32.657 -169.530     61.2    996.0
     1     1    19     1    24     4     0     2   -56.0   32.585 -170.002     71.0    994.1
     1     1    19     1    24     3     0     3   -57.0   32.500 -170.492     80.0    992.0
     1     1    19     1    24     2     0     2   -58.0   32.411 -170.997     83.3    991.4
     1     1    19     1    24     1     0     1   -59.0   32.323 -171.513     82.6    991.8
     1     1    19     1    24     0     0     0   -60.0   32.236 -172.031     81.8    992.0
     1     1    19     1    23    23     0     1   -61.0   32.142 -172.548     80.5    992.2
     1     1    19     1    23    22     0     2   -62.0   32.028 -173.078     77.8    992.9
     1     1    19     1    23    21     0     3   -63.0   31.907 -173.626     76.4    993.3
     1     1    19     1    23    20     0     2   -64.0   31.782 -174.172     77.4    993.1
     1     1    19     1    23    19     0     1   -65.0   31.651 -174.703     80.9    992.5
     1     1    19     1    23    18     0     0   -66.0   31.521 -175.229     85.6    991.5
     1     1    19     1    23    17     0     1   -67.0   31.374 -175.739     88.2    991.5
     1     1    19     1    23    16     0     2   -68.0   31.188 -176.227     87.3    992.1
     1     1    19     1    23    15     0     3   -69.0   30.959 -176.700     83.4    993.0
     1     1    19     1    23    14     0     2   -70.0   30.720 -177.154     77.7    994.6
     1     1    19     1    23    13     0     1   -71.0   30.486 -177.570     71.5    996.2
     1     1    19     1    23    12     0     0   -72.0   30.216 -177.923     60.7    998.0
     1     1    19     1    23    11     0     1   -73.0   29.941 -178.217     45.7   1001.2
     1     1    19     1    23    10     0     2   -74.0   29.713 -178.474     35.3   1003.2
     1     1    19     1    23     9     0     3   -75.0   29.536 -178.684     31.8   1004.0
     1     1    19     1    23     8     0     2   -76.0   29.402 -178.865     33.6   1004.0
     1     1    19     1    23     7     0     1   -77.0   29.303 -179.039     39.3   1003.8
     1     1    19     1    23     6     0     0   -78.0   29.238 -179.219     50.3   1003.3
     1     1    19     1    23     5     0     1   -79.0   29.212 -179.404     62.6   1001.5
     1     1    19     1    23     4     0     2   -80.0   29.228 -179.586     68.9   1000.6
     1     1    19     1    23     3     0     3   -81.0   29.284 -179.768     67.3   1001.0
     1     1    19     1    23     2     0     2   -82.0   29.364 -179.965     62.4   1002.6
     1     1    19     1    23     1     0     1   -83.0   29.453  179.809     59.2   1003.5
     1     1    19     1    23     0     0     0   -84.0   29.557  179.557     58.1   1004.0
     1     1    19     1    22    23     0     1   -85.0   29.663  179.275     58.1   1003.7
     1     1    19     1    22    22     0     2   -86.0   29.763  178.957     58.1   1003.5
     1     1    19     1    22    21     0     3   -87.0   29.856  178.604     58.1   1003.4
     1     1    19     1    22    20     0     2   -88.0   29.944  178.230     58.1   1003.3
     1     1    19     1    22    19     0     1   -89.0   30.037  177.846     58.1   1003.3
     1     1    19     1    22    18     0     0   -90.0   30.143  177.445     58.1   1003.2
     1     1    19     1    22    17     0     1   -91.0   30.248  177.024     58.1   1002.6
     1     1    19     1    22    16     0     2   -92.0   30.338  176.593     58.1   1002.0
     1     1    19     1    22    15     0     3   -93.0   30.423  176.155     58.1   1001.3
     1     1    19     1    22    14     0     2   -94.0   30.503  175.716     58.2   1001.6
     1     1    19     1    22    13     0     1   -95.0   30.581  175.282     58.3   1001.6
     1     1    19     1    22    12     0     0   -96.0   30.663  174.849     59.3   1001.6
     1     1    19     1    22    11     0     1   -97.0   30.745  174.412     62.8   1000.8
     1     1    19     1    22    10     0     2   -98.0   30.819  173.973     67.8    999.5
     1     1    19     1    22     9     0     3   -99.0   30.895  173.531     70.6    998.4
     1     1    19     1    22     8     0     2  -100.0   30.977  173.084     71.7    998.0
     1     1    19     1    22     7     0     1  -101.0   31.061  172.630     73.9    997.2
     1     1    19     1    22     6     0     0  -102.0   31.149  172.172     75.9    996.1
     1     1    19     1    22     5     0     1  -103.0   31.241  171.718     76.8    996.1
     1     1    19     1    22     4     0     2  -104.0   31.328  171.266     77.6    995.9
     1     1    19     1    22     3     0     3  -105.0   31.407  170.814     78.1    995.6
     1     1    19     1    22     2     0     2  -106.0   31.484  170.362     78.5    995.8
     1     1    19     1    22     1     0     1  -107.0   31.563  169.907     79.1    995.8
     1     1    19     1    22     0     0     0  -108.0   31.633  169.446     79.4    995.7
     1     1    19     1    21    23     0     1  -109.0   31.712  168.980     79.2    995.6
     1     1    19     1    21    22     0     2  -110.0   31.820  168.527     78.9    995.5
     1     1    19     1    21    21     0     3  -111.0   31.943  168.106     78.7    995.4
     1     1    19     1    21    20     0     2  -112.0   32.070  167.691     77.9    994.8
     1     1    19     1    21    19     0     1  -113.0   32.194  167.247     74.5    994.5
     1     1    19     1    21    18     0     0  -114.0   32.312  166.789     67.5    995.0
     1     1    19     1    21    17     0     1  -115.0   32.416  166.328     59.2    995.9
     1     1    19     1    21    16     0     2  -116.0   32.524  165.878     50.6    996.6
     1     1    19     1    21    15     0     3  -117.0   32.659  165.462     44.4    997.1
     1     1    19     1    21    14     0     2  -118.0   32.800  165.074     47.0    997.1
     1     1    19     1    21    13     0     1  -119.0   32.938  164.692     60.7    995.6
     1     1    19     1    21    12     0     0  -120.0   33.085  164.308     80.3    992.2
     1     1    19     1    21    11     0     1  -121.0   33.204  163.865     89.5    989.5
     1     1    19     1    21    10     0     2  -122.0   33.291  163.360     86.4    990.5
     1     1    19     1    21     9     0     3  -123.0   33.397  162.833     84.4    990.7
     1     1    19     1    21     8     0     2  -124.0   33.507  162.289     84.6    989.9
     1     1    19     1    21     7     0     1  -125.0   33.594  161.725     82.2    989.4
     1     1    19     1    21     6     0     0  -126.0   33.676  161.147     74.6    989.9
     1     1    19     1    21     5     0     1  -127.0   33.746  160.550     66.3    991.4
     1     1    19     1    21     4     0     2  -128.0   33.780  159.919     58.7    992.1
     1     1    19     1    21     3     0     3  -129.0   33.785  159.276     51.4    992.8
     1     1    19     1    21     2     0     2  -130.0   33.758  158.632     44.9    993.6
     1     1    19     1    21     1     0     1  -131.0   33.696  157.971     38.3    994.5
     1     1    19     1    21     0     0     0  -132.0   33.608  157.284     32.8    995.6
     1     1    19     1    20    23     0     1  -133.0   33.485  156.585     28.4    996.8
     1     1    19     1    20    22     0     2  -134.0   33.313  155.882     22.9    997.9
     1     1    19     1    20    21     0     3  -135.0   33.092  155.166     15.6    999.4
     1     1    19     1    20    20     0     2  -136.0   32.844  154.463      8.6   1001.4
     1     1    19     1    20    19     0     1  -137.0   32.594  153.785      3.0   1002.3
     1     1    19     1    20    18     0     0  -138.0   32.338  153.115      0.0   1003.3
     1     1    19     1    20    17     0     1  -139.0   32.078  152.461      0.0   1004.4
     1     1    19     1    20    16     0     2  -140.0   31.821  151.837      0.0   1005.3
     1     1    19     1    20    15     0     3  -141.0   31.566  151.240      0.0   1006.4
     1     1    19     1    20    14     0     2  -142.0   31.327  150.674      0.0   1007.9
     1     1    19     1    20    13     0     1  -143.0   31.109  150.141      0.0   1008.8
     1     1    19     1    20    12     0     0  -144.0   30.906  149.637      0.0   1009.5
     1     1    19     1    20    11     0     1  -145.0   30.720  149.157      0.0   1011.3
     1     1    19     1    20    10     0     2  -146.0   30.547  148.700      0.0   1012.6
     1     1    19     1    20     9     0     3  -147.0   30.384  148.264      0.0   1013.4
     1     1    19     1    20     8     0     2  -148.0   30.234  147.846      0.0   1013.5
     1     1    19     1    20     7     0     1  -149.0   30.102  147.447      0.0   1013.5
     1     1    19     1    20     6     0     0  -150.0   29.979  147.065      0.0   1013.7
     1     1    19     1    20     5     0     1  -151.0   29.877  146.705      0.0   1015.1
     1     1    19     1    20     4     0     2  -152.0   29.807  146.369      0.0   1016.3
     1     1    19     1    20     3     0     3  -153.0   29.767  146.057      0.1   1017.2
     1     1    19     1    20     2     0     2  -154.0   29.750  145.767      0.2   1017.2
     1     1    19     1    20     1     0     1  -155.0   29.746  145.497      0.3   1017.2
     1     1    19     1    20     0     0     0  -156.0   29.756  145.247      0.4   1017.2
     1     1    19     1    19    23     0     1  -157.0   29.778  145.009      0.4   1018.2
     1     1    19     1    19    22     0     2  -158.0   29.809  144.774      0.4   1019.1
     1     1    19     1    19    21     0     3  -159.0   29.846  144.545      0.4   1020.0
     1     1    19     1    19    20     0     2  -160.0   29.890  144.319      0.4   1019.8
     1     1    19     1    19    19     0     1  -161.0   29.945  144.092      0.4   1019.5
     1     1    19     1    19    18     0     0  -162.0   30.012  143.865      0.4   1019.3
     1     1    19     1    19    17     0     1  -163.0   30.095  143.644      0.4   1020.1
     1     1    19     1    19    16     0     2  -164.0   30.193  143.436      0.4   1020.7
     1     1    19     1    19    15     0     3  -165.0   30.311  143.243      0.4   1021.0
     1     1    19     1    19    14     0     2  -166.0   30.444  143.050      0.4   1021.0
     1     1    19     1    19    13     0     1  -167.0   30.587  142.844      0.4   1021.4
     1     1    19     1    19    12     0     0  -168.0   30.738  142.624      0.4   1022.1
