     7     1
    GDAS    19     6     1     0     0
    GDAS    19     7     1     0     0
    GDAS    19     8     1     0     0
    GDAS    19     9     1     0     0
    GDAS    19    10     1     0     0
    GDAS    19    11     1     0     0
    GDAS    19    12     1     0     0
     1 BACKWARD OMEGA   
    19    11     1     0   21.319 -157.670    10.0
     1 PRESSURE
     1     1    19    11     1     0     0     0     0.0   21.319 -157.670     10.0   1005.8
     1     1    19    10    31    23     0     1    -1.0   21.281 -157.738     11.4   1007.1
     1     1    19    10    31    22     0     2    -2.0   21.249 -157.803     12.3   1008.6
     1     1    19    10    31    21     0     3    -3.0   21.227 -157.867     12.6   1010.4
     1     1    19    10    31    20     0     2    -4.0   21.214 -157.923     12.6   1010.2
     1     1    19    10    31    19     0     1    -5.0   21.209 -157.961     12.2   1009.9
     1     1    19    10    31    18     0     0    -6.0   21.215 -157.981     11.0   1009.6
     1     1    19    10    31    17     0     1    -7.0   21.222 -157.999      9.8   1009.7
     1     1    19    10    31    16     0     2    -8.0   21.226 -158.032      8.7   1009.4
     1     1    19    10    31    15     0     3    -9.0   21.225 -158.080      7.8   1009.1
     1     1    19    10    31    14     0     2   -10.0   21.220 -158.131      7.2   1008.3
     1     1    19    10    31    13     0     1   -11.0   21.217 -158.176      6.7   1007.5
     1     1    19    10    31    12     0     0   -12.0   21.215 -158.214      6.4   1006.7
     1     1    19    10    31    11     0     1   -13.0   21.213 -158.252      6.1   1007.4
     1     1    19    10    31    10     0     2   -14.0   21.208 -158.295      5.9   1008.1
     1     1    19    10    31     9     0     3   -15.0   21.199 -158.343      5.8   1008.9
     1     1    19    10    31     8     0     2   -16.0   21.192 -158.389      5.7   1008.9
     1     1    19    10    31     7     0     1   -17.0   21.195 -158.428      5.1   1009.0
     1     1    19    10    31     6     0     0   -18.0   21.209 -158.458      4.3   1009.0
     1     1    19    10    31     5     0     1   -19.0   21.227 -158.491      3.5   1008.4
     1     1    19    10    31     4     0     2   -20.0   21.239 -158.535      3.0   1007.7
     1     1    19    10    31     3     0     3   -21.0   21.245 -158.592      2.8   1007.0
     1     1    19    10    31     2     0     2   -22.0   21.252 -158.652      2.7   1007.2
     1     1    19    10    31     1     0     1   -23.0   21.270 -158.708      2.3   1007.4
     1     1    19    10    31     0     0     0   -24.0   21.301 -158.758      1.6   1007.5
     1     1    19    10    30    23     0     1   -25.0   21.336 -158.804      0.6   1008.2
     1     1    19    10    30    22     0     2   -26.0   21.363 -158.853      0.0   1009.0
     1     1    19    10    30    21     0     3   -27.0   21.385 -158.908      0.0   1009.7
     1     1    19    10    30    20     0     2   -28.0   21.394 -158.971      0.0   1009.7
     1     1    19    10    30    19     0     1   -29.0   21.384 -159.045      0.7   1009.8
     1     1    19    10    30    18     0     0   -30.0   21.352 -159.127      2.1   1009.8
     1     1    19    10    30    17     0     1   -31.0   21.309 -159.205      3.8   1009.4
     1     1    19    10    30    16     0     2   -32.0   21.267 -159.265      5.3   1009.0
     1     1    19    10    30    15     0     3   -33.0   21.229 -159.310      6.8   1008.6
     1     1    19    10    30    14     0     2   -34.0   21.198 -159.342      8.0   1008.7
     1     1    19    10    30    13     0     1   -35.0   21.178 -159.363      8.7   1008.9
     1     1    19    10    30    12     0     0   -36.0   21.169 -159.376      9.0   1009.0
     1     1    19    10    30    11     0     1   -37.0   21.171 -159.382      9.0   1010.1
     1     1    19    10    30    10     0     2   -38.0   21.185 -159.381      9.0   1011.2
     1     1    19    10    30     9     0     3   -39.0   21.212 -159.373      9.0   1012.2
     1     1    19    10    30     8     0     2   -40.0   21.248 -159.363      9.0   1011.1
     1     1    19    10    30     7     0     1   -41.0   21.292 -159.358      9.0   1010.0
     1     1    19    10    30     6     0     0   -42.0   21.345 -159.359      9.0   1008.9
     1     1    19    10    30     5     0     1   -43.0   21.397 -159.362      9.1   1008.7
     1     1    19    10    30     4     0     2   -44.0   21.442 -159.365      9.6   1008.5
     1     1    19    10    30     3     0     3   -45.0   21.478 -159.367     10.3   1008.3
     1     1    19    10    30     2     0     2   -46.0   21.507 -159.367     11.0   1008.5
     1     1    19    10    30     1     0     1   -47.0   21.529 -159.363     11.5   1008.7
     1     1    19    10    30     0     0     0   -48.0   21.546 -159.354     11.6   1009.0
     1     1    19    10    29    23     0     1   -49.0   21.562 -159.334     11.7   1010.0
     1     1    19    10    29    22     0     2   -50.0   21.582 -159.297     12.1   1011.0
     1     1    19    10    29    21     0     3   -51.0   21.607 -159.242     12.6   1011.9
     1     1    19    10    29    20     0     2   -52.0   21.633 -159.170     13.1   1010.9
     1     1    19    10    29    19     0     1   -53.0   21.659 -159.080     13.2   1010.0
     1     1    19    10    29    18     0     0   -54.0   21.684 -158.972     13.1   1009.2
     1     1    19    10    29    17     0     1   -55.0   21.703 -158.857     13.0   1009.1
     1     1    19    10    29    16     0     2   -56.0   21.712 -158.741     12.7   1009.0
     1     1    19    10    29    15     0     3   -57.0   21.716 -158.623     12.3   1009.0
     1     1    19    10    29    14     0     2   -58.0   21.717 -158.501     11.9   1009.4
     1     1    19    10    29    13     0     1   -59.0   21.717 -158.372     11.4   1009.8
     1     1    19    10    29    12     0     0   -60.0   21.718 -158.240     11.0   1010.2
     1     1    19    10    29    11     0     1   -61.0   21.720 -158.102     10.8   1011.1
     1     1    19    10    29    10     0     2   -62.0   21.720 -157.951     11.3   1011.7
     1     1    19    10    29     9     0     3   -63.0   21.716 -157.786     13.8   1011.9
     1     1    19    10    29     8     0     2   -64.0   21.713 -157.612     21.6   1009.7
     1     1    19    10    29     7     0     1   -65.0   21.717 -157.435     39.2   1006.6
     1     1    19    10    29     6     0     0   -66.0   21.724 -157.256     71.1   1002.4
     1     1    19    10    29     5     0     1   -67.0   21.729 -157.072    114.3    996.2
     1     1    19    10    29     4     0     2   -68.0   21.724 -156.883    162.9    990.5
     1     1    19    10    29     3     0     3   -69.0   21.710 -156.688    213.9    984.8
     1     1    19    10    29     2     0     2   -70.0   21.689 -156.481    262.9    979.6
     1     1    19    10    29     1     0     1   -71.0   21.658 -156.257    304.1    974.8
     1     1    19    10    29     0     0     0   -72.0   21.612 -156.014    337.9    971.8
     1     1    19    10    28    23     0     1   -73.0   21.560 -155.749    359.4    969.6
     1     1    19    10    28    22     0     2   -74.0   21.524 -155.466    368.2    970.3
     1     1    19    10    28    21     0     3   -75.0   21.506 -155.172    384.0    970.8
     1     1    19    10    28    20     0     2   -76.0   21.503 -154.871    410.7    967.2
     1     1    19    10    28    19     0     1   -77.0   21.511 -154.574    429.6    964.4
     1     1    19    10    28    18     0     0   -78.0   21.537 -154.292    438.7    964.2
     1     1    19    10    28    17     0     1   -79.0   21.575 -154.025    443.9    963.1
     1     1    19    10    28    16     0     2   -80.0   21.612 -153.759    443.8    962.6
     1     1    19    10    28    15     0     3   -81.0   21.639 -153.497    437.9    963.0
     1     1    19    10    28    14     0     2   -82.0   21.661 -153.247    431.3    964.0
     1     1    19    10    28    13     0     1   -83.0   21.684 -153.000    432.3    964.2
     1     1    19    10    28    12     0     0   -84.0   21.710 -152.746    453.3    962.5
     1     1    19    10    28    11     0     1   -85.0   21.736 -152.484    492.2    957.3
     1     1    19    10    28    10     0     2   -86.0   21.759 -152.220    531.5    953.1
     1     1    19    10    28     9     0     3   -87.0   21.774 -151.959    560.5    950.0
     1     1    19    10    28     8     0     2   -88.0   21.796 -151.688    585.7    948.7
     1     1    19    10    28     7     0     1   -89.0   21.834 -151.399    616.4    945.3
     1     1    19    10    28     6     0     0   -90.0   21.887 -151.108    646.1    941.8
     1     1    19    10    28     5     0     1   -91.0   21.945 -150.819    679.2    938.5
     1     1    19    10    28     4     0     2   -92.0   22.003 -150.529    711.0    933.0
     1     1    19    10    28     3     0     3   -93.0   22.055 -150.243    707.5    930.7
     1     1    19    10    28     2     0     2   -94.0   22.101 -149.962    689.6    937.1
     1     1    19    10    28     1     0     1   -95.0   22.142 -149.680    697.3    936.0
     1     1    19    10    28     0     0     0   -96.0   22.180 -149.396    701.6    932.1
     1     1    19    10    27    23     0     1   -97.0   22.216 -149.111    680.3    936.0
     1     1    19    10    27    22     0     2   -98.0   22.257 -148.824    667.1    941.2
     1     1    19    10    27    21     0     3   -99.0   22.304 -148.536    682.1    939.6
     1     1    19    10    27    20     0     2  -100.0   22.358 -148.247    701.9    935.2
     1     1    19    10    27    19     0     1  -101.0   22.418 -147.957    709.7    934.7
     1     1    19    10    27    18     0     0  -102.0   22.483 -147.671    713.4    935.2
     1     1    19    10    27    17     0     1  -103.0   22.561 -147.394    734.0    934.2
     1     1    19    10    27    16     0     2  -104.0   22.657 -147.134    782.6    928.1
     1     1    19    10    27    15     0     3  -105.0   22.768 -146.892    842.0    920.2
     1     1    19    10    27    14     0     2  -106.0   22.883 -146.660    894.9    913.9
     1     1    19    10    27    13     0     1  -107.0   22.990 -146.429    934.6    909.0
     1     1    19    10    27    12     0     0  -108.0   23.091 -146.206    947.8    906.1
     1     1    19    10    27    11     0     1  -109.0   23.185 -145.986    941.7    909.4
     1     1    19    10    27    10     0     2  -110.0   23.269 -145.761    944.7    910.6
     1     1    19    10    27     9     0     3  -111.0   23.341 -145.529    960.2    908.7
     1     1    19    10    27     8     0     2  -112.0   23.410 -145.291    979.8    906.2
     1     1    19    10    27     7     0     1  -113.0   23.487 -145.045   1004.8    904.0
     1     1    19    10    27     6     0     0  -114.0   23.574 -144.787   1039.3    900.3
     1     1    19    10    27     5     0     1  -115.0   23.670 -144.529   1076.5    895.5
     1     1    19    10    27     4     0     2  -116.0   23.770 -144.286   1112.7    891.8
     1     1    19    10    27     3     0     3  -117.0   23.872 -144.057   1151.1    887.9
     1     1    19    10    27     2     0     2  -118.0   23.977 -143.838   1186.1    883.4
     1     1    19    10    27     1     0     1  -119.0   24.090 -143.619   1205.7    880.5
     1     1    19    10    27     0     0     0  -120.0   24.211 -143.400   1207.2    880.5
     1     1    19    10    26    23     0     1  -121.0   24.333 -143.186   1206.8    882.8
     1     1    19    10    26    22     0     2  -122.0   24.452 -142.980   1215.7    882.4
     1     1    19    10    26    21     0     3  -123.0   24.566 -142.780   1230.9    881.4
     1     1    19    10    26    20     0     2  -124.0   24.673 -142.579   1248.8    879.3
     1     1    19    10    26    19     0     1  -125.0   24.771 -142.374   1264.4    877.4
     1     1    19    10    26    18     0     0  -126.0   24.859 -142.164   1271.8    876.3
     1     1    19    10    26    17     0     1  -127.0   24.944 -141.952   1283.4    876.3
     1     1    19    10    26    16     0     2  -128.0   25.033 -141.734   1308.9    872.6
     1     1    19    10    26    15     0     3  -129.0   25.125 -141.512   1334.6    868.8
     1     1    19    10    26    14     0     2  -130.0   25.216 -141.286   1348.3    866.9
     1     1    19    10    26    13     0     1  -131.0   25.303 -141.057   1353.9    867.1
     1     1    19    10    26    12     0     0  -132.0   25.389 -140.828   1366.9    866.4
     1     1    19    10    26    11     0     1  -133.0   25.472 -140.597   1386.7    864.0
     1     1    19    10    26    10     0     2  -134.0   25.553 -140.365   1401.1    862.5
     1     1    19    10    26     9     0     3  -135.0   25.631 -140.129   1403.8    862.5
     1     1    19    10    26     8     0     2  -136.0   25.708 -139.890   1401.3    863.7
     1     1    19    10    26     7     0     1  -137.0   25.788 -139.649   1404.4    863.9
     1     1    19    10    26     6     0     0  -138.0   25.867 -139.402   1414.7    863.0
     1     1    19    10    26     5     0     1  -139.0   25.939 -139.152   1428.4    861.0
     1     1    19    10    26     4     0     2  -140.0   26.005 -138.896   1446.5    859.3
     1     1    19    10    26     3     0     3  -141.0   26.069 -138.634   1468.8    856.4
     1     1    19    10    26     2     0     2  -142.0   26.132 -138.373   1483.6    854.2
     1     1    19    10    26     1     0     1  -143.0   26.190 -138.119   1487.8    854.1
     1     1    19    10    26     0     0     0  -144.0   26.245 -137.872   1490.5    854.3
     1     1    19    10    25    23     0     1  -145.0   26.296 -137.625   1496.1    854.0
     1     1    19    10    25    22     0     2  -146.0   26.343 -137.368   1503.0    853.5
     1     1    19    10    25    21     0     3  -147.0   26.386 -137.103   1507.3    853.1
     1     1    19    10    25    20     0     2  -148.0   26.430 -136.833   1515.6    853.5
     1     1    19    10    25    19     0     1  -149.0   26.479 -136.566   1532.6    851.6
     1     1    19    10    25    18     0     0  -150.0   26.530 -136.302   1548.0    849.7
     1     1    19    10    25    17     0     1  -151.0   26.579 -136.038   1553.5    848.6
     1     1    19    10    25    16     0     2  -152.0   26.626 -135.771   1554.9    848.8
     1     1    19    10    25    15     0     3  -153.0   26.671 -135.500   1558.6    847.9
     1     1    19    10    25    14     0     2  -154.0   26.715 -135.228   1557.5    847.2
     1     1    19    10    25    13     0     1  -155.0   26.758 -134.955   1538.6    848.3
     1     1    19    10    25    12     0     0  -156.0   26.800 -134.678   1505.2    852.5
     1     1    19    10    25    11     0     1  -157.0   26.841 -134.396   1471.8    856.6
     1     1    19    10    25    10     0     2  -158.0   26.883 -134.105   1442.5    859.6
     1     1    19    10    25     9     0     3  -159.0   26.928 -133.802   1414.5    862.3
     1     1    19    10    25     8     0     2  -160.0   26.980 -133.495   1391.6    865.3
     1     1    19    10    25     7     0     1  -161.0   27.044 -133.196   1371.8    866.6
     1     1    19    10    25     6     0     0  -162.0   27.123 -132.900   1341.7    869.2
     1     1    19    10    25     5     0     1  -163.0   27.212 -132.604   1308.5    873.5
     1     1    19    10    25     4     0     2  -164.0   27.306 -132.313   1286.9    875.5
     1     1    19    10    25     3     0     3  -165.0   27.404 -132.032   1279.3    876.0
     1     1    19    10    25     2     0     2  -166.0   27.506 -131.760   1281.1    875.2
     1     1    19    10    25     1     0     1  -167.0   27.609 -131.493   1282.6    874.6
     1     1    19    10    25     0     0     0  -168.0   27.710 -131.229   1276.7    874.8
