     7     1
    GDAS    18    12     1     0     0
    GDAS    19     1     1     0     0
    GDAS    19     2     1     0     0
    GDAS    19     3     1     0     0
    GDAS    19     4     1     0     0
    GDAS    19     5     1     0     0
    GDAS    19     6     1     0     0
     1 BACKWARD OMEGA   
    19     5    15    18   21.319 -157.670    10.0
     1 PRESSURE
     1     1    19     5    15    18     0     0     0.0   21.319 -157.670     10.0   1017.2
     1     1    19     5    15    17     0     1    -1.0   21.444 -157.468     12.2   1015.8
     1     1    19     5    15    16     0     2    -2.0   21.565 -157.257     15.9   1014.4
     1     1    19     5    15    15     0     3    -3.0   21.688 -157.039     21.4   1013.3
     1     1    19     5    15    14     0     2    -4.0   21.815 -156.821     27.0   1013.4
     1     1    19     5    15    13     0     1    -5.0   21.945 -156.607     30.7   1013.9
     1     1    19     5    15    12     0     0    -6.0   22.079 -156.397     33.6   1013.8
     1     1    19     5    15    11     0     1    -7.0   22.213 -156.187     36.2   1013.5
     1     1    19     5    15    10     0     2    -8.0   22.345 -155.972     38.0   1013.6
     1     1    19     5    15     9     0     3    -9.0   22.474 -155.756     38.6   1014.1
     1     1    19     5    15     8     0     2   -10.0   22.607 -155.544     39.1   1013.8
     1     1    19     5    15     7     0     1   -11.0   22.750 -155.337     40.8   1013.1
     1     1    19     5    15     6     0     0   -12.0   22.904 -155.137     44.5   1012.0
     1     1    19     5    15     5     0     1   -13.0   23.068 -154.956     49.9   1012.0
     1     1    19     5    15     4     0     2   -14.0   23.238 -154.799     55.5   1012.0
     1     1    19     5    15     3     0     3   -15.0   23.411 -154.665     59.7   1011.7
     1     1    19     5    15     2     0     2   -16.0   23.585 -154.545     62.4   1011.4
     1     1    19     5    15     1     0     1   -17.0   23.759 -154.436     64.7   1011.3
     1     1    19     5    15     0     0     0   -18.0   23.932 -154.340     68.6   1010.9
     1     1    19     5    14    23     0     1   -19.0   24.101 -154.256     74.4   1010.0
     1     1    19     5    14    22     0     2   -20.0   24.263 -154.180     80.8   1009.0
     1     1    19     5    14    21     0     3   -21.0   24.421 -154.110     87.1   1008.2
     1     1    19     5    14    20     0     2   -22.0   24.576 -154.041     92.8   1007.6
     1     1    19     5    14    19     0     1   -23.0   24.732 -153.971     97.1   1007.1
     1     1    19     5    14    18     0     0   -24.0   24.885 -153.901    100.2   1006.8
     1     1    19     5    14    17     0     1   -25.0   25.032 -153.839    102.4   1006.3
     1     1    19     5    14    16     0     2   -26.0   25.170 -153.788    104.0   1005.8
     1     1    19     5    14    15     0     3   -27.0   25.301 -153.747    104.8   1005.3
     1     1    19     5    14    14     0     2   -28.0   25.426 -153.709    104.8   1005.5
     1     1    19     5    14    13     0     1   -29.0   25.544 -153.668    104.8   1005.5
     1     1    19     5    14    12     0     0   -30.0   25.657 -153.624    104.8   1005.5
     1     1    19     5    14    11     0     1   -31.0   25.770 -153.573    105.0   1005.6
     1     1    19     5    14    10     0     2   -32.0   25.887 -153.511    105.4   1005.7
     1     1    19     5    14     9     0     3   -33.0   26.006 -153.440    105.6   1005.8
     1     1    19     5    14     8     0     2   -34.0   26.134 -153.368    106.7   1005.9
     1     1    19     5    14     7     0     1   -35.0   26.280 -153.299    109.9   1005.6
     1     1    19     5    14     6     0     0   -36.0   26.442 -153.230    114.9   1005.0
     1     1    19     5    14     5     0     1   -37.0   26.614 -153.170    119.1   1004.2
     1     1    19     5    14     4     0     2   -38.0   26.793 -153.129    121.0   1003.8
     1     1    19     5    14     3     0     3   -39.0   26.977 -153.110    121.4   1003.7
     1     1    19     5    14     2     0     2   -40.0   27.159 -153.108    121.4   1003.8
     1     1    19     5    14     1     0     1   -41.0   27.332 -153.118    121.4   1003.9
     1     1    19     5    14     0     0     0   -42.0   27.497 -153.138    121.4   1004.0
     1     1    19     5    13    23     0     1   -43.0   27.657 -153.157    121.4   1004.4
     1     1    19     5    13    22     0     2   -44.0   27.818 -153.163    121.4   1004.9
     1     1    19     5    13    21     0     3   -45.0   27.975 -153.161    121.4   1005.3
     1     1    19     5    13    20     0     2   -46.0   28.130 -153.153    121.4   1005.3
     1     1    19     5    13    19     0     1   -47.0   28.288 -153.136    121.4   1005.4
     1     1    19     5    13    18     0     0   -48.0   28.449 -153.111    121.4   1005.5
     1     1    19     5    13    17     0     1   -49.0   28.611 -153.079    121.3   1004.8
     1     1    19     5    13    16     0     2   -50.0   28.778 -153.039    121.1   1004.2
     1     1    19     5    13    15     0     3   -51.0   28.955 -152.986    120.9   1003.6
     1     1    19     5    13    14     0     2   -52.0   29.131 -152.923    118.7   1003.8
     1     1    19     5    13    13     0     1   -53.0   29.291 -152.856    113.5   1004.6
     1     1    19     5    13    12     0     0   -54.0   29.439 -152.784    106.8   1005.5
     1     1    19     5    13    11     0     1   -55.0   29.581 -152.699    100.9   1006.9
     1     1    19     5    13    10     0     2   -56.0   29.725 -152.595     97.3   1007.7
     1     1    19     5    13     9     0     3   -57.0   29.874 -152.468     95.6   1008.4
     1     1    19     5    13     8     0     2   -58.0   30.035 -152.326     93.9   1008.2
     1     1    19     5    13     7     0     1   -59.0   30.208 -152.185     89.8   1008.7
     1     1    19     5    13     6     0     0   -60.0   30.389 -152.051     83.8   1009.5
     1     1    19     5    13     5     0     1   -61.0   30.561 -151.916     77.3   1010.2
     1     1    19     5    13     4     0     2   -62.0   30.713 -151.776     71.4   1010.9
     1     1    19     5    13     3     0     3   -63.0   30.861 -151.624     66.5   1011.3
     1     1    19     5    13     2     0     2   -64.0   31.022 -151.458     61.7   1012.0
     1     1    19     5    13     1     0     1   -65.0   31.186 -151.293     56.8   1012.9
     1     1    19     5    13     0     0     0   -66.0   31.340 -151.141     52.1   1013.5
     1     1    19     5    12    23     0     1   -67.0   31.483 -150.994     49.2   1013.9
     1     1    19     5    12    22     0     2   -68.0   31.609 -150.851     48.6   1013.9
     1     1    19     5    12    21     0     3   -69.0   31.715 -150.713     49.8   1013.7
     1     1    19     5    12    20     0     2   -70.0   31.817 -150.575     51.5   1013.5
     1     1    19     5    12    19     0     1   -71.0   31.934 -150.430     52.5   1013.4
     1     1    19     5    12    18     0     0   -72.0   32.069 -150.280     53.0   1013.6
     1     1    19     5    12    17     0     1   -73.0   32.214 -150.140     53.0   1013.7
     1     1    19     5    12    16     0     2   -74.0   32.360 -150.020     53.0   1013.4
     1     1    19     5    12    15     0     3   -75.0   32.509 -149.918     53.0   1012.9
     1     1    19     5    12    14     0     2   -76.0   32.661 -149.837     52.9   1012.9
     1     1    19     5    12    13     0     1   -77.0   32.813 -149.781     52.8   1012.9
     1     1    19     5    12    12     0     0   -78.0   32.966 -149.748     52.7   1012.9
     1     1    19     5    12    11     0     1   -79.0   33.117 -149.733     52.1   1013.9
     1     1    19     5    12    10     0     2   -80.0   33.265 -149.728     50.6   1014.9
     1     1    19     5    12     9     0     3   -81.0   33.409 -149.731     48.6   1015.7
     1     1    19     5    12     8     0     2   -82.0   33.552 -149.742     47.0   1015.8
     1     1    19     5    12     7     0     1   -83.0   33.693 -149.767     46.2   1015.7
     1     1    19     5    12     6     0     0   -84.0   33.829 -149.805     46.1   1015.7
     1     1    19     5    12     5     0     1   -85.0   33.963 -149.861     46.0   1015.5
     1     1    19     5    12     4     0     2   -86.0   34.099 -149.939     46.0   1015.2
     1     1    19     5    12     3     0     3   -87.0   34.238 -150.042     46.0   1014.9
     1     1    19     5    12     2     0     2   -88.0   34.376 -150.160     46.0   1014.9
     1     1    19     5    12     1     0     1   -89.0   34.504 -150.287     46.0   1014.9
     1     1    19     5    12     0     0     0   -90.0   34.612 -150.435     46.0   1014.8
     1     1    19     5    11    23     0     1   -91.0   34.700 -150.601     45.8   1014.8
     1     1    19     5    11    22     0     2   -92.0   34.772 -150.776     45.3   1014.8
     1     1    19     5    11    21     0     3   -93.0   34.829 -150.962     45.0   1014.7
     1     1    19     5    11    20     0     2   -94.0   34.869 -151.158     45.6   1014.7
     1     1    19     5    11    19     0     1   -95.0   34.893 -151.360     47.6   1014.5
     1     1    19     5    11    18     0     0   -96.0   34.900 -151.568     51.2   1014.2
     1     1    19     5    11    17     0     1   -97.0   34.897 -151.773     55.1   1013.4
     1     1    19     5    11    16     0     2   -98.0   34.889 -151.968     57.5   1012.9
     1     1    19     5    11    15     0     3   -99.0   34.874 -152.151     58.3   1012.5
     1     1    19     5    11    14     0     2  -100.0   34.840 -152.317     57.6   1012.8
     1     1    19     5    11    13     0     1  -101.0   34.784 -152.462     55.9   1013.2
     1     1    19     5    11    12     0     0  -102.0   34.713 -152.587     53.8   1013.6
     1     1    19     5    11    11     0     1  -103.0   34.627 -152.685     52.1   1013.9
     1     1    19     5    11    10     0     2  -104.0   34.529 -152.747     51.3   1014.1
     1     1    19     5    11     9     0     3  -105.0   34.420 -152.766     51.1   1014.3
     1     1    19     5    11     8     0     2  -106.0   34.314 -152.749     51.1   1014.4
     1     1    19     5    11     7     0     1  -107.0   34.224 -152.702     51.1   1014.6
     1     1    19     5    11     6     0     0  -108.0   34.147 -152.629     51.1   1014.7
     1     1    19     5    11     5     0     1  -109.0   34.082 -152.532     51.1   1014.8
     1     1    19     5    11     4     0     2  -110.0   34.030 -152.410     51.1   1014.9
     1     1    19     5    11     3     0     3  -111.0   33.989 -152.254     51.1   1014.9
     1     1    19     5    11     2     0     2  -112.0   33.961 -152.074     53.1   1015.3
     1     1    19     5    11     1     0     1  -113.0   33.955 -151.901     59.8   1014.9
     1     1    19     5    11     0     0     0  -114.0   33.975 -151.751     71.7   1013.4
     1     1    19     5    10    23     0     1  -115.0   34.013 -151.615     84.9   1011.4
     1     1    19     5    10    22     0     2  -116.0   34.060 -151.479     94.0   1010.4
     1     1    19     5    10    21     0     3  -117.0   34.116 -151.340     98.9   1010.1
     1     1    19     5    10    20     0     2  -118.0   34.176 -151.189    100.9   1009.5
     1     1    19     5    10    19     0     1  -119.0   34.239 -151.020    101.5   1009.1
     1     1    19     5    10    18     0     0  -120.0   34.306 -150.837    101.5   1008.7
     1     1    19     5    10    17     0     1  -121.0   34.380 -150.648    103.2   1009.0
     1     1    19     5    10    16     0     2  -122.0   34.467 -150.460    108.4   1008.6
     1     1    19     5    10    15     0     3  -123.0   34.566 -150.271    117.6   1007.8
     1     1    19     5    10    14     0     2  -124.0   34.680 -150.077    127.5   1006.6
     1     1    19     5    10    13     0     1  -125.0   34.809 -149.880    133.6   1006.1
     1     1    19     5    10    12     0     0  -126.0   34.953 -149.680    135.7   1006.0
     1     1    19     5    10    11     0     1  -127.0   35.109 -149.474    135.7   1006.6
     1     1    19     5    10    10     0     2  -128.0   35.273 -149.260    135.7   1007.1
     1     1    19     5    10     9     0     3  -129.0   35.444 -149.041    135.7   1007.5
     1     1    19     5    10     8     0     2  -130.0   35.630 -148.821    135.7   1007.4
     1     1    19     5    10     7     0     1  -131.0   35.843 -148.604    135.7   1007.2
     1     1    19     5    10     6     0     0  -132.0   36.081 -148.391    135.7   1007.1
     1     1    19     5    10     5     0     1  -133.0   36.334 -148.197    135.7   1006.8
     1     1    19     5    10     4     0     2  -134.0   36.594 -148.033    135.7   1006.6
     1     1    19     5    10     3     0     3  -135.0   36.864 -147.895    135.7   1006.3
     1     1    19     5    10     2     0     2  -136.0   37.139 -147.784    135.6   1006.4
     1     1    19     5    10     1     0     1  -137.0   37.406 -147.708    134.7   1006.5
     1     1    19     5    10     0     0     0  -138.0   37.661 -147.672    132.2   1006.8
     1     1    19     5     9    23     0     1  -139.0   37.903 -147.669    128.9   1007.1
     1     1    19     5     9    22     0     2  -140.0   38.133 -147.694    127.3   1007.1
     1     1    19     5     9    21     0     3  -141.0   38.351 -147.751    129.3   1006.8
     1     1    19     5     9    20     0     2  -142.0   38.548 -147.838    135.2   1006.1
     1     1    19     5     9    19     0     1  -143.0   38.720 -147.950    146.4   1005.0
     1     1    19     5     9    18     0     0  -144.0   38.867 -148.079    165.9   1002.4
     1     1    19     5     9    17     0     1  -145.0   38.999 -148.242    192.3    998.1
     1     1    19     5     9    16     0     2  -146.0   39.123 -148.457    220.5    993.9
     1     1    19     5     9    15     0     3  -147.0   39.247 -148.725    248.8    990.1
     1     1    19     5     9    14     0     2  -148.0   39.357 -149.036    276.8    986.2
     1     1    19     5     9    13     0     1  -149.0   39.441 -149.372    304.0    982.4
     1     1    19     5     9    12     0     0  -150.0   39.519 -149.722    333.9    978.7
     1     1    19     5     9    11     0     1  -151.0   39.593 -150.105    366.6    974.0
     1     1    19     5     9    10     0     2  -152.0   39.661 -150.534    399.5    970.1
     1     1    19     5     9     9     0     3  -153.0   39.766 -150.992    441.9    966.0
     1     1    19     5     9     8     0     2  -154.0   39.874 -151.447    491.0    958.2
     1     1    19     5     9     7     0     1  -155.0   39.963 -151.881    535.7    953.1
     1     1    19     5     9     6     0     0  -156.0   40.068 -152.311    580.8    947.8
     1     1    19     5     9     5     0     1  -157.0   40.145 -152.701    606.9    942.6
     1     1    19     5     9     4     0     2  -158.0   40.186 -153.032    590.4    943.1
     1     1    19     5     9     3     0     3  -159.0   40.226 -153.321    541.7    949.9
     1     1    19     5     9     2     0     2  -160.0   40.243 -153.552    484.3    957.5
     1     1    19     5     9     1     0     1  -161.0   40.242 -153.721    430.9    965.1
     1     1    19     5     9     0     0     0  -162.0   40.255 -153.838    392.4    969.8
     1     1    19     5     8    23     0     1  -163.0   40.304 -153.922    371.2    972.2
     1     1    19     5     8    22     0     2  -164.0   40.398 -153.985    364.7    972.6
     1     1    19     5     8    21     0     3  -165.0   40.518 -154.025    363.7    972.3
     1     1    19     5     8    20     0     2  -166.0   40.645 -154.053    364.1    972.2
     1     1    19     5     8    19     0     1  -167.0   40.769 -154.084    365.9    972.0
     1     1    19     5     8    18     0     0  -168.0   40.891 -154.116    370.5    971.6
