     7     1
    GDAS    18    12     1     0     0
    GDAS    19     1     1     0     0
    GDAS    19     2     1     0     0
    GDAS    19     3     1     0     0
    GDAS    19     4     1     0     0
    GDAS    19     5     1     0     0
    GDAS    19     6     1     0     0
     1 BACKWARD OMEGA   
    19     6    13     6   21.319 -157.670    10.0
     1 PRESSURE
     1     1    19     6    13     6     0     0     0.0   21.319 -157.670     10.0   1012.1
     1     1    19     6    13     5     0     1    -1.0   21.403 -157.481     32.0   1009.7
     1     1    19     6    13     4     0     2    -2.0   21.474 -157.286    100.9   1002.1
     1     1    19     6    13     3     0     3    -3.0   21.535 -157.077    202.0    988.8
     1     1    19     6    13     2     0     2    -4.0   21.583 -156.859    293.7    976.1
     1     1    19     6    13     1     0     1    -5.0   21.613 -156.640    347.1    971.3
     1     1    19     6    13     0     0     0    -6.0   21.628 -156.417    374.8    971.0
     1     1    19     6    12    23     0     1    -7.0   21.622 -156.188    398.5    970.6
     1     1    19     6    12    22     0     2    -8.0   21.589 -155.959    425.2    968.5
     1     1    19     6    12    21     0     3    -9.0   21.540 -155.745    452.4    965.6
     1     1    19     6    12    20     0     2   -10.0   21.489 -155.546    480.1    962.6
     1     1    19     6    12    19     0     1   -11.0   21.443 -155.356    506.5    959.4
     1     1    19     6    12    18     0     0   -12.0   21.396 -155.174    526.0    957.1
     1     1    19     6    12    17     0     1   -13.0   21.351 -154.997    533.3    955.8
     1     1    19     6    12    16     0     2   -14.0   21.310 -154.817    528.7    956.4
     1     1    19     6    12    15     0     3   -15.0   21.279 -154.637    521.8    957.7
     1     1    19     6    12    14     0     2   -16.0   21.264 -154.454    520.1    957.8
     1     1    19     6    12    13     0     1   -17.0   21.261 -154.262    522.4    957.3
     1     1    19     6    12    12     0     0   -18.0   21.263 -154.059    524.5    956.7
     1     1    19     6    12    11     0     1   -19.0   21.268 -153.844    519.2    957.3
     1     1    19     6    12    10     0     2   -20.0   21.277 -153.618    504.8    959.8
     1     1    19     6    12     9     0     3   -21.0   21.298 -153.388    491.5    962.6
     1     1    19     6    12     8     0     2   -22.0   21.332 -153.154    483.4    962.8
     1     1    19     6    12     7     0     1   -23.0   21.377 -152.913    476.6    963.0
     1     1    19     6    12     6     0     0   -24.0   21.435 -152.667    472.6    963.4
     1     1    19     6    12     5     0     1   -25.0   21.501 -152.431    477.4    963.0
     1     1    19     6    12     4     0     2   -26.0   21.564 -152.211    493.6    961.0
     1     1    19     6    12     3     0     3   -27.0   21.623 -152.006    522.3    957.7
     1     1    19     6    12     2     0     2   -28.0   21.670 -151.812    547.6    953.1
     1     1    19     6    12     1     0     1   -29.0   21.701 -151.627    557.4    952.6
     1     1    19     6    12     0     0     0   -30.0   21.725 -151.452    565.8    952.5
     1     1    19     6    11    23     0     1   -31.0   21.748 -151.279    576.7    951.4
     1     1    19     6    11    22     0     2   -32.0   21.772 -151.101    584.6    951.0
     1     1    19     6    11    21     0     3   -33.0   21.796 -150.920    586.1    951.1
     1     1    19     6    11    20     0     2   -34.0   21.816 -150.734    583.1    951.8
     1     1    19     6    11    19     0     1   -35.0   21.834 -150.545    579.3    952.1
     1     1    19     6    11    18     0     0   -36.0   21.852 -150.356    573.3    952.7
     1     1    19     6    11    17     0     1   -37.0   21.872 -150.167    566.9    953.5
     1     1    19     6    11    16     0     2   -38.0   21.893 -149.974    565.3    953.7
     1     1    19     6    11    15     0     3   -39.0   21.912 -149.775    569.1    952.8
     1     1    19     6    11    14     0     2   -40.0   21.928 -149.567    569.6    952.1
     1     1    19     6    11    13     0     1   -41.0   21.941 -149.350    564.2    953.0
     1     1    19     6    11    12     0     0   -42.0   21.950 -149.126    560.5    953.8
     1     1    19     6    11    11     0     1   -43.0   21.962 -148.895    562.4    954.0
     1     1    19     6    11    10     0     2   -44.0   21.987 -148.652    570.3    953.6
     1     1    19     6    11     9     0     3   -45.0   22.028 -148.400    584.4    952.5
     1     1    19     6    11     8     0     2   -46.0   22.083 -148.145    601.0    950.3
     1     1    19     6    11     7     0     1   -47.0   22.148 -147.892    616.9    948.6
     1     1    19     6    11     6     0     0   -48.0   22.222 -147.641    634.6    946.8
     1     1    19     6    11     5     0     1   -49.0   22.297 -147.395    652.8    944.2
     1     1    19     6    11     4     0     2   -50.0   22.370 -147.158    668.8    942.3
     1     1    19     6    11     3     0     3   -51.0   22.442 -146.935    682.8    940.5
     1     1    19     6    11     2     0     2   -52.0   22.511 -146.718    691.3    939.3
     1     1    19     6    11     1     0     1   -53.0   22.575 -146.502    692.0    939.4
     1     1    19     6    11     0     0     0   -54.0   22.633 -146.287    684.1    940.3
     1     1    19     6    10    23     0     1   -55.0   22.686 -146.073    670.2    942.6
     1     1    19     6    10    22     0     2   -56.0   22.732 -145.855    656.0    944.8
     1     1    19     6    10    21     0     3   -57.0   22.773 -145.637    646.2    946.6
     1     1    19     6    10    20     0     2   -58.0   22.812 -145.417    643.2    947.0
     1     1    19     6    10    19     0     1   -59.0   22.856 -145.192    650.1    946.7
     1     1    19     6    10    18     0     0   -60.0   22.907 -144.959    671.9    944.5
     1     1    19     6    10    17     0     1   -61.0   22.962 -144.721    690.8    939.9
     1     1    19     6    10    16     0     2   -62.0   23.014 -144.485    692.3    939.9
     1     1    19     6    10    15     0     3   -63.0   23.064 -144.246    685.6    941.1
     1     1    19     6    10    14     0     2   -64.0   23.111 -144.003    678.7    942.2
     1     1    19     6    10    13     0     1   -65.0   23.154 -143.756    674.2    942.7
     1     1    19     6    10    12     0     0   -66.0   23.195 -143.504    671.3    943.0
     1     1    19     6    10    11     0     1   -67.0   23.240 -143.246    672.0    943.5
     1     1    19     6    10    10     0     2   -68.0   23.297 -142.983    678.3    942.9
     1     1    19     6    10     9     0     3   -69.0   23.361 -142.718    689.7    941.9
     1     1    19     6    10     8     0     2   -70.0   23.433 -142.452    705.2    939.9
     1     1    19     6    10     7     0     1   -71.0   23.515 -142.187    722.3    937.9
     1     1    19     6    10     6     0     0   -72.0   23.606 -141.921    738.4    935.9
     1     1    19     6    10     5     0     1   -73.0   23.696 -141.657    748.3    934.1
     1     1    19     6    10     4     0     2   -74.0   23.779 -141.395    748.6    933.8
     1     1    19     6    10     3     0     3   -75.0   23.854 -141.134    739.2    934.4
     1     1    19     6    10     2     0     2   -76.0   23.923 -140.869    727.7    936.7
     1     1    19     6    10     1     0     1   -77.0   23.985 -140.600    722.0    937.5
     1     1    19     6    10     0     0     0   -78.0   24.042 -140.326    721.6    937.7
     1     1    19     6     9    23     0     1   -79.0   24.096 -140.047    724.9    937.3
     1     1    19     6     9    22     0     2   -80.0   24.148 -139.763    730.8    937.0
     1     1    19     6     9    21     0     3   -81.0   24.199 -139.477    740.8    936.1
     1     1    19     6     9    20     0     2   -82.0   24.255 -139.186    753.0    934.8
     1     1    19     6     9    19     0     1   -83.0   24.321 -138.890    763.9    933.7
     1     1    19     6     9    18     0     0   -84.0   24.395 -138.587    772.0    933.0
     1     1    19     6     9    17     0     1   -85.0   24.478 -138.283    776.7    932.2
     1     1    19     6     9    16     0     2   -86.0   24.571 -137.985    778.7    931.8
     1     1    19     6     9    15     0     3   -87.0   24.675 -137.695    779.8    931.6
     1     1    19     6     9    14     0     2   -88.0   24.786 -137.414    781.3    931.4
     1     1    19     6     9    13     0     1   -89.0   24.903 -137.136    786.5    931.1
     1     1    19     6     9    12     0     0   -90.0   25.024 -136.867    803.1    929.8
     1     1    19     6     9    11     0     1   -91.0   25.148 -136.614    831.1    926.5
     1     1    19     6     9    10     0     2   -92.0   25.274 -136.373    861.6    923.1
     1     1    19     6     9     9     0     3   -93.0   25.403 -136.142    886.6    920.2
     1     1    19     6     9     8     0     2   -94.0   25.533 -135.917    904.6    918.4
     1     1    19     6     9     7     0     1   -95.0   25.662 -135.695    921.4    916.9
     1     1    19     6     9     6     0     0   -96.0   25.789 -135.477    945.2    914.8
     1     1    19     6     9     5     0     1   -97.0   25.912 -135.266    976.0    910.5
     1     1    19     6     9     4     0     2   -98.0   26.026 -135.064   1007.8    906.7
     1     1    19     6     9     3     0     3   -99.0   26.134 -134.867   1033.2    902.9
     1     1    19     6     9     2     0     2  -100.0   26.239 -134.667   1046.5    901.5
     1     1    19     6     9     1     0     1  -101.0   26.341 -134.459   1051.1    901.3
     1     1    19     6     9     0     0     0  -102.0   26.439 -134.248   1051.7    901.4
     1     1    19     6     8    23     0     1  -103.0   26.536 -134.028   1051.4    901.7
     1     1    19     6     8    22     0     2  -104.0   26.639 -133.795   1052.0    901.7
     1     1    19     6     8    21     0     3  -105.0   26.748 -133.549   1052.7    901.6
     1     1    19     6     8    20     0     2  -106.0   26.866 -133.295   1054.7    901.7
     1     1    19     6     8    19     0     1  -107.0   26.993 -133.038   1058.6    901.2
     1     1    19     6     8    18     0     0  -108.0   27.133 -132.782   1065.3    900.9
     1     1    19     6     8    17     0     1  -109.0   27.287 -132.528   1077.0    899.3
     1     1    19     6     8    16     0     2  -110.0   27.457 -132.278   1092.1    897.5
     1     1    19     6     8    15     0     3  -111.0   27.644 -132.034   1110.4    895.4
     1     1    19     6     8    14     0     2  -112.0   27.840 -131.797   1127.9    893.0
     1     1    19     6     8    13     0     1  -113.0   28.043 -131.570   1138.4    891.7
     1     1    19     6     8    12     0     0  -114.0   28.252 -131.350   1144.2    891.5
     1     1    19     6     8    11     0     1  -115.0   28.467 -131.138   1154.9    891.3
     1     1    19     6     8    10     0     2  -116.0   28.682 -130.937   1172.7    889.4
     1     1    19     6     8     9     0     3  -117.0   28.896 -130.753   1190.7    887.2
     1     1    19     6     8     8     0     2  -118.0   29.108 -130.576   1204.2    885.7
     1     1    19     6     8     7     0     1  -119.0   29.322 -130.393   1215.9    884.9
     1     1    19     6     8     6     0     0  -120.0   29.539 -130.209   1232.7    883.5
     1     1    19     6     8     5     0     1  -121.0   29.758 -130.024   1253.7    880.5
     1     1    19     6     8     4     0     2  -122.0   29.976 -129.836   1269.9    877.9
     1     1    19     6     8     3     0     3  -123.0   30.197 -129.643   1275.6    876.9
     1     1    19     6     8     2     0     2  -124.0   30.425 -129.443   1282.0    877.5
     1     1    19     6     8     1     0     1  -125.0   30.661 -129.249   1301.0    875.5
     1     1    19     6     8     0     0     0  -126.0   30.905 -129.072   1332.9    872.1
     1     1    19     6     7    23     0     1  -127.0   31.155 -128.912   1365.5    867.7
     1     1    19     6     7    22     0     2  -128.0   31.411 -128.760   1389.4    865.8
     1     1    19     6     7    21     0     3  -129.0   31.674 -128.619   1410.2    864.2
     1     1    19     6     7    20     0     2  -130.0   31.946 -128.494   1434.1    862.1
     1     1    19     6     7    19     0     1  -131.0   32.232 -128.381   1459.3    859.0
     1     1    19     6     7    18     0     0  -132.0   32.531 -128.278   1478.3    857.0
     1     1    19     6     7    17     0     1  -133.0   32.838 -128.194   1492.9    855.5
     1     1    19     6     7    16     0     2  -134.0   33.150 -128.137   1510.2    853.8
     1     1    19     6     7    15     0     3  -135.0   33.469 -128.110   1535.5    851.1
     1     1    19     6     7    14     0     2  -136.0   33.789 -128.110   1568.7    847.3
     1     1    19     6     7    13     0     1  -137.0   34.101 -128.138   1608.1    843.1
     1     1    19     6     7    12     0     0  -138.0   34.406 -128.196   1656.3    838.3
     1     1    19     6     7    11     0     1  -139.0   34.708 -128.274   1711.2    832.4
     1     1    19     6     7    10     0     2  -140.0   35.007 -128.369   1766.4    827.0
     1     1    19     6     7     9     0     3  -141.0   35.301 -128.485   1816.7    821.8
     1     1    19     6     7     8     0     2  -142.0   35.592 -128.616   1860.8    817.8
     1     1    19     6     7     7     0     1  -143.0   35.877 -128.760   1901.3    813.7
     1     1    19     6     7     6     0     0  -144.0   36.157 -128.922   1937.0    810.0
     1     1    19     6     7     5     0     1  -145.0   36.434 -129.105   1972.3    806.8
     1     1    19     6     7     4     0     2  -146.0   36.710 -129.311   2014.7    802.6
     1     1    19     6     7     3     0     3  -147.0   36.983 -129.541   2066.8    797.3
     1     1    19     6     7     2     0     2  -148.0   37.247 -129.793   2125.4    791.3
     1     1    19     6     7     1     0     1  -149.0   37.499 -130.068   2186.7    785.4
     1     1    19     6     7     0     0     0  -150.0   37.742 -130.367   2250.2    779.4
     1     1    19     6     6    23     0     1  -151.0   37.975 -130.689   2312.4    772.9
     1     1    19     6     6    22     0     2  -152.0   38.195 -131.034   2369.3    767.3
     1     1    19     6     6    21     0     3  -153.0   38.400 -131.394   2424.5    762.3
     1     1    19     6     6    20     0     2  -154.0   38.599 -131.767   2479.5    756.7
     1     1    19     6     6    19     0     1  -155.0   38.800 -132.150   2527.6    751.6
     1     1    19     6     6    18     0     0  -156.0   39.009 -132.545   2564.2    747.9
     1     1    19     6     6    17     0     1  -157.0   39.220 -132.958   2595.6    745.3
     1     1    19     6     6    16     0     2  -158.0   39.427 -133.397   2630.4    742.2
     1     1    19     6     6    15     0     3  -159.0   39.632 -133.861   2670.8    738.2
     1     1    19     6     6    14     0     2  -160.0   39.829 -134.343   2709.5    734.0
     1     1    19     6     6    13     0     1  -161.0   40.013 -134.832   2741.7    731.2
     1     1    19     6     6    12     0     0  -162.0   40.187 -135.329   2774.6    728.5
     1     1    19     6     6    11     0     1  -163.0   40.355 -135.832   2811.2    725.1
     1     1    19     6     6    10     0     2  -164.0   40.519 -136.341   2846.8    721.7
     1     1    19     6     6     9     0     3  -165.0   40.679 -136.862   2878.0    718.8
     1     1    19     6     6     8     0     2  -166.0   40.838 -137.394   2902.5    716.5
     1     1    19     6     6     7     0     1  -167.0   40.996 -137.929   2917.8    715.2
     1     1    19     6     6     6     0     0  -168.0   41.152 -138.467   2924.5    714.7
