     7     1
    GDAS    18    12     1     0     0
    GDAS    19     1     1     0     0
    GDAS    19     2     1     0     0
    GDAS    19     3     1     0     0
    GDAS    19     4     1     0     0
    GDAS    19     5     1     0     0
    GDAS    19     6     1     0     0
     1 BACKWARD OMEGA   
    19     6    10     6   21.319 -157.670    10.0
     1 PRESSURE
     1     1    19     6    10     6     0     0     0.0   21.319 -157.670     10.0   1012.9
     1     1    19     6    10     5     0     1    -1.0   21.372 -157.557     10.2   1012.8
     1     1    19     6    10     4     0     2    -2.0   21.407 -157.445     10.2   1012.9
     1     1    19     6    10     3     0     3    -3.0   21.430 -157.334      9.7   1012.9
     1     1    19     6    10     2     0     2    -4.0   21.446 -157.224      8.8   1012.8
     1     1    19     6    10     1     0     1    -5.0   21.460 -157.112      7.7   1012.7
     1     1    19     6    10     0     0     0    -6.0   21.474 -157.000      6.0   1012.9
     1     1    19     6     9    23     0     1    -7.0   21.485 -156.883      4.2   1013.3
     1     1    19     6     9    22     0     2    -8.0   21.486 -156.757      2.7   1013.8
     1     1    19     6     9    21     0     3    -9.0   21.476 -156.624      1.5   1014.4
     1     1    19     6     9    20     0     2   -10.0   21.459 -156.492      0.8   1014.8
     1     1    19     6     9    19     0     1   -11.0   21.438 -156.365      0.6   1015.2
     1     1    19     6     9    18     0     0   -12.0   21.413 -156.244      0.9   1015.7
     1     1    19     6     9    17     0     1   -13.0   21.383 -156.116      1.2   1016.3
     1     1    19     6     9    16     0     2   -14.0   21.348 -155.968      1.1   1016.7
     1     1    19     6     9    15     0     3   -15.0   21.314 -155.802      0.5   1016.2
     1     1    19     6     9    14     0     2   -16.0   21.281 -155.628      0.0   1016.3
     1     1    19     6     9    13     0     1   -17.0   21.246 -155.455      0.0   1016.4
     1     1    19     6     9    12     0     0   -18.0   21.210 -155.283      0.1   1016.5
     1     1    19     6     9    11     0     1   -19.0   21.168 -155.109      0.3   1016.4
     1     1    19     6     9    10     0     2   -20.0   21.118 -154.929      0.4   1016.2
     1     1    19     6     9     9     0     3   -21.0   21.059 -154.747      0.4   1016.0
     1     1    19     6     9     8     0     2   -22.0   20.997 -154.562      0.5   1016.3
     1     1    19     6     9     7     0     1   -23.0   20.941 -154.373      0.8   1016.5
     1     1    19     6     9     6     0     0   -24.0   20.892 -154.181      1.3   1016.8
     1     1    19     6     9     5     0     1   -25.0   20.851 -153.989      1.8   1015.4
     1     1    19     6     9     4     0     2   -26.0   20.816 -153.797      2.2   1014.1
     1     1    19     6     9     3     0     3   -27.0   20.785 -153.606      2.4   1012.7
     1     1    19     6     9     2     0     2   -28.0   20.758 -153.412      2.6   1013.6
     1     1    19     6     9     1     0     1   -29.0   20.734 -153.209      2.7   1014.5
     1     1    19     6     9     0     0     0   -30.0   20.710 -152.995      2.8   1015.3
     1     1    19     6     8    23     0     1   -31.0   20.686 -152.774      2.8   1015.4
     1     1    19     6     8    22     0     2   -32.0   20.665 -152.549      2.8   1015.6
     1     1    19     6     8    21     0     3   -33.0   20.643 -152.319      2.8   1015.9
     1     1    19     6     8    20     0     2   -34.0   20.623 -152.082      2.8   1015.8
     1     1    19     6     8    19     0     1   -35.0   20.609 -151.836      2.8   1015.7
     1     1    19     6     8    18     0     0   -36.0   20.600 -151.582      2.8   1015.6
     1     1    19     6     8    17     0     1   -37.0   20.598 -151.326      2.8   1015.5
     1     1    19     6     8    16     0     2   -38.0   20.605 -151.071      2.8   1015.4
     1     1    19     6     8    15     0     3   -39.0   20.623 -150.812      2.8   1015.3
     1     1    19     6     8    14     0     2   -40.0   20.649 -150.553      2.8   1015.0
     1     1    19     6     8    13     0     1   -41.0   20.679 -150.299      2.8   1014.8
     1     1    19     6     8    12     0     0   -42.0   20.714 -150.048      2.8   1014.6
     1     1    19     6     8    11     0     1   -43.0   20.754 -149.801      2.9   1015.4
     1     1    19     6     8    10     0     2   -44.0   20.797 -149.556      3.2   1016.3
     1     1    19     6     8     9     0     3   -45.0   20.845 -149.314      3.5   1017.2
     1     1    19     6     8     8     0     2   -46.0   20.894 -149.078      3.7   1016.9
     1     1    19     6     8     7     0     1   -47.0   20.944 -148.850      3.7   1016.6
     1     1    19     6     8     6     0     0   -48.0   20.994 -148.630      3.6   1016.3
     1     1    19     6     8     5     0     1   -49.0   21.039 -148.413      3.6   1016.0
     1     1    19     6     8     4     0     2   -50.0   21.074 -148.195      3.6   1015.8
     1     1    19     6     8     3     0     3   -51.0   21.099 -147.975      3.6   1015.5
     1     1    19     6     8     2     0     2   -52.0   21.116 -147.751      3.6   1015.5
     1     1    19     6     8     1     0     1   -53.0   21.130 -147.524      3.6   1015.6
     1     1    19     6     8     0     0     0   -54.0   21.138 -147.293      3.6   1015.6
     1     1    19     6     7    23     0     1   -55.0   21.142 -147.056      3.7   1015.6
     1     1    19     6     7    22     0     2   -56.0   21.144 -146.812      4.0   1016.0
     1     1    19     6     7    21     0     3   -57.0   21.147 -146.560      4.4   1017.1
     1     1    19     6     7    20     0     2   -58.0   21.159 -146.301      5.0   1017.2
     1     1    19     6     7    19     0     1   -59.0   21.187 -146.036      5.5   1016.9
     1     1    19     6     7    18     0     0   -60.0   21.229 -145.767      6.0   1016.8
     1     1    19     6     7    17     0     1   -61.0   21.280 -145.503      6.5   1017.0
     1     1    19     6     7    16     0     2   -62.0   21.337 -145.251      6.9   1016.8
     1     1    19     6     7    15     0     3   -63.0   21.399 -145.013      7.4   1016.6
     1     1    19     6     7    14     0     2   -64.0   21.465 -144.785      7.8   1016.9
     1     1    19     6     7    13     0     1   -65.0   21.531 -144.561      7.9   1017.1
     1     1    19     6     7    12     0     0   -66.0   21.595 -144.340      7.8   1017.4
     1     1    19     6     7    11     0     1   -67.0   21.660 -144.113      7.6   1018.0
     1     1    19     6     7    10     0     2   -68.0   21.727 -143.870      7.5   1018.3
     1     1    19     6     7     9     0     3   -69.0   21.798 -143.611      7.5   1018.8
     1     1    19     6     7     8     0     2   -70.0   21.875 -143.346      7.5   1018.8
     1     1    19     6     7     7     0     1   -71.0   21.958 -143.085      7.5   1018.9
     1     1    19     6     7     6     0     0   -72.0   22.050 -142.832      7.6   1018.9
     1     1    19     6     7     5     0     1   -73.0   22.148 -142.590      7.6   1018.9
     1     1    19     6     7     4     0     2   -74.0   22.246 -142.359      7.6   1018.8
     1     1    19     6     7     3     0     3   -75.0   22.347 -142.137      7.6   1018.8
     1     1    19     6     7     2     0     2   -76.0   22.452 -141.919      7.6   1018.7
     1     1    19     6     7     1     0     1   -77.0   22.564 -141.706      7.6   1018.7
     1     1    19     6     7     0     0     0   -78.0   22.680 -141.500      7.7   1018.7
     1     1    19     6     6    23     0     1   -79.0   22.800 -141.297      7.9   1018.5
     1     1    19     6     6    22     0     2   -80.0   22.925 -141.096      8.0   1018.2
     1     1    19     6     6    21     0     3   -81.0   23.056 -140.893      8.2   1018.0
     1     1    19     6     6    20     0     2   -82.0   23.189 -140.694      8.3   1018.2
     1     1    19     6     6    19     0     1   -83.0   23.323 -140.506      8.3   1018.7
     1     1    19     6     6    18     0     0   -84.0   23.459 -140.324      8.3   1019.6
     1     1    19     6     6    17     0     1   -85.0   23.594 -140.151      8.3   1019.3
     1     1    19     6     6    16     0     2   -86.0   23.723 -139.988      8.3   1018.4
     1     1    19     6     6    15     0     3   -87.0   23.847 -139.838      8.3   1017.3
     1     1    19     6     6    14     0     2   -88.0   23.965 -139.694      8.3   1018.4
     1     1    19     6     6    13     0     1   -89.0   24.077 -139.551      8.5   1019.6
     1     1    19     6     6    12     0     0   -90.0   24.185 -139.407      8.7   1020.6
     1     1    19     6     6    11     0     1   -91.0   24.292 -139.263      8.8   1020.4
     1     1    19     6     6    10     0     2   -92.0   24.404 -139.119      8.8   1020.3
     1     1    19     6     6     9     0     3   -93.0   24.522 -138.971      8.8   1020.2
     1     1    19     6     6     8     0     2   -94.0   24.649 -138.821      8.9   1020.2
     1     1    19     6     6     7     0     1   -95.0   24.784 -138.669      9.1   1020.1
     1     1    19     6     6     6     0     0   -96.0   24.927 -138.517      9.5   1020.1
     1     1    19     6     6     5     0     1   -97.0   25.072 -138.370     10.0   1020.1
     1     1    19     6     6     4     0     2   -98.0   25.210 -138.231     10.2   1020.0
     1     1    19     6     6     3     0     3   -99.0   25.342 -138.099     10.3   1020.0
     1     1    19     6     6     2     0     2  -100.0   25.468 -137.973     10.4   1020.2
     1     1    19     6     6     1     0     1  -101.0   25.585 -137.851     10.6   1020.2
     1     1    19     6     6     0     0     0  -102.0   25.695 -137.734     10.8   1020.3
     1     1    19     6     5    23     0     1  -103.0   25.798 -137.621     11.0   1020.1
     1     1    19     6     5    22     0     2  -104.0   25.896 -137.509     11.3   1019.9
     1     1    19     6     5    21     0     3  -105.0   25.988 -137.399     11.6   1019.7
     1     1    19     6     5    20     0     2  -106.0   26.076 -137.287     12.0   1019.7
     1     1    19     6     5    19     0     1  -107.0   26.159 -137.169     12.2   1019.7
     1     1    19     6     5    18     0     0  -108.0   26.238 -137.043     12.3   1019.7
     1     1    19     6     5    17     0     1  -109.0   26.319 -136.914     12.4   1019.8
     1     1    19     6     5    16     0     2  -110.0   26.408 -136.785     12.7   1019.9
     1     1    19     6     5    15     0     3  -111.0   26.503 -136.655     13.1   1019.9
     1     1    19     6     5    14     0     2  -112.0   26.600 -136.527     13.4   1019.7
     1     1    19     6     5    13     0     1  -113.0   26.696 -136.402     13.6   1019.7
     1     1    19     6     5    12     0     0  -114.0   26.790 -136.278     13.6   1019.6
     1     1    19     6     5    11     0     1  -115.0   26.877 -136.152     13.6   1019.6
     1     1    19     6     5    10     0     2  -116.0   26.954 -136.019     13.6   1019.5
     1     1    19     6     5     9     0     3  -117.0   27.022 -135.880     13.6   1019.5
     1     1    19     6     5     8     0     2  -118.0   27.091 -135.739     13.7   1019.4
     1     1    19     6     5     7     0     1  -119.0   27.168 -135.601     14.2   1019.3
     1     1    19     6     5     6     0     0  -120.0   27.250 -135.466     15.0   1019.1
     1     1    19     6     5     5     0     1  -121.0   27.333 -135.335     15.9   1018.9
     1     1    19     6     5     4     0     2  -122.0   27.417 -135.202     16.4   1018.8
     1     1    19     6     5     3     0     3  -123.0   27.503 -135.067     16.6   1018.7
     1     1    19     6     5     2     0     2  -124.0   27.587 -134.929     16.3   1018.7
     1     1    19     6     5     1     0     1  -125.0   27.670 -134.789     15.5   1018.9
     1     1    19     6     5     0     0     0  -126.0   27.752 -134.645     14.3   1019.1
     1     1    19     6     4    23     0     1  -127.0   27.835 -134.495     13.2   1020.3
     1     1    19     6     4    22     0     2  -128.0   27.917 -134.337     12.6   1021.3
     1     1    19     6     4    21     0     3  -129.0   27.995 -134.172     12.4   1022.3
     1     1    19     6     4    20     0     2  -130.0   28.074 -134.007     12.6   1022.2
     1     1    19     6     4    19     0     1  -131.0   28.158 -133.845     13.1   1022.1
     1     1    19     6     4    18     0     0  -132.0   28.249 -133.686     14.1   1021.9
     1     1    19     6     4    17     0     1  -133.0   28.342 -133.530     15.3   1021.4
     1     1    19     6     4    16     0     2  -134.0   28.431 -133.375     16.0   1021.1
     1     1    19     6     4    15     0     3  -135.0   28.519 -133.221     16.3   1020.8
     1     1    19     6     4    14     0     2  -136.0   28.605 -133.066     16.3   1020.7
     1     1    19     6     4    13     0     1  -137.0   28.690 -132.909     16.3   1020.4
     1     1    19     6     4    12     0     0  -138.0   28.776 -132.749     16.3   1020.0
     1     1    19     6     4    11     0     1  -139.0   28.865 -132.586     16.2   1019.8
     1     1    19     6     4    10     0     2  -140.0   28.961 -132.417     15.8   1019.8
     1     1    19     6     4     9     0     3  -141.0   29.063 -132.243     15.3   1019.7
     1     1    19     6     4     8     0     2  -142.0   29.173 -132.065     15.0   1019.6
     1     1    19     6     4     7     0     1  -143.0   29.293 -131.886     14.8   1019.5
     1     1    19     6     4     6     0     0  -144.0   29.426 -131.704     14.7   1019.3
     1     1    19     6     4     5     0     1  -145.0   29.575 -131.525     14.7   1019.3
     1     1    19     6     4     4     0     2  -146.0   29.743 -131.354     14.7   1019.2
     1     1    19     6     4     3     0     3  -147.0   29.928 -131.194     14.7   1019.2
     1     1    19     6     4     2     0     2  -148.0   30.122 -131.048     14.7   1018.3
     1     1    19     6     4     1     0     1  -149.0   30.320 -130.913     14.7   1017.8
     1     1    19     6     4     0     0     0  -150.0   30.522 -130.789     14.7   1017.5
     1     1    19     6     3    23     0     1  -151.0   30.727 -130.671     14.7   1018.4
     1     1    19     6     3    22     0     2  -152.0   30.932 -130.559     14.7   1019.1
     1     1    19     6     3    21     0     3  -153.0   31.132 -130.454     14.7   1019.7
     1     1    19     6     3    20     0     2  -154.0   31.333 -130.353     14.7   1019.3
     1     1    19     6     3    19     0     1  -155.0   31.540 -130.254     14.7   1018.6
     1     1    19     6     3    18     0     0  -156.0   31.754 -130.156     14.7   1017.6
     1     1    19     6     3    17     0     1  -157.0   31.972 -130.060     14.7   1017.6
     1     1    19     6     3    16     0     2  -158.0   32.193 -129.966     14.7   1018.2
     1     1    19     6     3    15     0     3  -159.0   32.419 -129.875     14.7   1018.4
     1     1    19     6     3    14     0     2  -160.0   32.655 -129.786     14.7   1017.6
     1     1    19     6     3    13     0     1  -161.0   32.900 -129.700     14.7   1016.8
     1     1    19     6     3    12     0     0  -162.0   33.151 -129.620     14.7   1016.0
     1     1    19     6     3    11     0     1  -163.0   33.403 -129.541     14.7   1016.4
     1     1    19     6     3    10     0     2  -164.0   33.656 -129.461     14.7   1016.8
     1     1    19     6     3     9     0     3  -165.0   33.909 -129.382     14.7   1017.2
     1     1    19     6     3     8     0     2  -166.0   34.168 -129.304     14.7   1017.5
     1     1    19     6     3     7     0     1  -167.0   34.440 -129.230     14.7   1017.9
     1     1    19     6     3     6     0     0  -168.0   34.726 -129.159     14.7   1018.2
