     7     1
    GDAS    18    12     1     0     0
    GDAS    19     1     1     0     0
    GDAS    19     2     1     0     0
    GDAS    19     3     1     0     0
    GDAS    19     4     1     0     0
    GDAS    19     5     1     0     0
    GDAS    19     6     1     0     0
     1 BACKWARD OMEGA   
    19     6    15    12   21.319 -157.670    10.0
     1 PRESSURE
     1     1    19     6    15    12     0     0     0.0   21.319 -157.670     10.0   1012.2
     1     1    19     6    15    11     0     1    -1.0   21.406 -157.427     40.5   1010.2
     1     1    19     6    15    10     0     2    -2.0   21.482 -157.176    138.1    999.3
     1     1    19     6    15     9     0     3    -3.0   21.547 -156.905    265.7    983.4
     1     1    19     6    15     8     0     2    -4.0   21.593 -156.627    380.6    969.7
     1     1    19     6    15     7     0     1    -5.0   21.619 -156.359    469.5    960.9
     1     1    19     6    15     6     0     0    -6.0   21.628 -156.104    535.1    954.2
     1     1    19     6    15     5     0     1    -7.0   21.625 -155.856    575.6    949.9
     1     1    19     6    15     4     0     2    -8.0   21.616 -155.606    597.0    948.3
     1     1    19     6    15     3     0     3    -9.0   21.613 -155.359    613.8    946.8
     1     1    19     6    15     2     0     2   -10.0   21.617 -155.112    633.3    945.0
     1     1    19     6    15     1     0     1   -11.0   21.623 -154.860    659.4    942.1
     1     1    19     6    15     0     0     0   -12.0   21.627 -154.607    699.8    938.0
     1     1    19     6    14    23     0     1   -13.0   21.630 -154.357    743.6    931.8
     1     1    19     6    14    22     0     2   -14.0   21.635 -154.111    769.0    929.2
     1     1    19     6    14    21     0     3   -15.0   21.641 -153.868    769.9    929.4
     1     1    19     6    14    20     0     2   -16.0   21.646 -153.624    766.3    932.0
     1     1    19     6    14    19     0     1   -17.0   21.650 -153.377    786.0    930.3
     1     1    19     6    14    18     0     0   -18.0   21.653 -153.130    839.0    925.0
     1     1    19     6    14    17     0     1   -19.0   21.660 -152.891    900.0    914.9
     1     1    19     6    14    16     0     2   -20.0   21.676 -152.662    941.0    910.2
     1     1    19     6    14    15     0     3   -21.0   21.699 -152.442    976.3    907.5
     1     1    19     6    14    14     0     2   -22.0   21.721 -152.229   1010.4    902.8
     1     1    19     6    14    13     0     1   -23.0   21.737 -152.017   1039.5    900.2
     1     1    19     6    14    12     0     0   -24.0   21.747 -151.808   1066.4    897.0
     1     1    19     6    14    11     0     1   -25.0   21.758 -151.598   1089.6    895.4
     1     1    19     6    14    10     0     2   -26.0   21.778 -151.385   1109.3    893.8
     1     1    19     6    14     9     0     3   -27.0   21.805 -151.166   1123.0    892.9
     1     1    19     6    14     8     0     2   -28.0   21.844 -150.948   1125.4    892.0
     1     1    19     6    14     7     0     1   -29.0   21.898 -150.732   1116.3    893.1
     1     1    19     6    14     6     0     0   -30.0   21.964 -150.513   1102.1    894.5
     1     1    19     6    14     5     0     1   -31.0   22.029 -150.293   1099.6    896.0
     1     1    19     6    14     4     0     2   -32.0   22.078 -150.080   1121.3    893.3
     1     1    19     6    14     3     0     3   -33.0   22.115 -149.880   1158.9    888.6
     1     1    19     6    14     2     0     2   -34.0   22.153 -149.693   1197.4    883.6
     1     1    19     6    14     1     0     1   -35.0   22.198 -149.514   1232.8    880.4
     1     1    19     6    14     0     0     0   -36.0   22.245 -149.341   1273.3    876.4
     1     1    19     6    13    23     0     1   -37.0   22.288 -149.170   1313.4    871.9
     1     1    19     6    13    22     0     2   -38.0   22.324 -148.993   1344.7    869.1
     1     1    19     6    13    21     0     3   -39.0   22.359 -148.809   1367.1    867.4
     1     1    19     6    13    20     0     2   -40.0   22.392 -148.623   1378.7    865.8
     1     1    19     6    13    19     0     1   -41.0   22.423 -148.441   1378.7    865.8
     1     1    19     6    13    18     0     0   -42.0   22.452 -148.259   1369.5    866.6
     1     1    19     6    13    17     0     1   -43.0   22.480 -148.081   1361.8    868.2
     1     1    19     6    13    16     0     2   -44.0   22.509 -147.915   1363.9    867.6
     1     1    19     6    13    15     0     3   -45.0   22.537 -147.764   1375.2    866.3
     1     1    19     6    13    14     0     2   -46.0   22.566 -147.617   1394.2    864.0
     1     1    19     6    13    13     0     1   -47.0   22.600 -147.463   1416.6    861.4
     1     1    19     6    13    12     0     0   -48.0   22.641 -147.304   1437.2    858.9
     1     1    19     6    13    11     0     1   -49.0   22.688 -147.145   1451.2    858.0
     1     1    19     6    13    10     0     2   -50.0   22.737 -146.987   1455.8    858.1
     1     1    19     6    13     9     0     3   -51.0   22.785 -146.829   1455.5    859.4
     1     1    19     6    13     8     0     2   -52.0   22.833 -146.679   1450.4    859.0
     1     1    19     6    13     7     0     1   -53.0   22.888 -146.542   1431.7    860.4
     1     1    19     6    13     6     0     0   -54.0   22.944 -146.416   1396.5    863.6
     1     1    19     6    13     5     0     1   -55.0   22.997 -146.288   1358.3    868.7
     1     1    19     6    13     4     0     2   -56.0   23.043 -146.151   1330.2    871.4
     1     1    19     6    13     3     0     3   -57.0   23.083 -146.005   1308.2    873.2
     1     1    19     6    13     2     0     2   -58.0   23.110 -145.856   1291.8    875.3
     1     1    19     6    13     1     0     1   -59.0   23.119 -145.710   1282.2    876.3
     1     1    19     6    13     0     0     0   -60.0   23.114 -145.565   1275.1    876.8
     1     1    19     6    12    23     0     1   -61.0   23.110 -145.412   1272.2    877.8
     1     1    19     6    12    22     0     2   -62.0   23.120 -145.246   1268.5    877.6
     1     1    19     6    12    21     0     3   -63.0   23.145 -145.065   1245.2    879.4
     1     1    19     6    12    20     0     2   -64.0   23.172 -144.878   1214.4    885.4
     1     1    19     6    12    19     0     1   -65.0   23.190 -144.694   1208.4    886.8
     1     1    19     6    12    18     0     0   -66.0   23.201 -144.515   1225.1    884.3
     1     1    19     6    12    17     0     1   -67.0   23.213 -144.338   1248.2    880.4
     1     1    19     6    12    16     0     2   -68.0   23.236 -144.158   1267.0    877.8
     1     1    19     6    12    15     0     3   -69.0   23.272 -143.976   1280.2    876.0
     1     1    19     6    12    14     0     2   -70.0   23.310 -143.793   1284.2    874.9
     1     1    19     6    12    13     0     1   -71.0   23.342 -143.608   1278.7    875.7
     1     1    19     6    12    12     0     0   -72.0   23.368 -143.424   1272.0    876.6
     1     1    19     6    12    11     0     1   -73.0   23.398 -143.241   1273.8    877.4
     1     1    19     6    12    10     0     2   -74.0   23.438 -143.063   1288.4    876.2
     1     1    19     6    12     9     0     3   -75.0   23.486 -142.886   1311.3    873.9
     1     1    19     6    12     8     0     2   -76.0   23.537 -142.714   1333.2    870.7
     1     1    19     6    12     7     0     1   -77.0   23.592 -142.547   1347.5    869.0
     1     1    19     6    12     6     0     0   -78.0   23.653 -142.386   1354.3    868.3
     1     1    19     6    12     5     0     1   -79.0   23.715 -142.231   1357.8    868.1
     1     1    19     6    12     4     0     2   -80.0   23.772 -142.080   1361.5    867.5
     1     1    19     6    12     3     0     3   -81.0   23.825 -141.933   1365.8    866.9
     1     1    19     6    12     2     0     2   -82.0   23.874 -141.790   1372.6    866.4
     1     1    19     6    12     1     0     1   -83.0   23.916 -141.647   1382.1    865.3
     1     1    19     6    12     0     0     0   -84.0   23.951 -141.504   1392.3    864.1
     1     1    19     6    11    23     0     1   -85.0   23.985 -141.360   1399.5    863.5
     1     1    19     6    11    22     0     2   -86.0   24.027 -141.211   1402.5    863.6
     1     1    19     6    11    21     0     3   -87.0   24.076 -141.058   1403.3    863.9
     1     1    19     6    11    20     0     2   -88.0   24.130 -140.900   1403.9    863.9
     1     1    19     6    11    19     0     1   -89.0   24.184 -140.742   1406.1    863.7
     1     1    19     6    11    18     0     0   -90.0   24.239 -140.585   1411.1    863.3
     1     1    19     6    11    17     0     1   -91.0   24.298 -140.430   1418.7    862.2
     1     1    19     6    11    16     0     2   -92.0   24.363 -140.276   1427.0    861.0
     1     1    19     6    11    15     0     3   -93.0   24.434 -140.126   1433.1    860.0
     1     1    19     6    11    14     0     2   -94.0   24.511 -139.977   1438.3    859.6
     1     1    19     6    11    13     0     1   -95.0   24.593 -139.827   1446.6    858.8
     1     1    19     6    11    12     0     0   -96.0   24.681 -139.677   1458.4    857.4
     1     1    19     6    11    11     0     1   -97.0   24.772 -139.526   1472.0    856.3
     1     1    19     6    11    10     0     2   -98.0   24.868 -139.373   1487.2    855.1
     1     1    19     6    11     9     0     3   -99.0   24.965 -139.218   1505.0    853.6
     1     1    19     6    11     8     0     2  -100.0   25.069 -139.064   1525.9    851.5
     1     1    19     6    11     7     0     1  -101.0   25.184 -138.908   1549.8    849.1
     1     1    19     6    11     6     0     0  -102.0   25.307 -138.752   1576.6    846.4
     1     1    19     6    11     5     0     1  -103.0   25.432 -138.602   1600.1    843.2
     1     1    19     6    11     4     0     2  -104.0   25.554 -138.462   1614.2    841.6
     1     1    19     6    11     3     0     3  -105.0   25.675 -138.333   1619.0    841.0
     1     1    19     6    11     2     0     2  -106.0   25.795 -138.207   1622.2    841.5
     1     1    19     6    11     1     0     1  -107.0   25.911 -138.082   1632.0    840.6
     1     1    19     6    11     0     0     0  -108.0   26.023 -137.955   1648.4    839.0
     1     1    19     6    10    23     0     1  -109.0   26.130 -137.829   1664.7    836.9
     1     1    19     6    10    22     0     2  -110.0   26.237 -137.701   1674.5    836.1
     1     1    19     6    10    21     0     3  -111.0   26.343 -137.570   1677.7    835.9
     1     1    19     6    10    20     0     2  -112.0   26.449 -137.434   1680.1    836.4
     1     1    19     6    10    19     0     1  -113.0   26.558 -137.292   1685.8    835.8
     1     1    19     6    10    18     0     0  -114.0   26.672 -137.146   1691.9    835.2
     1     1    19     6    10    17     0     1  -115.0   26.791 -136.993   1695.1    834.5
     1     1    19     6    10    16     0     2  -116.0   26.914 -136.835   1695.9    834.4
     1     1    19     6    10    15     0     3  -117.0   27.039 -136.670   1696.2    834.2
     1     1    19     6    10    14     0     2  -118.0   27.165 -136.502   1696.0    834.3
     1     1    19     6    10    13     0     1  -119.0   27.293 -136.333   1695.1    834.5
     1     1    19     6    10    12     0     0  -120.0   27.424 -136.164   1693.9    834.8
     1     1    19     6    10    11     0     1  -121.0   27.557 -135.991   1694.4    835.0
     1     1    19     6    10    10     0     2  -122.0   27.692 -135.811   1697.2    834.7
     1     1    19     6    10     9     0     3  -123.0   27.827 -135.623   1700.1    834.5
     1     1    19     6    10     8     0     2  -124.0   27.963 -135.430   1705.3    834.3
     1     1    19     6    10     7     0     1  -125.0   28.102 -135.236   1717.1    833.3
     1     1    19     6    10     6     0     0  -126.0   28.246 -135.041   1736.4    831.4
     1     1    19     6    10     5     0     1  -127.0   28.388 -134.845   1756.0    828.8
     1     1    19     6    10     4     0     2  -128.0   28.522 -134.647   1768.8    827.4
     1     1    19     6    10     3     0     3  -129.0   28.651 -134.449   1774.2    826.8
     1     1    19     6    10     2     0     2  -130.0   28.776 -134.248   1778.8    827.0
     1     1    19     6    10     1     0     1  -131.0   28.898 -134.041   1791.1    826.2
     1     1    19     6    10     0     0     0  -132.0   29.017 -133.826   1814.4    824.1
     1     1    19     6     9    23     0     1  -133.0   29.136 -133.601   1837.8    820.9
     1     1    19     6     9    22     0     2  -134.0   29.263 -133.367   1850.1    820.0
     1     1    19     6     9    21     0     3  -135.0   29.401 -133.126   1853.8    819.9
     1     1    19     6     9    20     0     2  -136.0   29.553 -132.882   1855.4    820.4
     1     1    19     6     9    19     0     1  -137.0   29.716 -132.639   1859.9    820.0
     1     1    19     6     9    18     0     0  -138.0   29.893 -132.396   1866.5    819.4
     1     1    19     6     9    17     0     1  -139.0   30.082 -132.156   1876.5    818.4
     1     1    19     6     9    16     0     2  -140.0   30.286 -131.920   1891.3    816.8
     1     1    19     6     9    15     0     3  -141.0   30.506 -131.689   1910.9    814.7
     1     1    19     6     9    14     0     2  -142.0   30.736 -131.463   1931.7    812.2
     1     1    19     6     9    13     0     1  -143.0   30.968 -131.244   1951.4    810.3
     1     1    19     6     9    12     0     0  -144.0   31.206 -131.035   1970.8    808.4
     1     1    19     6     9    11     0     1  -145.0   31.445 -130.833   1986.8    806.6
     1     1    19     6     9    10     0     2  -146.0   31.683 -130.635   1996.5    805.8
     1     1    19     6     9     9     0     3  -147.0   31.919 -130.441   1999.7    805.6
     1     1    19     6     9     8     0     2  -148.0   32.157 -130.254   2003.5    806.0
     1     1    19     6     9     7     0     1  -149.0   32.398 -130.074   2016.4    805.0
     1     1    19     6     9     6     0     0  -150.0   32.641 -129.901   2039.6    802.9
     1     1    19     6     9     5     0     1  -151.0   32.883 -129.735   2065.3    799.5
     1     1    19     6     9     4     0     2  -152.0   33.127 -129.576   2085.7    797.4
     1     1    19     6     9     3     0     3  -153.0   33.376 -129.424   2100.4    795.8
     1     1    19     6     9     2     0     2  -154.0   33.629 -129.276   2113.8    795.0
     1     1    19     6     9     1     0     1  -155.0   33.884 -129.128   2132.6    793.4
     1     1    19     6     9     0     0     0  -156.0   34.143 -128.983   2160.1    791.0
     1     1    19     6     8    23     0     1  -157.0   34.405 -128.834   2192.6    787.4
     1     1    19     6     8    22     0     2  -158.0   34.670 -128.679   2225.9    784.4
     1     1    19     6     8    21     0     3  -159.0   34.947 -128.520   2261.8    781.1
     1     1    19     6     8    20     0     2  -160.0   35.237 -128.363   2301.5    777.2
     1     1    19     6     8    19     0     1  -161.0   35.538 -128.214   2344.6    773.0
     1     1    19     6     8    18     0     0  -162.0   35.857 -128.077   2389.6    768.6
     1     1    19     6     8    17     0     1  -163.0   36.193 -127.954   2435.4    764.0
     1     1    19     6     8    16     0     2  -164.0   36.540 -127.851   2485.6    759.4
     1     1    19     6     8    15     0     3  -165.0   36.901 -127.773   2545.8    753.7
     1     1    19     6     8    14     0     2  -166.0   37.277 -127.726   2617.3    747.0
     1     1    19     6     8    13     0     1  -167.0   37.665 -127.718   2697.7    739.5
     1     1    19     6     8    12     0     0  -168.0   38.066 -127.756   2785.5    731.4
