     7     1
    GDAS    18    12     1     0     0
    GDAS    19     1     1     0     0
    GDAS    19     2     1     0     0
    GDAS    19     3     1     0     0
    GDAS    19     4     1     0     0
    GDAS    19     5     1     0     0
    GDAS    19     6     1     0     0
     1 BACKWARD OMEGA   
    19     1     9    18   21.319 -157.670    10.0
     1 PRESSURE
     1     1    19     1     9    18     0     0     0.0   21.319 -157.670     10.0   1015.2
     1     1    19     1     9    17     0     1    -1.0   21.340 -157.613      9.9   1014.9
     1     1    19     1     9    16     0     2    -2.0   21.351 -157.545      9.8   1014.5
     1     1    19     1     9    15     0     3    -3.0   21.352 -157.468      9.8   1014.0
     1     1    19     1     9    14     0     2    -4.0   21.347 -157.386      9.6   1013.6
     1     1    19     1     9    13     0     1    -5.0   21.338 -157.305      9.0   1013.2
     1     1    19     1     9    12     0     0    -6.0   21.325 -157.225      7.9   1012.7
     1     1    19     1     9    11     0     1    -7.0   21.308 -157.142      6.6   1012.0
     1     1    19     1     9    10     0     2    -8.0   21.289 -157.052      5.8   1011.2
     1     1    19     1     9     9     0     3    -9.0   21.268 -156.953      5.5   1011.0
     1     1    19     1     9     8     0     2   -10.0   21.249 -156.849      5.1   1011.7
     1     1    19     1     9     7     0     1   -11.0   21.234 -156.747      4.0   1012.5
     1     1    19     1     9     6     0     0   -12.0   21.222 -156.647      2.4   1013.3
     1     1    19     1     9     5     0     1   -13.0   21.215 -156.542      0.6   1014.1
     1     1    19     1     9     4     0     2   -14.0   21.213 -156.422      0.0   1015.0
     1     1    19     1     9     3     0     3   -15.0   21.215 -156.286      0.0   1016.0
     1     1    19     1     9     2     0     2   -16.0   21.213 -156.134      0.0   1017.5
     1     1    19     1     9     1     0     1   -17.0   21.202 -155.967      0.0   1018.7
     1     1    19     1     9     0     0     0   -18.0   21.189 -155.789      0.1   1018.2
     1     1    19     1     8    23     0     1   -19.0   21.174 -155.616      0.2   1018.2
     1     1    19     1     8    22     0     2   -20.0   21.149 -155.454      0.5   1018.5
     1     1    19     1     8    21     0     3   -21.0   21.112 -155.305      0.8   1019.1
     1     1    19     1     8    20     0     2   -22.0   21.072 -155.166      1.1   1019.1
     1     1    19     1     8    19     0     1   -23.0   21.037 -155.026      1.7   1019.0
     1     1    19     1     8    18     0     0   -24.0   21.008 -154.883      2.5   1019.0
     1     1    19     1     8    17     0     1   -25.0   20.987 -154.736      3.4   1018.8
     1     1    19     1     8    16     0     2   -26.0   20.975 -154.588      4.3   1018.6
     1     1    19     1     8    15     0     3   -27.0   20.974 -154.441      5.2   1018.4
     1     1    19     1     8    14     0     2   -28.0   20.982 -154.297      6.3   1018.4
     1     1    19     1     8    13     0     1   -29.0   21.000 -154.157      7.4   1018.3
     1     1    19     1     8    12     0     0   -30.0   21.030 -154.018      8.4   1018.3
     1     1    19     1     8    11     0     1   -31.0   21.072 -153.880      9.4   1018.2
     1     1    19     1     8    10     0     2   -32.0   21.131 -153.745     10.2   1018.0
     1     1    19     1     8     9     0     3   -33.0   21.202 -153.617     11.0   1017.8
     1     1    19     1     8     8     0     2   -34.0   21.283 -153.500     12.0   1017.6
     1     1    19     1     8     7     0     1   -35.0   21.372 -153.394     13.1   1017.4
     1     1    19     1     8     6     0     0   -36.0   21.468 -153.302     14.4   1017.1
     1     1    19     1     8     5     0     1   -37.0   21.565 -153.227     16.0   1016.7
     1     1    19     1     8     4     0     2   -38.0   21.654 -153.167     17.7   1016.3
     1     1    19     1     8     3     0     3   -39.0   21.733 -153.124     19.7   1015.8
     1     1    19     1     8     2     0     2   -40.0   21.802 -153.093     21.8   1015.6
     1     1    19     1     8     1     0     1   -41.0   21.866 -153.069     23.2   1015.4
     1     1    19     1     8     0     0     0   -42.0   21.923 -153.052     23.7   1015.4
     1     1    19     1     7    23     0     1   -43.0   21.969 -153.038     23.7   1016.5
     1     1    19     1     7    22     0     2   -44.0   21.997 -153.026     23.7   1017.5
     1     1    19     1     7    21     0     3   -45.0   22.006 -153.013     23.7   1018.6
     1     1    19     1     7    20     0     2   -46.0   21.995 -152.998     23.7   1018.6
     1     1    19     1     7    19     0     1   -47.0   21.960 -152.979     23.7   1018.6
     1     1    19     1     7    18     0     0   -48.0   21.902 -152.954     23.7   1018.6
     1     1    19     1     7    17     0     1   -49.0   21.838 -152.914     23.7   1018.4
     1     1    19     1     7    16     0     2   -50.0   21.781 -152.852     23.7   1018.1
     1     1    19     1     7    15     0     3   -51.0   21.733 -152.768     23.7   1017.9
     1     1    19     1     7    14     0     2   -52.0   21.699 -152.676     23.7   1018.0
     1     1    19     1     7    13     0     1   -53.0   21.681 -152.592     23.7   1018.1
     1     1    19     1     7    12     0     0   -54.0   21.678 -152.515     23.7   1018.1
     1     1    19     1     7    11     0     1   -55.0   21.683 -152.444     23.7   1018.0
     1     1    19     1     7    10     0     2   -56.0   21.689 -152.376     23.7   1018.0
     1     1    19     1     7     9     0     3   -57.0   21.695 -152.311     23.7   1017.9
     1     1    19     1     7     8     0     2   -58.0   21.694 -152.250     23.6   1017.9
     1     1    19     1     7     7     0     1   -59.0   21.679 -152.195     23.4   1018.0
     1     1    19     1     7     6     0     0   -60.0   21.651 -152.143     23.2   1018.1
     1     1    19     1     7     5     0     1   -61.0   21.609 -152.094     23.0   1018.0
     1     1    19     1     7     4     0     2   -62.0   21.552 -152.044     22.9   1017.9
     1     1    19     1     7     3     0     3   -63.0   21.480 -151.995     22.9   1017.8
     1     1    19     1     7     2     0     2   -64.0   21.398 -151.940     23.1   1017.8
     1     1    19     1     7     1     0     1   -65.0   21.310 -151.872     23.5   1017.9
     1     1    19     1     7     0     0     0   -66.0   21.213 -151.789     24.1   1017.9
     1     1    19     1     6    23     0     1   -67.0   21.114 -151.684     24.5   1017.9
     1     1    19     1     6    22     0     2   -68.0   21.017 -151.554     24.6   1018.0
     1     1    19     1     6    21     0     3   -69.0   20.922 -151.399     24.6   1018.1
     1     1    19     1     6    20     0     2   -70.0   20.829 -151.223     24.5   1018.1
     1     1    19     1     6    19     0     1   -71.0   20.736 -151.028     24.2   1018.0
     1     1    19     1     6    18     0     0   -72.0   20.646 -150.810     23.6   1018.1
     1     1    19     1     6    17     0     1   -73.0   20.564 -150.567     22.8   1017.2
     1     1    19     1     6    16     0     2   -74.0   20.494 -150.299     21.8   1016.3
     1     1    19     1     6    15     0     3   -75.0   20.435 -150.006     20.5   1015.4
     1     1    19     1     6    14     0     2   -76.0   20.390 -149.699     19.4   1015.7
     1     1    19     1     6    13     0     1   -77.0   20.363 -149.389     18.9   1015.8
     1     1    19     1     6    12     0     0   -78.0   20.350 -149.076     18.8   1015.8
     1     1    19     1     6    11     0     1   -79.0   20.350 -148.762     18.8   1016.5
     1     1    19     1     6    10     0     2   -80.0   20.360 -148.447     18.8   1017.7
     1     1    19     1     6     9     0     3   -81.0   20.382 -148.133     18.8   1019.3
     1     1    19     1     6     8     0     2   -82.0   20.418 -147.819     18.8   1019.6
     1     1    19     1     6     7     0     1   -83.0   20.469 -147.508     18.8   1019.7
     1     1    19     1     6     6     0     0   -84.0   20.540 -147.203     18.8   1019.7
     1     1    19     1     6     5     0     1   -85.0   20.626 -146.906     18.8   1018.6
     1     1    19     1     6     4     0     2   -86.0   20.725 -146.621     18.8   1017.5
     1     1    19     1     6     3     0     3   -87.0   20.836 -146.352     18.8   1016.3
     1     1    19     1     6     2     0     2   -88.0   20.959 -146.101     18.8   1016.4
     1     1    19     1     6     1     0     1   -89.0   21.088 -145.867     18.8   1016.4
     1     1    19     1     6     0     0     0   -90.0   21.222 -145.651     18.8   1016.4
     1     1    19     1     5    23     0     1   -91.0   21.355 -145.438     18.8   1016.7
     1     1    19     1     5    22     0     2   -92.0   21.483 -145.213     18.8   1016.8
     1     1    19     1     5    21     0     3   -93.0   21.605 -144.975     18.8   1016.6
     1     1    19     1     5    20     0     2   -94.0   21.733 -144.725     18.8   1017.3
     1     1    19     1     5    19     0     1   -95.0   21.883 -144.469     18.8   1018.4
     1     1    19     1     5    18     0     0   -96.0   22.055 -144.207     18.8   1019.7
     1     1    19     1     5    17     0     1   -97.0   22.244 -143.949     18.8   1018.5
     1     1    19     1     5    16     0     2   -98.0   22.445 -143.706     18.8   1017.3
     1     1    19     1     5    15     0     3   -99.0   22.661 -143.476     18.8   1016.2
     1     1    19     1     5    14     0     2  -100.0   22.884 -143.260     18.8   1016.1
     1     1    19     1     5    13     0     1  -101.0   23.107 -143.061     18.8   1016.1
     1     1    19     1     5    12     0     0  -102.0   23.331 -142.880     18.8   1016.0
     1     1    19     1     5    11     0     1  -103.0   23.560 -142.713     18.8   1015.9
     1     1    19     1     5    10     0     2  -104.0   23.792 -142.554     18.8   1015.7
     1     1    19     1     5     9     0     3  -105.0   24.020 -142.401     18.8   1015.6
     1     1    19     1     5     8     0     2  -106.0   24.254 -142.259     18.8   1016.8
     1     1    19     1     5     7     0     1  -107.0   24.509 -142.132     18.8   1017.8
     1     1    19     1     5     6     0     0  -108.0   24.786 -142.018     18.8   1018.7
     1     1    19     1     5     5     0     1  -109.0   25.075 -141.921     18.8   1017.4
     1     1    19     1     5     4     0     2  -110.0   25.366 -141.845     18.8   1016.0
     1     1    19     1     5     3     0     3  -111.0   25.660 -141.791     18.8   1014.7
     1     1    19     1     5     2     0     2  -112.0   25.955 -141.758     18.8   1014.6
     1     1    19     1     5     1     0     1  -113.0   26.247 -141.743     18.8   1014.6
     1     1    19     1     5     0     0     0  -114.0   26.539 -141.751     18.8   1014.2
     1     1    19     1     4    23     0     1  -115.0   26.837 -141.780     18.8   1015.1
     1     1    19     1     4    22     0     2  -116.0   27.142 -141.821     18.8   1016.1
     1     1    19     1     4    21     0     3  -117.0   27.449 -141.875     18.8   1016.9
     1     1    19     1     4    20     0     2  -118.0   27.757 -141.957     19.0   1016.7
     1     1    19     1     4    19     0     1  -119.0   28.070 -142.079     19.4   1016.4
     1     1    19     1     4    18     0     0  -120.0   28.393 -142.239     20.8   1016.1
     1     1    19     1     4    17     0     1  -121.0   28.717 -142.432     23.6   1015.4
     1     1    19     1     4    16     0     2  -122.0   29.025 -142.650     26.1   1014.7
     1     1    19     1     4    15     0     3  -123.0   29.314 -142.898     27.1   1014.3
     1     1    19     1     4    14     0     2  -124.0   29.594 -143.172     27.6   1014.3
     1     1    19     1     4    13     0     1  -125.0   29.870 -143.465     29.1   1014.0
     1     1    19     1     4    12     0     0  -126.0   30.140 -143.776     30.7   1013.5
     1     1    19     1     4    11     0     1  -127.0   30.404 -144.102     31.4   1013.2
     1     1    19     1     4    10     0     2  -128.0   30.662 -144.435     31.4   1013.1
     1     1    19     1     4     9     0     3  -129.0   30.904 -144.774     31.4   1013.0
     1     1    19     1     4     8     0     2  -130.0   31.134 -145.121     31.6   1012.8
     1     1    19     1     4     7     0     1  -131.0   31.364 -145.474     33.1   1012.6
     1     1    19     1     4     6     0     0  -132.0   31.586 -145.828     36.1   1012.1
     1     1    19     1     4     5     0     1  -133.0   31.800 -146.190     38.4   1011.8
     1     1    19     1     4     4     0     2  -134.0   32.016 -146.559     38.8   1011.7
     1     1    19     1     4     3     0     3  -135.0   32.233 -146.920     38.8   1011.7
     1     1    19     1     4     2     0     2  -136.0   32.436 -147.268     38.8   1011.9
     1     1    19     1     4     1     0     1  -137.0   32.623 -147.606     38.8   1011.7
     1     1    19     1     4     0     0     0  -138.0   32.791 -147.932     38.8   1011.4
     1     1    19     1     3    23     0     1  -139.0   32.946 -148.238     38.8   1012.5
     1     1    19     1     3    22     0     2  -140.0   33.093 -148.512     38.7   1013.6
     1     1    19     1     3    21     0     3  -141.0   33.228 -148.748     38.7   1014.8
     1     1    19     1     3    20     0     2  -142.0   33.352 -148.946     38.7   1014.7
     1     1    19     1     3    19     0     1  -143.0   33.469 -149.103     38.6   1014.7
     1     1    19     1     3    18     0     0  -144.0   33.585 -149.210     38.4   1014.7
     1     1    19     1     3    17     0     1  -145.0   33.706 -149.270     38.4   1014.6
     1     1    19     1     3    16     0     2  -146.0   33.834 -149.290     38.7   1014.4
     1     1    19     1     3    15     0     3  -147.0   33.973 -149.274     39.0   1014.2
     1     1    19     1     3    14     0     2  -148.0   34.122 -149.247     39.1   1014.2
     1     1    19     1     3    13     0     1  -149.0   34.274 -149.233     39.1   1014.4
     1     1    19     1     3    12     0     0  -150.0   34.432 -149.235     39.1   1014.5
     1     1    19     1     3    11     0     1  -151.0   34.599 -149.257     39.5   1014.6
     1     1    19     1     3    10     0     2  -152.0   34.773 -149.305     40.4   1014.6
     1     1    19     1     3     9     0     3  -153.0   34.950 -149.384     41.0   1014.6
     1     1    19     1     3     8     0     2  -154.0   35.117 -149.479     41.7   1014.6
     1     1    19     1     3     7     0     1  -155.0   35.265 -149.577     43.2   1014.5
     1     1    19     1     3     6     0     0  -156.0   35.399 -149.679     44.8   1014.2
     1     1    19     1     3     5     0     1  -157.0   35.536 -149.801     46.7   1013.9
     1     1    19     1     3     4     0     2  -158.0   35.685 -149.960     48.7   1013.7
     1     1    19     1     3     3     0     3  -159.0   35.845 -150.151     50.4   1013.4
     1     1    19     1     3     2     0     2  -160.0   36.009 -150.374     53.2   1012.4
     1     1    19     1     3     1     0     1  -161.0   36.168 -150.631     58.5   1010.7
     1     1    19     1     3     0     0     0  -162.0   36.321 -150.919     64.1   1008.9
     1     1    19     1     2    23     0     1  -163.0   36.474 -151.240     68.3   1008.2
     1     1    19     1     2    22     0     2  -164.0   36.628 -151.605     70.6   1007.7
     1     1    19     1     2    21     0     3  -165.0   36.779 -152.012     71.2   1007.6
     1     1    19     1     2    20     0     2  -166.0   36.921 -152.451     71.2   1007.5
     1     1    19     1     2    19     0     1  -167.0   37.055 -152.920     71.2   1007.2
     1     1    19     1     2    18     0     0  -168.0   37.194 -153.430     72.0   1006.8
