     7     1
    GDAS    19     6     1     0     0
    GDAS    19     7     1     0     0
    GDAS    19     8     1     0     0
    GDAS    19     9     1     0     0
    GDAS    19    10     1     0     0
    GDAS    19    11     1     0     0
    GDAS    19    12     1     0     0
     1 BACKWARD OMEGA   
    19    12    16     6   21.319 -157.670    10.0
     1 PRESSURE
     1     1    19    12    16     6     0     0     0.0   21.319 -157.670     10.0   1012.4
     1     1    19    12    16     5     0     1    -1.0   21.455 -157.431     63.4   1007.3
     1     1    19    12    16     4     0     2    -2.0   21.557 -157.170    182.8    989.7
     1     1    19    12    16     3     0     3    -3.0   21.622 -156.885    303.5    974.0
     1     1    19    12    16     2     0     2    -4.0   21.650 -156.593    393.6    964.1
     1     1    19    12    16     1     0     1    -5.0   21.644 -156.302    445.9    959.8
     1     1    19    12    16     0     0     0    -6.0   21.602 -156.008    468.1    958.3
     1     1    19    12    15    23     0     1    -7.0   21.542 -155.714    480.7    959.9
     1     1    19    12    15    22     0     2    -8.0   21.485 -155.424    501.9    958.2
     1     1    19    12    15    21     0     3    -9.0   21.434 -155.132    531.7    955.6
     1     1    19    12    15    20     0     2   -10.0   21.389 -154.839    559.0    951.4
     1     1    19    12    15    19     0     1   -11.0   21.348 -154.551    571.3    950.3
     1     1    19    12    15    18     0     0   -12.0   21.309 -154.270    574.3    950.6
     1     1    19    12    15    17     0     1   -13.0   21.271 -153.990    564.6    950.4
     1     1    19    12    15    16     0     2   -14.0   21.231 -153.708    540.1    953.4
     1     1    19    12    15    15     0     3   -15.0   21.192 -153.422    518.5    956.7
     1     1    19    12    15    14     0     2   -16.0   21.161 -153.133    511.4    957.5
     1     1    19    12    15    13     0     1   -17.0   21.132 -152.848    508.5    956.6
     1     1    19    12    15    12     0     0   -18.0   21.095 -152.565    487.9    957.4
     1     1    19    12    15    11     0     1   -19.0   21.054 -152.278    439.7    963.7
     1     1    19    12    15    10     0     2   -20.0   21.011 -151.981    387.2    972.4
     1     1    19    12    15     9     0     3   -21.0   20.969 -151.670    356.6    977.1
     1     1    19    12    15     8     0     2   -22.0   20.940 -151.347    347.8    977.1
     1     1    19    12    15     7     0     1   -23.0   20.920 -151.017    352.2    976.5
     1     1    19    12    15     6     0     0   -24.0   20.907 -150.681    361.5    974.6
     1     1    19    12    15     5     0     1   -25.0   20.904 -150.338    367.5    973.3
     1     1    19    12    15     4     0     2   -26.0   20.904 -149.989    379.2    972.5
     1     1    19    12    15     3     0     3   -27.0   20.901 -149.636    395.8    969.1
     1     1    19    12    15     2     0     2   -28.0   20.900 -149.276    401.7    968.0
     1     1    19    12    15     1     0     1   -29.0   20.904 -148.916    398.4    969.0
     1     1    19    12    15     0     0     0   -30.0   20.918 -148.560    390.3    969.7
     1     1    19    12    14    23     0     1   -31.0   20.948 -148.200    375.9    972.0
     1     1    19    12    14    22     0     2   -32.0   20.983 -147.835    360.5    974.9
     1     1    19    12    14    21     0     3   -33.0   21.013 -147.466    346.4    976.8
     1     1    19    12    14    20     0     2   -34.0   21.045 -147.091    335.7    978.9
     1     1    19    12    14    19     0     1   -35.0   21.080 -146.717    337.5    979.4
     1     1    19    12    14    18     0     0   -36.0   21.122 -146.351    349.2    977.7
     1     1    19    12    14    17     0     1   -37.0   21.170 -145.991    358.6    976.0
     1     1    19    12    14    16     0     2   -38.0   21.219 -145.629    360.1    975.8
     1     1    19    12    14    15     0     3   -39.0   21.266 -145.262    350.8    976.3
     1     1    19    12    14    14     0     2   -40.0   21.320 -144.892    338.4    978.9
     1     1    19    12    14    13     0     1   -41.0   21.384 -144.523    334.8    979.7
     1     1    19    12    14    12     0     0   -42.0   21.451 -144.155    333.9    978.9
     1     1    19    12    14    11     0     1   -43.0   21.521 -143.783    329.9    980.2
     1     1    19    12    14    10     0     2   -44.0   21.596 -143.405    316.3    981.2
     1     1    19    12    14     9     0     3   -45.0   21.683 -143.037    271.2    985.5
     1     1    19    12    14     8     0     2   -46.0   21.780 -142.674    230.7    995.1
     1     1    19    12    14     7     0     1   -47.0   21.874 -142.299    214.9    995.1
     1     1    19    12    14     6     0     0   -48.0   21.961 -141.920    199.3    995.8
     1     1    19    12    14     5     0     1   -49.0   22.045 -141.539    185.0    998.5
     1     1    19    12    14     4     0     2   -50.0   22.135 -141.162    177.1    998.7
     1     1    19    12    14     3     0     3   -51.0   22.234 -140.804    167.1    999.4
     1     1    19    12    14     2     0     2   -52.0   22.330 -140.458    158.3   1000.8
     1     1    19    12    14     1     0     1   -53.0   22.412 -140.112    152.7   1000.6
     1     1    19    12    14     0     0     0   -54.0   22.483 -139.767    147.0   1001.0
     1     1    19    12    13    23     0     1   -55.0   22.548 -139.425    144.3   1002.7
     1     1    19    12    13    22     0     2   -56.0   22.610 -139.087    146.7   1003.2
     1     1    19    12    13    21     0     3   -57.0   22.669 -138.760    153.2   1003.4
     1     1    19    12    13    20     0     2   -58.0   22.723 -138.433    162.5   1002.2
     1     1    19    12    13    19     0     1   -59.0   22.773 -138.102    175.2   1001.2
     1     1    19    12    13    18     0     0   -60.0   22.822 -137.771    190.8    999.3
     1     1    19    12    13    17     0     1   -61.0   22.871 -137.442    201.7    997.4
     1     1    19    12    13    16     0     2   -62.0   22.918 -137.117    204.1    997.2
     1     1    19    12    13    15     0     3   -63.0   22.962 -136.800    201.5    997.5
     1     1    19    12    13    14     0     2   -64.0   22.997 -136.488    193.9    998.1
     1     1    19    12    13    13     0     1   -65.0   23.019 -136.174    184.7    999.5
     1     1    19    12    13    12     0     0   -66.0   23.025 -135.858    179.4   1000.1
     1     1    19    12    13    11     0     1   -67.0   23.022 -135.528    176.5   1000.4
     1     1    19    12    13    10     0     2   -68.0   23.018 -135.176    174.7   1001.2
     1     1    19    12    13     9     0     3   -69.0   23.017 -134.802    177.0   1001.4
     1     1    19    12    13     8     0     2   -70.0   23.021 -134.414    179.6   1000.5
     1     1    19    12    13     7     0     1   -71.0   23.031 -134.014    177.0   1000.8
     1     1    19    12    13     6     0     0   -72.0   23.047 -133.604    171.9   1001.7
     1     1    19    12    13     5     0     1   -73.0   23.080 -133.188    169.6   1002.3
     1     1    19    12    13     4     0     2   -74.0   23.141 -132.776    169.1   1002.0
     1     1    19    12    13     3     0     3   -75.0   23.229 -132.368    166.3   1002.3
     1     1    19    12    13     2     0     2   -76.0   23.330 -131.970    160.7   1002.4
     1     1    19    12    13     1     0     1   -77.0   23.434 -131.583    155.3   1002.8
     1     1    19    12    13     0     0     0   -78.0   23.548 -131.201    152.9   1002.5
     1     1    19    12    12    23     0     1   -79.0   23.664 -130.824    153.1   1003.3
     1     1    19    12    12    22     0     2   -80.0   23.775 -130.460    153.9   1004.0
     1     1    19    12    12    21     0     3   -81.0   23.878 -130.109    154.0   1004.9
     1     1    19    12    12    20     0     2   -82.0   23.976 -129.766    155.5   1005.4
     1     1    19    12    12    19     0     1   -83.0   24.082 -129.426    161.0   1005.2
     1     1    19    12    12    18     0     0   -84.0   24.201 -129.099    169.7   1004.7
     1     1    19    12    12    17     0     1   -85.0   24.327 -128.783    177.3   1003.1
     1     1    19    12    12    16     0     2   -86.0   24.451 -128.475    180.0   1002.4
     1     1    19    12    12    15     0     3   -87.0   24.574 -128.179    177.5   1002.3
     1     1    19    12    12    14     0     2   -88.0   24.699 -127.897    172.3   1003.1
     1     1    19    12    12    13     0     1   -89.0   24.828 -127.620    167.7   1003.6
     1     1    19    12    12    12     0     0   -90.0   24.964 -127.344    165.7   1003.9
     1     1    19    12    12    11     0     1   -91.0   25.109 -127.066    165.5   1003.8
     1     1    19    12    12    10     0     2   -92.0   25.269 -126.787    165.6   1004.0
     1     1    19    12    12     9     0     3   -93.0   25.442 -126.512    167.4   1004.1
     1     1    19    12    12     8     0     2   -94.0   25.620 -126.243    171.4   1003.9
     1     1    19    12    12     7     0     1   -95.0   25.798 -125.980    174.8   1003.5
     1     1    19    12    12     6     0     0   -96.0   25.974 -125.730    173.5   1003.8
     1     1    19    12    12     5     0     1   -97.0   26.159 -125.501    171.8   1004.6
     1     1    19    12    12     4     0     2   -98.0   26.364 -125.295    175.8   1003.8
     1     1    19    12    12     3     0     3   -99.0   26.589 -125.114    183.2   1002.4
     1     1    19    12    12     2     0     2  -100.0   26.820 -124.955    185.3   1000.7
     1     1    19    12    12     1     0     1  -101.0   27.046 -124.812    178.3   1001.4
     1     1    19    12    12     0     0     0  -102.0   27.268 -124.685    169.0   1002.5
     1     1    19    12    11    23     0     1  -103.0   27.476 -124.566    162.9   1003.9
     1     1    19    12    11    22     0     2  -104.0   27.665 -124.450    160.9   1004.4
     1     1    19    12    11    21     0     3  -105.0   27.839 -124.337    160.5   1004.8
     1     1    19    12    11    20     0     2  -106.0   28.002 -124.224    159.8   1005.5
     1     1    19    12    11    19     0     1  -107.0   28.160 -124.108    158.8   1006.3
     1     1    19    12    11    18     0     0  -108.0   28.313 -123.989    158.7   1006.9
     1     1    19    12    11    17     0     1  -109.0   28.470 -123.881    161.0   1006.3
     1     1    19    12    11    16     0     2  -110.0   28.638 -123.798    164.8   1005.2
     1     1    19    12    11    15     0     3  -111.0   28.816 -123.741    167.8   1004.4
     1     1    19    12    11    14     0     2  -112.0   28.995 -123.703    168.9   1004.0
     1     1    19    12    11    13     0     1  -113.0   29.160 -123.681    168.9   1004.0
     1     1    19    12    11    12     0     0  -114.0   29.308 -123.675    168.9   1003.8
     1     1    19    12    11    11     0     1  -115.0   29.446 -123.678    169.0   1003.8
     1     1    19    12    11    10     0     2  -116.0   29.583 -123.685    169.8   1003.6
     1     1    19    12    11     9     0     3  -117.0   29.719 -123.696    171.9   1003.3
     1     1    19    12    11     8     0     2  -118.0   29.848 -123.708    176.0   1003.2
     1     1    19    12    11     7     0     1  -119.0   29.964 -123.713    182.0   1002.8
     1     1    19    12    11     6     0     0  -120.0   30.064 -123.713    189.9   1002.2
     1     1    19    12    11     5     0     1  -121.0   30.163 -123.709    201.1   1000.7
     1     1    19    12    11     4     0     2  -122.0   30.276 -123.705    215.5    998.5
     1     1    19    12    11     3     0     3  -123.0   30.401 -123.701    229.0    996.3
     1     1    19    12    11     2     0     2  -124.0   30.529 -123.696    237.7    995.1
     1     1    19    12    11     1     0     1  -125.0   30.653 -123.694    243.0    994.8
     1     1    19    12    11     0     0     0  -126.0   30.773 -123.691    251.2    994.1
     1     1    19    12    10    23     0     1  -127.0   30.890 -123.695    262.2    992.7
     1     1    19    12    10    22     0     2  -128.0   31.003 -123.712    271.5    991.5
     1     1    19    12    10    21     0     3  -129.0   31.114 -123.740    277.9    990.6
     1     1    19    12    10    20     0     2  -130.0   31.224 -123.769    282.3    990.8
     1     1    19    12    10    19     0     1  -131.0   31.338 -123.795    283.9    990.9
     1     1    19    12    10    18     0     0  -132.0   31.456 -123.821    279.1    991.9
     1     1    19    12    10    17     0     1  -133.0   31.578 -123.851    271.6    992.9
     1     1    19    12    10    16     0     2  -134.0   31.699 -123.889    265.8    992.9
     1     1    19    12    10    15     0     3  -135.0   31.820 -123.940    259.0    992.8
     1     1    19    12    10    14     0     2  -136.0   31.948 -124.014    260.7    994.0
     1     1    19    12    10    13     0     1  -137.0   32.083 -124.111    288.8    991.4
     1     1    19    12    10    12     0     0  -138.0   32.213 -124.205    356.0    983.5
     1     1    19    12    10    11     0     1  -139.0   32.330 -124.290    440.0    970.4
     1     1    19    12    10    10     0     2  -140.0   32.432 -124.375    498.7    962.6
     1     1    19    12    10     9     0     3  -141.0   32.525 -124.472    524.0    959.4
     1     1    19    12    10     8     0     2  -142.0   32.617 -124.567    528.2    960.8
     1     1    19    12    10     7     0     1  -143.0   32.714 -124.643    527.9    961.2
     1     1    19    12    10     6     0     0  -144.0   32.816 -124.701    526.5    961.7
     1     1    19    12    10     5     0     1  -145.0   32.930 -124.743    527.4    961.4
     1     1    19    12    10     4     0     2  -146.0   33.067 -124.772    530.7    960.2
     1     1    19    12    10     3     0     3  -147.0   33.228 -124.789    529.1    959.4
     1     1    19    12    10     2     0     2  -148.0   33.400 -124.822    527.7    960.5
     1     1    19    12    10     1     0     1  -149.0   33.566 -124.894    539.0    959.4
     1     1    19    12    10     0     0     0  -150.0   33.725 -125.003    574.4    956.0
     1     1    19    12     9    23     0     1  -151.0   33.867 -125.121    618.5    948.5
     1     1    19    12     9    22     0     2  -152.0   33.990 -125.230    644.9    945.5
     1     1    19    12     9    21     0     3  -153.0   34.099 -125.340    653.3    944.5
     1     1    19    12     9    20     0     2  -154.0   34.200 -125.445    648.6    946.3
     1     1    19    12     9    19     0     1  -155.0   34.300 -125.537    640.3    948.2
     1     1    19    12     9    18     0     0  -156.0   34.398 -125.616    633.3    949.8
     1     1    19    12     9    17     0     1  -157.0   34.499 -125.698    639.9    949.7
     1     1    19    12     9    16     0     2  -158.0   34.605 -125.793    671.7    945.6
     1     1    19    12     9    15     0     3  -159.0   34.714 -125.893    733.8    938.1
     1     1    19    12     9    14     0     2  -160.0   34.825 -125.985    808.3    927.4
     1     1    19    12     9    13     0     1  -161.0   34.946 -126.066    871.0    920.3
     1     1    19    12     9    12     0     0  -162.0   35.078 -126.141    922.1    914.9
     1     1    19    12     9    11     0     1  -163.0   35.207 -126.213    978.4    909.7
     1     1    19    12     9    10     0     2  -164.0   35.321 -126.279   1047.3    901.2
     1     1    19    12     9     9     0     3  -165.0   35.420 -126.339   1118.0    892.9
     1     1    19    12     9     8     0     2  -166.0   35.516 -126.389   1174.2    885.8
     1     1    19    12     9     7     0     1  -167.0   35.622 -126.430   1207.1    882.8
     1     1    19    12     9     6     0     0  -168.0   35.742 -126.463   1224.8    881.4
