     7     1
    GDAS    18    12     1     0     0
    GDAS    19     1     1     0     0
    GDAS    19     2     1     0     0
    GDAS    19     3     1     0     0
    GDAS    19     4     1     0     0
    GDAS    19     5     1     0     0
    GDAS    19     6     1     0     0
     1 BACKWARD OMEGA   
    19     5     5    12   21.319 -157.670    10.0
     1 PRESSURE
     1     1    19     5     5    12     0     0     0.0   21.319 -157.670     10.0   1005.5
     1     1    19     5     5    11     0     1    -1.0   21.454 -157.994      2.4   1007.1
     1     1    19     5     5    10     0     2    -2.0   21.589 -158.302      1.2   1007.5
     1     1    19     5     5     9     0     3    -3.0   21.695 -158.581      1.1   1007.9
     1     1    19     5     5     8     0     2    -4.0   21.797 -158.823      2.5   1007.9
     1     1    19     5     5     7     0     1    -5.0   21.920 -159.021      5.2   1007.9
     1     1    19     5     5     6     0     0    -6.0   22.059 -159.196      7.5   1008.0
     1     1    19     5     5     5     0     1    -7.0   22.206 -159.390      7.6   1007.8
     1     1    19     5     5     4     0     2    -8.0   22.349 -159.627      5.2   1007.7
     1     1    19     5     5     3     0     3    -9.0   22.488 -159.909      1.0   1007.5
     1     1    19     5     5     2     0     2   -10.0   22.624 -160.211      0.0   1008.2
     1     1    19     5     5     1     0     1   -11.0   22.758 -160.502      0.0   1008.5
     1     1    19     5     5     0     0     0   -12.0   22.887 -160.783      0.0   1008.6
     1     1    19     5     4    23     0     1   -13.0   23.027 -161.054      0.0   1009.2
     1     1    19     5     4    22     0     2   -14.0   23.196 -161.315      0.0   1010.2
     1     1    19     5     4    21     0     3   -15.0   23.390 -161.563      0.0   1010.8
     1     1    19     5     4    20     0     2   -16.0   23.601 -161.807      0.0   1010.9
     1     1    19     5     4    19     0     1   -17.0   23.822 -162.053      0.0   1011.1
     1     1    19     5     4    18     0     0   -18.0   24.047 -162.298      0.0   1011.2
     1     1    19     5     4    17     0     1   -19.0   24.275 -162.533      0.1   1011.2
     1     1    19     5     4    16     0     2   -20.0   24.509 -162.754      0.5   1011.3
     1     1    19     5     4    15     0     3   -21.0   24.754 -162.961      1.4   1011.3
     1     1    19     5     4    14     0     2   -22.0   25.007 -163.158      2.7   1011.5
     1     1    19     5     4    13     0     1   -23.0   25.263 -163.352      3.5   1011.6
     1     1    19     5     4    12     0     0   -24.0   25.521 -163.545      3.7   1011.8
     1     1    19     5     4    11     0     1   -25.0   25.786 -163.728      3.7   1012.6
     1     1    19     5     4    10     0     2   -26.0   26.062 -163.899      3.7   1014.0
     1     1    19     5     4     9     0     3   -27.0   26.348 -164.057      3.7   1014.4
     1     1    19     5     4     8     0     2   -28.0   26.643 -164.213      4.0   1013.2
     1     1    19     5     4     7     0     1   -29.0   26.949 -164.378      4.8   1012.6
     1     1    19     5     4     6     0     0   -30.0   27.269 -164.552      6.0   1012.3
     1     1    19     5     4     5     0     1   -31.0   27.592 -164.733      7.0   1012.9
     1     1    19     5     4     4     0     2   -32.0   27.907 -164.920      7.4   1013.9
     1     1    19     5     4     3     0     3   -33.0   28.215 -165.118      7.5   1014.4
     1     1    19     5     4     2     0     2   -34.0   28.518 -165.317      7.9   1014.1
     1     1    19     5     4     1     0     1   -35.0   28.819 -165.509      8.3   1014.4
     1     1    19     5     4     0     0     0   -36.0   29.115 -165.696      8.4   1014.9
     1     1    19     5     3    23     0     1   -37.0   29.406 -165.870      8.5   1015.5
     1     1    19     5     3    22     0     2   -38.0   29.696 -166.022      8.8   1016.5
     1     1    19     5     3    21     0     3   -39.0   29.984 -166.152      9.0   1017.3
     1     1    19     5     3    20     0     2   -40.0   30.276 -166.266      9.4   1017.2
     1     1    19     5     3    19     0     1   -41.0   30.580 -166.369     10.2   1017.0
     1     1    19     5     3    18     0     0   -42.0   30.895 -166.463     11.3   1016.7
     1     1    19     5     3    17     0     1   -43.0   31.216 -166.554     12.5   1015.6
     1     1    19     5     3    16     0     2   -44.0   31.540 -166.649     14.0   1014.5
     1     1    19     5     3    15     0     3   -45.0   31.868 -166.748     15.7   1013.4
     1     1    19     5     3    14     0     2   -46.0   32.199 -166.851     17.2   1014.1
     1     1    19     5     3    13     0     1   -47.0   32.531 -166.959     18.0   1014.9
     1     1    19     5     3    12     0     0   -48.0   32.863 -167.069     18.2   1015.8
     1     1    19     5     3    11     0     1   -49.0   33.194 -167.179     18.2   1016.2
     1     1    19     5     3    10     0     2   -50.0   33.525 -167.284     18.2   1016.5
     1     1    19     5     3     9     0     3   -51.0   33.855 -167.379     18.2   1016.9
     1     1    19     5     3     8     0     2   -52.0   34.181 -167.473     18.5   1016.5
     1     1    19     5     3     7     0     1   -53.0   34.498 -167.574     19.5   1016.0
     1     1    19     5     3     6     0     0   -54.0   34.806 -167.678     20.9   1015.4
     1     1    19     5     3     5     0     1   -55.0   35.103 -167.788     23.0   1014.6
     1     1    19     5     3     4     0     2   -56.0   35.390 -167.902     25.2   1013.7
     1     1    19     5     3     3     0     3   -57.0   35.667 -168.021     27.1   1012.9
     1     1    19     5     3     2     0     2   -58.0   35.940 -168.138     28.1   1012.8
     1     1    19     5     3     1     0     1   -59.0   36.214 -168.245     28.5   1013.1
     1     1    19     5     3     0     0     0   -60.0   36.487 -168.337     28.6   1013.5
     1     1    19     5     2    23     0     1   -61.0   36.758 -168.423     29.3   1014.1
     1     1    19     5     2    22     0     2   -62.0   37.029 -168.509     31.7   1014.2
     1     1    19     5     2    21     0     3   -63.0   37.298 -168.596     35.5   1014.0
     1     1    19     5     2    20     0     2   -64.0   37.564 -168.679     39.0   1013.5
     1     1    19     5     2    19     0     1   -65.0   37.831 -168.754     42.0   1013.2
     1     1    19     5     2    18     0     0   -66.0   38.098 -168.816     46.2   1012.8
     1     1    19     5     2    17     0     1   -67.0   38.365 -168.872     51.2   1012.3
     1     1    19     5     2    16     0     2   -68.0   38.629 -168.928     56.5   1011.9
     1     1    19     5     2    15     0     3   -69.0   38.882 -168.987     63.8   1010.9
     1     1    19     5     2    14     0     2   -70.0   39.127 -169.041     71.3   1009.7
     1     1    19     5     2    13     0     1   -71.0   39.363 -169.081     75.2   1009.4
     1     1    19     5     2    12     0     0   -72.0   39.585 -169.108     76.3   1009.7
     1     1    19     5     2    11     0     1   -73.0   39.790 -169.123     77.1   1010.3
     1     1    19     5     2    10     0     2   -74.0   39.982 -169.128     79.5   1010.3
     1     1    19     5     2     9     0     3   -75.0   40.163 -169.125     83.2   1010.4
     1     1    19     5     2     8     0     2   -76.0   40.336 -169.116     87.4   1009.8
     1     1    19     5     2     7     0     1   -77.0   40.503 -169.103     91.3   1009.2
     1     1    19     5     2     6     0     0   -78.0   40.667 -169.089     94.7   1008.5
     1     1    19     5     2     5     0     1   -79.0   40.828 -169.079     97.8   1008.3
     1     1    19     5     2     4     0     2   -80.0   40.985 -169.078    102.0   1008.0
     1     1    19     5     2     3     0     3   -81.0   41.141 -169.089    107.8   1007.5
     1     1    19     5     2     2     0     2   -82.0   41.301 -169.109    112.7   1006.8
     1     1    19     5     2     1     0     1   -83.0   41.468 -169.140    114.0   1006.7
     1     1    19     5     2     0     0     0   -84.0   41.640 -169.185    111.9   1007.0
     1     1    19     5     1    23     0     1   -85.0   41.812 -169.252    108.6   1007.6
     1     1    19     5     1    22     0     2   -86.0   41.984 -169.347    106.5   1007.9
     1     1    19     5     1    21     0     3   -87.0   42.156 -169.466    105.8   1007.9
     1     1    19     5     1    20     0     2   -88.0   42.331 -169.606    107.3   1007.6
     1     1    19     5     1    19     0     1   -89.0   42.514 -169.761    111.7   1006.8
     1     1    19     5     1    18     0     0   -90.0   42.706 -169.928    118.1   1005.8
     1     1    19     5     1    17     0     1   -91.0   42.901 -170.107    122.2   1004.3
     1     1    19     5     1    16     0     2   -92.0   43.091 -170.297    123.0   1003.6
     1     1    19     5     1    15     0     3   -93.0   43.284 -170.495    123.0   1003.0
     1     1    19     5     1    14     0     2   -94.0   43.486 -170.687    123.0   1002.9
     1     1    19     5     1    13     0     1   -95.0   43.694 -170.868    123.0   1002.7
     1     1    19     5     1    12     0     0   -96.0   43.903 -171.033    123.0   1002.5
     1     1    19     5     1    11     0     1   -97.0   44.105 -171.161    123.0   1002.5
     1     1    19     5     1    10     0     2   -98.0   44.301 -171.239    123.0   1002.4
     1     1    19     5     1     9     0     3   -99.0   44.492 -171.268    123.0   1002.3
     1     1    19     5     1     8     0     2  -100.0   44.673 -171.248    122.5   1002.1
     1     1    19     5     1     7     0     1  -101.0   44.843 -171.175    121.2   1002.1
     1     1    19     5     1     6     0     0  -102.0   44.997 -171.050    119.9   1002.1
     1     1    19     5     1     5     0     1  -103.0   45.132 -170.882    119.5   1002.1
     1     1    19     5     1     4     0     2  -104.0   45.248 -170.681    119.2   1002.0
     1     1    19     5     1     3     0     3  -105.0   45.342 -170.452    119.0   1002.0
     1     1    19     5     1     2     0     2  -106.0   45.414 -170.204    117.3   1002.5
     1     1    19     5     1     1     0     1  -107.0   45.461 -169.948    111.8   1003.6
     1     1    19     5     1     0     0     0  -108.0   45.484 -169.692    102.9   1005.0
     1     1    19     4    30    23     0     1  -109.0   45.498 -169.454     93.9   1006.5
     1     1    19     4    30    22     0     2  -110.0   45.524 -169.246     87.1   1007.3
     1     1    19     4    30    21     0     3  -111.0   45.564 -169.067     82.4   1008.0
     1     1    19     4    30    20     0     2  -112.0   45.622 -168.922     80.4   1008.3
     1     1    19     4    30    19     0     1  -113.0   45.697 -168.813     81.4   1008.2
     1     1    19     4    30    18     0     0  -114.0   45.792 -168.738     85.0   1007.7
     1     1    19     4    30    17     0     1  -115.0   45.901 -168.697     91.0   1006.8
     1     1    19     4    30    16     0     2  -116.0   46.022 -168.688     99.4   1005.6
     1     1    19     4    30    15     0     3  -117.0   46.152 -168.709    110.3   1004.0
     1     1    19     4    30    14     0     2  -118.0   46.292 -168.770    121.6   1002.4
     1     1    19     4    30    13     0     1  -119.0   46.443 -168.880    131.1   1001.1
     1     1    19     4    30    12     0     0  -120.0   46.603 -169.040    140.1   1000.0
     1     1    19     4    30    11     0     1  -121.0   46.762 -169.242    151.0    998.4
     1     1    19     4    30    10     0     2  -122.0   46.913 -169.473    164.5    996.2
     1     1    19     4    30     9     0     3  -123.0   47.054 -169.726    178.9    993.9
     1     1    19     4    30     8     0     2  -124.0   47.193 -170.003    193.9    991.6
     1     1    19     4    30     7     0     1  -125.0   47.332 -170.308    209.5    989.2
     1     1    19     4    30     6     0     0  -126.0   47.475 -170.644    225.7    986.8
     1     1    19     4    30     5     0     1  -127.0   47.610 -171.019    239.5    984.3
     1     1    19     4    30     4     0     2  -128.0   47.720 -171.439    247.7    982.7
     1     1    19     4    30     3     0     3  -129.0   47.802 -171.908    250.5    981.8
     1     1    19     4    30     2     0     2  -130.0   47.852 -172.415    253.2    981.7
     1     1    19     4    30     1     0     1  -131.0   47.872 -172.945    261.9    980.5
     1     1    19     4    30     0     0     0  -132.0   47.869 -173.495    276.3    978.3
     1     1    19     4    29    23     0     1  -133.0   47.845 -174.064    290.1    975.2
     1     1    19     4    29    22     0     2  -134.0   47.799 -174.653    299.4    973.6
     1     1    19     4    29    21     0     3  -135.0   47.736 -175.265    305.6    972.2
     1     1    19     4    29    20     0     2  -136.0   47.659 -175.914    310.3    970.9
     1     1    19     4    29    19     0     1  -137.0   47.570 -176.608    318.9    969.3
     1     1    19     4    29    18     0     0  -138.0   47.475 -177.346    335.9    966.3
     1     1    19     4    29    17     0     1  -139.0   47.360 -178.123    360.6    962.0
     1     1    19     4    29    16     0     2  -140.0   47.217 -178.943    387.9    957.9
     1     1    19     4    29    15     0     3  -141.0   47.064 -179.814    406.5    954.6
     1     1    19     4    29    14     0     2  -142.0   46.904  179.266    413.3    953.6
     1     1    19     4    29    13     0     1  -143.0   46.750  178.311    421.6    952.1
     1     1    19     4    29    12     0     0  -144.0   46.612  177.325    426.4    950.8
     1     1    19     4    29    11     0     1  -145.0   46.486  176.312    431.6    949.8
     1     1    19     4    29    10     0     2  -146.0   46.376  175.249    450.6    946.1
     1     1    19     4    29     9     0     3  -147.0   46.314  174.134    467.3    942.8
     1     1    19     4    29     8     0     2  -148.0   46.312  172.985    474.3    941.0
     1     1    19     4    29     7     0     1  -149.0   46.370  171.815    484.2    938.6
     1     1    19     4    29     6     0     0  -150.0   46.515  170.629    497.3    935.9
     1     1    19     4    29     5     0     1  -151.0   46.740  169.456    511.7    932.7
     1     1    19     4    29     4     0     2  -152.0   47.049  168.310    525.7    929.8
     1     1    19     4    29     3     0     3  -153.0   47.460  167.214    533.3    928.0
     1     1    19     4    29     2     0     2  -154.0   47.972  166.224    535.6    926.6
     1     1    19     4    29     1     0     1  -155.0   48.576  165.392    540.7    925.2
     1     1    19     4    29     0     0     0  -156.0   49.252  164.737    548.0    924.3
     1     1    19     4    28    23     0     1  -157.0   49.953  164.265    564.0    922.9
     1     1    19     4    28    22     0     2  -158.0   50.661  163.986    576.3    921.4
     1     1    19     4    28    21     0     3  -159.0   51.367  163.899    588.6    921.6
     1     1    19     4    28    20     0     2  -160.0   52.039  163.991    616.9    919.8
     1     1    19     4    28    19     0     1  -161.0   52.658  164.202    641.3    914.4
     1     1    19     4    28    18     0     0  -162.0   53.222  164.472    645.3    917.3
     1     1    19     4    28    17     0     1  -163.0   53.738  164.766    644.2    918.0
     1     1    19     4    28    16     0     2  -164.0   54.226  165.056    639.1    920.4
     1     1    19     4    28    15     0     3  -165.0   54.695  165.330    655.7    920.5
     1     1    19     4    28    14     0     2  -166.0   55.145  165.593    728.2    912.5
     1     1    19     4    28    13     0     1  -167.0   55.568  165.855    836.7    897.3
     1     1    19     4    28    12     0     0  -168.0   55.954  166.103    914.6    888.1
