     7     1
    GDAS    18    12     1     0     0
    GDAS    19     1     1     0     0
    GDAS    19     2     1     0     0
    GDAS    19     3     1     0     0
    GDAS    19     4     1     0     0
    GDAS    19     5     1     0     0
    GDAS    19     6     1     0     0
     1 BACKWARD OMEGA   
    19     1     6    12   21.319 -157.670    10.0
     1 PRESSURE
     1     1    19     1     6    12     0     0     0.0   21.319 -157.670     10.0   1015.4
     1     1    19     1     6    11     0     1    -1.0   21.283 -157.636      9.4   1015.2
     1     1    19     1     6    10     0     2    -2.0   21.248 -157.581      8.7   1014.8
     1     1    19     1     6     9     0     3    -3.0   21.214 -157.504      8.2   1014.3
     1     1    19     1     6     8     0     2    -4.0   21.186 -157.421      7.8   1013.7
     1     1    19     1     6     7     0     1    -5.0   21.163 -157.345      7.6   1013.1
     1     1    19     1     6     6     0     0    -6.0   21.146 -157.281      7.5   1012.7
     1     1    19     1     6     5     0     1    -7.0   21.135 -157.217      7.2   1012.2
     1     1    19     1     6     4     0     2    -8.0   21.130 -157.140      6.3   1011.7
     1     1    19     1     6     3     0     3    -9.0   21.128 -157.050      4.5   1011.1
     1     1    19     1     6     2     0     2   -10.0   21.129 -156.949      2.8   1011.2
     1     1    19     1     6     1     0     1   -11.0   21.132 -156.830      2.0   1012.0
     1     1    19     1     6     0     0     0   -12.0   21.128 -156.687      2.1   1013.1
     1     1    19     1     5    23     0     1   -13.0   21.113 -156.506      3.0   1014.9
     1     1    19     1     5    22     0     2   -14.0   21.080 -156.278      4.2   1017.6
     1     1    19     1     5    21     0     3   -15.0   21.025 -156.013      4.0   1021.5
     1     1    19     1     5    20     0     2   -16.0   20.964 -155.738      2.8   1020.7
     1     1    19     1     5    19     0     1   -17.0   20.921 -155.475      2.1   1019.6
     1     1    19     1     5    18     0     0   -18.0   20.894 -155.218      1.9   1018.7
     1     1    19     1     5    17     0     1   -19.0   20.883 -154.958      2.3   1018.1
     1     1    19     1     5    16     0     2   -20.0   20.891 -154.684      2.8   1018.2
     1     1    19     1     5    15     0     3   -21.0   20.926 -154.398      3.1   1017.8
     1     1    19     1     5    14     0     2   -22.0   20.982 -154.103      3.2   1017.6
     1     1    19     1     5    13     0     1   -23.0   21.052 -153.804      3.2   1017.6
     1     1    19     1     5    12     0     0   -24.0   21.132 -153.504      3.2   1017.5
     1     1    19     1     5    11     0     1   -25.0   21.223 -153.203      3.2   1018.6
     1     1    19     1     5    10     0     2   -26.0   21.327 -152.900      3.2   1019.7
     1     1    19     1     5     9     0     3   -27.0   21.443 -152.599      3.2   1020.8
     1     1    19     1     5     8     0     2   -28.0   21.566 -152.301      3.2   1020.7
     1     1    19     1     5     7     0     1   -29.0   21.696 -152.008      3.2   1020.5
     1     1    19     1     5     6     0     0   -30.0   21.835 -151.723      3.2   1020.4
     1     1    19     1     5     5     0     1   -31.0   21.987 -151.449      3.2   1020.2
     1     1    19     1     5     4     0     2   -32.0   22.154 -151.185      3.2   1020.1
     1     1    19     1     5     3     0     3   -33.0   22.337 -150.932      3.2   1020.0
     1     1    19     1     5     2     0     2   -34.0   22.528 -150.687      3.2   1019.8
     1     1    19     1     5     1     0     1   -35.0   22.725 -150.452      3.2   1019.7
     1     1    19     1     5     0     0     0   -36.0   22.934 -150.227      3.2   1019.5
     1     1    19     1     4    23     0     1   -37.0   23.154 -150.010      3.2   1019.3
     1     1    19     1     4    22     0     2   -38.0   23.375 -149.798      3.2   1019.0
     1     1    19     1     4    21     0     3   -39.0   23.597 -149.591      3.2   1018.7
     1     1    19     1     4    20     0     2   -40.0   23.828 -149.393      3.2   1019.4
     1     1    19     1     4    19     0     1   -41.0   24.075 -149.207      3.2   1020.7
     1     1    19     1     4    18     0     0   -42.0   24.335 -149.033      3.2   1021.6
     1     1    19     1     4    17     0     1   -43.0   24.604 -148.875      3.2   1020.1
     1     1    19     1     4    16     0     2   -44.0   24.886 -148.733      3.2   1018.8
     1     1    19     1     4    15     0     3   -45.0   25.189 -148.610      3.2   1018.1
     1     1    19     1     4    14     0     2   -46.0   25.492 -148.511      3.2   1019.4
     1     1    19     1     4    13     0     1   -47.0   25.789 -148.438      3.2   1020.3
     1     1    19     1     4    12     0     0   -48.0   26.093 -148.391      3.2   1020.7
     1     1    19     1     4    11     0     1   -49.0   26.393 -148.373      3.2   1020.4
     1     1    19     1     4    10     0     2   -50.0   26.679 -148.379      3.2   1020.1
     1     1    19     1     4     9     0     3   -51.0   26.979 -148.396      3.2   1019.8
     1     1    19     1     4     8     0     2   -52.0   27.274 -148.437      3.1   1019.7
     1     1    19     1     4     7     0     1   -53.0   27.540 -148.513      2.9   1019.5
     1     1    19     1     4     6     0     0   -54.0   27.799 -148.603      2.7   1019.3
     1     1    19     1     4     5     0     1   -55.0   28.056 -148.708      2.4   1019.3
     1     1    19     1     4     4     0     2   -56.0   28.305 -148.836      1.9   1019.3
     1     1    19     1     4     3     0     3   -57.0   28.556 -148.977      1.2   1019.2
     1     1    19     1     4     2     0     2   -58.0   28.797 -149.136      0.4   1019.2
     1     1    19     1     4     1     0     1   -59.0   29.020 -149.333      0.0   1019.1
     1     1    19     1     4     0     0     0   -60.0   29.245 -149.555      0.0   1019.0
     1     1    19     1     3    23     0     1   -61.0   29.441 -149.786      0.0   1019.0
     1     1    19     1     3    22     0     2   -62.0   29.572 -150.036      0.0   1019.1
     1     1    19     1     3    21     0     3   -63.0   29.655 -150.311      0.0   1019.1
     1     1    19     1     3    20     0     2   -64.0   29.714 -150.586      0.0   1019.0
     1     1    19     1     3    19     0     1   -65.0   29.740 -150.850      0.0   1019.0
     1     1    19     1     3    18     0     0   -66.0   29.711 -151.116      0.0   1018.9
     1     1    19     1     3    17     0     1   -67.0   29.649 -151.373      0.0   1018.8
     1     1    19     1     3    16     0     2   -68.0   29.576 -151.605      0.0   1018.7
     1     1    19     1     3    15     0     3   -69.0   29.480 -151.813      0.0   1018.6
     1     1    19     1     3    14     0     2   -70.0   29.360 -151.997      0.0   1018.7
     1     1    19     1     3    13     0     1   -71.0   29.227 -152.156      0.0   1018.8
     1     1    19     1     3    12     0     0   -72.0   29.082 -152.289      0.0   1018.8
     1     1    19     1     3    11     0     1   -73.0   28.935 -152.397      0.0   1018.9
     1     1    19     1     3    10     0     2   -74.0   28.793 -152.479      0.0   1019.1
     1     1    19     1     3     9     0     3   -75.0   28.654 -152.535      0.0   1019.2
     1     1    19     1     3     8     0     2   -76.0   28.519 -152.571      0.0   1019.2
     1     1    19     1     3     7     0     1   -77.0   28.388 -152.596      0.0   1019.2
     1     1    19     1     3     6     0     0   -78.0   28.262 -152.613      0.1   1019.2
     1     1    19     1     3     5     0     1   -79.0   28.142 -152.616      0.2   1019.2
     1     1    19     1     3     4     0     2   -80.0   28.027 -152.604      0.3   1019.2
     1     1    19     1     3     3     0     3   -81.0   27.914 -152.575      0.3   1019.2
     1     1    19     1     3     2     0     2   -82.0   27.803 -152.537      0.4   1019.2
     1     1    19     1     3     1     0     1   -83.0   27.691 -152.492      0.7   1019.2
     1     1    19     1     3     0     0     0   -84.0   27.576 -152.441      1.0   1019.2
     1     1    19     1     2    23     0     1   -85.0   27.460 -152.378      1.3   1019.6
     1     1    19     1     2    22     0     2   -86.0   27.342 -152.296      1.4   1019.9
     1     1    19     1     2    21     0     3   -87.0   27.224 -152.197      1.5   1020.0
     1     1    19     1     2    20     0     2   -88.0   27.104 -152.083      1.5   1020.6
     1     1    19     1     2    19     0     1   -89.0   26.981 -151.954      1.5   1021.6
     1     1    19     1     2    18     0     0   -90.0   26.857 -151.810      1.5   1022.4
     1     1    19     1     2    17     0     1   -91.0   26.740 -151.647      1.5   1021.1
     1     1    19     1     2    16     0     2   -92.0   26.635 -151.468      1.5   1020.0
     1     1    19     1     2    15     0     3   -93.0   26.543 -151.275      1.5   1019.0
     1     1    19     1     2    14     0     2   -94.0   26.462 -151.071      1.5   1020.2
     1     1    19     1     2    13     0     1   -95.0   26.389 -150.858      1.5   1021.5
     1     1    19     1     2    12     0     0   -96.0   26.322 -150.634      1.5   1022.7
     1     1    19     1     2    11     0     1   -97.0   26.258 -150.401      1.5   1022.8
     1     1    19     1     2    10     0     2   -98.0   26.196 -150.157      1.5   1022.9
     1     1    19     1     2     9     0     3   -99.0   26.135 -149.905      1.5   1023.0
     1     1    19     1     2     8     0     2  -100.0   26.078 -149.641      1.5   1023.1
     1     1    19     1     2     7     0     1  -101.0   26.031 -149.365      1.5   1023.2
     1     1    19     1     2     6     0     0  -102.0   25.995 -149.075      1.5   1023.3
     1     1    19     1     2     5     0     1  -103.0   25.969 -148.780      1.5   1022.1
     1     1    19     1     2     4     0     2  -104.0   25.953 -148.491      1.5   1021.0
     1     1    19     1     2     3     0     3  -105.0   25.943 -148.205      1.5   1019.9
     1     1    19     1     2     2     0     2  -106.0   25.935 -147.917      1.3   1020.2
     1     1    19     1     2     1     0     1  -107.0   25.925 -147.620      0.9   1020.4
     1     1    19     1     2     0     0     0  -108.0   25.918 -147.313      0.5   1020.7
     1     1    19     1     1    23     0     1  -109.0   25.913 -147.000      0.4   1021.0
     1     1    19     1     1    22     0     2  -110.0   25.912 -146.684      0.4   1021.2
     1     1    19     1     1    21     0     3  -111.0   25.916 -146.373      0.4   1021.5
     1     1    19     1     1    20     0     2  -112.0   25.924 -146.061      0.5   1021.7
     1     1    19     1     1    19     0     1  -113.0   25.937 -145.739      0.9   1021.9
     1     1    19     1     1    18     0     0  -114.0   25.954 -145.402      1.5   1022.0
     1     1    19     1     1    17     0     1  -115.0   25.978 -145.055      2.3   1022.2
     1     1    19     1     1    16     0     2  -116.0   26.009 -144.712      3.1   1022.5
     1     1    19     1     1    15     0     3  -117.0   26.048 -144.383      3.6   1022.7
     1     1    19     1     1    14     0     2  -118.0   26.093 -144.064      3.8   1022.9
     1     1    19     1     1    13     0     1  -119.0   26.139 -143.739      3.9   1022.6
     1     1    19     1     1    12     0     0  -120.0   26.183 -143.402      3.9   1021.6
     1     1    19     1     1    11     0     1  -121.0   26.228 -143.057      3.9   1020.9
     1     1    19     1     1    10     0     2  -122.0   26.278 -142.714      3.9   1021.5
     1     1    19     1     1     9     0     3  -123.0   26.335 -142.376      3.9   1021.8
     1     1    19     1     1     8     0     2  -124.0   26.399 -142.046      3.9   1021.8
     1     1    19     1     1     7     0     1  -125.0   26.470 -141.718      3.9   1021.7
     1     1    19     1     1     6     0     0  -126.0   26.546 -141.392      3.9   1021.3
     1     1    19     1     1     5     0     1  -127.0   26.627 -141.068      3.9   1021.5
     1     1    19     1     1     4     0     2  -128.0   26.711 -140.746      3.9   1021.6
     1     1    19     1     1     3     0     3  -129.0   26.798 -140.430      3.9   1021.7
     1     1    19     1     1     2     0     2  -130.0   26.887 -140.119      3.9   1021.9
     1     1    19     1     1     1     0     1  -131.0   26.976 -139.817      3.9   1022.4
     1     1    19     1     1     0     0     0  -132.0   27.067 -139.526      4.3   1022.8
     1     1    18    12    31    23     0     1  -133.0   27.155 -139.243      4.8   1023.0
     1     1    18    12    31    22     0     2  -134.0   27.232 -138.968      5.1   1023.2
     1     1    18    12    31    21     0     3  -135.0   27.298 -138.702      5.3   1023.5
     1     1    18    12    31    20     0     2  -136.0   27.359 -138.435      5.3   1023.7
     1     1    18    12    31    19     0     1  -137.0   27.422 -138.159      5.5   1024.0
     1     1    18    12    31    18     0     0  -138.0   27.485 -137.875      5.9   1024.2
     1     1    18    12    31    17     0     1  -139.0   27.548 -137.590      6.4   1024.4
     1     1    18    12    31    16     0     2  -140.0   27.612 -137.309      6.7   1024.6
     1     1    18    12    31    15     0     3  -141.0   27.680 -137.032      6.9   1024.9
     1     1    18    12    31    14     0     2  -142.0   27.754 -136.756      6.9   1025.0
     1     1    18    12    31    13     0     1  -143.0   27.836 -136.482      7.0   1025.2
     1     1    18    12    31    12     0     0  -144.0   27.924 -136.210      7.4   1025.4
     1     1    18    12    31    11     0     1  -145.0   28.018 -135.939      7.9   1025.4
     1     1    18    12    31    10     0     2  -146.0   28.113 -135.672      8.2   1025.5
     1     1    18    12    31     9     0     3  -147.0   28.207 -135.406      8.4   1025.5
     1     1    18    12    31     8     0     2  -148.0   28.305 -135.147      8.3   1025.6
     1     1    18    12    31     7     0     1  -149.0   28.411 -134.897      8.2   1025.7
     1     1    18    12    31     6     0     0  -150.0   28.527 -134.655      7.9   1025.8
     1     1    18    12    31     5     0     1  -151.0   28.643 -134.415      7.5   1025.8
     1     1    18    12    31     4     0     2  -152.0   28.750 -134.176      7.0   1025.8
     1     1    18    12    31     3     0     3  -153.0   28.845 -133.937      6.4   1025.8
     1     1    18    12    31     2     0     2  -154.0   28.936 -133.697      5.8   1025.8
     1     1    18    12    31     1     0     1  -155.0   29.028 -133.456      5.6   1025.9
     1     1    18    12    31     0     0     0  -156.0   29.121 -133.219      5.5   1025.9
     1     1    18    12    30    23     0     1  -157.0   29.214 -132.986      5.4   1025.9
     1     1    18    12    30    22     0     2  -158.0   29.304 -132.757      5.0   1025.8
     1     1    18    12    30    21     0     3  -159.0   29.392 -132.532      4.4   1025.8
     1     1    18    12    30    20     0     2  -160.0   29.482 -132.307      3.7   1026.4
     1     1    18    12    30    19     0     1  -161.0   29.578 -132.077      3.3   1027.2
     1     1    18    12    30    18     0     0  -162.0   29.678 -131.845      3.2   1028.3
     1     1    18    12    30    17     0     1  -163.0   29.785 -131.608      3.2   1028.2
     1     1    18    12    30    16     0     2  -164.0   29.902 -131.361      3.2   1027.5
     1     1    18    12    30    15     0     3  -165.0   30.029 -131.102      3.2   1026.0
     1     1    18    12    30    14     0     2  -166.0   30.165 -130.841      3.2   1027.1
     1     1    18    12    30    13     0     1  -167.0   30.310 -130.594      3.2   1028.4
     1     1    18    12    30    12     0     0  -168.0   30.461 -130.363      3.2   1029.2
