     7     1
    GDAS    18    12     1     0     0
    GDAS    19     1     1     0     0
    GDAS    19     2     1     0     0
    GDAS    19     3     1     0     0
    GDAS    19     4     1     0     0
    GDAS    19     5     1     0     0
    GDAS    19     6     1     0     0
     1 BACKWARD OMEGA   
    19     3    28     0   21.319 -157.670    10.0
     1 PRESSURE
     1     1    19     3    28     0     0     0     0.0   21.319 -157.670     10.0   1009.3
     1     1    19     3    27    23     0     1    -1.0   21.281 -157.764      8.1   1010.9
     1     1    19     3    27    22     0     2    -2.0   21.234 -157.820      6.9   1012.3
     1     1    19     3    27    21     0     3    -3.0   21.181 -157.837      5.5   1013.5
     1     1    19     3    27    20     0     2    -4.0   21.128 -157.821      4.0   1013.2
     1     1    19     3    27    19     0     1    -5.0   21.079 -157.778      2.4   1012.8
     1     1    19     3    27    18     0     0    -6.0   21.036 -157.708      0.7   1012.1
     1     1    19     3    27    17     0     1    -7.0   21.014 -157.618      0.0   1011.4
     1     1    19     3    27    16     0     2    -8.0   21.025 -157.518      0.0   1010.7
     1     1    19     3    27    15     0     3    -9.0   21.061 -157.403      0.0   1010.0
     1     1    19     3    27    14     0     2   -10.0   21.107 -157.284      0.1   1009.4
     1     1    19     3    27    13     0     1   -11.0   21.151 -157.170      0.2   1009.0
     1     1    19     3    27    12     0     0   -12.0   21.195 -157.063      0.3   1008.7
     1     1    19     3    27    11     0     1   -13.0   21.236 -156.948      0.7   1009.3
     1     1    19     3    27    10     0     2   -14.0   21.269 -156.811      1.7   1011.0
     1     1    19     3    27     9     0     3   -15.0   21.293 -156.652      3.3   1012.6
     1     1    19     3    27     8     0     2   -16.0   21.314 -156.484      5.3   1014.1
     1     1    19     3    27     7     0     1   -17.0   21.338 -156.321      7.4   1015.5
     1     1    19     3    27     6     0     0   -18.0   21.364 -156.163      9.2   1016.8
     1     1    19     3    27     5     0     1   -19.0   21.385 -156.007     10.6   1017.1
     1     1    19     3    27     4     0     2   -20.0   21.399 -155.842     11.8   1016.2
     1     1    19     3    27     3     0     3   -21.0   21.412 -155.668     13.2   1015.5
     1     1    19     3    27     2     0     2   -22.0   21.432 -155.486     14.6   1015.4
     1     1    19     3    27     1     0     1   -23.0   21.466 -155.296     15.7   1015.4
     1     1    19     3    27     0     0     0   -24.0   21.518 -155.095     16.7   1015.4
     1     1    19     3    26    23     0     1   -25.0   21.576 -154.890     17.5   1015.7
     1     1    19     3    26    22     0     2   -26.0   21.630 -154.689     17.8   1016.0
     1     1    19     3    26    21     0     3   -27.0   21.681 -154.493     17.4   1016.5
     1     1    19     3    26    20     0     2   -28.0   21.736 -154.300     16.7   1016.8
     1     1    19     3    26    19     0     1   -29.0   21.799 -154.105     16.1   1017.0
     1     1    19     3    26    18     0     0   -30.0   21.867 -153.905     15.9   1017.2
     1     1    19     3    26    17     0     1   -31.0   21.941 -153.700     15.9   1017.1
     1     1    19     3    26    16     0     2   -32.0   22.024 -153.494     15.9   1017.1
     1     1    19     3    26    15     0     3   -33.0   22.119 -153.290     15.9   1017.1
     1     1    19     3    26    14     0     2   -34.0   22.217 -153.087     15.8   1017.2
     1     1    19     3    26    13     0     1   -35.0   22.311 -152.881     15.8   1017.3
     1     1    19     3    26    12     0     0   -36.0   22.404 -152.671     15.8   1017.4
     1     1    19     3    26    11     0     1   -37.0   22.497 -152.456     15.8   1017.6
     1     1    19     3    26    10     0     2   -38.0   22.593 -152.232     15.8   1017.8
     1     1    19     3    26     9     0     3   -39.0   22.690 -152.000     15.8   1018.0
     1     1    19     3    26     8     0     2   -40.0   22.791 -151.764     15.8   1018.0
     1     1    19     3    26     7     0     1   -41.0   22.897 -151.530     15.8   1018.0
     1     1    19     3    26     6     0     0   -42.0   23.012 -151.298     15.8   1018.1
     1     1    19     3    26     5     0     1   -43.0   23.132 -151.074     15.8   1018.1
     1     1    19     3    26     4     0     2   -44.0   23.254 -150.858     15.8   1018.2
     1     1    19     3    26     3     0     3   -45.0   23.380 -150.650     15.8   1018.2
     1     1    19     3    26     2     0     2   -46.0   23.510 -150.449     15.8   1018.0
     1     1    19     3    26     1     0     1   -47.0   23.644 -150.256     15.8   1018.0
     1     1    19     3    26     0     0     0   -48.0   23.779 -150.071     15.8   1018.4
     1     1    19     3    25    23     0     1   -49.0   23.908 -149.890     15.8   1019.2
     1     1    19     3    25    22     0     2   -50.0   24.027 -149.708     15.8   1019.7
     1     1    19     3    25    21     0     3   -51.0   24.138 -149.525     15.8   1019.9
     1     1    19     3    25    20     0     2   -52.0   24.251 -149.340     15.8   1020.2
     1     1    19     3    25    19     0     1   -53.0   24.375 -149.153     15.8   1020.5
     1     1    19     3    25    18     0     0   -54.0   24.509 -148.966     15.8   1020.8
     1     1    19     3    25    17     0     1   -55.0   24.650 -148.782     15.5   1020.4
     1     1    19     3    25    16     0     2   -56.0   24.794 -148.604     14.6   1020.2
     1     1    19     3    25    15     0     3   -57.0   24.943 -148.429     13.4   1019.7
     1     1    19     3    25    14     0     2   -58.0   25.104 -148.259     12.3   1019.6
     1     1    19     3    25    13     0     1   -59.0   25.279 -148.095     11.8   1019.6
     1     1    19     3    25    12     0     0   -60.0   25.466 -147.940     11.6   1019.5
     1     1    19     3    25    11     0     1   -61.0   25.658 -147.796     11.6   1019.9
     1     1    19     3    25    10     0     2   -62.0   25.854 -147.663     11.6   1020.4
     1     1    19     3    25     9     0     3   -63.0   26.051 -147.538     11.6   1020.8
     1     1    19     3    25     8     0     2   -64.0   26.255 -147.429     11.6   1021.0
     1     1    19     3    25     7     0     1   -65.0   26.471 -147.339     11.6   1021.2
     1     1    19     3    25     6     0     0   -66.0   26.695 -147.264     11.6   1021.4
     1     1    19     3    25     5     0     1   -67.0   26.922 -147.205     11.6   1021.7
     1     1    19     3    25     4     0     2   -68.0   27.144 -147.162     11.6   1022.0
     1     1    19     3    25     3     0     3   -69.0   27.366 -147.136     11.6   1022.3
     1     1    19     3    25     2     0     2   -70.0   27.593 -147.124     11.6   1022.6
     1     1    19     3    25     1     0     1   -71.0   27.826 -147.128     11.6   1022.9
     1     1    19     3    25     0     0     0   -72.0   28.059 -147.148     11.6   1023.3
     1     1    19     3    24    23     0     1   -73.0   28.291 -147.182     11.6   1023.3
     1     1    19     3    24    22     0     2   -74.0   28.521 -147.228     11.6   1023.4
     1     1    19     3    24    21     0     3   -75.0   28.751 -147.285     11.6   1023.5
     1     1    19     3    24    20     0     2   -76.0   28.986 -147.352     11.6   1023.7
     1     1    19     3    24    19     0     1   -77.0   29.230 -147.433     11.6   1023.8
     1     1    19     3    24    18     0     0   -78.0   29.483 -147.531     11.6   1024.0
     1     1    19     3    24    17     0     1   -79.0   29.739 -147.643     11.6   1022.9
     1     1    19     3    24    16     0     2   -80.0   29.990 -147.766     11.6   1021.7
     1     1    19     3    24    15     0     3   -81.0   30.235 -147.900     11.6   1020.6
     1     1    19     3    24    14     0     2   -82.0   30.478 -148.047     11.6   1020.9
     1     1    19     3    24    13     0     1   -83.0   30.725 -148.204     11.6   1021.2
     1     1    19     3    24    12     0     0   -84.0   30.974 -148.369     11.6   1021.1
     1     1    19     3    24    11     0     1   -85.0   31.228 -148.542     11.6   1021.7
     1     1    19     3    24    10     0     2   -86.0   31.492 -148.727     11.6   1022.7
     1     1    19     3    24     9     0     3   -87.0   31.763 -148.919     11.6   1024.2
     1     1    19     3    24     8     0     2   -88.0   32.033 -149.125     11.6   1023.3
     1     1    19     3    24     7     0     1   -89.0   32.300 -149.362     11.6   1022.8
     1     1    19     3    24     6     0     0   -90.0   32.569 -149.627     11.6   1022.9
     1     1    19     3    24     5     0     1   -91.0   32.832 -149.911     11.6   1022.8
     1     1    19     3    24     4     0     2   -92.0   33.086 -150.207     11.6   1021.8
     1     1    19     3    24     3     0     3   -93.0   33.336 -150.516     11.6   1021.9
     1     1    19     3    24     2     0     2   -94.0   33.578 -150.831     11.8   1022.3
     1     1    19     3    24     1     0     1   -95.0   33.804 -151.149     12.3   1021.7
     1     1    19     3    24     0     0     0   -96.0   34.012 -151.477     13.6   1021.1
     1     1    19     3    23    23     0     1   -97.0   34.216 -151.805     14.9   1022.0
     1     1    19     3    23    22     0     2   -98.0   34.431 -152.124     15.7   1022.1
     1     1    19     3    23    21     0     3   -99.0   34.653 -152.439     16.4   1021.9
     1     1    19     3    23    20     0     2  -100.0   34.888 -152.762     17.9   1021.4
     1     1    19     3    23    19     0     1  -101.0   35.140 -153.097     20.4   1020.6
     1     1    19     3    23    18     0     0  -102.0   35.405 -153.441     22.9   1019.9
     1     1    19     3    23    17     0     1  -103.0   35.672 -153.799     24.5   1019.1
     1     1    19     3    23    16     0     2  -104.0   35.935 -154.179     25.4   1018.9
     1     1    19     3    23    15     0     3  -105.0   36.200 -154.580     26.8   1018.3
     1     1    19     3    23    14     0     2  -106.0   36.462 -154.990     28.7   1017.4
     1     1    19     3    23    13     0     1  -107.0   36.714 -155.405     29.7   1016.6
     1     1    19     3    23    12     0     0  -108.0   36.965 -155.830     29.9   1016.7
     1     1    19     3    23    11     0     1  -109.0   37.220 -156.266     29.9   1016.5
     1     1    19     3    23    10     0     2  -110.0   37.474 -156.712     29.9   1016.3
     1     1    19     3    23     9     0     3  -111.0   37.719 -157.164     29.9   1016.5
     1     1    19     3    23     8     0     2  -112.0   37.964 -157.625     31.0   1015.8
     1     1    19     3    23     7     0     1  -113.0   38.217 -158.099     34.1   1014.8
     1     1    19     3    23     6     0     0  -114.0   38.473 -158.588     36.9   1013.2
     1     1    19     3    23     5     0     1  -115.0   38.728 -159.098     37.9   1012.1
     1     1    19     3    23     4     0     2  -116.0   38.980 -159.632     39.7   1011.9
     1     1    19     3    23     3     0     3  -117.0   39.231 -160.186     45.2   1010.5
     1     1    19     3    23     2     0     2  -118.0   39.482 -160.749     51.5   1009.3
     1     1    19     3    23     1     0     1  -119.0   39.724 -161.315     55.1   1008.9
     1     1    19     3    23     0     0     0  -120.0   39.946 -161.893     56.2   1008.5
     1     1    19     3    22    23     0     1  -121.0   40.169 -162.460     56.3   1008.2
     1     1    19     3    22    22     0     2  -122.0   40.411 -162.993     56.4   1007.7
     1     1    19     3    22    21     0     3  -123.0   40.655 -163.495     56.4   1007.4
     1     1    19     3    22    20     0     2  -124.0   40.909 -163.983     56.5   1007.0
     1     1    19     3    22    19     0     1  -125.0   41.188 -164.478     56.6   1005.7
     1     1    19     3    22    18     0     0  -126.0   41.486 -164.990     56.7   1004.7
     1     1    19     3    22    17     0     1  -127.0   41.791 -165.517     56.9   1003.5
     1     1    19     3    22    16     0     2  -128.0   42.102 -166.028     57.1   1002.0
     1     1    19     3    22    15     0     3  -129.0   42.423 -166.518     57.4   1000.8
     1     1    19     3    22    14     0     2  -130.0   42.737 -167.010     57.6   1000.0
     1     1    19     3    22    13     0     1  -131.0   43.043 -167.478     57.9    999.2
     1     1    19     3    22    12     0     0  -132.0   43.347 -167.914     58.4    998.5
     1     1    19     3    22    11     0     1  -133.0   43.634 -168.341     59.4    997.8
     1     1    19     3    22    10     0     2  -134.0   43.903 -168.712     61.5    997.0
     1     1    19     3    22     9     0     3  -135.0   44.165 -168.989     64.6    995.9
     1     1    19     3    22     8     0     2  -136.0   44.422 -169.226     66.9    994.2
     1     1    19     3    22     7     0     1  -137.0   44.674 -169.469     68.4    993.2
     1     1    19     3    22     6     0     0  -138.0   44.916 -169.703     73.1    992.1
     1     1    19     3    22     5     0     1  -139.0   45.145 -169.874     81.4    990.5
     1     1    19     3    22     4     0     2  -140.0   45.362 -169.955     91.6    988.5
     1     1    19     3    22     3     0     3  -141.0   45.559 -169.978    104.1    986.6
     1     1    19     3    22     2     0     2  -142.0   45.714 -170.023    115.7    985.3
     1     1    19     3    22     1     0     1  -143.0   45.813 -170.126    121.6    985.1
     1     1    19     3    22     0     0     0  -144.0   45.862 -170.258    121.2    985.6
     1     1    19     3    21    23     0     1  -145.0   45.886 -170.417    119.1    987.2
     1     1    19     3    21    22     0     2  -146.0   45.911 -170.611    119.7    987.9
     1     1    19     3    21    21     0     3  -147.0   45.934 -170.830    121.4    988.4
     1     1    19     3    21    20     0     2  -148.0   45.961 -171.095    123.7    989.0
     1     1    19     3    21    19     0     1  -149.0   45.996 -171.426    127.9    989.6
     1     1    19     3    21    18     0     0  -150.0   46.036 -171.815    135.4    989.8
     1     1    19     3    21    17     0     1  -151.0   46.083 -172.230    143.4    988.7
     1     1    19     3    21    16     0     2  -152.0   46.137 -172.656    148.6    988.3
     1     1    19     3    21    15     0     3  -153.0   46.195 -173.104    150.9    988.5
     1     1    19     3    21    14     0     2  -154.0   46.256 -173.557    153.0    988.8
     1     1    19     3    21    13     0     1  -155.0   46.326 -174.001    155.9    988.7
     1     1    19     3    21    12     0     0  -156.0   46.401 -174.445    157.3    988.8
     1     1    19     3    21    11     0     1  -157.0   46.481 -174.880    158.7    989.3
     1     1    19     3    21    10     0     2  -158.0   46.574 -175.299    162.9    989.0
     1     1    19     3    21     9     0     3  -159.0   46.679 -175.707    169.8    988.3
     1     1    19     3    21     8     0     2  -160.0   46.793 -176.106    179.5    987.0
     1     1    19     3    21     7     0     1  -161.0   46.911 -176.501    191.4    985.5
     1     1    19     3    21     6     0     0  -162.0   47.032 -176.892    205.0    984.0
     1     1    19     3    21     5     0     1  -163.0   47.158 -177.282    219.1    981.7
     1     1    19     3    21     4     0     2  -164.0   47.295 -177.671    232.6    979.8
     1     1    19     3    21     3     0     3  -165.0   47.442 -178.058    247.2    978.1
     1     1    19     3    21     2     0     2  -166.0   47.593 -178.430    260.4    976.3
     1     1    19     3    21     1     0     1  -167.0   47.741 -178.776    268.8    975.3
     1     1    19     3    21     0     0     0  -168.0   47.889 -179.097    272.5    974.9
