     7     1
    GDAS    19     6     1     0     0
    GDAS    19     7     1     0     0
    GDAS    19     8     1     0     0
    GDAS    19     9     1     0     0
    GDAS    19    10     1     0     0
    GDAS    19    11     1     0     0
    GDAS    19    12     1     0     0
     1 BACKWARD OMEGA   
    19     8     4     0   21.319 -157.670    10.0
     1 PRESSURE
     1     1    19     8     4     0     0     0     0.0   21.319 -157.670     10.0   1011.5
     1     1    19     8     3    23     0     1    -1.0   21.295 -157.510     14.2   1009.8
     1     1    19     8     3    22     0     2    -2.0   21.278 -157.362     16.7   1008.4
     1     1    19     8     3    21     0     3    -3.0   21.256 -157.230     13.3   1008.3
     1     1    19     8     3    20     0     2    -4.0   21.239 -157.104     14.9   1009.1
     1     1    19     8     3    19     0     1    -5.0   21.236 -156.957     44.7   1004.9
     1     1    19     8     3    18     0     0    -6.0   21.233 -156.754    120.2    995.6
     1     1    19     8     3    17     0     1    -7.0   21.200 -156.492    187.8    986.9
     1     1    19     8     3    16     0     2    -8.0   21.125 -156.188    231.5    984.7
     1     1    19     8     3    15     0     3    -9.0   21.007 -155.852    258.3    984.2
     1     1    19     8     3    14     0     2   -10.0   20.879 -155.517    282.6    981.7
     1     1    19     8     3    13     0     1   -11.0   20.763 -155.203    302.6    978.5
     1     1    19     8     3    12     0     0   -12.0   20.646 -154.897    310.7    977.3
     1     1    19     8     3    11     0     1   -13.0   20.518 -154.584    309.6    978.6
     1     1    19     8     3    10     0     2   -14.0   20.385 -154.256    300.6    980.0
     1     1    19     8     3     9     0     3   -15.0   20.265 -153.910    285.5    983.2
     1     1    19     8     3     8     0     2   -16.0   20.175 -153.560    284.4    985.2
     1     1    19     8     3     7     0     1   -17.0   20.126 -153.214    308.9    981.5
     1     1    19     8     3     6     0     0   -18.0   20.111 -152.875    352.3    976.1
     1     1    19     8     3     5     0     1   -19.0   20.117 -152.548    393.0    969.4
     1     1    19     8     3     4     0     2   -20.0   20.136 -152.235    408.9    967.2
     1     1    19     8     3     3     0     3   -21.0   20.161 -151.932    399.6    967.8
     1     1    19     8     3     2     0     2   -22.0   20.189 -151.624    387.3    971.3
     1     1    19     8     3     1     0     1   -23.0   20.217 -151.302    385.7    971.1
     1     1    19     8     3     0     0     0   -24.0   20.244 -150.972    383.7    971.0
     1     1    19     8     2    23     0     1   -25.0   20.269 -150.634    385.0    972.0
     1     1    19     8     2    22     0     2   -26.0   20.296 -150.292    386.7    970.8
     1     1    19     8     2    21     0     3   -27.0   20.326 -149.955    369.8    972.2
     1     1    19     8     2    20     0     2   -28.0   20.358 -149.619    349.3    976.8
     1     1    19     8     2    19     0     1   -29.0   20.391 -149.277    332.7    977.4
     1     1    19     8     2    18     0     0   -30.0   20.432 -148.936    303.6    980.3
     1     1    19     8     2    17     0     1   -31.0   20.477 -148.594    282.2    985.2
     1     1    19     8     2    16     0     2   -32.0   20.520 -148.250    278.2    983.4
     1     1    19     8     2    15     0     3   -33.0   20.561 -147.911    272.3    982.7
     1     1    19     8     2    14     0     2   -34.0   20.599 -147.581    268.1    984.6
     1     1    19     8     2    13     0     1   -35.0   20.631 -147.253    269.7    983.8
     1     1    19     8     2    12     0     0   -36.0   20.651 -146.920    268.0    983.5
     1     1    19     8     2    11     0     1   -37.0   20.673 -146.578    263.8    985.0
     1     1    19     8     2    10     0     2   -38.0   20.705 -146.228    258.5    985.7
     1     1    19     8     2     9     0     3   -39.0   20.746 -145.871    246.9    987.1
     1     1    19     8     2     8     0     2   -40.0   20.794 -145.509    234.0    989.4
     1     1    19     8     2     7     0     1   -41.0   20.849 -145.152    227.8    990.3
     1     1    19     8     2     6     0     0   -42.0   20.915 -144.813    229.1    990.5
     1     1    19     8     2     5     0     1   -43.0   20.993 -144.490    238.2    989.1
     1     1    19     8     2     4     0     2   -44.0   21.078 -144.171    256.9    986.8
     1     1    19     8     2     3     0     3   -45.0   21.163 -143.855    284.1    982.9
     1     1    19     8     2     2     0     2   -46.0   21.243 -143.537    310.6    979.2
     1     1    19     8     2     1     0     1   -47.0   21.316 -143.212    331.3    977.0
     1     1    19     8     2     0     0     0   -48.0   21.379 -142.877    348.0    975.3
     1     1    19     8     1    23     0     1   -49.0   21.436 -142.532    358.0    974.2
     1     1    19     8     1    22     0     2   -50.0   21.493 -142.172    359.0    974.7
     1     1    19     8     1    21     0     3   -51.0   21.554 -141.796    357.4    975.9
     1     1    19     8     1    20     0     2   -52.0   21.623 -141.424    358.8    976.0
     1     1    19     8     1    19     0     1   -53.0   21.701 -141.070    355.4    975.7
     1     1    19     8     1    18     0     0   -54.0   21.783 -140.727    338.5    977.7
     1     1    19     8     1    17     0     1   -55.0   21.863 -140.396    322.8    980.8
     1     1    19     8     1    16     0     2   -56.0   21.936 -140.072    322.5    980.1
     1     1    19     8     1    15     0     3   -57.0   21.997 -139.753    332.5    977.9
     1     1    19     8     1    14     0     2   -58.0   22.050 -139.438    347.1    976.0
     1     1    19     8     1    13     0     1   -59.0   22.100 -139.127    364.3    974.2
     1     1    19     8     1    12     0     0   -60.0   22.144 -138.815    382.7    972.1
     1     1    19     8     1    11     0     1   -61.0   22.187 -138.488    396.3    970.6
     1     1    19     8     1    10     0     2   -62.0   22.233 -138.135    402.3    970.5
     1     1    19     8     1     9     0     3   -63.0   22.281 -137.761    408.3    970.9
     1     1    19     8     1     8     0     2   -64.0   22.338 -137.386    422.1    969.8
     1     1    19     8     1     7     0     1   -65.0   22.409 -137.025    435.2    967.3
     1     1    19     8     1     6     0     0   -66.0   22.495 -136.668    435.1    967.2
     1     1    19     8     1     5     0     1   -67.0   22.596 -136.308    431.5    968.5
     1     1    19     8     1     4     0     2   -68.0   22.705 -135.948    433.7    967.5
     1     1    19     8     1     3     0     3   -69.0   22.823 -135.592    441.7    966.3
     1     1    19     8     1     2     0     2   -70.0   22.950 -135.244    458.3    964.4
     1     1    19     8     1     1     0     1   -71.0   23.083 -134.911    475.5    961.6
     1     1    19     8     1     0     0     0   -72.0   23.217 -134.590    469.8    960.4
     1     1    19     7    31    23     0     1   -73.0   23.347 -134.275    437.7    965.9
     1     1    19     7    31    22     0     2   -74.0   23.477 -133.973    404.1    971.5
     1     1    19     7    31    21     0     3   -75.0   23.613 -133.681    389.5    974.3
     1     1    19     7    31    20     0     2   -76.0   23.749 -133.387    396.0    973.2
     1     1    19     7    31    19     0     1   -77.0   23.875 -133.087    406.2    971.3
     1     1    19     7    31    18     0     0   -78.0   23.986 -132.790    409.6    971.3
     1     1    19     7    31    17     0     1   -79.0   24.088 -132.493    409.5    971.1
     1     1    19     7    31    16     0     2   -80.0   24.193 -132.185    409.3    970.6
     1     1    19     7    31    15     0     3   -81.0   24.302 -131.863    410.1    970.1
     1     1    19     7    31    14     0     2   -82.0   24.418 -131.540    412.7    969.7
     1     1    19     7    31    13     0     1   -83.0   24.547 -131.224    415.0    969.2
     1     1    19     7    31    12     0     0   -84.0   24.691 -130.911    415.9    968.9
     1     1    19     7    31    11     0     1   -85.0   24.842 -130.605    414.3    969.4
     1     1    19     7    31    10     0     2   -86.0   24.993 -130.305    407.9    970.3
     1     1    19     7    31     9     0     3   -87.0   25.145 -130.008    393.9    971.9
     1     1    19     7    31     8     0     2   -88.0   25.309 -129.705    377.5    974.3
     1     1    19     7    31     7     0     1   -89.0   25.493 -129.388    364.9    975.6
     1     1    19     7    31     6     0     0   -90.0   25.690 -129.058    355.3    976.6
     1     1    19     7    31     5     0     1   -91.0   25.896 -128.725    353.2    977.3
     1     1    19     7    31     4     0     2   -92.0   26.104 -128.397    359.8    976.2
     1     1    19     7    31     3     0     3   -93.0   26.313 -128.070    369.3    974.8
     1     1    19     7    31     2     0     2   -94.0   26.532 -127.741    373.3    973.3
     1     1    19     7    31     1     0     1   -95.0   26.767 -127.414    369.0    973.8
     1     1    19     7    31     0     0     0   -96.0   27.017 -127.091    364.3    974.7
     1     1    19     7    30    23     0     1   -97.0   27.285 -126.783    360.2    974.9
     1     1    19     7    30    22     0     2   -98.0   27.572 -126.501    358.9    976.1
     1     1    19     7    30    21     0     3   -99.0   27.878 -126.236    373.8    975.4
     1     1    19     7    30    20     0     2  -100.0   28.201 -125.984    399.6    971.4
     1     1    19     7    30    19     0     1  -101.0   28.536 -125.748    418.3    969.3
     1     1    19     7    30    18     0     0  -102.0   28.878 -125.526    428.8    968.8
     1     1    19     7    30    17     0     1  -103.0   29.229 -125.324    439.1    967.9
     1     1    19     7    30    16     0     2  -104.0   29.595 -125.147    452.4    965.8
     1     1    19     7    30    15     0     3  -105.0   29.988 -124.990    459.9    963.7
     1     1    19     7    30    14     0     2  -106.0   30.401 -124.856    460.9    964.0
     1     1    19     7    30    13     0     1  -107.0   30.822 -124.752    459.8    963.5
     1     1    19     7    30    12     0     0  -108.0   31.255 -124.681    452.1    964.0
     1     1    19     7    30    11     0     1  -109.0   31.699 -124.642    446.7    966.0
     1     1    19     7    30    10     0     2  -110.0   32.151 -124.628    449.9    965.4
     1     1    19     7    30     9     0     3  -111.0   32.605 -124.640    455.7    964.4
     1     1    19     7    30     8     0     2  -112.0   33.066 -124.674    465.3    964.1
     1     1    19     7    30     7     0     1  -113.0   33.536 -124.734    481.8    962.2
     1     1    19     7    30     6     0     0  -114.0   34.017 -124.824    493.3    960.2
     1     1    19     7    30     5     0     1  -115.0   34.503 -124.942    507.3    960.6
     1     1    19     7    30     4     0     2  -116.0   34.987 -125.082    548.0    956.7
     1     1    19     7    30     3     0     3  -117.0   35.472 -125.238    596.9    948.6
     1     1    19     7    30     2     0     2  -118.0   35.953 -125.417    626.8    945.5
     1     1    19     7    30     1     0     1  -119.0   36.425 -125.618    657.3    944.3
     1     1    19     7    30     0     0     0  -120.0   36.885 -125.843    697.8    938.5
     1     1    19     7    29    23     0     1  -121.0   37.335 -126.087    733.8    934.4
     1     1    19     7    29    22     0     2  -122.0   37.774 -126.342    782.5    931.5
     1     1    19     7    29    21     0     3  -123.0   38.198 -126.606    851.8    923.2
     1     1    19     7    29    20     0     2  -124.0   38.609 -126.868    918.2    915.0
     1     1    19     7    29    19     0     1  -125.0   39.006 -127.125    960.2    909.5
     1     1    19     7    29    18     0     0  -126.0   39.386 -127.369    987.4    909.0
     1     1    19     7    29    17     0     1  -127.0   39.751 -127.598   1032.2    905.1
     1     1    19     7    29    16     0     2  -128.0   40.111 -127.826   1097.6    897.1
     1     1    19     7    29    15     0     3  -129.0   40.468 -128.043   1154.5    889.1
     1     1    19     7    29    14     0     2  -130.0   40.810 -128.237   1200.9    885.9
     1     1    19     7    29    13     0     1  -131.0   41.135 -128.422   1258.7    880.1
     1     1    19     7    29    12     0     0  -132.0   41.451 -128.605   1323.6    872.4
     1     1    19     7    29    11     0     1  -133.0   41.751 -128.777   1385.0    866.2
     1     1    19     7    29    10     0     2  -134.0   42.025 -128.933   1445.7    861.0
     1     1    19     7    29     9     0     3  -135.0   42.278 -129.080   1514.1    855.0
     1     1    19     7    29     8     0     2  -136.0   42.519 -129.219   1578.7    846.8
     1     1    19     7    29     7     0     1  -137.0   42.747 -129.339   1625.6    842.3
     1     1    19     7    29     6     0     0  -138.0   42.961 -129.434   1656.8    839.5
     1     1    19     7    29     5     0     1  -139.0   43.166 -129.513   1675.6    837.7
     1     1    19     7    29     4     0     2  -140.0   43.366 -129.588   1685.3    836.9
     1     1    19     7    29     3     0     3  -141.0   43.562 -129.658   1689.2    836.7
     1     1    19     7    29     2     0     2  -142.0   43.745 -129.717   1697.2    836.9
     1     1    19     7    29     1     0     1  -143.0   43.911 -129.761   1716.6    835.1
     1     1    19     7    29     0     0     0  -144.0   44.059 -129.793   1744.7    832.4
     1     1    19     7    28    23     0     1  -145.0   44.201 -129.814   1772.3    829.1
     1     1    19     7    28    22     0     2  -146.0   44.347 -129.824   1794.1    827.4
     1     1    19     7    28    21     0     3  -147.0   44.499 -129.819   1817.4    825.7
     1     1    19     7    28    20     0     2  -148.0   44.654 -129.803   1847.0    823.2
     1     1    19     7    28    19     0     1  -149.0   44.812 -129.786   1878.3    819.8
     1     1    19     7    28    18     0     0  -150.0   44.974 -129.771   1900.9    817.2
     1     1    19     7    28    17     0     1  -151.0   45.140 -129.768   1909.3    816.0
     1     1    19     7    28    16     0     2  -152.0   45.308 -129.784   1906.1    816.4
     1     1    19     7    28    15     0     3  -153.0   45.479 -129.813   1895.3    817.5
     1     1    19     7    28    14     0     2  -154.0   45.643 -129.851   1887.5    819.3
     1     1    19     7    28    13     0     1  -155.0   45.789 -129.896   1890.1    819.1
     1     1    19     7    28    12     0     0  -156.0   45.917 -129.951   1901.5    818.0
     1     1    19     7    28    11     0     1  -157.0   46.035 -130.010   1910.6    816.1
     1     1    19     7    28    10     0     2  -158.0   46.152 -130.067   1909.4    816.5
     1     1    19     7    28     9     0     3  -159.0   46.270 -130.124   1902.7    817.5
     1     1    19     7    28     8     0     2  -160.0   46.389 -130.178   1902.7    818.6
     1     1    19     7    28     7     0     1  -161.0   46.508 -130.230   1917.6    817.2
     1     1    19     7    28     6     0     0  -162.0   46.626 -130.279   1946.0    814.4
     1     1    19     7    28     5     0     1  -163.0   46.742 -130.334   1977.6    810.0
     1     1    19     7    28     4     0     2  -164.0   46.859 -130.403   2000.2    807.4
     1     1    19     7    28     3     0     3  -165.0   46.978 -130.484   2011.0    806.0
     1     1    19     7    28     2     0     2  -166.0   47.093 -130.583   2016.4    806.3
     1     1    19     7    28     1     0     1  -167.0   47.199 -130.705   2024.1    805.6
     1     1    19     7    28     0     0     0  -168.0   47.296 -130.852   2035.0    804.7
