     7     1
    GDAS    19     6     1     0     0
    GDAS    19     7     1     0     0
    GDAS    19     8     1     0     0
    GDAS    19     9     1     0     0
    GDAS    19    10     1     0     0
    GDAS    19    11     1     0     0
    GDAS    19    12     1     0     0
     1 BACKWARD OMEGA   
    19    12    25    12   21.319 -157.670    10.0
     1 PRESSURE
     1     1    19    12    25    12     0     0     0.0   21.319 -157.670     10.0   1006.8
     1     1    19    12    25    11     0     1    -1.0   21.087 -157.570     10.0   1005.6
     1     1    19    12    25    10     0     2    -2.0   20.872 -157.488     10.1   1005.2
     1     1    19    12    25     9     0     3    -3.0   20.658 -157.403     10.1   1005.8
     1     1    19    12    25     8     0     2    -4.0   20.441 -157.299     10.3   1006.7
     1     1    19    12    25     7     0     1    -5.0   20.237 -157.178      9.8   1007.9
     1     1    19    12    25     6     0     0    -6.0   20.071 -157.046      7.8   1009.3
     1     1    19    12    25     5     0     1    -7.0   19.922 -156.914      5.3   1009.7
     1     1    19    12    25     4     0     2    -8.0   19.754 -156.774      4.0   1009.4
     1     1    19    12    25     3     0     3    -9.0   19.580 -156.613      4.2   1009.0
     1     1    19    12    25     2     0     2   -10.0   19.414 -156.424      5.6   1008.4
     1     1    19    12    25     1     0     1   -11.0   19.246 -156.195      8.8   1007.8
     1     1    19    12    25     0     0     0   -12.0   19.048 -155.883     18.5   1007.0
     1     1    19    12    24    23     0     1   -13.0   18.883 -155.524     39.1   1006.5
     1     1    19    12    24    22     0     2   -14.0   18.801 -155.200     55.3   1006.2
     1     1    19    12    24    21     0     3   -15.0   18.779 -154.906     61.0   1007.3
     1     1    19    12    24    20     0     2   -16.0   18.770 -154.615     63.5   1007.2
     1     1    19    12    24    19     0     1   -17.0   18.742 -154.303     69.1   1006.0
     1     1    19    12    24    18     0     0   -18.0   18.696 -153.971     78.5   1004.4
     1     1    19    12    24    17     0     1   -19.0   18.651 -153.624     88.3   1002.7
     1     1    19    12    24    16     0     2   -20.0   18.619 -153.267     94.8   1001.8
     1     1    19    12    24    15     0     3   -21.0   18.597 -152.902     97.9   1001.3
     1     1    19    12    24    14     0     2   -22.0   18.579 -152.536    102.2   1001.4
     1     1    19    12    24    13     0     1   -23.0   18.558 -152.172    108.8   1000.5
     1     1    19    12    24    12     0     0   -24.0   18.533 -151.804    112.7   1000.0
     1     1    19    12    24    11     0     1   -25.0   18.513 -151.430    115.1   1000.8
     1     1    19    12    24    10     0     2   -26.0   18.504 -151.047    118.0   1001.0
     1     1    19    12    24     9     0     3   -27.0   18.507 -150.649    117.4   1001.2
     1     1    19    12    24     8     0     2   -28.0   18.520 -150.239    113.5   1001.6
     1     1    19    12    24     7     0     1   -29.0   18.538 -149.825    112.2   1001.8
     1     1    19    12    24     6     0     0   -30.0   18.562 -149.410    114.4   1001.2
     1     1    19    12    24     5     0     1   -31.0   18.593 -148.999    117.0   1000.6
     1     1    19    12    24     4     0     2   -32.0   18.628 -148.596    120.0   1000.2
     1     1    19    12    24     3     0     3   -33.0   18.665 -148.191    124.8    999.5
     1     1    19    12    24     2     0     2   -34.0   18.700 -147.783    132.4    998.7
     1     1    19    12    24     1     0     1   -35.0   18.730 -147.377    141.8    997.3
     1     1    19    12    24     0     0     0   -36.0   18.760 -146.975    146.5    996.0
     1     1    19    12    23    23     0     1   -37.0   18.795 -146.568    150.7    997.7
     1     1    19    12    23    22     0     2   -38.0   18.838 -146.138    159.2    997.3
     1     1    19    12    23    21     0     3   -39.0   18.891 -145.685    167.0    997.4
     1     1    19    12    23    20     0     2   -40.0   18.959 -145.229    176.2    996.8
     1     1    19    12    23    19     0     1   -41.0   19.037 -144.782    186.1    995.4
     1     1    19    12    23    18     0     0   -42.0   19.122 -144.338    193.6    994.7
     1     1    19    12    23    17     0     1   -43.0   19.221 -143.900    200.8    994.0
     1     1    19    12    23    16     0     2   -44.0   19.340 -143.476    207.8    993.0
     1     1    19    12    23    15     0     3   -45.0   19.476 -143.065    215.8    992.4
     1     1    19    12    23    14     0     2   -46.0   19.622 -142.654    222.5    991.0
     1     1    19    12    23    13     0     1   -47.0   19.778 -142.233    229.1    990.8
     1     1    19    12    23    12     0     0   -48.0   19.952 -141.806    242.7    989.3
     1     1    19    12    23    11     0     1   -49.0   20.139 -141.385    257.1    987.6
     1     1    19    12    23    10     0     2   -50.0   20.331 -140.976    270.8    987.1
     1     1    19    12    23     9     0     3   -51.0   20.532 -140.579    294.9    985.2
     1     1    19    12    23     8     0     2   -52.0   20.751 -140.196    328.0    980.6
     1     1    19    12    23     7     0     1   -53.0   20.995 -139.829    365.2    977.2
     1     1    19    12    23     6     0     0   -54.0   21.264 -139.485    410.7    972.7
     1     1    19    12    23     5     0     1   -55.0   21.535 -139.168    453.0    966.3
     1     1    19    12    23     4     0     2   -56.0   21.792 -138.867    474.5    962.6
     1     1    19    12    23     3     0     3   -57.0   22.033 -138.578    467.9    962.8
     1     1    19    12    23     2     0     2   -58.0   22.276 -138.308    457.1    966.8
     1     1    19    12    23     1     0     1   -59.0   22.541 -138.062    469.1    965.6
     1     1    19    12    23     0     0     0   -60.0   22.823 -137.838    499.8    961.0
     1     1    19    12    22    23     0     1   -61.0   23.114 -137.630    534.7    956.4
     1     1    19    12    22    22     0     2   -62.0   23.420 -137.436    577.9    953.5
     1     1    19    12    22    21     0     3   -63.0   23.754 -137.261    646.9    947.1
     1     1    19    12    22    20     0     2   -64.0   24.115 -137.115    725.8    936.1
     1     1    19    12    22    19     0     1   -65.0   24.488 -137.008    803.1    928.8
     1     1    19    12    22    18     0     0   -66.0   24.866 -136.947    891.4    920.2
     1     1    19    12    22    17     0     1   -67.0   25.243 -136.918    992.7    907.8
     1     1    19    12    22    16     0     2   -68.0   25.614 -136.907   1094.1    894.9
     1     1    19    12    22    15     0     3   -69.0   25.993 -136.915   1176.4    885.0
     1     1    19    12    22    14     0     2   -70.0   26.373 -136.945   1275.0    878.9
     1     1    19    12    22    13     0     1   -71.0   26.739 -137.003   1420.6    860.7
     1     1    19    12    22    12     0     0   -72.0   27.101 -137.091   1543.8    842.9
     1     1    19    12    22    11     0     1   -73.0   27.459 -137.179   1620.6    837.2
     1     1    19    12    22    10     0     2   -74.0   27.815 -137.248   1689.3    832.2
     1     1    19    12    22     9     0     3   -75.0   28.176 -137.308   1764.4    824.4
     1     1    19    12    22     8     0     2   -76.0   28.554 -137.371   1832.6    816.3
     1     1    19    12    22     7     0     1   -77.0   28.957 -137.452   1897.6    810.8
     1     1    19    12    22     6     0     0   -78.0   29.384 -137.552   1980.2    802.5
     1     1    19    12    22     5     0     1   -79.0   29.831 -137.665   2059.2    791.7
     1     1    19    12    22     4     0     2   -80.0   30.294 -137.787   2114.0    786.6
     1     1    19    12    22     3     0     3   -81.0   30.781 -137.920   2172.0    782.4
     1     1    19    12    22     2     0     2   -82.0   31.285 -138.072   2247.4    774.0
     1     1    19    12    22     1     0     1   -83.0   31.777 -138.248   2322.6    765.4
     1     1    19    12    22     0     0     0   -84.0   32.256 -138.441   2383.3    758.5
     1     1    19    12    21    23     0     1   -85.0   32.723 -138.632   2444.5    754.9
     1     1    19    12    21    22     0     2   -86.0   33.181 -138.805   2542.6    747.2
     1     1    19    12    21    21     0     3   -87.0   33.642 -138.967   2703.1    733.4
     1     1    19    12    21    20     0     2   -88.0   34.105 -139.137   2868.7    711.3
     1     1    19    12    21    19     0     1   -89.0   34.564 -139.303   2978.8    701.3
     1     1    19    12    21    18     0     0   -90.0   35.024 -139.451   3064.3    695.4
     1     1    19    12    21    17     0     1   -91.0   35.477 -139.599   3137.6    687.2
     1     1    19    12    21    16     0     2   -92.0   35.921 -139.763   3179.7    682.4
     1     1    19    12    21    15     0     3   -93.0   36.370 -139.926   3171.7    681.6
     1     1    19    12    21    14     0     2   -94.0   36.795 -140.084   3148.1    687.6
     1     1    19    12    21    13     0     1   -95.0   37.179 -140.244   3177.0    686.2
     1     1    19    12    21    12     0     0   -96.0   37.546 -140.410   3269.8    677.1
     1     1    19    12    21    11     0     1   -97.0   37.912 -140.578   3386.2    663.2
     1     1    19    12    21    10     0     2   -98.0   38.265 -140.736   3483.0    653.5
     1     1    19    12    21     9     0     3   -99.0   38.602 -140.892   3547.7    647.0
     1     1    19    12    21     8     0     2  -100.0   38.923 -141.056   3555.3    644.3
     1     1    19    12    21     7     0     1  -101.0   39.227 -141.227   3513.3    650.1
     1     1    19    12    21     6     0     0  -102.0   39.515 -141.392   3474.7    655.3
     1     1    19    12    21     5     0     1  -103.0   39.795 -141.565   3494.1    655.5
     1     1    19    12    21     4     0     2  -104.0   40.079 -141.756   3591.3    645.6
     1     1    19    12    21     3     0     3  -105.0   40.378 -141.962   3737.1    631.2
     1     1    19    12    21     2     0     2  -106.0   40.672 -142.190   3883.8    615.7
     1     1    19    12    21     1     0     1  -107.0   40.944 -142.436   3999.9    605.5
     1     1    19    12    21     0     0     0  -108.0   41.202 -142.696   4096.9    598.0
     1     1    19    12    20    23     0     1  -109.0   41.441 -142.982   4165.9    590.5
     1     1    19    12    20    22     0     2  -110.0   41.664 -143.287   4160.3    588.6
     1     1    19    12    20    21     0     3  -111.0   41.871 -143.595   4077.9    596.8
     1     1    19    12    20    20     0     2  -112.0   42.062 -143.907   3983.3    607.7
     1     1    19    12    20    19     0     1  -113.0   42.251 -144.217   3927.7    612.4
     1     1    19    12    20    18     0     0  -114.0   42.443 -144.529   3928.6    612.6
     1     1    19    12    20    17     0     1  -115.0   42.631 -144.855   3958.6    606.5
     1     1    19    12    20    16     0     2  -116.0   42.823 -145.189   3959.4    604.1
     1     1    19    12    20    15     0     3  -117.0   43.013 -145.525   3948.7    607.5
     1     1    19    12    20    14     0     2  -118.0   43.195 -145.871   3965.4    606.0
     1     1    19    12    20    13     0     1  -119.0   43.380 -146.217   3998.2    601.6
     1     1    19    12    20    12     0     0  -120.0   43.566 -146.549   4041.4    598.7
     1     1    19    12    20    11     0     1  -121.0   43.740 -146.874   4064.6    593.1
     1     1    19    12    20    10     0     2  -122.0   43.919 -147.198   3989.6    595.9
     1     1    19    12    20     9     0     3  -123.0   44.116 -147.513   3803.5    613.3
     1     1    19    12    20     8     0     2  -124.0   44.322 -147.833   3643.8    635.0
     1     1    19    12    20     7     0     1  -125.0   44.535 -148.170   3580.2    636.8
     1     1    19    12    20     6     0     0  -126.0   44.757 -148.496   3549.0    636.7
     1     1    19    12    20     5     0     1  -127.0   44.983 -148.811   3507.5    638.5
     1     1    19    12    20     4     0     2  -128.0   45.211 -149.148   3421.3    643.7
     1     1    19    12    20     3     0     3  -129.0   45.447 -149.519   3323.7    656.1
     1     1    19    12    20     2     0     2  -130.0   45.696 -149.911   3297.3    660.8
     1     1    19    12    20     1     0     1  -131.0   45.947 -150.304   3310.0    653.8
     1     1    19    12    20     0     0     0  -132.0   46.190 -150.686   3299.6    654.1
     1     1    19    12    19    23     0     1  -133.0   46.434 -151.074   3285.8    657.2
     1     1    19    12    19    22     0     2  -134.0   46.679 -151.479   3278.4    656.7
     1     1    19    12    19    21     0     3  -135.0   46.935 -151.884   3248.0    657.8
     1     1    19    12    19    20     0     2  -136.0   47.202 -152.300   3210.2    663.7
     1     1    19    12    19    19     0     1  -137.0   47.475 -152.735   3195.3    664.4
     1     1    19    12    19    18     0     0  -138.0   47.760 -153.169   3174.9    663.5
     1     1    19    12    19    17     0     1  -139.0   48.051 -153.610   3137.2    667.6
     1     1    19    12    19    16     0     2  -140.0   48.349 -154.071   3115.6    671.1
     1     1    19    12    19    15     0     3  -141.0   48.660 -154.538   3084.5    669.4
     1     1    19    12    19    14     0     2  -142.0   48.979 -154.993   3005.6    677.1
     1     1    19    12    19    13     0     1  -143.0   49.300 -155.440   2936.0    687.4
     1     1    19    12    19    12     0     0  -144.0   49.618 -155.888   2882.2    688.6
     1     1    19    12    19    11     0     1  -145.0   49.946 -156.310   2805.7    695.4
     1     1    19    12    19    10     0     2  -146.0   50.282 -156.704   2734.1    704.5
     1     1    19    12    19     9     0     3  -147.0   50.619 -157.084   2682.9    707.6
     1     1    19    12    19     8     0     2  -148.0   50.958 -157.447   2636.3    711.4
     1     1    19    12    19     7     0     1  -149.0   51.309 -157.796   2616.6    714.8
     1     1    19    12    19     6     0     0  -150.0   51.680 -158.135   2649.3    711.6
     1     1    19    12    19     5     0     1  -151.0   52.059 -158.446   2696.9    703.0
     1     1    19    12    19     4     0     2  -152.0   52.425 -158.742   2713.5    700.7
     1     1    19    12    19     3     0     3  -153.0   52.780 -159.046   2670.0    702.4
     1     1    19    12    19     2     0     2  -154.0   53.141 -159.328   2614.6    713.7
     1     1    19    12    19     1     0     1  -155.0   53.492 -159.565   2616.7    712.7
     1     1    19    12    19     0     0     0  -156.0   53.831 -159.775   2671.2    707.6
     1     1    19    12    18    23     0     1  -157.0   54.160 -159.954   2735.0    697.2
     1     1    19    12    18    22     0     2  -158.0   54.473 -160.093   2746.8    694.1
     1     1    19    12    18    21     0     3  -159.0   54.773 -160.210   2712.7    699.1
     1     1    19    12    18    20     0     2  -160.0   55.062 -160.299   2675.1    702.8
     1     1    19    12    18    19     0     1  -161.0   55.355 -160.356   2720.3    697.4
     1     1    19    12    18    18     0     0  -162.0   55.669 -160.402   2909.5    671.9
     1     1    19    12    18    17     0     1  -163.0   55.992 -160.423   3146.3    638.6
     1     1    19    12    18    16     0     2  -164.0   56.297 -160.417   3306.6    624.1
     1     1    19    12    18    15     0     3  -165.0   56.568 -160.382   3335.7    629.6
     1     1    19    12    18    14     0     2  -166.0   56.807 -160.321   3301.5    640.3
     1     1    19    12    18    13     0     1  -167.0   57.011 -160.229   3258.3    649.7
     1     1    19    12    18    12     0     0  -168.0   57.182 -160.087   3233.6    653.6
