     7     1
    GDAS    19     6     1     0     0
    GDAS    19     7     1     0     0
    GDAS    19     8     1     0     0
    GDAS    19     9     1     0     0
    GDAS    19    10     1     0     0
    GDAS    19    11     1     0     0
    GDAS    19    12     1     0     0
     1 BACKWARD OMEGA   
    19     7     2     6   21.319 -157.670    10.0
     1 PRESSURE
     1     1    19     7     2     6     0     0     0.0   21.319 -157.670     10.0   1012.9
     1     1    19     7     2     5     0     1    -1.0   21.382 -157.468     34.4   1009.5
     1     1    19     7     2     4     0     2    -2.0   21.434 -157.257    112.2    999.8
     1     1    19     7     2     3     0     3    -3.0   21.477 -157.036    244.5    983.9
     1     1    19     7     2     2     0     2    -4.0   21.505 -156.807    399.9    964.0
     1     1    19     7     2     1     0     1    -5.0   21.511 -156.569    530.8    949.9
     1     1    19     7     2     0     0     0    -6.0   21.504 -156.330    643.4    940.4
     1     1    19     7     1    23     0     1    -7.0   21.472 -156.085    740.9    930.2
     1     1    19     7     1    22     0     2    -8.0   21.403 -155.825    813.3    923.2
     1     1    19     7     1    21     0     3    -9.0   21.310 -155.555    848.9    919.2
     1     1    19     7     1    20     0     2   -10.0   21.212 -155.275    844.3    920.2
     1     1    19     7     1    19     0     1   -11.0   21.125 -154.996    805.8    924.2
     1     1    19     7     1    18     0     0   -12.0   21.046 -154.728    761.0    931.8
     1     1    19     7     1    17     0     1   -13.0   20.965 -154.476    740.7    934.1
     1     1    19     7     1    16     0     2   -14.0   20.882 -154.239    746.3    932.7
     1     1    19     7     1    15     0     3   -15.0   20.808 -154.021    775.5    929.2
     1     1    19     7     1    14     0     2   -16.0   20.740 -153.806    816.5    923.5
     1     1    19     7     1    13     0     1   -17.0   20.675 -153.582    843.6    919.4
     1     1    19     7     1    12     0     0   -18.0   20.612 -153.358    832.0    919.3
     1     1    19     7     1    11     0     1   -19.0   20.554 -153.134    793.3    926.2
     1     1    19     7     1    10     0     2   -20.0   20.503 -152.897    760.7    931.4
     1     1    19     7     1     9     0     3   -21.0   20.452 -152.645    735.1    933.7
     1     1    19     7     1     8     0     2   -22.0   20.404 -152.385    694.1    936.6
     1     1    19     7     1     7     0     1   -23.0   20.366 -152.129    654.2    944.1
     1     1    19     7     1     6     0     0   -24.0   20.341 -151.877    652.5    945.2
     1     1    19     7     1     5     0     1   -25.0   20.314 -151.620    670.2    939.3
     1     1    19     7     1     4     0     2   -26.0   20.278 -151.356    681.3    938.2
     1     1    19     7     1     3     0     3   -27.0   20.240 -151.092    694.1    936.7
     1     1    19     7     1     2     0     2   -28.0   20.202 -150.824    707.2    934.7
     1     1    19     7     1     1     0     1   -29.0   20.160 -150.546    717.3    933.6
     1     1    19     7     1     0     0     0   -30.0   20.118 -150.269    729.2    932.7
     1     1    19     6    30    23     0     1   -31.0   20.075 -149.993    748.9    931.2
     1     1    19     6    30    22     0     2   -32.0   20.031 -149.707    770.8    928.3
     1     1    19     6    30    21     0     3   -33.0   19.985 -149.405    780.2    927.1
     1     1    19     6    30    20     0     2   -34.0   19.943 -149.094    783.2    928.0
     1     1    19     6    30    19     0     1   -35.0   19.915 -148.782    798.1    927.0
     1     1    19     6    30    18     0     0   -36.0   19.894 -148.468    811.0    923.5
     1     1    19     6    30    17     0     1   -37.0   19.877 -148.158    802.1    924.1
     1     1    19     6    30    16     0     2   -38.0   19.863 -147.854    786.0    926.8
     1     1    19     6    30    15     0     3   -39.0   19.852 -147.551    774.9    927.5
     1     1    19     6    30    14     0     2   -40.0   19.844 -147.254    772.6    928.3
     1     1    19     6    30    13     0     1   -41.0   19.838 -146.971    785.5    927.1
     1     1    19     6    30    12     0     0   -42.0   19.836 -146.699    824.0    924.0
     1     1    19     6    30    11     0     1   -43.0   19.831 -146.422    877.2    916.9
     1     1    19     6    30    10     0     2   -44.0   19.824 -146.128    908.6    912.5
     1     1    19     6    30     9     0     3   -45.0   19.816 -145.823    898.9    913.5
     1     1    19     6    30     8     0     2   -46.0   19.813 -145.515    868.3    919.7
     1     1    19     6    30     7     0     1   -47.0   19.823 -145.207    844.1    921.9
     1     1    19     6    30     6     0     0   -48.0   19.844 -144.898    826.6    923.7
     1     1    19     6    30     5     0     1   -49.0   19.879 -144.593    830.7    924.2
     1     1    19     6    30     4     0     2   -50.0   19.925 -144.290    871.0    919.5
     1     1    19     6    30     3     0     3   -51.0   19.977 -143.984    947.9    910.4
     1     1    19     6    30     2     0     2   -52.0   20.029 -143.673   1015.9    898.5
     1     1    19     6    30     1     0     1   -53.0   20.072 -143.361   1038.7    897.2
     1     1    19     6    30     0     0     0   -54.0   20.101 -143.043   1037.1    898.6
     1     1    19     6    29    23     0     1   -55.0   20.128 -142.726   1029.9    900.6
     1     1    19     6    29    22     0     2   -56.0   20.163 -142.419   1024.8    901.7
     1     1    19     6    29    21     0     3   -57.0   20.196 -142.121   1024.1    902.2
     1     1    19     6    29    20     0     2   -58.0   20.234 -141.829   1036.7    901.9
     1     1    19     6    29    19     0     1   -59.0   20.286 -141.544   1053.5    898.7
     1     1    19     6    29    18     0     0   -60.0   20.336 -141.265   1047.6    898.1
     1     1    19     6    29    17     0     1   -61.0   20.380 -140.985   1010.5    902.1
     1     1    19     6    29    16     0     2   -62.0   20.426 -140.694    959.6    909.0
     1     1    19     6    29    15     0     3   -63.0   20.475 -140.394    903.8    914.3
     1     1    19     6    29    14     0     2   -64.0   20.524 -140.091    860.8    921.0
     1     1    19     6    29    13     0     1   -65.0   20.581 -139.791    854.1    921.6
     1     1    19     6    29    12     0     0   -66.0   20.649 -139.492    871.4    918.0
     1     1    19     6    29    11     0     1   -67.0   20.726 -139.199    887.3    915.5
     1     1    19     6    29    10     0     2   -68.0   20.808 -138.912    909.7    915.5
     1     1    19     6    29     9     0     3   -69.0   20.897 -138.633    950.5    910.3
     1     1    19     6    29     8     0     2   -70.0   21.006 -138.352    973.8    904.7
     1     1    19     6    29     7     0     1   -71.0   21.140 -138.061    956.0    907.2
     1     1    19     6    29     6     0     0   -72.0   21.296 -137.756    917.9    913.0
     1     1    19     6    29     5     0     1   -73.0   21.458 -137.444    886.2    917.7
     1     1    19     6    29     4     0     2   -74.0   21.611 -137.141    859.2    918.8
     1     1    19     6    29     3     0     3   -75.0   21.754 -136.860    822.6    922.3
     1     1    19     6    29     2     0     2   -76.0   21.892 -136.595    799.7    927.6
     1     1    19     6    29     1     0     1   -77.0   22.024 -136.335    805.7    925.9
     1     1    19     6    29     0     0     0   -78.0   22.151 -136.072    810.5    923.7
     1     1    19     6    28    23     0     1   -79.0   22.273 -135.806    800.7    925.7
     1     1    19     6    28    22     0     2   -80.0   22.384 -135.547    779.8    928.4
     1     1    19     6    28    21     0     3   -81.0   22.479 -135.297    743.6    932.4
     1     1    19     6    28    20     0     2   -82.0   22.569 -135.051    708.5    938.8
     1     1    19     6    28    19     0     1   -83.0   22.663 -134.802    701.0    940.4
     1     1    19     6    28    18     0     0   -84.0   22.762 -134.553    733.8    937.6
     1     1    19     6    28    17     0     1   -85.0   22.865 -134.301    794.8    928.3
     1     1    19     6    28    16     0     2   -86.0   22.972 -134.045    854.3    920.9
     1     1    19     6    28    15     0     3   -87.0   23.078 -133.783    880.2    915.1
     1     1    19     6    28    14     0     2   -88.0   23.178 -133.512    865.3    918.6
     1     1    19     6    28    13     0     1   -89.0   23.271 -133.234    820.9    921.9
     1     1    19     6    28    12     0     0   -90.0   23.361 -132.947    742.3    930.4
     1     1    19     6    28    11     0     1   -91.0   23.460 -132.655    675.1    943.0
     1     1    19     6    28    10     0     2   -92.0   23.579 -132.366    651.1    945.4
     1     1    19     6    28     9     0     3   -93.0   23.716 -132.081    657.9    944.2
     1     1    19     6    28     8     0     2   -94.0   23.867 -131.801    679.5    940.6
     1     1    19     6    28     7     0     1   -95.0   24.030 -131.526    698.6    937.9
     1     1    19     6    28     6     0     0   -96.0   24.205 -131.254    701.8    937.0
     1     1    19     6    28     5     0     1   -97.0   24.386 -130.985    686.6    938.9
     1     1    19     6    28     4     0     2   -98.0   24.562 -130.727    670.2    942.0
     1     1    19     6    28     3     0     3   -99.0   24.735 -130.478    668.3    942.2
     1     1    19     6    28     2     0     2  -100.0   24.902 -130.236    673.0    940.4
     1     1    19     6    28     1     0     1  -101.0   25.066 -130.002    666.0    940.2
     1     1    19     6    28     0     0     0  -102.0   25.225 -129.780    646.0    943.4
     1     1    19     6    27    23     0     1  -103.0   25.374 -129.567    634.3    947.0
     1     1    19     6    27    22     0     2  -104.0   25.512 -129.359    643.5    946.3
     1     1    19     6    27    21     0     3  -105.0   25.638 -129.155    665.9    943.5
     1     1    19     6    27    20     0     2  -106.0   25.759 -128.953    695.9    939.9
     1     1    19     6    27    19     0     1  -107.0   25.882 -128.749    734.4    935.8
     1     1    19     6    27    18     0     0  -108.0   26.002 -128.544    790.9    930.3
     1     1    19     6    27    17     0     1  -109.0   26.123 -128.342    848.5    921.5
     1     1    19     6    27    16     0     2  -110.0   26.249 -128.143    883.3    917.5
     1     1    19     6    27    15     0     3  -111.0   26.385 -127.944    894.6    915.8
     1     1    19     6    27    14     0     2  -112.0   26.527 -127.742    894.4    916.6
     1     1    19     6    27    13     0     1  -113.0   26.670 -127.538    897.6    915.8
     1     1    19     6    27    12     0     0  -114.0   26.815 -127.335    907.7    914.2
     1     1    19     6    27    11     0     1  -115.0   26.963 -127.136    921.6    912.4
     1     1    19     6    27    10     0     2  -116.0   27.113 -126.939    931.7    911.1
     1     1    19     6    27     9     0     3  -117.0   27.263 -126.743    932.2    911.1
     1     1    19     6    27     8     0     2  -118.0   27.414 -126.548    926.0    912.5
     1     1    19     6    27     7     0     1  -119.0   27.569 -126.353    916.0    913.6
     1     1    19     6    27     6     0     0  -120.0   27.730 -126.156    895.9    915.6
     1     1    19     6    27     5     0     1  -121.0   27.908 -125.962    872.6    918.8
     1     1    19     6    27     4     0     2  -122.0   28.107 -125.773    863.2    920.0
     1     1    19     6    27     3     0     3  -123.0   28.330 -125.590    870.6    918.3
     1     1    19     6    27     2     0     2  -124.0   28.561 -125.423    885.7    916.2
     1     1    19     6    27     1     0     1  -125.0   28.783 -125.285    903.5    914.1
     1     1    19     6    27     0     0     0  -126.0   28.994 -125.176    924.9    911.7
     1     1    19     6    26    23     0     1  -127.0   29.190 -125.077    946.0    909.1
     1     1    19     6    26    22     0     2  -128.0   29.372 -124.965    958.6    907.7
     1     1    19     6    26    21     0     3  -129.0   29.543 -124.845    962.5    907.8
     1     1    19     6    26    20     0     2  -130.0   29.711 -124.720    967.0    907.9
     1     1    19     6    26    19     0     1  -131.0   29.876 -124.593    978.5    906.4
     1     1    19     6    26    18     0     0  -132.0   30.037 -124.464    993.9    904.3
     1     1    19     6    26    17     0     1  -133.0   30.198 -124.325   1002.0    901.9
     1     1    19     6    26    16     0     2  -134.0   30.366 -124.172    995.7    902.3
     1     1    19     6    26    15     0     3  -135.0   30.544 -124.007    977.0    903.8
     1     1    19     6    26    14     0     2  -136.0   30.737 -123.847    965.1    906.9
     1     1    19     6    26    13     0     1  -137.0   30.942 -123.713    982.6    905.1
     1     1    19     6    26    12     0     0  -138.0   31.152 -123.606   1026.9    899.2
     1     1    19     6    26    11     0     1  -139.0   31.359 -123.515   1068.9    892.6
     1     1    19     6    26    10     0     2  -140.0   31.561 -123.427   1091.7    891.0
     1     1    19     6    26     9     0     3  -141.0   31.757 -123.346   1104.3    890.1
     1     1    19     6    26     8     0     2  -142.0   31.953 -123.270   1110.6    889.8
     1     1    19     6    26     7     0     1  -143.0   32.156 -123.196   1116.1    890.0
     1     1    19     6    26     6     0     0  -144.0   32.368 -123.125   1136.4    889.2
     1     1    19     6    26     5     0     1  -145.0   32.583 -123.063   1170.0    884.1
     1     1    19     6    26     4     0     2  -146.0   32.798 -123.012   1197.2    880.1
     1     1    19     6    26     3     0     3  -147.0   33.015 -122.974   1207.7    878.1
     1     1    19     6    26     2     0     2  -148.0   33.236 -122.955   1204.9    879.2
     1     1    19     6    26     1     0     1  -149.0   33.460 -122.959   1204.4    879.9
     1     1    19     6    26     0     0     0  -150.0   33.682 -122.984   1222.3    878.9
     1     1    19     6    25    23     0     1  -151.0   33.892 -123.020   1258.3    874.1
     1     1    19     6    25    22     0     2  -152.0   34.084 -123.055   1287.5    869.8
     1     1    19     6    25    21     0     3  -153.0   34.262 -123.084   1295.8    868.8
     1     1    19     6    25    20     0     2  -154.0   34.436 -123.107   1293.1    870.3
     1     1    19     6    25    19     0     1  -155.0   34.612 -123.129   1290.0    870.8
     1     1    19     6    25    18     0     0  -156.0   34.791 -123.147   1286.9    871.3
     1     1    19     6    25    17     0     1  -157.0   34.978 -123.159   1284.7    871.1
     1     1    19     6    25    16     0     2  -158.0   35.175 -123.169   1281.1    870.7
     1     1    19     6    25    15     0     3  -159.0   35.379 -123.179   1268.0    871.0
     1     1    19     6    25    14     0     2  -160.0   35.596 -123.199   1247.4    873.6
     1     1    19     6    25    13     0     1  -161.0   35.836 -123.243   1229.6    875.8
     1     1    19     6    25    12     0     0  -162.0   36.094 -123.313   1224.9    876.8
     1     1    19     6    25    11     0     1  -163.0   36.349 -123.413   1235.8    875.4
     1     1    19     6    25    10     0     2  -164.0   36.585 -123.545   1252.7    873.4
     1     1    19     6    25     9     0     3  -165.0   36.811 -123.706   1266.6    871.9
     1     1    19     6    25     8     0     2  -166.0   37.035 -123.888   1282.6    871.3
     1     1    19     6    25     7     0     1  -167.0   37.264 -124.085   1322.5    868.6
     1     1    19     6    25     6     0     0  -168.0   37.494 -124.299   1391.6    861.1
