     7     1
    GDAS    18    12     1     0     0
    GDAS    19     1     1     0     0
    GDAS    19     2     1     0     0
    GDAS    19     3     1     0     0
    GDAS    19     4     1     0     0
    GDAS    19     5     1     0     0
    GDAS    19     6     1     0     0
     1 BACKWARD OMEGA   
    19     1    23    12   21.319 -157.670    10.0
     1 PRESSURE
     1     1    19     1    23    12     0     0     0.0   21.319 -157.670     10.0   1012.5
     1     1    19     1    23    11     0     1    -1.0   21.328 -157.587      6.8   1012.7
     1     1    19     1    23    10     0     2    -2.0   21.333 -157.490      3.2   1013.1
     1     1    19     1    23     9     0     3    -3.0   21.336 -157.376      0.0   1013.7
     1     1    19     1    23     8     0     2    -4.0   21.341 -157.253      0.0   1012.9
     1     1    19     1    23     7     0     1    -5.0   21.350 -157.133      0.0   1011.9
     1     1    19     1    23     6     0     0    -6.0   21.366 -157.022      0.0   1010.7
     1     1    19     1    23     5     0     1    -7.0   21.380 -156.924      0.0   1011.3
     1     1    19     1    23     4     0     2    -8.0   21.380 -156.843      0.0   1011.9
     1     1    19     1    23     3     0     3    -9.0   21.367 -156.779      0.0   1012.1
     1     1    19     1    23     2     0     2   -10.0   21.345 -156.723      0.0   1012.7
     1     1    19     1    23     1     0     1   -11.0   21.315 -156.667      0.0   1013.2
     1     1    19     1    23     0     0     0   -12.0   21.278 -156.610      0.0   1013.7
     1     1    19     1    22    23     0     1   -13.0   21.235 -156.543      0.0   1013.9
     1     1    19     1    22    22     0     2   -14.0   21.182 -156.449      0.0   1014.2
     1     1    19     1    22    21     0     3   -15.0   21.115 -156.322      0.0   1014.8
     1     1    19     1    22    20     0     2   -16.0   21.028 -156.164      0.0   1016.1
     1     1    19     1    22    19     0     1   -17.0   20.926 -155.985      0.0   1017.8
     1     1    19     1    22    18     0     0   -18.0   20.829 -155.808      0.0   1018.3
     1     1    19     1    22    17     0     1   -19.0   20.748 -155.639      0.0   1018.1
     1     1    19     1    22    16     0     2   -20.0   20.678 -155.471      0.0   1017.6
     1     1    19     1    22    15     0     3   -21.0   20.617 -155.306      1.0   1016.8
     1     1    19     1    22    14     0     2   -22.0   20.559 -155.145      4.1   1016.7
     1     1    19     1    22    13     0     1   -23.0   20.499 -154.984      9.3   1016.5
     1     1    19     1    22    12     0     0   -24.0   20.442 -154.820     18.0   1015.6
     1     1    19     1    22    11     0     1   -25.0   20.391 -154.645     33.4   1013.5
     1     1    19     1    22    10     0     2   -26.0   20.352 -154.455     52.3   1011.4
     1     1    19     1    22     9     0     3   -27.0   20.330 -154.252     69.5   1008.9
     1     1    19     1    22     8     0     2   -28.0   20.329 -154.043     78.2   1007.2
     1     1    19     1    22     7     0     1   -29.0   20.338 -153.836     79.4   1007.7
     1     1    19     1    22     6     0     0   -30.0   20.348 -153.632     79.4   1007.9
     1     1    19     1    22     5     0     1   -31.0   20.348 -153.431     79.9   1007.7
     1     1    19     1    22     4     0     2   -32.0   20.329 -153.231     80.8   1007.3
     1     1    19     1    22     3     0     3   -33.0   20.291 -153.029     81.4   1006.8
     1     1    19     1    22     2     0     2   -34.0   20.231 -152.810     82.0   1006.9
     1     1    19     1    22     1     0     1   -35.0   20.154 -152.569     83.1   1006.9
     1     1    19     1    22     0     0     0   -36.0   20.069 -152.313     83.7   1006.9
     1     1    19     1    21    23     0     1   -37.0   19.992 -152.046     83.7   1007.2
     1     1    19     1    21    22     0     2   -38.0   19.934 -151.772     83.7   1007.5
     1     1    19     1    21    21     0     3   -39.0   19.893 -151.496     83.7   1007.8
     1     1    19     1    21    20     0     2   -40.0   19.867 -151.224     83.7   1008.0
     1     1    19     1    21    19     0     1   -41.0   19.849 -150.960     83.7   1008.2
     1     1    19     1    21    18     0     0   -42.0   19.836 -150.698     83.7   1008.4
     1     1    19     1    21    17     0     1   -43.0   19.820 -150.424     83.7   1008.1
     1     1    19     1    21    16     0     2   -44.0   19.799 -150.132     83.7   1007.8
     1     1    19     1    21    15     0     3   -45.0   19.774 -149.824     83.7   1007.6
     1     1    19     1    21    14     0     2   -46.0   19.752 -149.498     83.7   1007.5
     1     1    19     1    21    13     0     1   -47.0   19.738 -149.154     83.7   1007.4
     1     1    19     1    21    12     0     0   -48.0   19.736 -148.791     83.7   1007.3
     1     1    19     1    21    11     0     1   -49.0   19.744 -148.417     83.7   1007.7
     1     1    19     1    21    10     0     2   -50.0   19.758 -148.037     83.7   1008.0
     1     1    19     1    21     9     0     3   -51.0   19.777 -147.659     83.7   1008.6
     1     1    19     1    21     8     0     2   -52.0   19.795 -147.284     83.7   1008.7
     1     1    19     1    21     7     0     1   -53.0   19.811 -146.907     83.7   1008.6
     1     1    19     1    21     6     0     0   -54.0   19.829 -146.526     83.7   1008.4
     1     1    19     1    21     5     0     1   -55.0   19.852 -146.143     83.7   1008.1
     1     1    19     1    21     4     0     2   -56.0   19.878 -145.758     83.7   1007.9
     1     1    19     1    21     3     0     3   -57.0   19.905 -145.369     83.7   1007.6
     1     1    19     1    21     2     0     2   -58.0   19.938 -144.977     83.7   1007.6
     1     1    19     1    21     1     0     1   -59.0   19.979 -144.580     83.7   1007.6
     1     1    19     1    21     0     0     0   -60.0   20.031 -144.180     83.7   1007.6
     1     1    19     1    20    23     0     1   -61.0   20.092 -143.786     83.2   1008.7
     1     1    19     1    20    22     0     2   -62.0   20.165 -143.408     82.2   1009.9
     1     1    19     1    20    21     0     3   -63.0   20.250 -143.045     81.7   1011.0
     1     1    19     1    20    20     0     2   -64.0   20.343 -142.691     81.6   1011.0
     1     1    19     1    20    19     0     1   -65.0   20.437 -142.341     81.6   1011.1
     1     1    19     1    20    18     0     0   -66.0   20.527 -141.993     81.6   1011.2
     1     1    19     1    20    17     0     1   -67.0   20.618 -141.653     81.4   1011.2
     1     1    19     1    20    16     0     2   -68.0   20.722 -141.328     80.7   1011.3
     1     1    19     1    20    15     0     3   -69.0   20.839 -141.015     79.6   1011.4
     1     1    19     1    20    14     0     2   -70.0   20.959 -140.711     78.8   1011.0
     1     1    19     1    20    13     0     1   -71.0   21.069 -140.412     79.0   1010.3
     1     1    19     1    20    12     0     0   -72.0   21.170 -140.117     80.1   1009.8
     1     1    19     1    20    11     0     1   -73.0   21.259 -139.827     81.7   1010.6
     1     1    19     1    20    10     0     2   -74.0   21.329 -139.544     82.8   1011.2
     1     1    19     1    20     9     0     3   -75.0   21.382 -139.269     83.1   1011.6
     1     1    19     1    20     8     0     2   -76.0   21.428 -139.001     83.1   1011.7
     1     1    19     1    20     7     0     1   -77.0   21.472 -138.738     82.9   1011.7
     1     1    19     1    20     6     0     0   -78.0   21.513 -138.478     82.2   1011.8
     1     1    19     1    20     5     0     1   -79.0   21.552 -138.217     82.4   1011.5
     1     1    19     1    20     4     0     2   -80.0   21.588 -137.949     85.4   1010.9
     1     1    19     1    20     3     0     3   -81.0   21.624 -137.673     92.1   1009.9
     1     1    19     1    20     2     0     2   -82.0   21.662 -137.400     99.5   1009.0
     1     1    19     1    20     1     0     1   -83.0   21.698 -137.140    104.2   1008.7
     1     1    19     1    20     0     0     0   -84.0   21.732 -136.893    105.8   1008.6
     1     1    19     1    19    23     0     1   -85.0   21.760 -136.655    105.8   1008.9
     1     1    19     1    19    22     0     2   -86.0   21.779 -136.416    105.8   1009.0
     1     1    19     1    19    21     0     3   -87.0   21.787 -136.174    105.8   1009.1
     1     1    19     1    19    20     0     2   -88.0   21.788 -135.925    108.0   1009.7
     1     1    19     1    19    19     0     1   -89.0   21.787 -135.668    113.6   1009.7
     1     1    19     1    19    18     0     0   -90.0   21.786 -135.407    119.9   1009.5
     1     1    19     1    19    17     0     1   -91.0   21.788 -135.147    123.5   1008.6
     1     1    19     1    19    16     0     2   -92.0   21.793 -134.889    124.2   1008.2
     1     1    19     1    19    15     0     3   -93.0   21.797 -134.626    124.2   1007.8
     1     1    19     1    19    14     0     2   -94.0   21.793 -134.349    124.2   1007.5
     1     1    19     1    19    13     0     1   -95.0   21.781 -134.049    124.2   1007.2
     1     1    19     1    19    12     0     0   -96.0   21.765 -133.727    124.2   1006.8
     1     1    19     1    19    11     0     1   -97.0   21.754 -133.390    124.2   1007.0
     1     1    19     1    19    10     0     2   -98.0   21.754 -133.046    124.2   1007.4
     1     1    19     1    19     9     0     3   -99.0   21.769 -132.700    124.2   1007.7
     1     1    19     1    19     8     0     2  -100.0   21.798 -132.359    124.2   1007.7
     1     1    19     1    19     7     0     1  -101.0   21.843 -132.022    124.2   1007.8
     1     1    19     1    19     6     0     0  -102.0   21.902 -131.691    124.2   1008.0
     1     1    19     1    19     5     0     1  -103.0   21.971 -131.378    124.2   1008.0
     1     1    19     1    19     4     0     2  -104.0   22.040 -131.088    124.2   1008.0
     1     1    19     1    19     3     0     3  -105.0   22.105 -130.821    124.2   1007.9
     1     1    19     1    19     2     0     2  -106.0   22.163 -130.571    124.2   1007.5
     1     1    19     1    19     1     0     1  -107.0   22.212 -130.333    124.2   1007.1
     1     1    19     1    19     0     0     0  -108.0   22.250 -130.102    124.2   1006.8
     1     1    19     1    18    23     0     1  -109.0   22.280 -129.870    124.2   1007.5
     1     1    19     1    18    22     0     2  -110.0   22.301 -129.627    124.2   1008.2
     1     1    19     1    18    21     0     3  -111.0   22.314 -129.370    124.2   1008.9
     1     1    19     1    18    20     0     2  -112.0   22.322 -129.105    124.2   1009.2
     1     1    19     1    18    19     0     1  -113.0   22.336 -128.838    124.0   1009.5
     1     1    19     1    18    18     0     0  -114.0   22.356 -128.570    123.9   1009.8
     1     1    19     1    18    17     0     1  -115.0   22.381 -128.302    123.9   1009.4
     1     1    19     1    18    16     0     2  -116.0   22.413 -128.034    123.9   1009.0
     1     1    19     1    18    15     0     3  -117.0   22.453 -127.765    123.9   1008.6
     1     1    19     1    18    14     0     2  -118.0   22.496 -127.497    123.9   1008.5
     1     1    19     1    18    13     0     1  -119.0   22.542 -127.232    123.9   1008.3
     1     1    19     1    18    12     0     0  -120.0   22.591 -126.971    123.9   1008.1
     1     1    19     1    18    11     0     1  -121.0   22.642 -126.708    123.9   1008.2
     1     1    19     1    18    10     0     2  -122.0   22.694 -126.438    123.9   1008.3
     1     1    19     1    18     9     0     3  -123.0   22.746 -126.160    123.9   1008.4
     1     1    19     1    18     8     0     2  -124.0   22.804 -125.879    124.5   1008.5
     1     1    19     1    18     7     0     1  -125.0   22.874 -125.602    127.1   1008.4
     1     1    19     1    18     6     0     0  -126.0   22.955 -125.331    133.5   1008.0
     1     1    19     1    18     5     0     1  -127.0   23.044 -125.072    144.6   1006.7
     1     1    19     1    18     4     0     2  -128.0   23.142 -124.832    158.4   1004.5
     1     1    19     1    18     3     0     3  -129.0   23.246 -124.612    173.2   1002.2
     1     1    19     1    18     2     0     2  -130.0   23.347 -124.412    188.7   1000.3
     1     1    19     1    18     1     0     1  -131.0   23.440 -124.230    204.7    998.4
     1     1    19     1    18     0     0     0  -132.0   23.523 -124.066    221.3    996.4
     1     1    19     1    17    23     0     1  -133.0   23.597 -123.914    238.0    994.9
     1     1    19     1    17    22     0     2  -134.0   23.665 -123.765    254.1    993.4
     1     1    19     1    17    21     0     3  -135.0   23.728 -123.619    268.1    992.0
     1     1    19     1    17    20     0     2  -136.0   23.784 -123.471    281.6    990.7
     1     1    19     1    17    19     0     1  -137.0   23.833 -123.317    297.2    989.0
     1     1    19     1    17    18     0     0  -138.0   23.875 -123.157    315.5    986.9
     1     1    19     1    17    17     0     1  -139.0   23.914 -122.995    335.0    983.9
     1     1    19     1    17    16     0     2  -140.0   23.950 -122.838    354.0    981.3
     1     1    19     1    17    15     0     3  -141.0   23.985 -122.688    372.5    978.8
     1     1    19     1    17    14     0     2  -142.0   24.021 -122.545    391.1    976.6
     1     1    19     1    17    13     0     1  -143.0   24.062 -122.412    410.0    974.3
     1     1    19     1    17    12     0     0  -144.0   24.105 -122.288    429.0    972.1
     1     1    19     1    17    11     0     1  -145.0   24.157 -122.172    447.5    970.0
     1     1    19     1    17    10     0     2  -146.0   24.221 -122.062    465.4    968.0
     1     1    19     1    17     9     0     3  -147.0   24.298 -121.957    482.7    966.1
     1     1    19     1    17     8     0     2  -148.0   24.376 -121.860    497.1    964.1
     1     1    19     1    17     7     0     1  -149.0   24.446 -121.771    506.5    962.9
     1     1    19     1    17     6     0     0  -150.0   24.507 -121.693    511.7    962.3
     1     1    19     1    17     5     0     1  -151.0   24.554 -121.619    518.0    961.7
     1     1    19     1    17     4     0     2  -152.0   24.583 -121.545    530.8    959.9
     1     1    19     1    17     3     0     3  -153.0   24.594 -121.470    550.9    957.3
     1     1    19     1    17     2     0     2  -154.0   24.597 -121.401    575.5    954.1
     1     1    19     1    17     1     0     1  -155.0   24.602 -121.348    600.2    951.3
     1     1    19     1    17     0     0     0  -156.0   24.609 -121.310    623.3    948.7
     1     1    19     1    16    23     0     1  -157.0   24.603 -121.272    641.8    946.5
     1     1    19     1    16    22     0     2  -158.0   24.572 -121.218    653.0    945.3
     1     1    19     1    16    21     0     3  -159.0   24.517 -121.146    657.6    944.9
     1     1    19     1    16    20     0     2  -160.0   24.453 -121.054    656.8    945.3
     1     1    19     1    16    19     0     1  -161.0   24.396 -120.947    649.6    946.3
     1     1    19     1    16    18     0     0  -162.0   24.347 -120.822    636.0    948.2
     1     1    19     1    16    17     0     1  -163.0   24.307 -120.691    622.1    949.9
     1     1    19     1    16    16     0     2  -164.0   24.276 -120.563    612.2    950.5
     1     1    19     1    16    15     0     3  -165.0   24.253 -120.436    605.1    950.9
     1     1    19     1    16    14     0     2  -166.0   24.234 -120.310    599.7    951.1
     1     1    19     1    16    13     0     1  -167.0   24.216 -120.184    594.8    951.3
     1     1    19     1    16    12     0     0  -168.0   24.200 -120.056    589.5    951.5
