     7     1
    GDAS    19     6     1     0     0
    GDAS    19     7     1     0     0
    GDAS    19     8     1     0     0
    GDAS    19     9     1     0     0
    GDAS    19    10     1     0     0
    GDAS    19    11     1     0     0
    GDAS    19    12     1     0     0
     1 BACKWARD OMEGA   
    19    12    17    18   21.319 -157.670    10.0
     1 PRESSURE
     1     1    19    12    17    18     0     0     0.0   21.319 -157.670     10.0   1014.8
     1     1    19    12    17    17     0     1    -1.0   21.418 -157.281     70.2   1010.0
     1     1    19    12    17    16     0     2    -2.0   21.502 -156.794    276.1    983.6
     1     1    19    12    17    15     0     3    -3.0   21.545 -156.258    412.4    959.6
     1     1    19    12    17    14     0     2    -4.0   21.573 -155.731    428.3    964.0
     1     1    19    12    17    13     0     1    -5.0   21.633 -155.217    416.0    971.2
     1     1    19    12    17    12     0     0    -6.0   21.745 -154.717    424.0    970.3
     1     1    19    12    17    11     0     1    -7.0   21.894 -154.239    447.3    968.5
     1     1    19    12    17    10     0     2    -8.0   22.065 -153.782    474.3    965.2
     1     1    19    12    17     9     0     3    -9.0   22.253 -153.337    493.4    963.5
     1     1    19    12    17     8     0     2   -10.0   22.458 -152.898    498.8    962.1
     1     1    19    12    17     7     0     1   -11.0   22.679 -152.465    497.6    963.1
     1     1    19    12    17     6     0     0   -12.0   22.918 -152.036    520.5    962.4
     1     1    19    12    17     5     0     1   -13.0   23.169 -151.622    560.0    954.4
     1     1    19    12    17     4     0     2   -14.0   23.425 -151.235    582.2    951.4
     1     1    19    12    17     3     0     3   -15.0   23.691 -150.872    584.2    950.7
     1     1    19    12    17     2     0     2   -16.0   23.958 -150.522    581.1    952.3
     1     1    19    12    17     1     0     1   -17.0   24.213 -150.184    576.6    951.1
     1     1    19    12    17     0     0     0   -18.0   24.459 -149.865    558.0    952.5
     1     1    19    12    16    23     0     1   -19.0   24.689 -149.559    535.8    957.1
     1     1    19    12    16    22     0     2   -20.0   24.899 -149.254    526.8    959.6
     1     1    19    12    16    21     0     3   -21.0   25.090 -148.962    533.5    959.3
     1     1    19    12    16    20     0     2   -22.0   25.260 -148.676    534.9    956.6
     1     1    19    12    16    19     0     1   -23.0   25.409 -148.390    522.5    959.6
     1     1    19    12    16    18     0     0   -24.0   25.540 -148.104    516.2    960.4
     1     1    19    12    16    17     0     1   -25.0   25.663 -147.843    516.2    959.8
     1     1    19    12    16    16     0     2   -26.0   25.795 -147.640    518.9    959.9
     1     1    19    12    16    15     0     3   -27.0   25.943 -147.493    522.6    958.5
     1     1    19    12    16    14     0     2   -28.0   26.082 -147.386    525.8    958.4
     1     1    19    12    16    13     0     1   -29.0   26.188 -147.300    525.2    957.4
     1     1    19    12    16    12     0     0   -30.0   26.263 -147.235    511.3    958.3
     1     1    19    12    16    11     0     1   -31.0   26.306 -147.173    494.6    962.1
     1     1    19    12    16    10     0     2   -32.0   26.316 -147.101    487.2    963.4
     1     1    19    12    16     9     0     3   -33.0   26.297 -147.017    491.2    963.5
     1     1    19    12    16     8     0     2   -34.0   26.258 -146.916    505.1    961.3
     1     1    19    12    16     7     0     1   -35.0   26.205 -146.789    524.5    958.9
     1     1    19    12    16     6     0     0   -36.0   26.135 -146.635    548.1    955.9
     1     1    19    12    16     5     0     1   -37.0   26.055 -146.459    570.7    952.6
     1     1    19    12    16     4     0     2   -38.0   25.974 -146.264    586.6    950.5
     1     1    19    12    16     3     0     3   -39.0   25.895 -146.050    595.0    949.3
     1     1    19    12    16     2     0     2   -40.0   25.813 -145.823    601.7    948.9
     1     1    19    12    16     1     0     1   -41.0   25.727 -145.590    610.5    947.5
     1     1    19    12    16     0     0     0   -42.0   25.640 -145.355    616.1    946.4
     1     1    19    12    15    23     0     1   -43.0   25.559 -145.110    618.5    947.1
     1     1    19    12    15    22     0     2   -44.0   25.483 -144.846    624.8    947.7
     1     1    19    12    15    21     0     3   -45.0   25.413 -144.565    643.4    946.8
     1     1    19    12    15    20     0     2   -46.0   25.346 -144.277    674.3    943.3
     1     1    19    12    15    19     0     1   -47.0   25.272 -143.988    710.3    938.9
     1     1    19    12    15    18     0     0   -48.0   25.187 -143.694    740.3    935.2
     1     1    19    12    15    17     0     1   -49.0   25.099 -143.389    754.0    932.8
     1     1    19    12    15    16     0     2   -50.0   25.018 -143.063    740.3    933.3
     1     1    19    12    15    15     0     3   -51.0   24.951 -142.713    714.3    938.2
     1     1    19    12    15    14     0     2   -52.0   24.894 -142.354    713.8    939.8
     1     1    19    12    15    13     0     1   -53.0   24.840 -141.995    737.4    935.3
     1     1    19    12    15    12     0     0   -54.0   24.784 -141.631    759.7    931.6
     1     1    19    12    15    11     0     1   -55.0   24.734 -141.253    770.4    930.7
     1     1    19    12    15    10     0     2   -56.0   24.698 -140.859    769.2    931.3
     1     1    19    12    15     9     0     3   -57.0   24.677 -140.453    741.5    932.9
     1     1    19    12    15     8     0     2   -58.0   24.675 -140.036    682.4    941.0
     1     1    19    12    15     7     0     1   -59.0   24.700 -139.612    617.2    950.4
     1     1    19    12    15     6     0     0   -60.0   24.758 -139.181    527.2    956.7
     1     1    19    12    15     5     0     1   -61.0   24.845 -138.748    443.4    972.7
     1     1    19    12    15     4     0     2   -62.0   24.946 -138.313    412.5    974.5
     1     1    19    12    15     3     0     3   -63.0   25.060 -137.874    402.8    972.1
     1     1    19    12    15     2     0     2   -64.0   25.192 -137.450    404.2    973.7
     1     1    19    12    15     1     0     1   -65.0   25.345 -137.050    419.4    970.8
     1     1    19    12    15     0     0     0   -66.0   25.518 -136.670    423.4    968.9
     1     1    19    12    14    23     0     1   -67.0   25.697 -136.300    417.7    971.8
     1     1    19    12    14    22     0     2   -68.0   25.871 -135.930    412.6    972.8
     1     1    19    12    14    21     0     3   -69.0   26.037 -135.564    402.3    974.3
     1     1    19    12    14    20     0     2   -70.0   26.194 -135.213    390.3    976.9
     1     1    19    12    14    19     0     1   -71.0   26.348 -134.883    387.4    978.1
     1     1    19    12    14    18     0     0   -72.0   26.506 -134.569    399.3    977.4
     1     1    19    12    14    17     0     1   -73.0   26.675 -134.271    416.2    974.3
     1     1    19    12    14    16     0     2   -74.0   26.851 -133.988    410.2    973.2
     1     1    19    12    14    15     0     3   -75.0   27.026 -133.719    374.2    977.7
     1     1    19    12    14    14     0     2   -76.0   27.199 -133.469    346.3    984.2
     1     1    19    12    14    13     0     1   -77.0   27.377 -133.242    345.7    983.2
     1     1    19    12    14    12     0     0   -78.0   27.567 -133.034    358.7    981.0
     1     1    19    12    14    11     0     1   -79.0   27.761 -132.840    362.2    979.1
     1     1    19    12    14    10     0     2   -80.0   27.957 -132.657    344.9    982.0
     1     1    19    12    14     9     0     3   -81.0   28.157 -132.488    319.8    986.1
     1     1    19    12    14     8     0     2   -82.0   28.351 -132.327    296.0    989.5
     1     1    19    12    14     7     0     1   -83.0   28.535 -132.169    275.2    992.4
     1     1    19    12    14     6     0     0   -84.0   28.710 -132.016    259.2    994.8
     1     1    19    12    14     5     0     1   -85.0   28.884 -131.877    251.2    995.6
     1     1    19    12    14     4     0     2   -86.0   29.057 -131.761    250.6    995.3
     1     1    19    12    14     3     0     3   -87.0   29.219 -131.665    253.5    994.7
     1     1    19    12    14     2     0     2   -88.0   29.379 -131.595    257.7    994.1
     1     1    19    12    14     1     0     1   -89.0   29.541 -131.558    263.5    993.5
     1     1    19    12    14     0     0     0   -90.0   29.702 -131.552    274.2    992.4
     1     1    19    12    13    23     0     1   -91.0   29.845 -131.573    290.6    990.8
     1     1    19    12    13    22     0     2   -92.0   29.959 -131.612    309.7    989.0
     1     1    19    12    13    21     0     3   -93.0   30.048 -131.666    329.0    987.3
     1     1    19    12    13    20     0     2   -94.0   30.112 -131.718    352.3    985.4
     1     1    19    12    13    19     0     1   -95.0   30.149 -131.753    383.5    982.0
     1     1    19    12    13    18     0     0   -96.0   30.159 -131.768    420.9    978.2
     1     1    19    12    13    17     0     1   -97.0   30.153 -131.770    459.4    972.8
     1     1    19    12    13    16     0     2   -98.0   30.140 -131.768    493.2    968.7
     1     1    19    12    13    15     0     3   -99.0   30.122 -131.763    522.3    965.2
     1     1    19    12    13    14     0     2  -100.0   30.097 -131.748    542.5    962.2
     1     1    19    12    13    13     0     1  -101.0   30.064 -131.712    549.9    961.2
     1     1    19    12    13    12     0     0  -102.0   30.020 -131.655    543.6    961.7
     1     1    19    12    13    11     0     1  -103.0   29.975 -131.582    533.6    964.3
     1     1    19    12    13    10     0     2  -104.0   29.941 -131.501    528.7    965.0
     1     1    19    12    13     9     0     3  -105.0   29.915 -131.410    526.2    965.4
     1     1    19    12    13     8     0     2  -106.0   29.891 -131.306    525.3    965.4
     1     1    19    12    13     7     0     1  -107.0   29.863 -131.186    526.9    965.3
     1     1    19    12    13     6     0     0  -108.0   29.834 -131.050    532.9    964.7
     1     1    19    12    13     5     0     1  -109.0   29.814 -130.904    533.5    963.4
     1     1    19    12    13     4     0     2  -110.0   29.817 -130.759    521.3    965.0
     1     1    19    12    13     3     0     3  -111.0   29.840 -130.614    501.3    967.6
     1     1    19    12    13     2     0     2  -112.0   29.879 -130.478    483.0    970.2
     1     1    19    12    13     1     0     1  -113.0   29.929 -130.361    471.8    971.0
     1     1    19    12    13     0     0     0  -114.0   29.991 -130.264    466.2    971.3
     1     1    19    12    12    23     0     1  -115.0   30.050 -130.185    469.1    971.8
     1     1    19    12    12    22     0     2  -116.0   30.094 -130.115    483.5    970.6
     1     1    19    12    12    21     0     3  -117.0   30.123 -130.054    509.7    968.1
     1     1    19    12    12    20     0     2  -118.0   30.143 -130.000    543.4    964.1
     1     1    19    12    12    19     0     1  -119.0   30.160 -129.950    579.1    960.6
     1     1    19    12    12    18     0     0  -120.0   30.175 -129.904    615.9    957.1
     1     1    19    12    12    17     0     1  -121.0   30.192 -129.862    651.3    952.4
     1     1    19    12    12    16     0     2  -122.0   30.217 -129.825    682.0    948.1
     1     1    19    12    12    15     0     3  -123.0   30.250 -129.792    706.1    944.8
     1     1    19    12    12    14     0     2  -124.0   30.285 -129.765    716.8    942.6
     1     1    19    12    12    13     0     1  -125.0   30.314 -129.747    709.3    943.2
     1     1    19    12    12    12     0     0  -126.0   30.336 -129.738    685.6    945.8
     1     1    19    12    12    11     0     1  -127.0   30.352 -129.734    657.5    950.5
     1     1    19    12    12    10     0     2  -128.0   30.361 -129.727    635.4    953.1
     1     1    19    12    12     9     0     3  -129.0   30.366 -129.715    619.1    954.9
     1     1    19    12    12     8     0     2  -130.0   30.380 -129.706    610.9    956.0
     1     1    19    12    12     7     0     1  -131.0   30.413 -129.707    613.2    955.8
     1     1    19    12    12     6     0     0  -132.0   30.466 -129.720    627.1    954.4
     1     1    19    12    12     5     0     1  -133.0   30.530 -129.756    643.6    951.1
     1     1    19    12    12     4     0     2  -134.0   30.592 -129.828    648.7    949.7
     1     1    19    12    12     3     0     3  -135.0   30.653 -129.938    637.3    950.4
     1     1    19    12    12     2     0     2  -136.0   30.703 -130.080    621.3    953.4
     1     1    19    12    12     1     0     1  -137.0   30.739 -130.244    619.1    953.6
     1     1    19    12    12     0     0     0  -138.0   30.761 -130.430    633.2    951.8
     1     1    19    12    11    23     0     1  -139.0   30.764 -130.633    653.5    948.5
     1     1    19    12    11    22     0     2  -140.0   30.744 -130.846    666.6    946.9
     1     1    19    12    11    21     0     3  -141.0   30.702 -131.068    666.4    946.8
     1     1    19    12    11    20     0     2  -142.0   30.635 -131.285    655.2    949.1
     1     1    19    12    11    19     0     1  -143.0   30.543 -131.484    647.9    951.1
     1     1    19    12    11    18     0     0  -144.0   30.429 -131.663    659.8    950.9
     1     1    19    12    11    17     0     1  -145.0   30.314 -131.822    695.1    945.9
     1     1    19    12    11    16     0     2  -146.0   30.215 -131.967    740.8    939.6
     1     1    19    12    11    15     0     3  -147.0   30.134 -132.098    779.8    934.0
     1     1    19    12    11    14     0     2  -148.0   30.064 -132.225    799.5    931.2
     1     1    19    12    11    13     0     1  -149.0   30.002 -132.358    799.4    931.3
     1     1    19    12    11    12     0     0  -150.0   29.942 -132.495    787.5    932.8
     1     1    19    12    11    11     0     1  -151.0   29.876 -132.628    773.6    935.0
     1     1    19    12    11    10     0     2  -152.0   29.798 -132.746    762.9    936.4
     1     1    19    12    11     9     0     3  -153.0   29.710 -132.849    757.0    937.4
     1     1    19    12    11     8     0     2  -154.0   29.618 -132.940    759.6    937.3
     1     1    19    12    11     7     0     1  -155.0   29.528 -133.018    770.0    936.0
     1     1    19    12    11     6     0     0  -156.0   29.439 -133.084    783.2    934.2
     1     1    19    12    11     5     0     1  -157.0   29.355 -133.148    796.7    932.5
     1     1    19    12    11     4     0     2  -158.0   29.276 -133.220    810.3    930.5
     1     1    19    12    11     3     0     3  -159.0   29.202 -133.300    820.8    928.8
     1     1    19    12    11     2     0     2  -160.0   29.122 -133.394    825.4    928.0
     1     1    19    12    11     1     0     1  -161.0   29.026 -133.501    822.9    928.1
     1     1    19    12    11     0     0     0  -162.0   28.918 -133.614    813.5    928.8
     1     1    19    12    10    23     0     1  -163.0   28.797 -133.717    796.2    930.7
     1     1    19    12    10    22     0     2  -164.0   28.659 -133.793    772.8    933.8
     1     1    19    12    10    21     0     3  -165.0   28.503 -133.840    748.3    937.0
     1     1    19    12    10    20     0     2  -166.0   28.333 -133.853    725.0    939.9
     1     1    19    12    10    19     0     1  -167.0   28.154 -133.830    698.2    942.7
     1     1    19    12    10    18     0     0  -168.0   27.972 -133.774    663.5    947.0
