     7     1
    GDAS    19     6     1     0     0
    GDAS    19     7     1     0     0
    GDAS    19     8     1     0     0
    GDAS    19     9     1     0     0
    GDAS    19    10     1     0     0
    GDAS    19    11     1     0     0
    GDAS    19    12     1     0     0
     1 BACKWARD OMEGA   
    19     8     3    12   21.319 -157.670    10.0
     1 PRESSURE
     1     1    19     8     3    12     0     0     0.0   21.319 -157.670     10.0   1010.4
     1     1    19     8     3    11     0     1    -1.0   21.375 -157.410     50.1   1006.7
     1     1    19     8     3    10     0     2    -2.0   21.445 -157.092    175.8    993.1
     1     1    19     8     3     9     0     3    -3.0   21.508 -156.694    325.1    972.5
     1     1    19     8     3     8     0     2    -4.0   21.528 -156.255    405.3    963.0
     1     1    19     8     3     7     0     1    -5.0   21.511 -155.813    414.2    965.6
     1     1    19     8     3     6     0     0    -6.0   21.482 -155.364    396.7    969.7
     1     1    19     8     3     5     0     1    -7.0   21.441 -154.925    378.6    971.6
     1     1    19     8     3     4     0     2    -8.0   21.385 -154.531    370.8    973.5
     1     1    19     8     3     3     0     3    -9.0   21.331 -154.176    382.6    972.2
     1     1    19     8     3     2     0     2   -10.0   21.287 -153.835    406.2    968.9
     1     1    19     8     3     1     0     1   -11.0   21.260 -153.499    417.8    966.3
     1     1    19     8     3     0     0     0   -12.0   21.252 -153.177    397.8    968.1
     1     1    19     8     2    23     0     1   -13.0   21.260 -152.861    371.7    974.0
     1     1    19     8     2    22     0     2   -14.0   21.273 -152.534    366.7    975.2
     1     1    19     8     2    21     0     3   -15.0   21.283 -152.209    374.6    973.6
     1     1    19     8     2    20     0     2   -16.0   21.284 -151.893    379.9    972.7
     1     1    19     8     2    19     0     1   -17.0   21.279 -151.580    380.2    972.9
     1     1    19     8     2    18     0     0   -18.0   21.268 -151.269    378.5    973.3
     1     1    19     8     2    17     0     1   -19.0   21.250 -150.952    373.4    972.9
     1     1    19     8     2    16     0     2   -20.0   21.224 -150.617    361.6    973.3
     1     1    19     8     2    15     0     3   -21.0   21.191 -150.267    340.5    974.6
     1     1    19     8     2    14     0     2   -22.0   21.160 -149.913    323.7    978.3
     1     1    19     8     2    13     0     1   -23.0   21.146 -149.555    324.3    978.2
     1     1    19     8     2    12     0     0   -24.0   21.142 -149.195    334.0    976.5
     1     1    19     8     2    11     0     1   -25.0   21.143 -148.833    342.1    975.6
     1     1    19     8     2    10     0     2   -26.0   21.155 -148.464    343.6    975.7
     1     1    19     8     2     9     0     3   -27.0   21.174 -148.089    335.0    976.8
     1     1    19     8     2     8     0     2   -28.0   21.208 -147.715    323.9    979.3
     1     1    19     8     2     7     0     1   -29.0   21.258 -147.350    320.0    979.9
     1     1    19     8     2     6     0     0   -30.0   21.315 -147.002    321.5    979.9
     1     1    19     8     2     5     0     1   -31.0   21.375 -146.663    328.2    978.8
     1     1    19     8     2     4     0     2   -32.0   21.437 -146.326    341.2    976.9
     1     1    19     8     2     3     0     3   -33.0   21.501 -145.992    360.7    974.2
     1     1    19     8     2     2     0     2   -34.0   21.562 -145.661    375.3    971.6
     1     1    19     8     2     1     0     1   -35.0   21.613 -145.330    375.5    971.9
     1     1    19     8     2     0     0     0   -36.0   21.651 -144.997    365.4    973.3
     1     1    19     8     1    23     0     1   -37.0   21.684 -144.660    354.7    975.8
     1     1    19     8     1    22     0     2   -38.0   21.718 -144.315    349.5    976.7
     1     1    19     8     1    21     0     3   -39.0   21.749 -143.960    346.3    977.3
     1     1    19     8     1    20     0     2   -40.0   21.784 -143.597    344.6    977.5
     1     1    19     8     1    19     0     1   -41.0   21.835 -143.232    345.0    977.5
     1     1    19     8     1    18     0     0   -42.0   21.904 -142.871    345.7    977.3
     1     1    19     8     1    17     0     1   -43.0   21.980 -142.520    348.6    977.0
     1     1    19     8     1    16     0     2   -44.0   22.047 -142.178    358.6    975.6
     1     1    19     8     1    15     0     3   -45.0   22.102 -141.844    375.1    973.1
     1     1    19     8     1    14     0     2   -46.0   22.150 -141.514    391.7    970.9
     1     1    19     8     1    13     0     1   -47.0   22.193 -141.181    411.4    969.6
     1     1    19     8     1    12     0     0   -48.0   22.234 -140.838    444.9    966.2
     1     1    19     8     1    11     0     1   -49.0   22.270 -140.496    481.4    960.9
     1     1    19     8     1    10     0     2   -50.0   22.308 -140.156    506.7    958.4
     1     1    19     8     1     9     0     3   -51.0   22.351 -139.803    520.6    957.3
     1     1    19     8     1     8     0     2   -52.0   22.404 -139.434    529.7    956.9
     1     1    19     8     1     7     0     1   -53.0   22.466 -139.056    538.1    955.8
     1     1    19     8     1     6     0     0   -54.0   22.540 -138.679    551.1    955.2
     1     1    19     8     1     5     0     1   -55.0   22.623 -138.307    569.5    952.1
     1     1    19     8     1     4     0     2   -56.0   22.714 -137.938    580.7    949.7
     1     1    19     8     1     3     0     3   -57.0   22.810 -137.567    583.9    949.4
     1     1    19     8     1     2     0     2   -58.0   22.914 -137.205    597.1    949.4
     1     1    19     8     1     1     0     1   -59.0   23.032 -136.866    620.8    945.7
     1     1    19     8     1     0     0     0   -60.0   23.162 -136.543    636.4    943.4
     1     1    19     7    31    23     0     1   -61.0   23.295 -136.226    644.6    943.8
     1     1    19     7    31    22     0     2   -62.0   23.421 -135.913    655.1    943.4
     1     1    19     7    31    21     0     3   -63.0   23.536 -135.601    661.0    941.8
     1     1    19     7    31    20     0     2   -64.0   23.642 -135.284    650.4    943.1
     1     1    19     7    31    19     0     1   -65.0   23.746 -134.969    630.8    946.7
     1     1    19     7    31    18     0     0   -66.0   23.847 -134.666    637.1    949.2
     1     1    19     7    31    17     0     1   -67.0   23.942 -134.367    673.7    942.2
     1     1    19     7    31    16     0     2   -68.0   24.026 -134.062    697.4    936.1
     1     1    19     7    31    15     0     3   -69.0   24.105 -133.749    680.0    937.1
     1     1    19     7    31    14     0     2   -70.0   24.193 -133.431    647.0    943.9
     1     1    19     7    31    13     0     1   -71.0   24.287 -133.107    611.7    946.4
     1     1    19     7    31    12     0     0   -72.0   24.390 -132.779    572.3    951.3
     1     1    19     7    31    11     0     1   -73.0   24.510 -132.459    552.8    955.7
     1     1    19     7    31    10     0     2   -74.0   24.646 -132.153    558.2    954.3
     1     1    19     7    31     9     0     3   -75.0   24.797 -131.858    573.6    952.7
     1     1    19     7    31     8     0     2   -76.0   24.952 -131.556    590.1    950.4
     1     1    19     7    31     7     0     1   -77.0   25.104 -131.235    600.0    949.2
     1     1    19     7    31     6     0     0   -78.0   25.257 -130.890    603.9    948.9
     1     1    19     7    31     5     0     1   -79.0   25.414 -130.526    604.7    948.6
     1     1    19     7    31     4     0     2   -80.0   25.579 -130.146    608.2    948.6
     1     1    19     7    31     3     0     3   -81.0   25.746 -129.751    619.6    947.3
     1     1    19     7    31     2     0     2   -82.0   25.917 -129.355    634.4    945.0
     1     1    19     7    31     1     0     1   -83.0   26.093 -128.971    647.4    943.1
     1     1    19     7    31     0     0     0   -84.0   26.285 -128.596    648.0    941.6
     1     1    19     7    30    23     0     1   -85.0   26.498 -128.224    637.6    944.6
     1     1    19     7    30    22     0     2   -86.0   26.724 -127.861    631.6    945.9
     1     1    19     7    30    21     0     3   -87.0   26.963 -127.505    619.9    946.0
     1     1    19     7    30    20     0     2   -88.0   27.219 -127.163    603.3    949.2
     1     1    19     7    30    19     0     1   -89.0   27.491 -126.837    601.3    950.0
     1     1    19     7    30    18     0     0   -90.0   27.776 -126.527    603.0    948.4
     1     1    19     7    30    17     0     1   -91.0   28.073 -126.239    597.5    949.4
     1     1    19     7    30    16     0     2   -92.0   28.381 -125.981    595.0    950.1
     1     1    19     7    30    15     0     3   -93.0   28.699 -125.743    599.8    949.3
     1     1    19     7    30    14     0     2   -94.0   29.027 -125.520    605.7    947.7
     1     1    19     7    30    13     0     1   -95.0   29.368 -125.316    604.2    947.0
     1     1    19     7    30    12     0     0   -96.0   29.725 -125.136    590.2    948.0
     1     1    19     7    30    11     0     1   -97.0   30.100 -124.973    570.0    951.2
     1     1    19     7    30    10     0     2   -98.0   30.485 -124.826    557.5    953.3
     1     1    19     7    30     9     0     3   -99.0   30.885 -124.697    560.9    953.3
     1     1    19     7    30     8     0     2  -100.0   31.305 -124.588    575.6    951.1
     1     1    19     7    30     7     0     1  -101.0   31.748 -124.505    590.7    949.6
     1     1    19     7    30     6     0     0  -102.0   32.216 -124.447    606.4    948.4
     1     1    19     7    30     5     0     1  -103.0   32.701 -124.421    627.2    946.3
     1     1    19     7    30     4     0     2  -104.0   33.198 -124.429    655.6    943.2
     1     1    19     7    30     3     0     3  -105.0   33.702 -124.470    705.3    938.8
     1     1    19     7    30     2     0     2  -106.0   34.196 -124.542    778.4    929.7
     1     1    19     7    30     1     0     1  -107.0   34.674 -124.644    853.4    920.7
     1     1    19     7    30     0     0     0  -108.0   35.144 -124.772    910.2    913.7
     1     1    19     7    29    23     0     1  -109.0   35.612 -124.933    952.8    910.7
     1     1    19     7    29    22     0     2  -110.0   36.070 -125.136    992.9    906.5
     1     1    19     7    29    21     0     3  -111.0   36.520 -125.373   1015.8    903.0
     1     1    19     7    29    20     0     2  -112.0   36.974 -125.631   1027.8    903.9
     1     1    19     7    29    19     0     1  -113.0   37.429 -125.905   1077.8    901.7
     1     1    19     7    29    18     0     0  -114.0   37.871 -126.201   1175.0    889.9
     1     1    19     7    29    17     0     1  -115.0   38.297 -126.498   1271.3    876.5
     1     1    19     7    29    16     0     2  -116.0   38.723 -126.778   1337.5    869.1
     1     1    19     7    29    15     0     3  -117.0   39.157 -127.050   1373.0    865.6
     1     1    19     7    29    14     0     2  -118.0   39.583 -127.314   1422.1    864.7
     1     1    19     7    29    13     0     1  -119.0   40.003 -127.596   1503.2    854.4
     1     1    19     7    29    12     0     0  -120.0   40.412 -127.894   1584.1    845.2
     1     1    19     7    29    11     0     1  -121.0   40.776 -128.185   1663.4    838.1
     1     1    19     7    29    10     0     2  -122.0   41.104 -128.477   1748.6    830.2
     1     1    19     7    29     9     0     3  -123.0   41.412 -128.770   1840.3    821.6
     1     1    19     7    29     8     0     2  -124.0   41.690 -129.045   1929.4    812.4
     1     1    19     7    29     7     0     1  -125.0   41.940 -129.311   2010.4    804.7
     1     1    19     7    29     6     0     0  -126.0   42.180 -129.581   2087.7    798.1
     1     1    19     7    29     5     0     1  -127.0   42.418 -129.845   2153.6    790.5
     1     1    19     7    29     4     0     2  -128.0   42.645 -130.091   2194.2    786.6
     1     1    19     7    29     3     0     3  -129.0   42.854 -130.325   2219.4    785.1
     1     1    19     7    29     2     0     2  -130.0   43.044 -130.567   2249.4    783.5
     1     1    19     7    29     1     0     1  -131.0   43.217 -130.829   2293.4    779.5
     1     1    19     7    29     0     0     0  -132.0   43.370 -131.108   2345.5    774.3
     1     1    19     7    28    23     0     1  -133.0   43.495 -131.373   2389.1    769.2
     1     1    19     7    28    22     0     2  -134.0   43.599 -131.599   2420.7    767.1
     1     1    19     7    28    21     0     3  -135.0   43.687 -131.788   2452.5    764.9
     1     1    19     7    28    20     0     2  -136.0   43.769 -131.956   2486.4    761.6
     1     1    19     7    28    19     0     1  -137.0   43.848 -132.119   2513.3    758.7
     1     1    19     7    28    18     0     0  -138.0   43.925 -132.281   2520.8    757.6
     1     1    19     7    28    17     0     1  -139.0   43.999 -132.446   2510.4    759.0
     1     1    19     7    28    16     0     2  -140.0   44.071 -132.625   2495.4    760.8
     1     1    19     7    28    15     0     3  -141.0   44.142 -132.822   2484.7    761.8
     1     1    19     7    28    14     0     2  -142.0   44.205 -133.034   2480.5    762.2
     1     1    19     7    28    13     0     1  -143.0   44.252 -133.253   2478.8    762.3
     1     1    19     7    28    12     0     0  -144.0   44.283 -133.479   2475.7    762.5
     1     1    19     7    28    11     0     1  -145.0   44.301 -133.702   2472.7    763.2
     1     1    19     7    28    10     0     2  -146.0   44.308 -133.913   2474.2    763.3
     1     1    19     7    28     9     0     3  -147.0   44.303 -134.114   2482.7    762.7
     1     1    19     7    28     8     0     2  -148.0   44.296 -134.307   2497.2    761.3
     1     1    19     7    28     7     0     1  -149.0   44.297 -134.489   2513.3    759.8
     1     1    19     7    28     6     0     0  -150.0   44.305 -134.661   2527.8    758.5
     1     1    19     7    28     5     0     1  -151.0   44.322 -134.837   2537.8    757.2
     1     1    19     7    28     4     0     2  -152.0   44.345 -135.032   2542.5    756.6
     1     1    19     7    28     3     0     3  -153.0   44.374 -135.243   2544.5    756.3
     1     1    19     7    28     2     0     2  -154.0   44.395 -135.471   2546.1    756.2
     1     1    19     7    28     1     0     1  -155.0   44.397 -135.716   2548.5    756.1
     1     1    19     7    28     0     0     0  -156.0   44.383 -135.976   2553.2    755.8
     1     1    19     7    27    23     0     1  -157.0   44.352 -136.239   2560.6    754.9
     1     1    19     7    27    22     0     2  -158.0   44.304 -136.490   2573.2    753.8
     1     1    19     7    27    21     0     3  -159.0   44.242 -136.730   2596.0    751.7
     1     1    19     7    27    20     0     2  -160.0   44.174 -136.963   2615.8    748.4
     1     1    19     7    27    19     0     1  -161.0   44.103 -137.192   2615.3    748.1
     1     1    19     7    27    18     0     0  -162.0   44.031 -137.415   2590.6    750.1
     1     1    19     7    27    17     0     1  -163.0   43.963 -137.632   2563.2    754.3
     1     1    19     7    27    16     0     2  -164.0   43.898 -137.853   2555.9    754.8
     1     1    19     7    27    15     0     3  -165.0   43.831 -138.082   2567.9    753.2
     1     1    19     7    27    14     0     2  -166.0   43.761 -138.330   2582.7    750.3
     1     1    19     7    27    13     0     1  -167.0   43.689 -138.603   2588.7    749.8
     1     1    19     7    27    12     0     0  -168.0   43.611 -138.895   2590.9    749.6
