     7     1
    GDAS    18    12     1     0     0
    GDAS    19     1     1     0     0
    GDAS    19     2     1     0     0
    GDAS    19     3     1     0     0
    GDAS    19     4     1     0     0
    GDAS    19     5     1     0     0
    GDAS    19     6     1     0     0
     1 BACKWARD OMEGA   
    19     2     4    12   21.319 -157.670    10.0
     1 PRESSURE
     1     1    19     2     4    12     0     0     0.0   21.319 -157.670     10.0   1011.0
     1     1    19     2     4    11     0     1    -1.0   21.424 -157.493      9.7   1010.5
     1     1    19     2     4    10     0     2    -2.0   21.524 -157.305     10.0   1010.2
     1     1    19     2     4     9     0     3    -3.0   21.621 -157.108     11.2   1010.1
     1     1    19     2     4     8     0     2    -4.0   21.719 -156.913     12.7   1010.5
     1     1    19     2     4     7     0     1    -5.0   21.822 -156.726     13.2   1011.5
     1     1    19     2     4     6     0     0    -6.0   21.933 -156.548     13.0   1012.3
     1     1    19     2     4     5     0     1    -7.0   22.054 -156.372     12.8   1012.6
     1     1    19     2     4     4     0     2    -8.0   22.185 -156.195     12.8   1012.7
     1     1    19     2     4     3     0     3    -9.0   22.319 -156.023     12.8   1012.8
     1     1    19     2     4     2     0     2   -10.0   22.455 -155.858     12.8   1013.1
     1     1    19     2     4     1     0     1   -11.0   22.593 -155.704     12.8   1013.4
     1     1    19     2     4     0     0     0   -12.0   22.735 -155.559     12.8   1013.6
     1     1    19     2     3    23     0     1   -13.0   22.874 -155.418     12.8   1013.7
     1     1    19     2     3    22     0     2   -14.0   23.001 -155.275     12.8   1013.8
     1     1    19     2     3    21     0     3   -15.0   23.111 -155.129     12.8   1013.8
     1     1    19     2     3    20     0     2   -16.0   23.212 -154.981     12.9   1014.0
     1     1    19     2     3    19     0     1   -17.0   23.313 -154.828     13.1   1014.1
     1     1    19     2     3    18     0     0   -18.0   23.414 -154.669     13.7   1014.2
     1     1    19     2     3    17     0     1   -19.0   23.506 -154.500     14.5   1014.2
     1     1    19     2     3    16     0     2   -20.0   23.584 -154.320     15.2   1014.2
     1     1    19     2     3    15     0     3   -21.0   23.647 -154.130     15.8   1014.2
     1     1    19     2     3    14     0     2   -22.0   23.703 -153.931     16.3   1014.3
     1     1    19     2     3    13     0     1   -23.0   23.757 -153.722     16.6   1014.4
     1     1    19     2     3    12     0     0   -24.0   23.811 -153.504     16.7   1014.5
     1     1    19     2     3    11     0     1   -25.0   23.856 -153.272     16.7   1014.6
     1     1    19     2     3    10     0     2   -26.0   23.888 -153.021     16.7   1014.7
     1     1    19     2     3     9     0     3   -27.0   23.905 -152.751     16.7   1014.7
     1     1    19     2     3     8     0     2   -28.0   23.920 -152.465     16.7   1014.8
     1     1    19     2     3     7     0     1   -29.0   23.945 -152.167     16.7   1014.8
     1     1    19     2     3     6     0     0   -30.0   23.978 -151.853     16.7   1014.9
     1     1    19     2     3     5     0     1   -31.0   24.022 -151.536     16.7   1014.9
     1     1    19     2     3     4     0     2   -32.0   24.072 -151.236     16.7   1014.9
     1     1    19     2     3     3     0     3   -33.0   24.128 -150.958     16.7   1014.9
     1     1    19     2     3     2     0     2   -34.0   24.181 -150.689     16.6   1015.0
     1     1    19     2     3     1     0     1   -35.0   24.231 -150.410     16.0   1015.3
     1     1    19     2     3     0     0     0   -36.0   24.277 -150.120     14.7   1015.7
     1     1    19     2     2    23     0     1   -37.0   24.323 -149.816     13.3   1016.0
     1     1    19     2     2    22     0     2   -38.0   24.374 -149.497     12.5   1016.1
     1     1    19     2     2    21     0     3   -39.0   24.433 -149.164     12.3   1016.0
     1     1    19     2     2    20     0     2   -40.0   24.506 -148.825     12.3   1016.0
     1     1    19     2     2    19     0     1   -41.0   24.598 -148.490     12.3   1016.0
     1     1    19     2     2    18     0     0   -42.0   24.706 -148.163     12.3   1016.1
     1     1    19     2     2    17     0     1   -43.0   24.819 -147.842     12.3   1016.0
     1     1    19     2     2    16     0     2   -44.0   24.929 -147.524     12.3   1015.9
     1     1    19     2     2    15     0     3   -45.0   25.035 -147.204     12.4   1015.8
     1     1    19     2     2    14     0     2   -46.0   25.141 -146.882     12.5   1015.8
     1     1    19     2     2    13     0     1   -47.0   25.256 -146.558     12.8   1015.8
     1     1    19     2     2    12     0     0   -48.0   25.380 -146.233     13.3   1015.7
     1     1    19     2     2    11     0     1   -49.0   25.517 -145.906     13.7   1015.7
     1     1    19     2     2    10     0     2   -50.0   25.671 -145.576     13.9   1015.8
     1     1    19     2     2     9     0     3   -51.0   25.843 -145.245     14.0   1016.0
     1     1    19     2     2     8     0     2   -52.0   26.038 -144.924     14.0   1016.0
     1     1    19     2     2     7     0     1   -53.0   26.261 -144.627     14.0   1016.0
     1     1    19     2     2     6     0     0   -54.0   26.517 -144.358     14.0   1016.1
     1     1    19     2     2     5     0     1   -55.0   26.797 -144.116     14.0   1016.0
     1     1    19     2     2     4     0     2   -56.0   27.092 -143.900     14.0   1015.9
     1     1    19     2     2     3     0     3   -57.0   27.392 -143.708     14.0   1015.9
     1     1    19     2     2     2     0     2   -58.0   27.688 -143.542     14.0   1015.8
     1     1    19     2     2     1     0     1   -59.0   27.978 -143.399     14.0   1016.1
     1     1    19     2     2     0     0     0   -60.0   28.271 -143.279     14.0   1016.2
     1     1    19     2     1    23     0     1   -61.0   28.569 -143.169     14.0   1016.2
     1     1    19     2     1    22     0     2   -62.0   28.865 -143.062     14.0   1016.2
     1     1    19     2     1    21     0     3   -63.0   29.155 -142.960     14.0   1016.2
     1     1    19     2     1    20     0     2   -64.0   29.451 -142.861     14.3   1016.2
     1     1    19     2     1    19     0     1   -65.0   29.763 -142.769     14.8   1016.1
     1     1    19     2     1    18     0     0   -66.0   30.082 -142.685     15.1   1016.0
     1     1    19     2     1    17     0     1   -67.0   30.411 -142.605     15.1   1016.0
     1     1    19     2     1    16     0     2   -68.0   30.760 -142.519     15.1   1016.1
     1     1    19     2     1    15     0     3   -69.0   31.135 -142.423     15.2   1016.6
     1     1    19     2     1    14     0     2   -70.0   31.531 -142.340     16.0   1015.9
     1     1    19     2     1    13     0     1   -71.0   31.944 -142.297     18.1   1014.9
     1     1    19     2     1    12     0     0   -72.0   32.366 -142.293     20.9   1013.7
     1     1    19     2     1    11     0     1   -73.0   32.781 -142.315     22.4   1014.2
     1     1    19     2     1    10     0     2   -74.0   33.179 -142.345     22.7   1015.4
     1     1    19     2     1     9     0     3   -75.0   33.565 -142.372     22.7   1016.1
     1     1    19     2     1     8     0     2   -76.0   33.949 -142.403     22.7   1015.1
     1     1    19     2     1     7     0     1   -77.0   34.338 -142.449     22.7   1014.0
     1     1    19     2     1     6     0     0   -78.0   34.730 -142.506     22.7   1013.0
     1     1    19     2     1     5     0     1   -79.0   35.121 -142.576     22.7   1013.2
     1     1    19     2     1     4     0     2   -80.0   35.507 -142.657     22.7   1013.5
     1     1    19     2     1     3     0     3   -81.0   35.881 -142.738     22.7   1013.2
     1     1    19     2     1     2     0     2   -82.0   36.248 -142.831     22.5   1013.4
     1     1    19     2     1     1     0     1   -83.0   36.622 -142.948     21.8   1013.7
     1     1    19     2     1     0     0     0   -84.0   37.009 -143.083     20.6   1014.0
     1     1    19     1    31    23     0     1   -85.0   37.392 -143.227     19.4   1014.5
     1     1    19     1    31    22     0     2   -86.0   37.753 -143.375     18.3   1015.3
     1     1    19     1    31    21     0     3   -87.0   38.103 -143.535     17.2   1016.2
     1     1    19     1    31    20     0     2   -88.0   38.455 -143.711     16.4   1015.7
     1     1    19     1    31    19     0     1   -89.0   38.818 -143.912     16.1   1015.2
     1     1    19     1    31    18     0     0   -90.0   39.192 -144.146     16.0   1015.1
     1     1    19     1    31    17     0     1   -91.0   39.559 -144.407     15.8   1015.2
     1     1    19     1    31    16     0     2   -92.0   39.902 -144.693     15.3   1015.5
     1     1    19     1    31    15     0     3   -93.0   40.231 -145.017     14.5   1015.8
     1     1    19     1    31    14     0     2   -94.0   40.544 -145.356     13.8   1016.5
     1     1    19     1    31    13     0     1   -95.0   40.836 -145.687     13.5   1016.3
     1     1    19     1    31    12     0     0   -96.0   41.116 -146.026     13.5   1016.3
     1     1    19     1    31    11     0     1   -97.0   41.385 -146.364     13.5   1016.5
     1     1    19     1    31    10     0     2   -98.0   41.639 -146.681     13.5   1016.7
     1     1    19     1    31     9     0     3   -99.0   41.876 -146.983     13.5   1016.4
     1     1    19     1    31     8     0     2  -100.0   42.110 -147.286     13.5   1016.6
     1     1    19     1    31     7     0     1  -101.0   42.350 -147.603     13.5   1016.5
     1     1    19     1    31     6     0     0  -102.0   42.600 -147.930     13.5   1016.0
     1     1    19     1    31     5     0     1  -103.0   42.849 -148.269     13.7   1015.8
     1     1    19     1    31     4     0     2  -104.0   43.087 -148.628     14.2   1015.3
     1     1    19     1    31     3     0     3  -105.0   43.313 -149.012     14.4   1014.9
     1     1    19     1    31     2     0     2  -106.0   43.536 -149.415     14.6   1014.5
     1     1    19     1    31     1     0     1  -107.0   43.750 -149.820     14.9   1014.3
     1     1    19     1    31     0     0     0  -108.0   43.938 -150.219     15.1   1014.5
     1     1    19     1    30    23     0     1  -109.0   44.116 -150.600     15.2   1013.7
     1     1    19     1    30    22     0     2  -110.0   44.292 -150.955     15.3   1013.4
     1     1    19     1    30    21     0     3  -111.0   44.451 -151.282     15.4   1012.9
     1     1    19     1    30    20     0     2  -112.0   44.604 -151.586     15.6   1012.4
     1     1    19     1    30    19     0     1  -113.0   44.757 -151.870     16.9   1011.5
     1     1    19     1    30    18     0     0  -114.0   44.904 -152.125     19.4   1010.2
     1     1    19     1    30    17     0     1  -115.0   45.044 -152.366     22.1   1009.4
     1     1    19     1    30    16     0     2  -116.0   45.175 -152.610     24.0   1008.7
     1     1    19     1    30    15     0     3  -117.0   45.292 -152.864     26.4   1007.8
     1     1    19     1    30    14     0     2  -118.0   45.385 -153.109     28.5   1007.3
     1     1    19     1    30    13     0     1  -119.0   45.445 -153.331     28.9   1007.2
     1     1    19     1    30    12     0     0  -120.0   45.483 -153.542     27.8   1007.4
     1     1    19     1    30    11     0     1  -121.0   45.502 -153.747     26.8   1007.6
     1     1    19     1    30    10     0     2  -122.0   45.504 -153.939     26.5   1007.6
     1     1    19     1    30     9     0     3  -123.0   45.486 -154.105     26.6   1007.6
     1     1    19     1    30     8     0     2  -124.0   45.444 -154.260     26.9   1007.5
     1     1    19     1    30     7     0     1  -125.0   45.379 -154.423     27.2   1007.5
     1     1    19     1    30     6     0     0  -126.0   45.295 -154.588     27.3   1007.5
     1     1    19     1    30     5     0     1  -127.0   45.206 -154.751     27.3   1007.2
     1     1    19     1    30     4     0     2  -128.0   45.121 -154.913     27.3   1006.9
     1     1    19     1    30     3     0     3  -129.0   45.037 -155.072     27.3   1006.8
     1     1    19     1    30     2     0     2  -130.0   44.957 -155.257     27.3   1006.1
     1     1    19     1    30     1     0     1  -131.0   44.879 -155.495     27.3   1005.4
     1     1    19     1    30     0     0     0  -132.0   44.798 -155.779     27.3   1004.8
     1     1    19     1    29    23     0     1  -133.0   44.701 -156.096     27.3   1004.8
     1     1    19     1    29    22     0     2  -134.0   44.584 -156.429     27.3   1004.6
     1     1    19     1    29    21     0     3  -135.0   44.459 -156.770     27.3   1003.9
     1     1    19     1    29    20     0     2  -136.0   44.328 -157.117     27.3   1003.4
     1     1    19     1    29    19     0     1  -137.0   44.181 -157.464     27.3   1003.2
     1     1    19     1    29    18     0     0  -138.0   44.010 -157.802     27.3   1003.1
     1     1    19     1    29    17     0     1  -139.0   43.783 -158.124     26.9   1002.1
     1     1    19     1    29    16     0     2  -140.0   43.484 -158.447     25.8   1001.6
     1     1    19     1    29    15     0     3  -141.0   43.144 -158.804     24.5   1001.6
     1     1    19     1    29    14     0     2  -142.0   42.775 -159.162     21.4   1002.3
     1     1    19     1    29    13     0     1  -143.0   42.348 -159.462     16.3   1003.3
     1     1    19     1    29    12     0     0  -144.0   41.834 -159.708     10.7   1005.0
     1     1    19     1    29    11     0     1  -145.0   41.278 -159.903      5.8   1006.0
     1     1    19     1    29    10     0     2  -146.0   40.721 -160.035      2.2   1007.3
     1     1    19     1    29     9     0     3  -147.0   40.142 -160.106      0.0   1008.1
     1     1    19     1    29     8     0     2  -148.0   39.584 -160.146      0.0   1010.7
     1     1    19     1    29     7     0     1  -149.0   39.087 -160.167      0.0   1013.4
     1     1    19     1    29     6     0     0  -150.0   38.649 -160.167      0.0   1014.9
     1     1    19     1    29     5     0     1  -151.0   38.257 -160.157      0.0   1015.0
     1     1    19     1    29     4     0     2  -152.0   37.900 -160.152      0.0   1015.4
     1     1    19     1    29     3     0     3  -153.0   37.569 -160.157      0.0   1016.6
     1     1    19     1    29     2     0     2  -154.0   37.256 -160.175      0.0   1018.0
     1     1    19     1    29     1     0     1  -155.0   36.963 -160.203      0.0   1018.8
     1     1    19     1    29     0     0     0  -156.0   36.693 -160.236      0.0   1019.0
     1     1    19     1    28    23     0     1  -157.0   36.447 -160.262      0.0   1020.0
     1     1    19     1    28    22     0     2  -158.0   36.226 -160.275      0.0   1021.1
     1     1    19     1    28    21     0     3  -159.0   36.029 -160.273      0.0   1022.3
     1     1    19     1    28    20     0     2  -160.0   35.861 -160.258      0.0   1022.2
     1     1    19     1    28    19     0     1  -161.0   35.727 -160.230      0.0   1022.0
     1     1    19     1    28    18     0     0  -162.0   35.625 -160.191      0.0   1021.9
     1     1    19     1    28    17     0     1  -163.0   35.557 -160.149      0.0   1021.8
     1     1    19     1    28    16     0     2  -164.0   35.524 -160.108      0.0   1021.6
     1     1    19     1    28    15     0     3  -165.0   35.523 -160.069      0.0   1021.5
     1     1    19     1    28    14     0     2  -166.0   35.552 -160.032      0.1   1021.4
     1     1    19     1    28    13     0     1  -167.0   35.607 -159.995      0.3   1021.2
     1     1    19     1    28    12     0     0  -168.0   35.689 -159.959      0.5   1021.1
