     7     1
    GDAS    18    12     1     0     0
    GDAS    19     1     1     0     0
    GDAS    19     2     1     0     0
    GDAS    19     3     1     0     0
    GDAS    19     4     1     0     0
    GDAS    19     5     1     0     0
    GDAS    19     6     1     0     0
     1 BACKWARD OMEGA   
    19     5    14    12   21.319 -157.670    10.0
     1 PRESSURE
     1     1    19     5    14    12     0     0     0.0   21.319 -157.670     10.0   1015.4
     1     1    19     5    14    11     0     1    -1.0   21.404 -157.512     10.7   1014.5
     1     1    19     5    14    10     0     2    -2.0   21.491 -157.342     11.8   1013.7
     1     1    19     5    14     9     0     3    -3.0   21.578 -157.160     13.3   1013.0
     1     1    19     5    14     8     0     2    -4.0   21.661 -156.974     14.7   1013.1
     1     1    19     5    14     7     0     1    -5.0   21.742 -156.796     15.2   1014.2
     1     1    19     5    14     6     0     0    -6.0   21.819 -156.626     14.6   1015.1
     1     1    19     5    14     5     0     1    -7.0   21.887 -156.463     13.5   1015.5
     1     1    19     5    14     4     0     2    -8.0   21.941 -156.306     12.4   1015.8
     1     1    19     5    14     3     0     3    -9.0   21.977 -156.155     11.7   1015.7
     1     1    19     5    14     2     0     2   -10.0   22.010 -156.012     11.4   1015.9
     1     1    19     5    14     1     0     1   -11.0   22.055 -155.882     11.4   1016.0
     1     1    19     5    14     0     0     0   -12.0   22.115 -155.764     11.4   1016.1
     1     1    19     5    13    23     0     1   -13.0   22.164 -155.653     11.4   1015.9
     1     1    19     5    13    22     0     2   -14.0   22.181 -155.549     11.3   1015.7
     1     1    19     5    13    21     0     3   -15.0   22.166 -155.453     11.2   1015.6
     1     1    19     5    13    20     0     2   -16.0   22.132 -155.364     10.9   1015.7
     1     1    19     5    13    19     0     1   -17.0   22.091 -155.278     10.4   1015.9
     1     1    19     5    13    18     0     0   -18.0   22.041 -155.195      9.5   1016.1
     1     1    19     5    13    17     0     1   -19.0   21.975 -155.124      8.5   1015.9
     1     1    19     5    13    16     0     2   -20.0   21.894 -155.062      7.4   1015.7
     1     1    19     5    13    15     0     3   -21.0   21.799 -155.005      6.5   1015.5
     1     1    19     5    13    14     0     2   -22.0   21.701 -154.941      5.4   1015.5
     1     1    19     5    13    13     0     1   -23.0   21.610 -154.862      4.0   1015.6
     1     1    19     5    13    12     0     0   -24.0   21.524 -154.772      2.4   1015.7
     1     1    19     5    13    11     0     1   -25.0   21.442 -154.672      0.9   1015.5
     1     1    19     5    13    10     0     2   -26.0   21.361 -154.563      0.0   1015.4
     1     1    19     5    13     9     0     3   -27.0   21.277 -154.446      0.0   1015.2
     1     1    19     5    13     8     0     2   -28.0   21.191 -154.318      0.0   1015.2
     1     1    19     5    13     7     0     1   -29.0   21.106 -154.182      0.0   1015.2
     1     1    19     5    13     6     0     0   -30.0   21.025 -154.037      0.0   1015.2
     1     1    19     5    13     5     0     1   -31.0   20.954 -153.894      0.0   1015.0
     1     1    19     5    13     4     0     2   -32.0   20.901 -153.766      0.0   1014.8
     1     1    19     5    13     3     0     3   -33.0   20.861 -153.649      0.0   1014.6
     1     1    19     5    13     2     0     2   -34.0   20.820 -153.539      0.0   1014.6
     1     1    19     5    13     1     0     1   -35.0   20.766 -153.430      0.0   1014.6
     1     1    19     5    13     0     0     0   -36.0   20.698 -153.320      0.0   1014.7
     1     1    19     5    12    23     0     1   -37.0   20.617 -153.203      0.0   1014.5
     1     1    19     5    12    22     0     2   -38.0   20.525 -153.074      0.0   1014.4
     1     1    19     5    12    21     0     3   -39.0   20.424 -152.933      0.0   1014.2
     1     1    19     5    12    20     0     2   -40.0   20.324 -152.786      0.0   1014.2
     1     1    19     5    12    19     0     1   -41.0   20.230 -152.634      0.0   1014.2
     1     1    19     5    12    18     0     0   -42.0   20.144 -152.475      0.0   1014.2
     1     1    19     5    12    17     0     1   -43.0   20.061 -152.306      0.0   1014.1
     1     1    19     5    12    16     0     2   -44.0   19.976 -152.131      0.0   1013.9
     1     1    19     5    12    15     0     3   -45.0   19.890 -151.952      0.0   1013.7
     1     1    19     5    12    14     0     2   -46.0   19.807 -151.768      0.0   1013.7
     1     1    19     5    12    13     0     1   -47.0   19.730 -151.576      0.0   1013.7
     1     1    19     5    12    12     0     0   -48.0   19.661 -151.376      0.0   1013.6
     1     1    19     5    12    11     0     1   -49.0   19.601 -151.175      0.0   1014.7
     1     1    19     5    12    10     0     2   -50.0   19.551 -150.980      0.0   1015.8
     1     1    19     5    12     9     0     3   -51.0   19.505 -150.790      0.0   1016.9
     1     1    19     5    12     8     0     2   -52.0   19.470 -150.599      0.0   1016.5
     1     1    19     5    12     7     0     1   -53.0   19.447 -150.407      0.0   1016.3
     1     1    19     5    12     6     0     0   -54.0   19.432 -150.213      0.0   1016.3
     1     1    19     5    12     5     0     1   -55.0   19.417 -150.023      0.0   1015.7
     1     1    19     5    12     4     0     2   -56.0   19.404 -149.840      0.0   1014.9
     1     1    19     5    12     3     0     3   -57.0   19.395 -149.667      0.0   1014.4
     1     1    19     5    12     2     0     2   -58.0   19.386 -149.499      0.0   1014.4
     1     1    19     5    12     1     0     1   -59.0   19.371 -149.331      0.0   1014.1
     1     1    19     5    12     0     0     0   -60.0   19.351 -149.163      0.0   1013.5
     1     1    19     5    11    23     0     1   -61.0   19.324 -148.991      0.0   1014.1
     1     1    19     5    11    22     0     2   -62.0   19.287 -148.813      0.0   1014.7
     1     1    19     5    11    21     0     3   -63.0   19.241 -148.631      0.0   1015.5
     1     1    19     5    11    20     0     2   -64.0   19.192 -148.443      0.2   1015.5
     1     1    19     5    11    19     0     1   -65.0   19.145 -148.246      0.7   1015.5
     1     1    19     5    11    18     0     0   -66.0   19.102 -148.042      1.6   1015.4
     1     1    19     5    11    17     0     1   -67.0   19.063 -147.831      2.5   1015.3
     1     1    19     5    11    16     0     2   -68.0   19.030 -147.617      3.1   1015.2
     1     1    19     5    11    15     0     3   -69.0   19.000 -147.400      3.2   1015.1
     1     1    19     5    11    14     0     2   -70.0   18.975 -147.183      3.2   1015.1
     1     1    19     5    11    13     0     1   -71.0   18.954 -146.965      3.2   1015.1
     1     1    19     5    11    12     0     0   -72.0   18.939 -146.747      3.2   1015.1
     1     1    19     5    11    11     0     1   -73.0   18.928 -146.529      3.2   1015.2
     1     1    19     5    11    10     0     2   -74.0   18.924 -146.315      3.2   1015.3
     1     1    19     5    11     9     0     3   -75.0   18.927 -146.102      3.2   1015.4
     1     1    19     5    11     8     0     2   -76.0   18.936 -145.891      3.2   1015.5
     1     1    19     5    11     7     0     1   -77.0   18.951 -145.681      3.2   1015.6
     1     1    19     5    11     6     0     0   -78.0   18.969 -145.472      3.2   1015.8
     1     1    19     5    11     5     0     1   -79.0   18.992 -145.264      3.4   1014.7
     1     1    19     5    11     4     0     2   -80.0   19.020 -145.057      4.0   1013.7
     1     1    19     5    11     3     0     3   -81.0   19.052 -144.850      5.0   1012.8
     1     1    19     5    11     2     0     2   -82.0   19.088 -144.640      6.0   1013.1
     1     1    19     5    11     1     0     1   -83.0   19.126 -144.428      6.6   1013.4
     1     1    19     5    11     0     0     0   -84.0   19.166 -144.214      6.8   1013.6
     1     1    19     5    10    23     0     1   -85.0   19.208 -143.998      6.8   1013.8
     1     1    19     5    10    22     0     2   -86.0   19.253 -143.784      6.8   1014.1
     1     1    19     5    10    21     0     3   -87.0   19.299 -143.573      6.8   1014.4
     1     1    19     5    10    20     0     2   -88.0   19.347 -143.364      6.8   1014.8
     1     1    19     5    10    19     0     1   -89.0   19.396 -143.156      6.8   1015.2
     1     1    19     5    10    18     0     0   -90.0   19.447 -142.948      6.9   1015.6
     1     1    19     5    10    17     0     1   -91.0   19.499 -142.742      7.1   1014.9
     1     1    19     5    10    16     0     2   -92.0   19.550 -142.538      7.6   1014.1
     1     1    19     5    10    15     0     3   -93.0   19.602 -142.335      8.5   1013.4
     1     1    19     5    10    14     0     2   -94.0   19.657 -142.135      9.4   1013.7
     1     1    19     5    10    13     0     1   -95.0   19.717 -141.941      9.9   1014.1
     1     1    19     5    10    12     0     0   -96.0   19.781 -141.752     10.1   1014.3
     1     1    19     5    10    11     0     1   -97.0   19.846 -141.569     10.1   1014.8
     1     1    19     5    10    10     0     2   -98.0   19.911 -141.387     10.1   1015.2
     1     1    19     5    10     9     0     3   -99.0   19.977 -141.206     10.1   1015.6
     1     1    19     5    10     8     0     2  -100.0   20.048 -141.027     10.1   1015.8
     1     1    19     5    10     7     0     1  -101.0   20.121 -140.848     10.1   1016.1
     1     1    19     5    10     6     0     0  -102.0   20.198 -140.669     10.1   1016.3
     1     1    19     5    10     5     0     1  -103.0   20.273 -140.494     10.1   1015.9
     1     1    19     5    10     4     0     2  -104.0   20.346 -140.325     10.1   1015.4
     1     1    19     5    10     3     0     3  -105.0   20.416 -140.162     10.1   1014.8
     1     1    19     5    10     2     0     2  -106.0   20.484 -140.000     10.1   1014.3
     1     1    19     5    10     1     0     1  -107.0   20.546 -139.840      9.9   1014.1
     1     1    19     5    10     0     0     0  -108.0   20.602 -139.683      9.6   1013.7
     1     1    19     5     9    23     0     1  -109.0   20.656 -139.527      9.2   1014.7
     1     1    19     5     9    22     0     2  -110.0   20.712 -139.371      9.0   1015.7
     1     1    19     5     9    21     0     3  -111.0   20.770 -139.216      8.8   1016.7
     1     1    19     5     9    20     0     2  -112.0   20.831 -139.066      8.7   1016.9
     1     1    19     5     9    19     0     1  -113.0   20.892 -138.922      8.7   1017.0
     1     1    19     5     9    18     0     0  -114.0   20.950 -138.788      8.7   1017.2
     1     1    19     5     9    17     0     1  -115.0   20.999 -138.662      8.7   1017.1
     1     1    19     5     9    16     0     2  -116.0   21.035 -138.543      8.7   1016.9
     1     1    19     5     9    15     0     3  -117.0   21.058 -138.430      8.7   1016.8
     1     1    19     5     9    14     0     2  -118.0   21.073 -138.318      8.7   1016.8
     1     1    19     5     9    13     0     1  -119.0   21.085 -138.202      8.7   1016.8
     1     1    19     5     9    12     0     0  -120.0   21.094 -138.082      8.7   1016.8
     1     1    19     5     9    11     0     1  -121.0   21.102 -137.958      8.7   1016.9
     1     1    19     5     9    10     0     2  -122.0   21.110 -137.833      8.7   1017.0
     1     1    19     5     9     9     0     3  -123.0   21.117 -137.707      8.6   1017.0
     1     1    19     5     9     8     0     2  -124.0   21.120 -137.578      8.5   1017.1
     1     1    19     5     9     7     0     1  -125.0   21.120 -137.447      8.5   1017.2
     1     1    19     5     9     6     0     0  -126.0   21.114 -137.313      8.5   1017.3
     1     1    19     5     9     5     0     1  -127.0   21.102 -137.180      8.5   1017.1
     1     1    19     5     9     4     0     2  -128.0   21.079 -137.050      8.5   1017.0
     1     1    19     5     9     3     0     3  -129.0   21.046 -136.923      8.5   1016.9
     1     1    19     5     9     2     0     2  -130.0   21.006 -136.793      8.5   1017.0
     1     1    19     5     9     1     0     1  -131.0   20.964 -136.658      8.5   1017.2
     1     1    19     5     9     0     0     0  -132.0   20.921 -136.519      8.5   1017.3
     1     1    19     5     8    23     0     1  -133.0   20.878 -136.374      8.5   1017.4
     1     1    19     5     8    22     0     2  -134.0   20.832 -136.222      8.5   1017.4
     1     1    19     5     8    21     0     3  -135.0   20.783 -136.063      8.5   1017.4
     1     1    19     5     8    20     0     2  -136.0   20.736 -135.903      8.5   1017.5
     1     1    19     5     8    19     0     1  -137.0   20.694 -135.743      8.5   1017.5
     1     1    19     5     8    18     0     0  -138.0   20.655 -135.584      8.5   1017.6
     1     1    19     5     8    17     0     1  -139.0   20.614 -135.425      8.5   1017.6
     1     1    19     5     8    16     0     2  -140.0   20.570 -135.261      8.5   1017.6
     1     1    19     5     8    15     0     3  -141.0   20.520 -135.091      8.5   1017.7
     1     1    19     5     8    14     0     2  -142.0   20.468 -134.913      8.5   1017.7
     1     1    19     5     8    13     0     1  -143.0   20.420 -134.727      8.5   1017.8
     1     1    19     5     8    12     0     0  -144.0   20.377 -134.533      8.5   1017.8
     1     1    19     5     8    11     0     1  -145.0   20.340 -134.333      8.5   1017.8
     1     1    19     5     8    10     0     2  -146.0   20.306 -134.125      8.5   1017.7
     1     1    19     5     8     9     0     3  -147.0   20.277 -133.911      8.5   1017.6
     1     1    19     5     8     8     0     2  -148.0   20.251 -133.698      8.5   1017.7
     1     1    19     5     8     7     0     1  -149.0   20.225 -133.489      8.5   1017.8
     1     1    19     5     8     6     0     0  -150.0   20.195 -133.282      8.5   1017.9
     1     1    19     5     8     5     0     1  -151.0   20.158 -133.070      8.5   1017.6
     1     1    19     5     8     4     0     2  -152.0   20.113 -132.858      8.5   1017.4
     1     1    19     5     8     3     0     3  -153.0   20.066 -132.652      8.5   1017.2
     1     1    19     5     8     2     0     2  -154.0   20.015 -132.446      8.5   1016.1
     1     1    19     5     8     1     0     1  -155.0   19.963 -132.233      8.5   1014.9
     1     1    19     5     8     0     0     0  -156.0   19.915 -132.010      8.5   1013.8
     1     1    19     5     7    23     0     1  -157.0   19.869 -131.769      8.5   1014.7
     1     1    19     5     7    22     0     2  -158.0   19.826 -131.502      8.5   1015.6
     1     1    19     5     7    21     0     3  -159.0   19.797 -131.215      8.5   1016.7
     1     1    19     5     7    20     0     2  -160.0   19.787 -130.923      8.5   1017.0
     1     1    19     5     7    19     0     1  -161.0   19.794 -130.633      8.5   1017.2
     1     1    19     5     7    18     0     0  -162.0   19.812 -130.345      8.5   1017.3
     1     1    19     5     7    17     0     1  -163.0   19.840 -130.064      8.5   1017.1
     1     1    19     5     7    16     0     2  -164.0   19.871 -129.792      8.5   1016.8
     1     1    19     5     7    15     0     3  -165.0   19.906 -129.531      8.5   1016.6
     1     1    19     5     7    14     0     2  -166.0   19.943 -129.280      8.5   1016.6
     1     1    19     5     7    13     0     1  -167.0   19.977 -129.040      8.5   1016.7
     1     1    19     5     7    12     0     0  -168.0   20.007 -128.811      8.5   1016.8
