     7     1
    GDAS    18    12     1     0     0
    GDAS    19     1     1     0     0
    GDAS    19     2     1     0     0
    GDAS    19     3     1     0     0
    GDAS    19     4     1     0     0
    GDAS    19     5     1     0     0
    GDAS    19     6     1     0     0
     1 BACKWARD OMEGA   
    19     3    27     6   21.319 -157.670    10.0
     1 PRESSURE
     1     1    19     3    27     6     0     0     0.0   21.319 -157.670     10.0   1013.9
     1     1    19     3    27     5     0     1    -1.0   21.393 -157.475     12.7   1012.9
     1     1    19     3    27     4     0     2    -2.0   21.458 -157.279     17.4   1011.7
     1     1    19     3    27     3     0     3    -3.0   21.521 -157.081     25.0   1010.4
     1     1    19     3    27     2     0     2    -4.0   21.579 -156.888     33.5   1009.8
     1     1    19     3    27     1     0     1    -5.0   21.630 -156.704     38.9   1010.3
     1     1    19     3    27     0     0     0    -6.0   21.676 -156.522     40.6   1011.1
     1     1    19     3    26    23     0     1    -7.0   21.714 -156.336     40.2   1012.5
     1     1    19     3    26    22     0     2    -8.0   21.737 -156.145     39.2   1013.7
     1     1    19     3    26    21     0     3    -9.0   21.748 -155.955     38.2   1014.8
     1     1    19     3    26    20     0     2   -10.0   21.758 -155.763     37.2   1014.7
     1     1    19     3    26    19     0     1   -11.0   21.778 -155.565     36.5   1014.6
     1     1    19     3    26    18     0     0   -12.0   21.812 -155.364     36.1   1014.6
     1     1    19     3    26    17     0     1   -13.0   21.866 -155.160     35.9   1014.6
     1     1    19     3    26    16     0     2   -14.0   21.941 -154.955     35.8   1014.6
     1     1    19     3    26    15     0     3   -15.0   22.034 -154.750     35.8   1014.5
     1     1    19     3    26    14     0     2   -16.0   22.126 -154.540     35.5   1014.6
     1     1    19     3    26    13     0     1   -17.0   22.213 -154.325     34.2   1014.8
     1     1    19     3    26    12     0     0   -18.0   22.298 -154.107     31.7   1015.2
     1     1    19     3    26    11     0     1   -19.0   22.385 -153.886     29.3   1015.9
     1     1    19     3    26    10     0     2   -20.0   22.474 -153.664     28.2   1016.2
     1     1    19     3    26     9     0     3   -21.0   22.566 -153.438     27.9   1016.4
     1     1    19     3    26     8     0     2   -22.0   22.661 -153.209     27.9   1016.4
     1     1    19     3    26     7     0     1   -23.0   22.761 -152.976     27.9   1016.4
     1     1    19     3    26     6     0     0   -24.0   22.867 -152.741     27.9   1016.4
     1     1    19     3    26     5     0     1   -25.0   22.979 -152.506     27.9   1016.4
     1     1    19     3    26     4     0     2   -26.0   23.096 -152.275     27.9   1016.5
     1     1    19     3    26     3     0     3   -27.0   23.218 -152.052     27.9   1016.5
     1     1    19     3    26     2     0     2   -28.0   23.340 -151.836     27.9   1016.7
     1     1    19     3    26     1     0     1   -29.0   23.461 -151.624     27.9   1016.7
     1     1    19     3    26     0     0     0   -30.0   23.583 -151.419     27.9   1016.6
     1     1    19     3    25    23     0     1   -31.0   23.703 -151.216     27.7   1017.2
     1     1    19     3    25    22     0     2   -32.0   23.821 -151.010     27.3   1017.9
     1     1    19     3    25    21     0     3   -33.0   23.933 -150.801     27.0   1018.4
     1     1    19     3    25    20     0     2   -34.0   24.046 -150.589     26.9   1018.7
     1     1    19     3    25    19     0     1   -35.0   24.168 -150.374     26.9   1019.0
     1     1    19     3    25    18     0     0   -36.0   24.299 -150.155     26.9   1019.2
     1     1    19     3    25    17     0     1   -37.0   24.435 -149.939     26.6   1018.8
     1     1    19     3    25    16     0     2   -38.0   24.574 -149.732     25.7   1018.8
     1     1    19     3    25    15     0     3   -39.0   24.715 -149.535     24.3   1019.2
     1     1    19     3    25    14     0     2   -40.0   24.864 -149.345     22.8   1019.2
     1     1    19     3    25    13     0     1   -41.0   25.024 -149.162     21.9   1018.9
     1     1    19     3    25    12     0     0   -42.0   25.199 -148.983     21.5   1018.0
     1     1    19     3    25    11     0     1   -43.0   25.386 -148.812     21.5   1018.4
     1     1    19     3    25    10     0     2   -44.0   25.579 -148.650     21.5   1018.9
     1     1    19     3    25     9     0     3   -45.0   25.774 -148.499     21.5   1019.3
     1     1    19     3    25     8     0     2   -46.0   25.976 -148.362     21.5   1019.5
     1     1    19     3    25     7     0     1   -47.0   26.188 -148.243     21.5   1019.7
     1     1    19     3    25     6     0     0   -48.0   26.412 -148.142     21.5   1019.9
     1     1    19     3    25     5     0     1   -49.0   26.639 -148.054     21.5   1020.1
     1     1    19     3    25     4     0     2   -50.0   26.861 -147.979     21.5   1020.4
     1     1    19     3    25     3     0     3   -51.0   27.078 -147.917     21.5   1020.7
     1     1    19     3    25     2     0     2   -52.0   27.297 -147.872     21.5   1021.0
     1     1    19     3    25     1     0     1   -53.0   27.524 -147.846     21.5   1021.3
     1     1    19     3    25     0     0     0   -54.0   27.756 -147.836     21.5   1021.6
     1     1    19     3    24    23     0     1   -55.0   27.987 -147.841     21.5   1021.7
     1     1    19     3    24    22     0     2   -56.0   28.216 -147.859     21.5   1021.8
     1     1    19     3    24    21     0     3   -57.0   28.445 -147.890     21.5   1021.9
     1     1    19     3    24    20     0     2   -58.0   28.677 -147.935     21.5   1022.1
     1     1    19     3    24    19     0     1   -59.0   28.915 -147.994     21.5   1022.2
     1     1    19     3    24    18     0     0   -60.0   29.160 -148.066     21.5   1022.4
     1     1    19     3    24    17     0     1   -61.0   29.407 -148.151     21.5   1021.5
     1     1    19     3    24    16     0     2   -62.0   29.648 -148.249     21.5   1020.8
     1     1    19     3    24    15     0     3   -63.0   29.883 -148.356     21.5   1020.3
     1     1    19     3    24    14     0     2   -64.0   30.118 -148.473     21.5   1020.4
     1     1    19     3    24    13     0     1   -65.0   30.358 -148.602     21.5   1020.1
     1     1    19     3    24    12     0     0   -66.0   30.601 -148.740     21.5   1019.6
     1     1    19     3    24    11     0     1   -67.0   30.854 -148.889     21.5   1020.6
     1     1    19     3    24    10     0     2   -68.0   31.126 -149.049     21.5   1021.7
     1     1    19     3    24     9     0     3   -69.0   31.411 -149.218     21.5   1022.8
     1     1    19     3    24     8     0     2   -70.0   31.692 -149.405     21.5   1022.0
     1     1    19     3    24     7     0     1   -71.0   31.964 -149.623     21.5   1021.8
     1     1    19     3    24     6     0     0   -72.0   32.236 -149.873     21.5   1022.2
     1     1    19     3    24     5     0     1   -73.0   32.505 -150.142     21.5   1021.9
     1     1    19     3    24     4     0     2   -74.0   32.763 -150.421     21.5   1021.2
     1     1    19     3    24     3     0     3   -75.0   33.018 -150.715     21.5   1021.0
     1     1    19     3    24     2     0     2   -76.0   33.267 -151.017     21.7   1021.5
     1     1    19     3    24     1     0     1   -77.0   33.502 -151.317     22.3   1020.9
     1     1    19     3    24     0     0     0   -78.0   33.719 -151.623     23.9   1020.4
     1     1    19     3    23    23     0     1   -79.0   33.929 -151.935     26.1   1020.7
     1     1    19     3    23    22     0     2   -80.0   34.149 -152.243     27.9   1020.4
     1     1    19     3    23    21     0     3   -81.0   34.378 -152.545     29.6   1020.1
     1     1    19     3    23    20     0     2   -82.0   34.618 -152.852     32.5   1019.5
     1     1    19     3    23    19     0     1   -83.0   34.873 -153.175     36.9   1018.7
     1     1    19     3    23    18     0     0   -84.0   35.141 -153.514     42.1   1017.7
     1     1    19     3    23    17     0     1   -85.0   35.412 -153.866     46.1   1016.8
     1     1    19     3    23    16     0     2   -86.0   35.676 -154.234     48.4   1016.4
     1     1    19     3    23    15     0     3   -87.0   35.942 -154.629     51.4   1016.0
     1     1    19     3    23    14     0     2   -88.0   36.209 -155.041     55.6   1015.0
     1     1    19     3    23    13     0     1   -89.0   36.466 -155.456     58.0   1013.8
     1     1    19     3    23    12     0     0   -90.0   36.715 -155.876     58.5   1013.8
     1     1    19     3    23    11     0     1   -91.0   36.970 -156.310     58.5   1013.9
     1     1    19     3    23    10     0     2   -92.0   37.228 -156.758     58.5   1013.6
     1     1    19     3    23     9     0     3   -93.0   37.479 -157.212     58.5   1013.5
     1     1    19     3    23     8     0     2   -94.0   37.727 -157.670     60.4   1012.9
     1     1    19     3    23     7     0     1   -95.0   37.984 -158.144     66.5   1011.7
     1     1    19     3    23     6     0     0   -96.0   38.249 -158.641     72.9   1009.3
     1     1    19     3    23     5     0     1   -97.0   38.515 -159.160     75.2   1008.0
     1     1    19     3    23     4     0     2   -98.0   38.779 -159.698     78.4   1007.7
     1     1    19     3    23     3     0     3   -99.0   39.042 -160.263     90.0   1005.6
     1     1    19     3    23     2     0     2  -100.0   39.306 -160.846    106.4   1002.6
     1     1    19     3    23     1     0     1  -101.0   39.565 -161.432    116.8   1000.9
     1     1    19     3    23     0     0     0  -102.0   39.807 -162.029    120.7   1000.2
     1     1    19     3    22    23     0     1  -103.0   40.052 -162.621    122.1   1000.1
     1     1    19     3    22    22     0     2  -104.0   40.312 -163.182    123.8    999.6
     1     1    19     3    22    21     0     3  -105.0   40.573 -163.709    125.8    999.0
     1     1    19     3    22    20     0     2  -106.0   40.844 -164.226    128.4    997.9
     1     1    19     3    22    19     0     1  -107.0   41.138 -164.753    131.3    996.8
     1     1    19     3    22    18     0     0  -108.0   41.450 -165.294    135.3    995.6
     1     1    19     3    22    17     0     1  -109.0   41.768 -165.845    140.7    993.7
     1     1    19     3    22    16     0     2  -110.0   42.096 -166.376    147.9    991.5
     1     1    19     3    22    15     0     3  -111.0   42.434 -166.887    158.3    989.1
     1     1    19     3    22    14     0     2  -112.0   42.763 -167.397    169.7    986.4
     1     1    19     3    22    13     0     1  -113.0   43.083 -167.884    182.0    984.4
     1     1    19     3    22    12     0     0  -114.0   43.401 -168.349    196.1    981.6
     1     1    19     3    22    11     0     1  -115.0   43.706 -168.802    211.6    979.3
     1     1    19     3    22    10     0     2  -116.0   43.996 -169.181    231.7    976.6
     1     1    19     3    22     9     0     3  -117.0   44.283 -169.470    252.8    973.1
     1     1    19     3    22     8     0     2  -118.0   44.564 -169.736    265.9    970.2
     1     1    19     3    22     7     0     1  -119.0   44.836 -170.003    276.3    968.9
     1     1    19     3    22     6     0     0  -120.0   45.098 -170.254    296.3    966.1
     1     1    19     3    22     5     0     1  -121.0   45.348 -170.437    320.4    960.9
     1     1    19     3    22     4     0     2  -122.0   45.578 -170.530    340.6    957.9
     1     1    19     3    22     3     0     3  -123.0   45.778 -170.569    360.9    955.2
     1     1    19     3    22     2     0     2  -124.0   45.935 -170.627    381.9    953.1
     1     1    19     3    22     1     0     1  -125.0   46.042 -170.732    401.4    951.5
     1     1    19     3    22     0     0     0  -126.0   46.109 -170.859    421.6    949.5
     1     1    19     3    21    23     0     1  -127.0   46.154 -171.009    443.6    947.9
     1     1    19     3    21    22     0     2  -128.0   46.196 -171.193    467.5    945.4
     1     1    19     3    21    21     0     3  -129.0   46.229 -171.402    490.0    943.1
     1     1    19     3    21    20     0     2  -130.0   46.261 -171.655    514.1    941.5
     1     1    19     3    21    19     0     1  -131.0   46.298 -171.972    545.8    938.7
     1     1    19     3    21    18     0     0  -132.0   46.330 -172.347    585.6    934.8
     1     1    19     3    21    17     0     1  -133.0   46.361 -172.749    627.3    929.9
     1     1    19     3    21    16     0     2  -134.0   46.401 -173.167    664.2    925.7
     1     1    19     3    21    15     0     3  -135.0   46.444 -173.611    695.5    922.4
     1     1    19     3    21    14     0     2  -136.0   46.488 -174.063    722.3    919.7
     1     1    19     3    21    13     0     1  -137.0   46.537 -174.508    744.1    917.4
     1     1    19     3    21    12     0     0  -138.0   46.588 -174.948    761.5    916.1
     1     1    19     3    21    11     0     1  -139.0   46.645 -175.379    781.1    914.6
     1     1    19     3    21    10     0     2  -140.0   46.718 -175.794    808.3    911.8
     1     1    19     3    21     9     0     3  -141.0   46.809 -176.198    845.6    908.1
     1     1    19     3    21     8     0     2  -142.0   46.911 -176.593    885.4    902.6
     1     1    19     3    21     7     0     1  -143.0   47.016 -176.984    916.6    898.9
     1     1    19     3    21     6     0     0  -144.0   47.126 -177.372    941.1    896.4
     1     1    19     3    21     5     0     1  -145.0   47.237 -177.757    964.6    893.6
     1     1    19     3    21     4     0     2  -146.0   47.347 -178.139    991.4    890.3
     1     1    19     3    21     3     0     3  -147.0   47.463 -178.520   1023.3    886.4
     1     1    19     3    21     2     0     2  -148.0   47.580 -178.891   1059.6    882.3
     1     1    19     3    21     1     0     1  -149.0   47.691 -179.244   1096.2    877.9
     1     1    19     3    21     0     0     0  -150.0   47.796 -179.579   1131.5    874.3
     1     1    19     3    20    23     0     1  -151.0   47.890 -179.897   1171.0    870.4
     1     1    19     3    20    22     0     2  -152.0   47.964  179.803   1217.5    864.6
     1     1    19     3    20    21     0     3  -153.0   48.022  179.521   1268.9    858.5
     1     1    19     3    20    20     0     2  -154.0   48.071  179.256   1315.9    852.4
     1     1    19     3    20    19     0     1  -155.0   48.107  179.009   1346.2    849.0
     1     1    19     3    20    18     0     0  -156.0   48.125  178.778   1360.7    848.0
     1     1    19     3    20    17     0     1  -157.0   48.136  178.551   1369.6    848.0
     1     1    19     3    20    16     0     2  -158.0   48.145  178.319   1381.5    847.1
     1     1    19     3    20    15     0     3  -159.0   48.141  178.088   1397.8    845.7
     1     1    19     3    20    14     0     2  -160.0   48.126  177.866   1412.7    844.0
     1     1    19     3    20    13     0     1  -161.0   48.115  177.653   1421.5    843.5
     1     1    19     3    20    12     0     0  -162.0   48.103  177.443   1424.5    843.7
     1     1    19     3    20    11     0     1  -163.0   48.104  177.232   1424.4    844.4
     1     1    19     3    20    10     0     2  -164.0   48.128  177.020   1424.2    844.8
     1     1    19     3    20     9     0     3  -165.0   48.171  176.811   1424.2    845.1
     1     1    19     3    20     8     0     2  -166.0   48.230  176.600   1424.1    845.2
     1     1    19     3    20     7     0     1  -167.0   48.302  176.382   1423.7    845.4
     1     1    19     3    20     6     0     0  -168.0   48.385  176.160   1423.2    845.7
