     7     1
    GDAS    19     6     1     0     0
    GDAS    19     7     1     0     0
    GDAS    19     8     1     0     0
    GDAS    19     9     1     0     0
    GDAS    19    10     1     0     0
    GDAS    19    11     1     0     0
    GDAS    19    12     1     0     0
     1 BACKWARD OMEGA   
    19    11     5    18   21.319 -157.670    10.0
     1 PRESSURE
     1     1    19    11     5    18     0     0     0.0   21.319 -157.670     10.0   1010.7
     1     1    19    11     5    17     0     1    -1.0   21.328 -157.588     18.0   1009.3
     1     1    19    11     5    16     0     2    -2.0   21.339 -157.512     35.4   1006.5
     1     1    19    11     5    15     0     3    -3.0   21.352 -157.442     65.6   1002.7
     1     1    19    11     5    14     0     2    -4.0   21.359 -157.380     99.5    996.9
     1     1    19    11     5    13     0     1    -5.0   21.358 -157.326    130.0    993.4
     1     1    19    11     5    12     0     0    -6.0   21.349 -157.282    156.0    989.9
     1     1    19    11     5    11     0     1    -7.0   21.336 -157.241    183.4    987.2
     1     1    19    11     5    10     0     2    -8.0   21.317 -157.198    219.2    983.0
     1     1    19    11     5     9     0     3    -9.0   21.295 -157.151    265.9    978.1
     1     1    19    11     5     8     0     2   -10.0   21.271 -157.103    312.9    970.5
     1     1    19    11     5     7     0     1   -11.0   21.247 -157.053    349.8    965.8
     1     1    19    11     5     6     0     0   -12.0   21.222 -157.001    377.3    962.2
     1     1    19    11     5     5     0     1   -13.0   21.198 -156.959    386.3    959.8
     1     1    19    11     5     4     0     2   -14.0   21.181 -156.945    368.4    961.0
     1     1    19    11     5     3     0     3   -15.0   21.173 -156.963    326.2    964.8
     1     1    19    11     5     2     0     2   -16.0   21.156 -157.016    281.0    972.0
     1     1    19    11     5     1     0     1   -17.0   21.105 -157.088    251.0    975.4
     1     1    19    11     5     0     0     0   -18.0   21.021 -157.170    232.9    977.0
     1     1    19    11     4    23     0     1   -19.0   20.924 -157.234    223.7    979.7
     1     1    19    11     4    22     0     2   -20.0   20.835 -157.255    222.0    981.1
     1     1    19    11     4    21     0     3   -21.0   20.752 -157.240    226.3    981.7
     1     1    19    11     4    20     0     2   -22.0   20.678 -157.209    240.5    981.0
     1     1    19    11     4    19     0     1   -23.0   20.612 -157.178    269.3    978.4
     1     1    19    11     4    18     0     0   -24.0   20.555 -157.151    312.6    973.4
     1     1    19    11     4    17     0     1   -25.0   20.505 -157.132    358.4    966.6
     1     1    19    11     4    16     0     2   -26.0   20.466 -157.118    395.1    962.4
     1     1    19    11     4    15     0     3   -27.0   20.439 -157.110    423.0    959.1
     1     1    19    11     4    14     0     2   -28.0   20.410 -157.103    445.4    957.0
     1     1    19    11     4    13     0     1   -29.0   20.362 -157.097    465.0    954.9
     1     1    19    11     4    12     0     0   -30.0   20.297 -157.089    479.8    953.5
     1     1    19    11     4    11     0     1   -31.0   20.222 -157.080    492.6    953.8
     1     1    19    11     4    10     0     2   -32.0   20.140 -157.068    508.2    953.3
     1     1    19    11     4     9     0     3   -33.0   20.050 -157.051    527.0    952.7
     1     1    19    11     4     8     0     2   -34.0   19.950 -157.032    545.8    950.5
     1     1    19    11     4     7     0     1   -35.0   19.845 -157.011    564.2    948.7
     1     1    19    11     4     6     0     0   -36.0   19.737 -156.990    587.9    946.3
     1     1    19    11     4     5     0     1   -37.0   19.630 -156.968    613.1    942.8
     1     1    19    11     4     4     0     2   -38.0   19.528 -156.945    630.6    940.4
     1     1    19    11     4     3     0     3   -39.0   19.430 -156.922    635.4    939.2
     1     1    19    11     4     2     0     2   -40.0   19.330 -156.892    642.0    940.1
     1     1    19    11     4     1     0     1   -41.0   19.220 -156.855    664.4    937.1
     1     1    19    11     4     0     0     0   -42.0   19.103 -156.808    698.9    932.8
     1     1    19    11     3    23     0     1   -43.0   18.986 -156.752    738.9    928.7
     1     1    19    11     3    22     0     2   -44.0   18.876 -156.687    781.9    925.0
     1     1    19    11     3    21     0     3   -45.0   18.768 -156.616    830.1    920.8
     1     1    19    11     3    20     0     2   -46.0   18.661 -156.541    872.4    915.2
     1     1    19    11     3    19     0     1   -47.0   18.557 -156.465    898.8    912.5
     1     1    19    11     3    18     0     0   -48.0   18.458 -156.391    916.7    911.0
     1     1    19    11     3    17     0     1   -49.0   18.370 -156.323    931.6    909.2
     1     1    19    11     3    16     0     2   -50.0   18.298 -156.265    944.4    907.3
     1     1    19    11     3    15     0     3   -51.0   18.240 -156.217    952.7    906.0
     1     1    19    11     3    14     0     2   -52.0   18.184 -156.173    965.5    905.8
     1     1    19    11     3    13     0     1   -53.0   18.115 -156.130    994.0    902.9
     1     1    19    11     3    12     0     0   -54.0   18.035 -156.088   1040.7    898.3
     1     1    19    11     3    11     0     1   -55.0   17.955 -156.046   1087.8    892.0
     1     1    19    11     3    10     0     2   -56.0   17.882 -156.000   1115.9    889.6
     1     1    19    11     3     9     0     3   -57.0   17.815 -155.948   1124.4    889.2
     1     1    19    11     3     8     0     2   -58.0   17.758 -155.893   1122.7    890.2
     1     1    19    11     3     7     0     1   -59.0   17.717 -155.840   1122.2    890.4
     1     1    19    11     3     6     0     0   -60.0   17.691 -155.791   1127.2    890.0
     1     1    19    11     3     5     0     1   -61.0   17.675 -155.750   1131.1    888.3
     1     1    19    11     3     4     0     2   -62.0   17.665 -155.722   1124.1    888.5
     1     1    19    11     3     3     0     3   -63.0   17.661 -155.706   1105.2    889.9
     1     1    19    11     3     2     0     2   -64.0   17.655 -155.696   1091.1    892.8
     1     1    19    11     3     1     0     1   -65.0   17.635 -155.690   1096.9    891.8
     1     1    19    11     3     0     0     0   -66.0   17.601 -155.689   1118.6    889.2
     1     1    19    11     2    23     0     1   -67.0   17.548 -155.687   1148.6    886.4
     1     1    19    11     2    22     0     2   -68.0   17.474 -155.673   1184.3    883.7
     1     1    19    11     2    21     0     3   -69.0   17.379 -155.648   1233.0    879.7
     1     1    19    11     2    20     0     2   -70.0   17.275 -155.617   1278.5    872.7
     1     1    19    11     2    19     0     1   -71.0   17.173 -155.586   1300.8    870.3
     1     1    19    11     2    18     0     0   -72.0   17.072 -155.550   1300.5    870.3
     1     1    19    11     2    17     0     1   -73.0   16.968 -155.505   1294.0    872.4
     1     1    19    11     2    16     0     2   -74.0   16.861 -155.445   1299.6    871.6
     1     1    19    11     2    15     0     3   -75.0   16.751 -155.370   1315.5    869.5
     1     1    19    11     2    14     0     2   -76.0   16.641 -155.281   1330.5    866.9
     1     1    19    11     2    13     0     1   -77.0   16.533 -155.181   1328.5    866.2
     1     1    19    11     2    12     0     0   -78.0   16.428 -155.065   1296.7    868.6
     1     1    19    11     2    11     0     1   -79.0   16.327 -154.937   1253.7    876.2
     1     1    19    11     2    10     0     2   -80.0   16.232 -154.807   1229.9    880.2
     1     1    19    11     2     9     0     3   -81.0   16.140 -154.676   1231.5    880.6
     1     1    19    11     2     8     0     2   -82.0   16.054 -154.544   1250.3    877.7
     1     1    19    11     2     7     0     1   -83.0   15.975 -154.412   1281.1    874.7
     1     1    19    11     2     6     0     0   -84.0   15.901 -154.284   1326.5    869.8
     1     1    19    11     2     5     0     1   -85.0   15.830 -154.161   1369.7    863.4
     1     1    19    11     2     4     0     2   -86.0   15.760 -154.036   1394.9    860.5
     1     1    19    11     2     3     0     3   -87.0   15.689 -153.906   1403.0    859.3
     1     1    19    11     2     2     0     2   -88.0   15.624 -153.775   1405.4    859.7
     1     1    19    11     2     1     0     1   -89.0   15.567 -153.649   1412.9    858.7
     1     1    19    11     2     0     0     0   -90.0   15.515 -153.528   1426.1    857.1
     1     1    19    11     1    23     0     1   -91.0   15.469 -153.405   1444.7    856.0
     1     1    19    11     1    22     0     2   -92.0   15.426 -153.272   1467.5    854.5
     1     1    19    11     1    21     0     3   -93.0   15.385 -153.127   1491.9    852.8
     1     1    19    11     1    20     0     2   -94.0   15.345 -152.974   1515.0    850.3
     1     1    19    11     1    19     0     1   -95.0   15.308 -152.817   1532.7    848.1
     1     1    19    11     1    18     0     0   -96.0   15.273 -152.656   1543.1    847.2
     1     1    19    11     1    17     0     1   -97.0   15.243 -152.497   1544.1    846.4
     1     1    19    11     1    16     0     2   -98.0   15.218 -152.346   1540.1    847.1
     1     1    19    11     1    15     0     3   -99.0   15.201 -152.202   1544.2    846.9
     1     1    19    11     1    14     0     2  -100.0   15.189 -152.065   1565.2    844.9
     1     1    19    11     1    13     0     1  -101.0   15.180 -151.935   1601.3    840.7
     1     1    19    11     1    12     0     0  -102.0   15.170 -151.812   1650.0    835.9
     1     1    19    11     1    11     0     1  -103.0   15.153 -151.696   1699.3    830.7
     1     1    19    11     1    10     0     2  -104.0   15.128 -151.577   1730.4    828.0
     1     1    19    11     1     9     0     3  -105.0   15.095 -151.453   1732.1    828.1
     1     1    19    11     1     8     0     2  -106.0   15.063 -151.325   1714.2    831.0
     1     1    19    11     1     7     0     1  -107.0   15.035 -151.202   1694.0    832.9
     1     1    19    11     1     6     0     0  -108.0   15.015 -151.087   1677.4    834.6
     1     1    19    11     1     5     0     1  -109.0   14.998 -150.976   1680.7    835.1
     1     1    19    11     1     4     0     2  -110.0   14.977 -150.864   1706.7    831.2
     1     1    19    11     1     3     0     3  -111.0   14.950 -150.751   1732.4    827.1
     1     1    19    11     1     2     0     2  -112.0   14.917 -150.643   1724.2    825.4
     1     1    19    11     1     1     0     1  -113.0   14.877 -150.546   1667.2    830.9
     1     1    19    11     1     0     0     0  -114.0   14.831 -150.460   1571.0    840.3
     1     1    19    10    31    23     0     1  -115.0   14.782 -150.375   1474.1    854.3
     1     1    19    10    31    22     0     2  -116.0   14.730 -150.277   1413.4    861.5
     1     1    19    10    31    21     0     3  -117.0   14.673 -150.161   1395.8    864.2
     1     1    19    10    31    20     0     2  -118.0   14.613 -150.033   1393.5    861.3
     1     1    19    10    31    19     0     1  -119.0   14.554 -149.897   1370.1    863.2
     1     1    19    10    31    18     0     0  -120.0   14.495 -149.750   1327.7    867.7
     1     1    19    10    31    17     0     1  -121.0   14.435 -149.586   1284.6    872.9
     1     1    19    10    31    16     0     2  -122.0   14.373 -149.405   1251.3    875.4
     1     1    19    10    31    15     0     3  -123.0   14.309 -149.207   1222.0    877.5
     1     1    19    10    31    14     0     2  -124.0   14.245 -148.992   1205.8    880.2
     1     1    19    10    31    13     0     1  -125.0   14.189 -148.768   1214.8    879.1
     1     1    19    10    31    12     0     0  -126.0   14.145 -148.541   1244.9    875.3
     1     1    19    10    31    11     0     1  -127.0   14.108 -148.312   1274.8    871.2
     1     1    19    10    31    10     0     2  -128.0   14.070 -148.082   1288.2    870.6
     1     1    19    10    31     9     0     3  -129.0   14.031 -147.850   1287.3    871.8
     1     1    19    10    31     8     0     2  -130.0   13.994 -147.620   1292.2    873.1
     1     1    19    10    31     7     0     1  -131.0   13.962 -147.394   1311.6    870.2
     1     1    19    10    31     6     0     0  -132.0   13.932 -147.170   1327.6    867.7
     1     1    19    10    31     5     0     1  -133.0   13.906 -146.944   1343.3    866.9
     1     1    19    10    31     4     0     2  -134.0   13.885 -146.716   1370.1    863.8
     1     1    19    10    31     3     0     3  -135.0   13.867 -146.484   1402.0    859.8
     1     1    19    10    31     2     0     2  -136.0   13.852 -146.252   1416.3    856.4
     1     1    19    10    31     1     0     1  -137.0   13.839 -146.027   1400.4    857.9
     1     1    19    10    31     0     0     0  -138.0   13.828 -145.807   1372.2    861.8
     1     1    19    10    30    23     0     1  -139.0   13.822 -145.585   1360.2    865.2
     1     1    19    10    30    22     0     2  -140.0   13.822 -145.357   1368.4    864.1
     1     1    19    10    30    21     0     3  -141.0   13.828 -145.119   1372.1    863.3
     1     1    19    10    30    20     0     2  -142.0   13.843 -144.878   1369.6    865.0
     1     1    19    10    30    19     0     1  -143.0   13.869 -144.650   1375.2    864.9
     1     1    19    10    30    18     0     0  -144.0   13.907 -144.437   1380.3    863.5
     1     1    19    10    30    17     0     1  -145.0   13.951 -144.233   1383.9    863.6
     1     1    19    10    30    16     0     2  -146.0   13.997 -144.038   1388.9    861.8
     1     1    19    10    30    15     0     3  -147.0   14.046 -143.851   1394.8    861.2
     1     1    19    10    30    14     0     2  -148.0   14.101 -143.671   1395.4    859.9
     1     1    19    10    30    13     0     1  -149.0   14.157 -143.497   1382.8    861.4
     1     1    19    10    30    12     0     0  -150.0   14.212 -143.328   1363.5    863.4
     1     1    19    10    30    11     0     1  -151.0   14.264 -143.161   1322.9    866.3
     1     1    19    10    30    10     0     2  -152.0   14.308 -142.987   1235.1    875.1
     1     1    19    10    30     9     0     3  -153.0   14.342 -142.805   1111.5    890.4
     1     1    19    10    30     8     0     2  -154.0   14.370 -142.612    998.4    905.2
     1     1    19    10    30     7     0     1  -155.0   14.396 -142.412    911.2    913.4
     1     1    19    10    30     6     0     0  -156.0   14.423 -142.202    831.3    921.2
     1     1    19    10    30     5     0     1  -157.0   14.455 -141.972    754.6    928.9
     1     1    19    10    30     4     0     2  -158.0   14.498 -141.715    700.0    936.0
     1     1    19    10    30     3     0     3  -159.0   14.558 -141.445    675.7    937.5
     1     1    19    10    30     2     0     2  -160.0   14.625 -141.177    662.6    937.0
     1     1    19    10    30     1     0     1  -161.0   14.690 -140.915    643.5    938.6
     1     1    19    10    30     0     0     0  -162.0   14.749 -140.660    614.9    941.1
     1     1    19    10    29    23     0     1  -163.0   14.802 -140.410    580.1    945.6
     1     1    19    10    29    22     0     2  -164.0   14.850 -140.158    536.3    950.0
     1     1    19    10    29    21     0     3  -165.0   14.894 -139.900    477.9    957.0
     1     1    19    10    29    20     0     2  -166.0   14.941 -139.638    429.7    965.4
     1     1    19    10    29    19     0     1  -167.0   14.991 -139.378    412.9    967.5
     1     1    19    10    29    18     0     0  -168.0   15.038 -139.121    430.3    966.1
