     7     1
    GDAS    18    12     1     0     0
    GDAS    19     1     1     0     0
    GDAS    19     2     1     0     0
    GDAS    19     3     1     0     0
    GDAS    19     4     1     0     0
    GDAS    19     5     1     0     0
    GDAS    19     6     1     0     0
     1 BACKWARD OMEGA   
    19     6     8     0   21.319 -157.670    10.0
     1 PRESSURE
     1     1    19     6     8     0     0     0     0.0   21.319 -157.670     10.0   1013.8
     1     1    19     6     7    23     0     1    -1.0   21.325 -157.540      8.5   1012.9
     1     1    19     6     7    22     0     2    -2.0   21.332 -157.399      6.9   1012.1
     1     1    19     6     7    21     0     3    -3.0   21.334 -157.252      5.3   1011.2
     1     1    19     6     7    20     0     2    -4.0   21.332 -157.102      4.2   1010.4
     1     1    19     6     7    19     0     1    -5.0   21.328 -156.950      4.2   1010.3
     1     1    19     6     7    18     0     0    -6.0   21.316 -156.788      5.6   1011.6
     1     1    19     6     7    17     0     1    -7.0   21.291 -156.622      7.9   1012.7
     1     1    19     6     7    16     0     2    -8.0   21.253 -156.461     10.7   1013.8
     1     1    19     6     7    15     0     3    -9.0   21.199 -156.302     15.5   1014.4
     1     1    19     6     7    14     0     2   -10.0   21.131 -156.141     24.6   1014.7
     1     1    19     6     7    13     0     1   -11.0   21.051 -155.970     39.9   1014.4
     1     1    19     6     7    12     0     0   -12.0   20.974 -155.793     60.1   1011.6
     1     1    19     6     7    11     0     1   -13.0   20.909 -155.610     83.7   1008.5
     1     1    19     6     7    10     0     2   -14.0   20.847 -155.418    111.2   1005.3
     1     1    19     6     7     9     0     3   -15.0   20.783 -155.214    139.1   1002.4
     1     1    19     6     7     8     0     2   -16.0   20.712 -155.001    160.4    998.6
     1     1    19     6     7     7     0     1   -17.0   20.639 -154.787    174.4    997.2
     1     1    19     6     7     6     0     0   -18.0   20.573 -154.575    184.7    995.7
     1     1    19     6     7     5     0     1   -19.0   20.513 -154.354    189.9    994.8
     1     1    19     6     7     4     0     2   -20.0   20.461 -154.117    190.3    994.7
     1     1    19     6     7     3     0     3   -21.0   20.420 -153.867    188.8    994.8
     1     1    19     6     7     2     0     2   -22.0   20.392 -153.619    188.3    995.4
     1     1    19     6     7     1     0     1   -23.0   20.376 -153.382    189.3    995.6
     1     1    19     6     7     0     0     0   -24.0   20.371 -153.158    190.4    995.8
     1     1    19     6     6    23     0     1   -25.0   20.370 -152.936    190.8    996.1
     1     1    19     6     6    22     0     2   -26.0   20.366 -152.700    191.0    996.4
     1     1    19     6     6    21     0     3   -27.0   20.358 -152.447    191.5    996.5
     1     1    19     6     6    20     0     2   -28.0   20.354 -152.181    192.1    996.5
     1     1    19     6     6    19     0     1   -29.0   20.362 -151.911    192.1    996.5
     1     1    19     6     6    18     0     0   -30.0   20.384 -151.640    190.6    996.6
     1     1    19     6     6    17     0     1   -31.0   20.416 -151.369    188.4    996.7
     1     1    19     6     6    16     0     2   -32.0   20.458 -151.104    186.8    996.7
     1     1    19     6     6    15     0     3   -33.0   20.510 -150.847    186.1    996.5
     1     1    19     6     6    14     0     2   -34.0   20.567 -150.597    186.3    996.6
     1     1    19     6     6    13     0     1   -35.0   20.623 -150.354    187.2    996.6
     1     1    19     6     6    12     0     0   -36.0   20.676 -150.118    188.0    996.6
     1     1    19     6     6    11     0     1   -37.0   20.724 -149.883    188.2    996.8
     1     1    19     6     6    10     0     2   -38.0   20.767 -149.639    187.4    997.2
     1     1    19     6     6     9     0     3   -39.0   20.804 -149.385    184.4    997.7
     1     1    19     6     6     8     0     2   -40.0   20.839 -149.125    181.3    998.2
     1     1    19     6     6     7     0     1   -41.0   20.878 -148.862    182.1    997.9
     1     1    19     6     6     6     0     0   -42.0   20.920 -148.598    186.4    997.0
     1     1    19     6     6     5     0     1   -43.0   20.964 -148.334    190.4    996.0
     1     1    19     6     6     4     0     2   -44.0   21.016 -148.079    191.7    995.8
     1     1    19     6     6     3     0     3   -45.0   21.076 -147.835    192.1    995.8
     1     1    19     6     6     2     0     2   -46.0   21.140 -147.597    192.5    995.9
     1     1    19     6     6     1     0     1   -47.0   21.205 -147.361    192.5    996.0
     1     1    19     6     6     0     0     0   -48.0   21.269 -147.131    191.2    996.3
     1     1    19     6     5    23     0     1   -49.0   21.334 -146.904    190.0    997.1
     1     1    19     6     5    22     0     2   -50.0   21.401 -146.679    190.5    997.6
     1     1    19     6     5    21     0     3   -51.0   21.467 -146.453    192.5    997.8
     1     1    19     6     5    20     0     2   -52.0   21.530 -146.228    194.3    997.4
     1     1    19     6     5    19     0     1   -53.0   21.589 -146.007    195.2    997.4
     1     1    19     6     5    18     0     0   -54.0   21.644 -145.790    195.4    997.3
     1     1    19     6     5    17     0     1   -55.0   21.696 -145.572    195.4    997.0
     1     1    19     6     5    16     0     2   -56.0   21.745 -145.348    195.4    996.7
     1     1    19     6     5    15     0     3   -57.0   21.792 -145.120    195.1    996.5
     1     1    19     6     5    14     0     2   -58.0   21.834 -144.888    194.6    996.3
     1     1    19     6     5    13     0     1   -59.0   21.869 -144.657    194.0    996.1
     1     1    19     6     5    12     0     0   -60.0   21.896 -144.426    193.4    995.9
     1     1    19     6     5    11     0     1   -61.0   21.925 -144.190    192.8    996.4
     1     1    19     6     5    10     0     2   -62.0   21.967 -143.946    192.5    996.8
     1     1    19     6     5     9     0     3   -63.0   22.020 -143.694    192.4    997.3
     1     1    19     6     5     8     0     2   -64.0   22.075 -143.442    193.1    997.1
     1     1    19     6     5     7     0     1   -65.0   22.129 -143.194    194.5    996.7
     1     1    19     6     5     6     0     0   -66.0   22.186 -142.950    195.4    996.4
     1     1    19     6     5     5     0     1   -67.0   22.241 -142.709    196.2    996.2
     1     1    19     6     5     4     0     2   -68.0   22.293 -142.474    197.0    995.9
     1     1    19     6     5     3     0     3   -69.0   22.340 -142.244    196.4    995.7
     1     1    19     6     5     2     0     2   -70.0   22.383 -142.017    194.0    995.9
     1     1    19     6     5     1     0     1   -71.0   22.423 -141.793    189.3    996.4
     1     1    19     6     5     0     0     0   -72.0   22.461 -141.567    182.0    997.3
     1     1    19     6     4    23     0     1   -73.0   22.497 -141.338    174.1    998.7
     1     1    19     6     4    22     0     2   -74.0   22.531 -141.105    167.0    999.8
     1     1    19     6     4    21     0     3   -75.0   22.565 -140.868    160.5   1000.8
     1     1    19     6     4    20     0     2   -76.0   22.603 -140.628    156.8   1001.6
     1     1    19     6     4    19     0     1   -77.0   22.650 -140.387    158.3   1001.4
     1     1    19     6     4    18     0     0   -78.0   22.706 -140.145    165.2   1000.5
     1     1    19     6     4    17     0     1   -79.0   22.763 -139.903    173.4    998.6
     1     1    19     6     4    16     0     2   -80.0   22.814 -139.664    178.1    997.6
     1     1    19     6     4    15     0     3   -81.0   22.858 -139.431    179.5    997.1
     1     1    19     6     4    14     0     2   -82.0   22.898 -139.200    179.3    997.0
     1     1    19     6     4    13     0     1   -83.0   22.936 -138.968    178.7    996.9
     1     1    19     6     4    12     0     0   -84.0   22.973 -138.734    178.1    996.7
     1     1    19     6     4    11     0     1   -85.0   23.010 -138.497    176.6    997.1
     1     1    19     6     4    10     0     2   -86.0   23.046 -138.259    171.8    997.8
     1     1    19     6     4     9     0     3   -87.0   23.082 -138.020    161.4    999.3
     1     1    19     6     4     8     0     2   -88.0   23.123 -137.778    150.6   1001.3
     1     1    19     6     4     7     0     1   -89.0   23.172 -137.531    145.1   1001.9
     1     1    19     6     4     6     0     0   -90.0   23.228 -137.279    144.3   1001.9
     1     1    19     6     4     5     0     1   -91.0   23.289 -137.027    145.1   1001.1
     1     1    19     6     4     4     0     2   -92.0   23.357 -136.779    145.5   1000.9
     1     1    19     6     4     3     0     3   -93.0   23.429 -136.537    145.9   1000.5
     1     1    19     6     4     2     0     2   -94.0   23.506 -136.299    146.0   1000.4
     1     1    19     6     4     1     0     1   -95.0   23.589 -136.065    145.8   1000.2
     1     1    19     6     4     0     0     0   -96.0   23.679 -135.833    145.5   1000.1
     1     1    19     6     3    23     0     1   -97.0   23.775 -135.603    145.3   1000.4
     1     1    19     6     3    22     0     2   -98.0   23.876 -135.372    145.3   1000.7
     1     1    19     6     3    21     0     3   -99.0   23.982 -135.141    145.3   1001.0
     1     1    19     6     3    20     0     2  -100.0   24.093 -134.911    145.3   1001.1
     1     1    19     6     3    19     0     1  -101.0   24.203 -134.684    145.3   1001.3
     1     1    19     6     3    18     0     0  -102.0   24.308 -134.462    145.3   1001.4
     1     1    19     6     3    17     0     1  -103.0   24.410 -134.245    145.3   1001.2
     1     1    19     6     3    16     0     2  -104.0   24.511 -134.035    145.3   1000.9
     1     1    19     6     3    15     0     3  -105.0   24.613 -133.830    145.3   1000.7
     1     1    19     6     3    14     0     2  -106.0   24.723 -133.629    145.2   1000.3
     1     1    19     6     3    13     0     1  -107.0   24.846 -133.428    144.9   1000.1
     1     1    19     6     3    12     0     0  -108.0   24.988 -133.227    144.4    999.8
     1     1    19     6     3    11     0     1  -109.0   25.143 -133.031    144.0   1000.3
     1     1    19     6     3    10     0     2  -110.0   25.302 -132.846    143.9   1000.7
     1     1    19     6     3     9     0     3  -111.0   25.461 -132.673    143.9   1001.0
     1     1    19     6     3     8     0     2  -112.0   25.622 -132.507    144.1   1000.9
     1     1    19     6     3     7     0     1  -113.0   25.785 -132.342    144.2   1000.9
     1     1    19     6     3     6     0     0  -114.0   25.951 -132.177    144.2   1000.9
     1     1    19     6     3     5     0     1  -115.0   26.123 -132.012    148.4   1000.7
     1     1    19     6     3     4     0     2  -116.0   26.308 -131.846    158.2    998.8
     1     1    19     6     3     3     0     3  -117.0   26.512 -131.677    170.2    996.9
     1     1    19     6     3     2     0     2  -118.0   26.739 -131.510    180.3    995.0
     1     1    19     6     3     1     0     1  -119.0   26.987 -131.351    186.7    994.1
     1     1    19     6     3     0     0     0  -120.0   27.253 -131.204    189.4    993.5
     1     1    19     6     2    23     0     1  -121.0   27.528 -131.076    189.7    994.3
     1     1    19     6     2    22     0     2  -122.0   27.805 -130.971    189.9    994.7
     1     1    19     6     2    21     0     3  -123.0   28.082 -130.890    189.9    995.2
     1     1    19     6     2    20     0     2  -124.0   28.355 -130.825    189.9    995.2
     1     1    19     6     2    19     0     1  -125.0   28.622 -130.771    189.9    995.2
     1     1    19     6     2    18     0     0  -126.0   28.886 -130.727    189.9    995.2
     1     1    19     6     2    17     0     1  -127.0   29.154 -130.686    189.9    995.2
     1     1    19     6     2    16     0     2  -128.0   29.434 -130.639    189.9    995.1
     1     1    19     6     2    15     0     3  -129.0   29.727 -130.590    189.9    994.9
     1     1    19     6     2    14     0     2  -130.0   30.031 -130.542    189.9    994.8
     1     1    19     6     2    13     0     1  -131.0   30.346 -130.497    189.9    994.6
     1     1    19     6     2    12     0     0  -132.0   30.673 -130.456    189.9    994.5
     1     1    19     6     2    11     0     1  -133.0   31.013 -130.419    189.9    994.8
     1     1    19     6     2    10     0     2  -134.0   31.361 -130.386    189.9    995.1
     1     1    19     6     2     9     0     3  -135.0   31.716 -130.357    189.9    995.5
     1     1    19     6     2     8     0     2  -136.0   32.077 -130.335    191.6    995.7
     1     1    19     6     2     7     0     1  -137.0   32.442 -130.323    196.7    995.3
     1     1    19     6     2     6     0     0  -138.0   32.811 -130.322    205.4    994.5
     1     1    19     6     2     5     0     1  -139.0   33.184 -130.330    216.6    993.1
     1     1    19     6     2     4     0     2  -140.0   33.560 -130.341    228.8    991.7
     1     1    19     6     2     3     0     3  -141.0   33.940 -130.358    240.6    990.3
     1     1    19     6     2     2     0     2  -142.0   34.327 -130.378    251.0    989.3
     1     1    19     6     2     1     0     1  -143.0   34.724 -130.397    260.0    988.5
     1     1    19     6     2     0     0     0  -144.0   35.130 -130.416    267.7    987.8
     1     1    19     6     1    23     0     1  -145.0   35.540 -130.434    274.0    987.4
     1     1    19     6     1    22     0     2  -146.0   35.947 -130.455    277.8    987.3
     1     1    19     6     1    21     0     3  -147.0   36.348 -130.478    279.0    987.6
     1     1    19     6     1    20     0     2  -148.0   36.743 -130.501    279.1    987.9
     1     1    19     6     1    19     0     1  -149.0   37.137 -130.523    279.8    987.9
     1     1    19     6     1    18     0     0  -150.0   37.529 -130.547    282.6    987.9
     1     1    19     6     1    17     0     1  -151.0   37.919 -130.572    290.7    987.2
     1     1    19     6     1    16     0     2  -152.0   38.302 -130.601    305.6    985.4
     1     1    19     6     1    15     0     3  -153.0   38.674 -130.634    326.1    982.9
     1     1    19     6     1    14     0     2  -154.0   39.035 -130.672    349.8    980.1
     1     1    19     6     1    13     0     1  -155.0   39.385 -130.714    377.0    977.4
     1     1    19     6     1    12     0     0  -156.0   39.722 -130.762    407.9    973.9
     1     1    19     6     1    11     0     1  -157.0   40.041 -130.823    434.6    970.5
     1     1    19     6     1    10     0     2  -158.0   40.340 -130.906    450.8    968.7
     1     1    19     6     1     9     0     3  -159.0   40.614 -131.013    456.0    968.3
     1     1    19     6     1     8     0     2  -160.0   40.866 -131.146    454.8    969.2
     1     1    19     6     1     7     0     1  -161.0   41.099 -131.302    454.3    969.9
     1     1    19     6     1     6     0     0  -162.0   41.312 -131.482    462.0    969.7
     1     1    19     6     1     5     0     1  -163.0   41.503 -131.681    476.9    967.2
     1     1    19     6     1     4     0     2  -164.0   41.664 -131.897    490.0    965.4
     1     1    19     6     1     3     0     3  -165.0   41.793 -132.132    495.5    964.4
     1     1    19     6     1     2     0     2  -166.0   41.895 -132.382    497.7    965.2
     1     1    19     6     1     1     0     1  -167.0   41.974 -132.641    502.6    964.7
     1     1    19     6     1     0     0     0  -168.0   42.028 -132.914    506.4    964.2
