     7     1
    GDAS    19     6     1     0     0
    GDAS    19     7     1     0     0
    GDAS    19     8     1     0     0
    GDAS    19     9     1     0     0
    GDAS    19    10     1     0     0
    GDAS    19    11     1     0     0
    GDAS    19    12     1     0     0
     1 BACKWARD OMEGA   
    19     8    30     6   21.319 -157.670    10.0
     1 PRESSURE
     1     1    19     8    30     6     0     0     0.0   21.319 -157.670     10.0   1012.8
     1     1    19     8    30     5     0     1    -1.0   21.401 -157.458     40.9   1008.3
     1     1    19     8    30     4     0     2    -2.0   21.472 -157.239    130.2    996.8
     1     1    19     8    30     3     0     3    -3.0   21.534 -157.014    255.7    981.1
     1     1    19     8    30     2     0     2    -4.0   21.581 -156.795    361.0    965.3
     1     1    19     8    30     1     0     1    -5.0   21.613 -156.592    419.4    962.5
     1     1    19     8    30     0     0     0    -6.0   21.632 -156.402    462.2    960.1
     1     1    19     8    29    23     0     1    -7.0   21.630 -156.219    507.2    956.5
     1     1    19     8    29    22     0     2    -8.0   21.598 -156.038    558.7    951.8
     1     1    19     8    29    21     0     3    -9.0   21.546 -155.860    605.8    946.2
     1     1    19     8    29    20     0     2   -10.0   21.490 -155.688    640.7    942.6
     1     1    19     8    29    19     0     1   -11.0   21.436 -155.520    671.5    939.6
     1     1    19     8    29    18     0     0   -12.0   21.382 -155.362    709.1    935.7
     1     1    19     8    29    17     0     1   -13.0   21.320 -155.222    734.1    929.9
     1     1    19     8    29    16     0     2   -14.0   21.243 -155.109    711.8    930.6
     1     1    19     8    29    15     0     3   -15.0   21.141 -155.026    626.7    938.9
     1     1    19     8    29    14     0     2   -16.0   21.031 -154.962    516.5    954.8
     1     1    19     8    29    13     0     1   -17.0   20.947 -154.898    424.5    966.2
     1     1    19     8    29    12     0     0   -18.0   20.892 -154.829    352.9    973.0
     1     1    19     8    29    11     0     1   -19.0   20.856 -154.744    302.4    980.1
     1     1    19     8    29    10     0     2   -20.0   20.831 -154.634    275.3    983.5
     1     1    19     8    29     9     0     3   -21.0   20.812 -154.499    265.0    984.9
     1     1    19     8    29     8     0     2   -22.0   20.796 -154.349    266.6    984.2
     1     1    19     8    29     7     0     1   -23.0   20.779 -154.197    273.8    982.6
     1     1    19     8    29     6     0     0   -24.0   20.761 -154.040    278.0    981.3
     1     1    19     8    29     5     0     1   -25.0   20.753 -153.894    276.1    981.1
     1     1    19     8    29     4     0     2   -26.0   20.764 -153.774    269.9    981.3
     1     1    19     8    29     3     0     3   -27.0   20.791 -153.677    259.9    981.9
     1     1    19     8    29     2     0     2   -28.0   20.821 -153.598    249.7    983.5
     1     1    19     8    29     1     0     1   -29.0   20.843 -153.531    242.0    984.5
     1     1    19     8    29     0     0     0   -30.0   20.854 -153.476    235.3    985.4
     1     1    19     8    28    23     0     1   -31.0   20.858 -153.417    225.9    986.6
     1     1    19     8    28    22     0     2   -32.0   20.853 -153.336    212.1    988.9
     1     1    19     8    28    21     0     3   -33.0   20.835 -153.235    196.9    991.4
     1     1    19     8    28    20     0     2   -34.0   20.805 -153.127    180.9    993.0
     1     1    19     8    28    19     0     1   -35.0   20.767 -153.024    162.8    995.1
     1     1    19     8    28    18     0     0   -36.0   20.728 -152.930    142.6    997.7
     1     1    19     8    28    17     0     1   -37.0   20.690 -152.837    126.7    999.4
     1     1    19     8    28    16     0     2   -38.0   20.656 -152.740    119.3    999.4
     1     1    19     8    28    15     0     3   -39.0   20.624 -152.638    117.7    998.8
     1     1    19     8    28    14     0     2   -40.0   20.594 -152.531    117.5    998.6
     1     1    19     8    28    13     0     1   -41.0   20.566 -152.418    115.8    998.8
     1     1    19     8    28    12     0     0   -42.0   20.540 -152.300    113.5    999.1
     1     1    19     8    28    11     0     1   -43.0   20.515 -152.175    112.3   1000.2
     1     1    19     8    28    10     0     2   -44.0   20.493 -152.041    113.1   1001.0
     1     1    19     8    28     9     0     3   -45.0   20.472 -151.899    115.9   1001.5
     1     1    19     8    28     8     0     2   -46.0   20.459 -151.753    120.3   1000.5
     1     1    19     8    28     7     0     1   -47.0   20.456 -151.607    126.3    999.6
     1     1    19     8    28     6     0     0   -48.0   20.461 -151.458    135.3    998.4
     1     1    19     8    28     5     0     1   -49.0   20.470 -151.312    145.5    996.6
     1     1    19     8    28     4     0     2   -50.0   20.480 -151.172    152.5    995.1
     1     1    19     8    28     3     0     3   -51.0   20.491 -151.041    153.9    994.3
     1     1    19     8    28     2     0     2   -52.0   20.506 -150.914    154.5    994.9
     1     1    19     8    28     1     0     1   -53.0   20.524 -150.790    160.0    994.2
     1     1    19     8    28     0     0     0   -54.0   20.543 -150.668    172.5    992.8
     1     1    19     8    27    23     0     1   -55.0   20.556 -150.549    187.9    991.0
     1     1    19     8    27    22     0     2   -56.0   20.555 -150.429    198.7    990.4
     1     1    19     8    27    21     0     3   -57.0   20.539 -150.308    203.1    990.5
     1     1    19     8    27    20     0     2   -58.0   20.516 -150.186    201.8    990.7
     1     1    19     8    27    19     0     1   -59.0   20.490 -150.065    197.0    991.1
     1     1    19     8    27    18     0     0   -60.0   20.461 -149.943    189.7    991.9
     1     1    19     8    27    17     0     1   -61.0   20.434 -149.811    184.6    992.4
     1     1    19     8    27    16     0     2   -62.0   20.417 -149.663    185.5    991.7
     1     1    19     8    27    15     0     3   -63.0   20.412 -149.503    191.8    990.5
     1     1    19     8    27    14     0     2   -64.0   20.408 -149.341    202.3    989.4
     1     1    19     8    27    13     0     1   -65.0   20.395 -149.184    217.9    988.1
     1     1    19     8    27    12     0     0   -66.0   20.374 -149.033    243.2    985.9
     1     1    19     8    27    11     0     1   -67.0   20.348 -148.875    265.7    982.2
     1     1    19     8    27    10     0     2   -68.0   20.322 -148.693    269.3    982.2
     1     1    19     8    27     9     0     3   -69.0   20.295 -148.483    261.6    984.3
     1     1    19     8    27     8     0     2   -70.0   20.281 -148.264    257.3    985.5
     1     1    19     8    27     7     0     1   -71.0   20.294 -148.060    264.5    984.6
     1     1    19     8    27     6     0     0   -72.0   20.330 -147.873    279.2    982.4
     1     1    19     8    27     5     0     1   -73.0   20.373 -147.694    290.8    979.7
     1     1    19     8    27     4     0     2   -74.0   20.412 -147.516    291.6    979.3
     1     1    19     8    27     3     0     3   -75.0   20.447 -147.337    285.8    979.9
     1     1    19     8    27     2     0     2   -76.0   20.473 -147.159    282.4    981.1
     1     1    19     8    27     1     0     1   -77.0   20.482 -146.988    287.4    980.3
     1     1    19     8    27     0     0     0   -78.0   20.479 -146.829    299.0    978.7
     1     1    19     8    26    23     0     1   -79.0   20.472 -146.668    310.6    977.4
     1     1    19     8    26    22     0     2   -80.0   20.465 -146.491    319.5    977.3
     1     1    19     8    26    21     0     3   -81.0   20.460 -146.301    331.2    976.9
     1     1    19     8    26    20     0     2   -82.0   20.455 -146.101    350.3    974.8
     1     1    19     8    26    19     0     1   -83.0   20.450 -145.900    375.6    971.6
     1     1    19     8    26    18     0     0   -84.0   20.444 -145.703    403.3    968.5
     1     1    19     8    26    17     0     1   -85.0   20.445 -145.513    433.3    965.2
     1     1    19     8    26    16     0     2   -86.0   20.460 -145.324    466.4    960.9
     1     1    19     8    26    15     0     3   -87.0   20.484 -145.128    505.1    956.2
     1     1    19     8    26    14     0     2   -88.0   20.508 -144.928    555.8    951.1
     1     1    19     8    26    13     0     1   -89.0   20.521 -144.731    618.6    944.0
     1     1    19     8    26    12     0     0   -90.0   20.518 -144.537    681.0    936.1
     1     1    19     8    26    11     0     1   -91.0   20.509 -144.332    728.3    930.5
     1     1    19     8    26    10     0     2   -92.0   20.510 -144.107    760.0    928.3
     1     1    19     8    26     9     0     3   -93.0   20.525 -143.865    787.8    926.3
     1     1    19     8    26     8     0     2   -94.0   20.552 -143.607    810.4    923.2
     1     1    19     8    26     7     0     1   -95.0   20.595 -143.336    824.4    922.0
     1     1    19     8    26     6     0     0   -96.0   20.661 -143.051    835.0    921.1
     1     1    19     8    26     5     0     1   -97.0   20.748 -142.752    844.1    919.8
     1     1    19     8    26     4     0     2   -98.0   20.853 -142.442    847.2    918.8
     1     1    19     8    26     3     0     3   -99.0   20.980 -142.122    831.8    919.2
     1     1    19     8    26     2     0     2  -100.0   21.111 -141.810    818.1    923.4
     1     1    19     8    26     1     0     1  -101.0   21.237 -141.510    830.7    921.3
     1     1    19     8    26     0     0     0  -102.0   21.365 -141.220    857.8    917.7
     1     1    19     8    25    23     0     1  -103.0   21.499 -140.935    887.0    914.7
     1     1    19     8    25    22     0     2  -104.0   21.636 -140.645    909.8    912.6
     1     1    19     8    25    21     0     3  -105.0   21.774 -140.336    926.4    911.7
     1     1    19     8    25    20     0     2  -106.0   21.916 -140.005    943.5    910.1
     1     1    19     8    25    19     0     1  -107.0   22.064 -139.680    960.1    907.6
     1     1    19     8    25    18     0     0  -108.0   22.209 -139.380    973.8    906.2
     1     1    19     8    25    17     0     1  -109.0   22.348 -139.099    985.6    904.7
     1     1    19     8    25    16     0     2  -110.0   22.490 -138.821    997.2    903.6
     1     1    19     8    25    15     0     3  -111.0   22.652 -138.537   1008.3    902.0
     1     1    19     8    25    14     0     2  -112.0   22.827 -138.244   1022.2    901.0
     1     1    19     8    25    13     0     1  -113.0   22.993 -137.950   1044.1    898.3
     1     1    19     8    25    12     0     0  -114.0   23.140 -137.669   1070.1    895.1
     1     1    19     8    25    11     0     1  -115.0   23.281 -137.391   1088.0    892.9
     1     1    19     8    25    10     0     2  -116.0   23.433 -137.104   1099.8    893.4
     1     1    19     8    25     9     0     3  -117.0   23.589 -136.809   1122.9    892.2
     1     1    19     8    25     8     0     2  -118.0   23.751 -136.508   1149.6    888.2
     1     1    19     8    25     7     0     1  -119.0   23.927 -136.201   1164.4    886.4
     1     1    19     8    25     6     0     0  -120.0   24.123 -135.888   1169.6    886.3
     1     1    19     8    25     5     0     1  -121.0   24.334 -135.583   1170.7    885.9
     1     1    19     8    25     4     0     2  -122.0   24.553 -135.290   1169.6    886.0
     1     1    19     8    25     3     0     3  -123.0   24.781 -135.001   1170.9    885.8
     1     1    19     8    25     2     0     2  -124.0   25.018 -134.717   1173.4    885.0
     1     1    19     8    25     1     0     1  -125.0   25.259 -134.445   1174.7    885.0
     1     1    19     8    25     0     0     0  -126.0   25.506 -134.184   1175.6    884.8
     1     1    19     8    24    23     0     1  -127.0   25.758 -133.934   1178.9    885.2
     1     1    19     8    24    22     0     2  -128.0   26.012 -133.695   1188.6    884.6
     1     1    19     8    24    21     0     3  -129.0   26.267 -133.464   1205.2    883.2
     1     1    19     8    24    20     0     2  -130.0   26.524 -133.243   1223.9    880.8
     1     1    19     8    24    19     0     1  -131.0   26.786 -133.030   1237.6    879.1
     1     1    19     8    24    18     0     0  -132.0   27.058 -132.823   1243.6    878.4
     1     1    19     8    24    17     0     1  -133.0   27.331 -132.622   1251.7    878.6
     1     1    19     8    24    16     0     2  -134.0   27.600 -132.428   1267.0    876.5
     1     1    19     8    24    15     0     3  -135.0   27.867 -132.243   1282.1    874.6
     1     1    19     8    24    14     0     2  -136.0   28.133 -132.062   1290.2    873.3
     1     1    19     8    24    13     0     1  -137.0   28.401 -131.884   1293.9    873.3
     1     1    19     8    24    12     0     0  -138.0   28.670 -131.711   1301.8    872.6
     1     1    19     8    24    11     0     1  -139.0   28.946 -131.534   1309.6    871.4
     1     1    19     8    24    10     0     2  -140.0   29.235 -131.348   1312.8    871.4
     1     1    19     8    24     9     0     3  -141.0   29.535 -131.159   1315.0    871.6
     1     1    19     8    24     8     0     2  -142.0   29.851 -130.978   1315.7    871.4
     1     1    19     8    24     7     0     1  -143.0   30.186 -130.809   1312.8    872.0
     1     1    19     8    24     6     0     0  -144.0   30.536 -130.650   1307.4    872.8
     1     1    19     8    24     5     0     1  -145.0   30.895 -130.510   1305.9    873.3
     1     1    19     8    24     4     0     2  -146.0   31.260 -130.399   1310.2    872.3
     1     1    19     8    24     3     0     3  -147.0   31.632 -130.312   1308.8    871.4
     1     1    19     8    24     2     0     2  -148.0   32.006 -130.239   1302.3    872.8
     1     1    19     8    24     1     0     1  -149.0   32.369 -130.171   1304.0    873.2
     1     1    19     8    24     0     0     0  -150.0   32.718 -130.107   1315.4    871.5
     1     1    19     8    23    23     0     1  -151.0   33.062 -130.050   1329.7    870.1
     1     1    19     8    23    22     0     2  -152.0   33.412 -130.005   1345.1    868.9
     1     1    19     8    23    21     0     3  -153.0   33.767 -129.977   1363.1    867.5
     1     1    19     8    23    20     0     2  -154.0   34.130 -129.965   1381.8    865.5
     1     1    19     8    23    19     0     1  -155.0   34.500 -129.966   1398.4    864.0
     1     1    19     8    23    18     0     0  -156.0   34.880 -129.977   1408.5    862.6
     1     1    19     8    23    17     0     1  -157.0   35.264 -130.000   1418.7    862.5
     1     1    19     8    23    16     0     2  -158.0   35.645 -130.035   1441.6    860.2
     1     1    19     8    23    15     0     3  -159.0   36.026 -130.086   1479.0    856.3
     1     1    19     8    23    14     0     2  -160.0   36.406 -130.152   1519.1    850.9
     1     1    19     8    23    13     0     1  -161.0   36.775 -130.234   1551.1    847.7
     1     1    19     8    23    12     0     0  -162.0   37.131 -130.334   1573.3    845.0
     1     1    19     8    23    11     0     1  -163.0   37.470 -130.439   1583.1    844.4
     1     1    19     8    23    10     0     2  -164.0   37.787 -130.539   1590.1    844.9
     1     1    19     8    23     9     0     3  -165.0   38.076 -130.633   1607.0    843.8
     1     1    19     8    23     8     0     2  -166.0   38.349 -130.719   1630.5    840.8
     1     1    19     8    23     7     0     1  -167.0   38.620 -130.793   1651.3    838.6
     1     1    19     8    23     6     0     0  -168.0   38.889 -130.851   1664.7    837.1
