     7     1
    GDAS    18    12     1     0     0
    GDAS    19     1     1     0     0
    GDAS    19     2     1     0     0
    GDAS    19     3     1     0     0
    GDAS    19     4     1     0     0
    GDAS    19     5     1     0     0
    GDAS    19     6     1     0     0
     1 BACKWARD OMEGA   
    19     1    30     0   21.319 -157.670    10.0
     1 PRESSURE
     1     1    19     1    30     0     0     0     0.0   21.319 -157.670     10.0   1011.7
     1     1    19     1    29    23     0     1    -1.0   21.595 -157.577      7.4   1012.4
     1     1    19     1    29    22     0     2    -2.0   21.893 -157.454      5.8   1013.4
     1     1    19     1    29    21     0     3    -3.0   22.208 -157.314      5.3   1014.0
     1     1    19     1    29    20     0     2    -4.0   22.530 -157.171      5.4   1014.0
     1     1    19     1    29    19     0     1    -5.0   22.855 -157.029      6.3   1013.8
     1     1    19     1    29    18     0     0    -6.0   23.180 -156.879      7.8   1013.7
     1     1    19     1    29    17     0     1    -7.0   23.511 -156.721      9.0   1013.6
     1     1    19     1    29    16     0     2    -8.0   23.852 -156.555      9.3   1013.4
     1     1    19     1    29    15     0     3    -9.0   24.200 -156.376      9.3   1013.5
     1     1    19     1    29    14     0     2   -10.0   24.553 -156.188      9.3   1013.7
     1     1    19     1    29    13     0     1   -11.0   24.913 -156.000      9.3   1013.2
     1     1    19     1    29    12     0     0   -12.0   25.278 -155.811      9.3   1014.1
     1     1    19     1    29    11     0     1   -13.0   25.638 -155.613      9.3   1015.1
     1     1    19     1    29    10     0     2   -14.0   25.992 -155.402      9.3   1015.6
     1     1    19     1    29     9     0     3   -15.0   26.340 -155.179      9.3   1016.1
     1     1    19     1    29     8     0     2   -16.0   26.687 -154.953      9.3   1016.0
     1     1    19     1    29     7     0     1   -17.0   27.036 -154.733      9.3   1015.9
     1     1    19     1    29     6     0     0   -18.0   27.388 -154.518      9.3   1016.5
     1     1    19     1    29     5     0     1   -19.0   27.747 -154.315      9.3   1016.1
     1     1    19     1    29     4     0     2   -20.0   28.114 -154.134      9.3   1015.7
     1     1    19     1    29     3     0     3   -21.0   28.492 -153.978      9.3   1015.2
     1     1    19     1    29     2     0     2   -22.0   28.878 -153.852      9.3   1015.2
     1     1    19     1    29     1     0     1   -23.0   29.266 -153.762      9.5   1015.4
     1     1    19     1    29     0     0     0   -24.0   29.655 -153.712      9.9   1015.1
     1     1    19     1    28    23     0     1   -25.0   30.039 -153.683     10.5   1016.2
     1     1    19     1    28    22     0     2   -26.0   30.413 -153.655     10.9   1017.5
     1     1    19     1    28    21     0     3   -27.0   30.776 -153.628     11.1   1018.2
     1     1    19     1    28    20     0     2   -28.0   31.127 -153.612     11.1   1018.1
     1     1    19     1    28    19     0     1   -29.0   31.463 -153.610     11.1   1017.9
     1     1    19     1    28    18     0     0   -30.0   31.783 -153.624     11.1   1017.7
     1     1    19     1    28    17     0     1   -31.0   32.093 -153.653     11.1   1017.6
     1     1    19     1    28    16     0     2   -32.0   32.397 -153.696     11.1   1017.4
     1     1    19     1    28    15     0     3   -33.0   32.696 -153.749     11.1   1017.3
     1     1    19     1    28    14     0     2   -34.0   32.986 -153.808     11.3   1017.2
     1     1    19     1    28    13     0     1   -35.0   33.263 -153.870     12.0   1016.9
     1     1    19     1    28    12     0     0   -36.0   33.533 -153.932     13.4   1016.6
     1     1    19     1    28    11     0     1   -37.0   33.797 -153.993     15.0   1016.1
     1     1    19     1    28    10     0     2   -38.0   34.043 -154.061     16.0   1016.0
     1     1    19     1    28     9     0     3   -39.0   34.280 -154.144     16.4   1016.0
     1     1    19     1    28     8     0     2   -40.0   34.521 -154.243     16.6   1016.2
     1     1    19     1    28     7     0     1   -41.0   34.751 -154.360     16.9   1015.9
     1     1    19     1    28     6     0     0   -42.0   34.952 -154.508     17.1   1015.2
     1     1    19     1    28     5     0     1   -43.0   35.134 -154.680     17.4   1015.7
     1     1    19     1    28     4     0     2   -44.0   35.298 -154.867     18.4   1016.0
     1     1    19     1    28     3     0     3   -45.0   35.415 -155.080     19.7   1015.9
     1     1    19     1    28     2     0     2   -46.0   35.500 -155.296     21.1   1016.2
     1     1    19     1    28     1     0     1   -47.0   35.564 -155.493     21.8   1016.5
     1     1    19     1    28     0     0     0   -48.0   35.582 -155.683     21.3   1016.8
     1     1    19     1    27    23     0     1   -49.0   35.577 -155.856     20.6   1017.4
     1     1    19     1    27    22     0     2   -50.0   35.587 -156.003     20.5   1017.8
     1     1    19     1    27    21     0     3   -51.0   35.616 -156.124     21.2   1018.0
     1     1    19     1    27    20     0     2   -52.0   35.661 -156.236     22.1   1017.2
     1     1    19     1    27    19     0     1   -53.0   35.712 -156.355     22.8   1016.7
     1     1    19     1    27    18     0     0   -54.0   35.766 -156.477     23.4   1016.2
     1     1    19     1    27    17     0     1   -55.0   35.820 -156.595     23.8   1016.1
     1     1    19     1    27    16     0     2   -56.0   35.873 -156.703     24.1   1015.9
     1     1    19     1    27    15     0     3   -57.0   35.926 -156.798     24.1   1015.8
     1     1    19     1    27    14     0     2   -58.0   35.974 -156.888     24.1   1015.9
     1     1    19     1    27    13     0     1   -59.0   36.010 -156.986     24.1   1016.0
     1     1    19     1    27    12     0     0   -60.0   36.034 -157.091     24.1   1016.1
     1     1    19     1    27    11     0     1   -61.0   36.047 -157.194     24.1   1017.3
     1     1    19     1    27    10     0     2   -62.0   36.050 -157.288     24.1   1018.5
     1     1    19     1    27     9     0     3   -63.0   36.043 -157.374     24.1   1019.6
     1     1    19     1    27     8     0     2   -64.0   36.031 -157.442     24.1   1019.8
     1     1    19     1    27     7     0     1   -65.0   36.022 -157.481     24.1   1020.0
     1     1    19     1    27     6     0     0   -66.0   36.017 -157.492     24.1   1020.2
     1     1    19     1    27     5     0     1   -67.0   36.022 -157.482     24.1   1019.1
     1     1    19     1    27     4     0     2   -68.0   36.042 -157.460     24.1   1018.0
     1     1    19     1    27     3     0     3   -69.0   36.075 -157.426     24.1   1016.9
     1     1    19     1    27     2     0     2   -70.0   36.116 -157.381     24.2   1017.2
     1     1    19     1    27     1     0     1   -71.0   36.158 -157.321     24.4   1017.4
     1     1    19     1    27     0     0     0   -72.0   36.202 -157.244     25.0   1017.6
     1     1    19     1    26    23     0     1   -73.0   36.256 -157.157     25.7   1018.8
     1     1    19     1    26    22     0     2   -74.0   36.324 -157.064     26.3   1020.0
     1     1    19     1    26    21     0     3   -75.0   36.404 -156.969     26.6   1021.2
     1     1    19     1    26    20     0     2   -76.0   36.503 -156.860     27.3   1020.0
     1     1    19     1    26    19     0     1   -77.0   36.625 -156.733     29.5   1018.7
     1     1    19     1    26    18     0     0   -78.0   36.772 -156.596     33.6   1017.3
     1     1    19     1    26    17     0     1   -79.0   36.936 -156.472     38.1   1016.8
     1     1    19     1    26    16     0     2   -80.0   37.109 -156.380     41.1   1016.7
     1     1    19     1    26    15     0     3   -81.0   37.285 -156.318     42.4   1016.9
     1     1    19     1    26    14     0     2   -82.0   37.459 -156.268     43.0   1017.5
     1     1    19     1    26    13     0     1   -83.0   37.628 -156.212     43.7   1018.1
     1     1    19     1    26    12     0     0   -84.0   37.791 -156.149     44.0   1019.0
     1     1    19     1    26    11     0     1   -85.0   37.961 -156.080     44.1   1019.4
     1     1    19     1    26    10     0     2   -86.0   38.146 -156.002     44.2   1019.4
     1     1    19     1    26     9     0     3   -87.0   38.345 -155.919     44.2   1019.3
     1     1    19     1    26     8     0     2   -88.0   38.560 -155.845     45.1   1019.3
     1     1    19     1    26     7     0     1   -89.0   38.790 -155.792     47.9   1019.0
     1     1    19     1    26     6     0     0   -90.0   39.035 -155.759     53.2   1018.5
     1     1    19     1    26     5     0     1   -91.0   39.294 -155.751     60.4   1016.8
     1     1    19     1    26     4     0     2   -92.0   39.566 -155.775     69.1   1015.0
     1     1    19     1    26     3     0     3   -93.0   39.852 -155.833     79.3   1013.0
     1     1    19     1    26     2     0     2   -94.0   40.145 -155.922     89.2   1010.8
     1     1    19     1    26     1     0     1   -95.0   40.436 -156.039     95.7   1009.3
     1     1    19     1    26     0     0     0   -96.0   40.724 -156.186     97.9   1008.5
     1     1    19     1    25    23     0     1   -97.0   41.010 -156.363     98.7   1008.4
     1     1    19     1    25    22     0     2   -98.0   41.298 -156.573    102.4   1007.6
     1     1    19     1    25    21     0     3   -99.0   41.592 -156.813    111.9   1005.9
     1     1    19     1    25    20     0     2  -100.0   41.893 -157.077    128.3   1003.0
     1     1    19     1    25    19     0     1  -101.0   42.196 -157.357    148.6    999.6
     1     1    19     1    25    18     0     0  -102.0   42.499 -157.647    170.7    995.7
     1     1    19     1    25    17     0     1  -103.0   42.800 -157.948    193.5    991.4
     1     1    19     1    25    16     0     2  -104.0   43.094 -158.265    215.9    987.4
     1     1    19     1    25    15     0     3  -105.0   43.377 -158.601    238.0    983.7
     1     1    19     1    25    14     0     2  -106.0   43.645 -158.938    260.5    980.5
     1     1    19     1    25    13     0     1  -107.0   43.899 -159.266    283.9    976.8
     1     1    19     1    25    12     0     0  -108.0   44.135 -159.594    308.5    972.9
     1     1    19     1    25    11     0     1  -109.0   44.349 -159.927    331.1    968.7
     1     1    19     1    25    10     0     2  -110.0   44.545 -160.263    349.5    965.6
     1     1    19     1    25     9     0     3  -111.0   44.728 -160.603    368.9    962.7
     1     1    19     1    25     8     0     2  -112.0   44.895 -160.941    392.3    959.2
     1     1    19     1    25     7     0     1  -113.0   45.053 -161.276    415.6    955.3
     1     1    19     1    25     6     0     0  -114.0   45.203 -161.621    434.2    952.4
     1     1    19     1    25     5     0     1  -115.0   45.331 -161.992    446.2    949.4
     1     1    19     1    25     4     0     2  -116.0   45.430 -162.402    455.8    947.6
     1     1    19     1    25     3     0     3  -117.0   45.511 -162.843    473.1    944.4
     1     1    19     1    25     2     0     2  -118.0   45.576 -163.303    500.2    940.2
     1     1    19     1    25     1     0     1  -119.0   45.629 -163.765    531.5    935.2
     1     1    19     1    25     0     0     0  -120.0   45.678 -164.230    561.6    930.8
     1     1    19     1    24    23     0     1  -121.0   45.731 -164.717    588.4    926.8
     1     1    19     1    24    22     0     2  -122.0   45.793 -165.239    612.4    923.5
     1     1    19     1    24    21     0     3  -123.0   45.865 -165.785    636.8    920.2
     1     1    19     1    24    20     0     2  -124.0   45.937 -166.354    664.8    915.9
     1     1    19     1    24    19     0     1  -125.0   46.006 -166.940    699.0    911.0
     1     1    19     1    24    18     0     0  -126.0   46.076 -167.528    743.6    905.2
     1     1    19     1    24    17     0     1  -127.0   46.145 -168.107    790.7    897.8
     1     1    19     1    24    16     0     2  -128.0   46.216 -168.674    827.7    892.6
     1     1    19     1    24    15     0     3  -129.0   46.298 -169.231    858.2    889.1
     1     1    19     1    24    14     0     2  -130.0   46.383 -169.772    888.9    885.4
     1     1    19     1    24    13     0     1  -131.0   46.463 -170.290    922.4    881.5
     1     1    19     1    24    12     0     0  -132.0   46.535 -170.776    960.3    876.8
     1     1    19     1    24    11     0     1  -133.0   46.596 -171.230    999.7    871.7
     1     1    19     1    24    10     0     2  -134.0   46.645 -171.659   1035.8    867.1
     1     1    19     1    24     9     0     3  -135.0   46.687 -172.064   1060.7    863.4
     1     1    19     1    24     8     0     2  -136.0   46.727 -172.450   1073.4    862.0
     1     1    19     1    24     7     0     1  -137.0   46.770 -172.823   1080.8    861.1
     1     1    19     1    24     6     0     0  -138.0   46.817 -173.189   1086.3    860.1
     1     1    19     1    24     5     0     1  -139.0   46.855 -173.542   1091.4    858.9
     1     1    19     1    24     4     0     2  -140.0   46.873 -173.881   1100.9    857.6
     1     1    19     1    24     3     0     3  -141.0   46.878 -174.215   1119.7    854.9
     1     1    19     1    24     2     0     2  -142.0   46.867 -174.535   1140.3    851.7
     1     1    19     1    24     1     0     1  -143.0   46.838 -174.831   1154.4    850.1
     1     1    19     1    24     0     0     0  -144.0   46.797 -175.113   1162.5    849.2
     1     1    19     1    23    23     0     1  -145.0   46.756 -175.375   1166.7    848.8
     1     1    19     1    23    22     0     2  -146.0   46.721 -175.612   1168.7    848.5
     1     1    19     1    23    21     0     3  -147.0   46.687 -175.824   1169.3    848.3
     1     1    19     1    23    20     0     2  -148.0   46.657 -176.027   1169.8    848.0
     1     1    19     1    23    19     0     1  -149.0   46.629 -176.236   1175.2    847.4
     1     1    19     1    23    18     0     0  -150.0   46.605 -176.449   1190.9    845.5
     1     1    19     1    23    17     0     1  -151.0   46.580 -176.672   1216.0    842.0
     1     1    19     1    23    16     0     2  -152.0   46.551 -176.905   1248.1    838.0
     1     1    19     1    23    15     0     3  -153.0   46.518 -177.143   1282.6    833.3
     1     1    19     1    23    14     0     2  -154.0   46.479 -177.391   1310.3    829.9
     1     1    19     1    23    13     0     1  -155.0   46.438 -177.651   1331.4    828.1
     1     1    19     1    23    12     0     0  -156.0   46.394 -177.917   1354.7    826.1
     1     1    19     1    23    11     0     1  -157.0   46.355 -178.186   1381.4    822.9
     1     1    19     1    23    10     0     2  -158.0   46.323 -178.464   1409.0    820.1
     1     1    19     1    23     9     0     3  -159.0   46.296 -178.747   1440.2    817.1
     1     1    19     1    23     8     0     2  -160.0   46.277 -179.034   1470.4    813.1
     1     1    19     1    23     7     0     1  -161.0   46.270 -179.323   1492.3    810.6
     1     1    19     1    23     6     0     0  -162.0   46.277 -179.611   1505.2    808.9
     1     1    19     1    23     5     0     1  -163.0   46.295 -179.898   1515.8    808.3
     1     1    19     1    23     4     0     2  -164.0   46.319  179.811   1531.7    806.6
     1     1    19     1    23     3     0     3  -165.0   46.346  179.517   1554.8    804.1
     1     1    19     1    23     2     0     2  -166.0   46.376  179.224   1578.9    800.9
     1     1    19     1    23     1     0     1  -167.0   46.408  178.935   1596.2    799.0
     1     1    19     1    23     0     0     0  -168.0   46.441  178.653   1604.1    798.1
