     7     1
    GDAS    19     6     1     0     0
    GDAS    19     7     1     0     0
    GDAS    19     8     1     0     0
    GDAS    19     9     1     0     0
    GDAS    19    10     1     0     0
    GDAS    19    11     1     0     0
    GDAS    19    12     1     0     0
     1 BACKWARD OMEGA   
    19     8     6    12   21.319 -157.670    10.0
     1 PRESSURE
     1     1    19     8     6    12     0     0     0.0   21.319 -157.670     10.0   1010.3
     1     1    19     8     6    11     0     1    -1.0   21.381 -157.580     17.1   1009.0
     1     1    19     8     6    10     0     2    -2.0   21.452 -157.482     30.7   1007.2
     1     1    19     8     6     9     0     3    -3.0   21.533 -157.374     55.8   1005.1
     1     1    19     8     6     8     0     2    -4.0   21.620 -157.248     91.2   1000.3
     1     1    19     8     6     7     0     1    -5.0   21.706 -157.095    129.4    996.2
     1     1    19     8     6     6     0     0    -6.0   21.793 -156.907    162.6    992.1
     1     1    19     8     6     5     0     1    -7.0   21.892 -156.667    179.7    990.6
     1     1    19     8     6     4     0     2    -8.0   22.002 -156.355    178.9    991.5
     1     1    19     8     6     3     0     3    -9.0   22.095 -155.970    175.4    993.0
     1     1    19     8     6     2     0     2   -10.0   22.177 -155.534    176.0    993.0
     1     1    19     8     6     1     0     1   -11.0   22.261 -155.068    178.7    993.4
     1     1    19     8     6     0     0     0   -12.0   22.327 -154.590    183.5    993.4
     1     1    19     8     5    23     0     1   -13.0   22.360 -154.111    187.2    992.8
     1     1    19     8     5    22     0     2   -14.0   22.358 -153.630    187.2    992.9
     1     1    19     8     5    21     0     3   -15.0   22.311 -153.143    186.1    993.6
     1     1    19     8     5    20     0     2   -16.0   22.224 -152.655    181.7    993.9
     1     1    19     8     5    19     0     1   -17.0   22.119 -152.168    170.6    995.5
     1     1    19     8     5    18     0     0   -18.0   22.003 -151.683    152.6    997.8
     1     1    19     8     5    17     0     1   -19.0   21.881 -151.218    134.4   1000.5
     1     1    19     8     5    16     0     2   -20.0   21.754 -150.772    124.2   1001.2
     1     1    19     8     5    15     0     3   -21.0   21.628 -150.329    122.2   1001.0
     1     1    19     8     5    14     0     2   -22.0   21.512 -149.889    124.6   1000.6
     1     1    19     8     5    13     0     1   -23.0   21.406 -149.460    126.4   1000.6
     1     1    19     8     5    12     0     0   -24.0   21.309 -149.050    126.5   1000.9
     1     1    19     8     5    11     0     1   -25.0   21.219 -148.649    126.3   1001.3
     1     1    19     8     5    10     0     2   -26.0   21.133 -148.251    126.3   1001.7
     1     1    19     8     5     9     0     3   -27.0   21.046 -147.860    127.6   1002.3
     1     1    19     8     5     8     0     2   -28.0   20.964 -147.468    131.1   1001.6
     1     1    19     8     5     7     0     1   -29.0   20.892 -147.073    132.7   1000.8
     1     1    19     8     5     6     0     0   -30.0   20.828 -146.685    128.7   1001.1
     1     1    19     8     5     5     0     1   -31.0   20.765 -146.305    124.6   1001.7
     1     1    19     8     5     4     0     2   -32.0   20.698 -145.927    123.7   1001.1
     1     1    19     8     5     3     0     3   -33.0   20.631 -145.550    123.9   1000.6
     1     1    19     8     5     2     0     2   -34.0   20.572 -145.182    124.3   1000.9
     1     1    19     8     5     1     0     1   -35.0   20.522 -144.828    124.7   1001.1
     1     1    19     8     5     0     0     0   -36.0   20.476 -144.490    124.9   1001.3
     1     1    19     8     4    23     0     1   -37.0   20.435 -144.158    124.0   1001.5
     1     1    19     8     4    22     0     2   -38.0   20.401 -143.824    119.6   1002.1
     1     1    19     8     4    21     0     3   -39.0   20.374 -143.485    112.3   1003.2
     1     1    19     8     4    20     0     2   -40.0   20.354 -143.140    104.8   1004.3
     1     1    19     8     4    19     0     1   -41.0   20.337 -142.785     98.8   1005.1
     1     1    19     8     4    18     0     0   -42.0   20.327 -142.421     95.5   1005.7
     1     1    19     8     4    17     0     1   -43.0   20.322 -142.061     93.9   1005.5
     1     1    19     8     4    16     0     2   -44.0   20.319 -141.712     92.0   1005.4
     1     1    19     8     4    15     0     3   -45.0   20.315 -141.377     90.1   1005.4
     1     1    19     8     4    14     0     2   -46.0   20.312 -141.047     89.2   1005.4
     1     1    19     8     4    13     0     1   -47.0   20.317 -140.716     89.3   1005.2
     1     1    19     8     4    12     0     0   -48.0   20.331 -140.385     89.5   1005.1
     1     1    19     8     4    11     0     1   -49.0   20.358 -140.059     89.6   1005.9
     1     1    19     8     4    10     0     2   -50.0   20.399 -139.734     89.7   1006.6
     1     1    19     8     4     9     0     3   -51.0   20.454 -139.405     89.7   1007.3
     1     1    19     8     4     8     0     2   -52.0   20.524 -139.073     89.9   1007.1
     1     1    19     8     4     7     0     1   -53.0   20.603 -138.740     90.3   1006.9
     1     1    19     8     4     6     0     0   -54.0   20.689 -138.412     89.4   1006.8
     1     1    19     8     4     5     0     1   -55.0   20.775 -138.097     88.1   1006.7
     1     1    19     8     4     4     0     2   -56.0   20.857 -137.798     87.8   1006.1
     1     1    19     8     4     3     0     3   -57.0   20.939 -137.512     87.8   1005.4
     1     1    19     8     4     2     0     2   -58.0   21.022 -137.229     87.7   1005.3
     1     1    19     8     4     1     0     1   -59.0   21.101 -136.940     87.4   1005.2
     1     1    19     8     4     0     0     0   -60.0   21.174 -136.651     87.1   1005.3
     1     1    19     8     3    23     0     1   -61.0   21.246 -136.365     87.1   1005.9
     1     1    19     8     3    22     0     2   -62.0   21.319 -136.075     87.1   1006.4
     1     1    19     8     3    21     0     3   -63.0   21.387 -135.778     87.1   1006.8
     1     1    19     8     3    20     0     2   -64.0   21.462 -135.480     88.1   1007.4
     1     1    19     8     3    19     0     1   -65.0   21.559 -135.192     89.0   1007.7
     1     1    19     8     3    18     0     0   -66.0   21.678 -134.910     87.2   1008.4
     1     1    19     8     3    17     0     1   -67.0   21.811 -134.626     85.3   1008.5
     1     1    19     8     3    16     0     2   -68.0   21.948 -134.335     85.8   1007.9
     1     1    19     8     3    15     0     3   -69.0   22.081 -134.038     86.6   1007.2
     1     1    19     8     3    14     0     2   -70.0   22.210 -133.742     86.6   1007.0
     1     1    19     8     3    13     0     1   -71.0   22.338 -133.450     86.6   1006.8
     1     1    19     8     3    12     0     0   -72.0   22.462 -133.159     86.6   1006.5
     1     1    19     8     3    11     0     1   -73.0   22.579 -132.868     87.4   1006.8
     1     1    19     8     3    10     0     2   -74.0   22.687 -132.579     89.0   1006.8
     1     1    19     8     3     9     0     3   -75.0   22.788 -132.287     90.2   1006.8
     1     1    19     8     3     8     0     2   -76.0   22.891 -131.992     90.7   1007.4
     1     1    19     8     3     7     0     1   -77.0   23.003 -131.696     90.7   1008.1
     1     1    19     8     3     6     0     0   -78.0   23.127 -131.393     90.8   1008.8
     1     1    19     8     3     5     0     1   -79.0   23.269 -131.086     92.5   1008.3
     1     1    19     8     3     4     0     2   -80.0   23.428 -130.786     96.3   1007.5
     1     1    19     8     3     3     0     3   -81.0   23.595 -130.502    100.5   1006.7
     1     1    19     8     3     2     0     2   -82.0   23.765 -130.231    103.3   1006.3
     1     1    19     8     3     1     0     1   -83.0   23.935 -129.963    104.4   1006.1
     1     1    19     8     3     0     0     0   -84.0   24.109 -129.691    106.0   1006.0
     1     1    19     8     2    23     0     1   -85.0   24.294 -129.421    109.3   1005.8
     1     1    19     8     2    22     0     2   -86.0   24.496 -129.149    113.5   1005.6
     1     1    19     8     2    21     0     3   -87.0   24.712 -128.873    118.8   1005.5
     1     1    19     8     2    20     0     2   -88.0   24.927 -128.603    124.7   1005.2
     1     1    19     8     2    19     0     1   -89.0   25.131 -128.350    129.1   1005.0
     1     1    19     8     2    18     0     0   -90.0   25.326 -128.117    130.7   1005.1
     1     1    19     8     2    17     0     1   -91.0   25.523 -127.900    132.1   1004.8
     1     1    19     8     2    16     0     2   -92.0   25.731 -127.694    135.6   1003.9
     1     1    19     8     2    15     0     3   -93.0   25.945 -127.504    140.1   1002.9
     1     1    19     8     2    14     0     2   -94.0   26.153 -127.334    145.4   1002.1
     1     1    19     8     2    13     0     1   -95.0   26.348 -127.188    151.8   1001.2
     1     1    19     8     2    12     0     0   -96.0   26.533 -127.063    158.2   1000.1
     1     1    19     8     2    11     0     1   -97.0   26.711 -126.944    162.8    999.7
     1     1    19     8     2    10     0     2   -98.0   26.887 -126.813    164.8    999.8
     1     1    19     8     2     9     0     3   -99.0   27.062 -126.667    164.6   1000.2
     1     1    19     8     2     8     0     2  -100.0   27.235 -126.506    165.1   1000.8
     1     1    19     8     2     7     0     1  -101.0   27.405 -126.332    170.2   1000.6
     1     1    19     8     2     6     0     0  -102.0   27.572 -126.148    181.7    999.6
     1     1    19     8     2     5     0     1  -103.0   27.744 -125.961    194.9    997.0
     1     1    19     8     2     4     0     2  -104.0   27.929 -125.778    202.4    995.6
     1     1    19     8     2     3     0     3  -105.0   28.130 -125.598    202.9    995.2
     1     1    19     8     2     2     0     2  -106.0   28.348 -125.431    200.5    995.7
     1     1    19     8     2     1     0     1  -107.0   28.577 -125.285    198.1    995.9
     1     1    19     8     2     0     0     0  -108.0   28.816 -125.159    196.7    996.1
     1     1    19     8     1    23     0     1  -109.0   29.059 -125.049    196.9    996.2
     1     1    19     8     1    22     0     2  -110.0   29.300 -124.954    199.5    996.2
     1     1    19     8     1    21     0     3  -111.0   29.538 -124.874    205.2    995.7
     1     1    19     8     1    20     0     2  -112.0   29.776 -124.807    211.8    995.2
     1     1    19     8     1    19     0     1  -113.0   30.016 -124.756    216.8    995.1
     1     1    19     8     1    18     0     0  -114.0   30.254 -124.724    217.2    995.3
     1     1    19     8     1    17     0     1  -115.0   30.484 -124.709    215.2    995.5
     1     1    19     8     1    16     0     2  -116.0   30.708 -124.706    215.8    995.0
     1     1    19     8     1    15     0     3  -117.0   30.930 -124.712    220.7    993.9
     1     1    19     8     1    14     0     2  -118.0   31.150 -124.731    228.5    992.7
     1     1    19     8     1    13     0     1  -119.0   31.365 -124.768    237.1    991.7
     1     1    19     8     1    12     0     0  -120.0   31.575 -124.818    247.0    990.6
     1     1    19     8     1    11     0     1  -121.0   31.781 -124.869    257.1    989.3
     1     1    19     8     1    10     0     2  -122.0   31.981 -124.912    265.0    988.2
     1     1    19     8     1     9     0     3  -123.0   32.177 -124.949    268.7    987.3
     1     1    19     8     1     8     0     2  -124.0   32.379 -124.982    272.1    987.9
     1     1    19     8     1     7     0     1  -125.0   32.591 -125.013    281.0    987.2
     1     1    19     8     1     6     0     0  -126.0   32.813 -125.048    295.7    985.7
     1     1    19     8     1     5     0     1  -127.0   33.051 -125.091    311.2    982.7
     1     1    19     8     1     4     0     2  -128.0   33.305 -125.143    323.2    980.7
     1     1    19     8     1     3     0     3  -129.0   33.572 -125.196    332.1    979.2
     1     1    19     8     1     2     0     2  -130.0   33.846 -125.256    335.0    978.7
     1     1    19     8     1     1     0     1  -131.0   34.121 -125.329    330.1    979.4
     1     1    19     8     1     0     0     0  -132.0   34.403 -125.413    322.6    981.0
     1     1    19     7    31    23     0     1  -133.0   34.692 -125.505    322.6    981.6
     1     1    19     7    31    22     0     2  -134.0   34.989 -125.606    331.5    980.2
     1     1    19     7    31    21     0     3  -135.0   35.295 -125.713    342.8    978.6
     1     1    19     7    31    20     0     2  -136.0   35.601 -125.824    353.1    977.7
     1     1    19     7    31    19     0     1  -137.0   35.908 -125.938    363.1    976.9
     1     1    19     7    31    18     0     0  -138.0   36.224 -126.053    374.1    976.0
     1     1    19     7    31    17     0     1  -139.0   36.557 -126.163    385.6    974.0
     1     1    19     7    31    16     0     2  -140.0   36.909 -126.270    397.2    972.1
     1     1    19     7    31    15     0     3  -141.0   37.277 -126.379    408.8    970.2
     1     1    19     7    31    14     0     2  -142.0   37.654 -126.495    415.1    969.0
     1     1    19     7    31    13     0     1  -143.0   38.029 -126.618    414.1    969.3
     1     1    19     7    31    12     0     0  -144.0   38.393 -126.744    410.9    969.9
     1     1    19     7    31    11     0     1  -145.0   38.745 -126.865    409.2    970.3
     1     1    19     7    31    10     0     2  -146.0   39.082 -126.973    408.4    970.5
     1     1    19     7    31     9     0     3  -147.0   39.405 -127.075    404.2    970.7
     1     1    19     7    31     8     0     2  -148.0   39.712 -127.184    394.6    972.0
     1     1    19     7    31     7     0     1  -149.0   40.006 -127.304    380.6    973.7
     1     1    19     7    31     6     0     0  -150.0   40.282 -127.443    366.2    976.0
     1     1    19     7    31     5     0     1  -151.0   40.543 -127.614    360.0    977.3
     1     1    19     7    31     4     0     2  -152.0   40.784 -127.818    368.2    976.6
     1     1    19     7    31     3     0     3  -153.0   41.004 -128.036    395.6    974.0
     1     1    19     7    31     2     0     2  -154.0   41.204 -128.267    425.0    968.6
     1     1    19     7    31     1     0     1  -155.0   41.377 -128.520    438.8    967.6
     1     1    19     7    31     0     0     0  -156.0   41.529 -128.790    448.6    967.1
     1     1    19     7    30    23     0     1  -157.0   41.658 -129.067    453.2    966.0
     1     1    19     7    30    22     0     2  -158.0   41.763 -129.349    448.4    967.1
     1     1    19     7    30    21     0     3  -159.0   41.850 -129.642    443.3    968.7
     1     1    19     7    30    20     0     2  -160.0   41.932 -129.947    453.0    968.7
     1     1    19     7    30    19     0     1  -161.0   42.014 -130.255    475.3    964.9
     1     1    19     7    30    18     0     0  -162.0   42.094 -130.564    494.8    962.1
     1     1    19     7    30    17     0     1  -163.0   42.168 -130.885    505.1    960.7
     1     1    19     7    30    16     0     2  -164.0   42.231 -131.222    508.9    960.5
     1     1    19     7    30    15     0     3  -165.0   42.287 -131.567    520.2    960.2
     1     1    19     7    30    14     0     2  -166.0   42.334 -131.915    540.7    956.9
     1     1    19     7    30    13     0     1  -167.0   42.370 -132.273    554.9    954.6
     1     1    19     7    30    12     0     0  -168.0   42.396 -132.641    560.6    954.6
