     7     1
    GDAS    18    12     1     0     0
    GDAS    19     1     1     0     0
    GDAS    19     2     1     0     0
    GDAS    19     3     1     0     0
    GDAS    19     4     1     0     0
    GDAS    19     5     1     0     0
    GDAS    19     6     1     0     0
     1 BACKWARD OMEGA   
    19     2    14    12   21.319 -157.670    10.0
     1 PRESSURE
     1     1    19     2    14    12     0     0     0.0   21.319 -157.670     10.0   1010.4
     1     1    19     2    14    11     0     1    -1.0   21.517 -157.480     16.5   1010.4
     1     1    19     2    14    10     0     2    -2.0   21.701 -157.250     28.8   1009.4
     1     1    19     2    14     9     0     3    -3.0   21.876 -156.987     43.7   1008.4
     1     1    19     2    14     8     0     2    -4.0   22.053 -156.709     50.5   1007.8
     1     1    19     2    14     7     0     1    -5.0   22.239 -156.424     50.5   1008.4
     1     1    19     2    14     6     0     0    -6.0   22.434 -156.129     50.5   1008.2
     1     1    19     2    14     5     0     1    -7.0   22.635 -155.823     50.5   1007.8
     1     1    19     2    14     4     0     2    -8.0   22.840 -155.508     50.5   1007.4
     1     1    19     2    14     3     0     3    -9.0   23.040 -155.185     50.5   1007.1
     1     1    19     2    14     2     0     2   -10.0   23.239 -154.853     50.5   1007.0
     1     1    19     2    14     1     0     1   -11.0   23.446 -154.517     50.5   1006.8
     1     1    19     2    14     0     0     0   -12.0   23.657 -154.176     50.5   1006.6
     1     1    19     2    13    23     0     1   -13.0   23.874 -153.832     50.5   1007.3
     1     1    19     2    13    22     0     2   -14.0   24.102 -153.485     50.5   1008.1
     1     1    19     2    13    21     0     3   -15.0   24.346 -153.137     50.5   1008.9
     1     1    19     2    13    20     0     2   -16.0   24.608 -152.790     50.5   1008.5
     1     1    19     2    13    19     0     1   -17.0   24.895 -152.450     50.5   1008.4
     1     1    19     2    13    18     0     0   -18.0   25.206 -152.121     50.5   1008.3
     1     1    19     2    13    17     0     1   -19.0   25.524 -151.809     50.5   1007.9
     1     1    19     2    13    16     0     2   -20.0   25.840 -151.515     50.5   1007.7
     1     1    19     2    13    15     0     3   -21.0   26.156 -151.244     50.5   1007.5
     1     1    19     2    13    14     0     2   -22.0   26.472 -150.987     50.5   1007.4
     1     1    19     2    13    13     0     1   -23.0   26.789 -150.739     50.5   1007.3
     1     1    19     2    13    12     0     0   -24.0   27.110 -150.507     50.5   1007.3
     1     1    19     2    13    11     0     1   -25.0   27.434 -150.278     50.5   1007.3
     1     1    19     2    13    10     0     2   -26.0   27.760 -150.045     50.5   1007.3
     1     1    19     2    13     9     0     3   -27.0   28.089 -149.815     50.5   1007.2
     1     1    19     2    13     8     0     2   -28.0   28.429 -149.584     50.5   1007.0
     1     1    19     2    13     7     0     1   -29.0   28.782 -149.345     50.5   1006.9
     1     1    19     2    13     6     0     0   -30.0   29.146 -149.101     50.5   1007.0
     1     1    19     2    13     5     0     1   -31.0   29.518 -148.850     50.5   1006.0
     1     1    19     2    13     4     0     2   -32.0   29.902 -148.591     50.5   1005.2
     1     1    19     2    13     3     0     3   -33.0   30.302 -148.321     50.5   1004.6
     1     1    19     2    13     2     0     2   -34.0   30.717 -148.043     50.5   1004.3
     1     1    19     2    13     1     0     1   -35.0   31.139 -147.759     50.5   1004.2
     1     1    19     2    13     0     0     0   -36.0   31.562 -147.471     50.5   1004.0
     1     1    19     2    12    23     0     1   -37.0   31.994 -147.166     50.5   1004.5
     1     1    19     2    12    22     0     2   -38.0   32.438 -146.836     50.5   1004.6
     1     1    19     2    12    21     0     3   -39.0   32.888 -146.489     50.5   1004.8
     1     1    19     2    12    20     0     2   -40.0   33.343 -146.140     50.5   1005.0
     1     1    19     2    12    19     0     1   -41.0   33.804 -145.801     50.5   1005.2
     1     1    19     2    12    18     0     0   -42.0   34.265 -145.475     50.5   1005.7
     1     1    19     2    12    17     0     1   -43.0   34.726 -145.157     50.5   1005.5
     1     1    19     2    12    16     0     2   -44.0   35.183 -144.853     50.5   1005.7
     1     1    19     2    12    15     0     3   -45.0   35.633 -144.577     50.5   1006.0
     1     1    19     2    12    14     0     2   -46.0   36.081 -144.329     50.0   1006.3
     1     1    19     2    12    13     0     1   -47.0   36.531 -144.117     49.3   1007.1
     1     1    19     2    12    12     0     0   -48.0   36.988 -143.967     49.1   1008.1
     1     1    19     2    12    11     0     1   -49.0   37.432 -143.859     49.2   1008.8
     1     1    19     2    12    10     0     2   -50.0   37.838 -143.770     49.5   1010.0
     1     1    19     2    12     9     0     3   -51.0   38.217 -143.714     50.1   1011.0
     1     1    19     2    12     8     0     2   -52.0   38.597 -143.683     51.2   1011.4
     1     1    19     2    12     7     0     1   -53.0   38.996 -143.681     51.9   1011.6
     1     1    19     2    12     6     0     0   -54.0   39.409 -143.718     51.3   1011.4
     1     1    19     2    12     5     0     1   -55.0   39.829 -143.782     50.1   1011.5
     1     1    19     2    12     4     0     2   -56.0   40.248 -143.872     49.1   1011.9
     1     1    19     2    12     3     0     3   -57.0   40.668 -143.994     48.7   1012.0
     1     1    19     2    12     2     0     2   -58.0   41.093 -144.140     48.8   1012.0
     1     1    19     2    12     1     0     1   -59.0   41.524 -144.305     48.9   1012.0
     1     1    19     2    12     0     0     0   -60.0   41.958 -144.503     49.0   1011.9
     1     1    19     2    11    23     0     1   -61.0   42.399 -144.721     49.2   1012.9
     1     1    19     2    11    22     0     2   -62.0   42.850 -144.950     49.6   1013.9
     1     1    19     2    11    21     0     3   -63.0   43.313 -145.208     49.8   1014.9
     1     1    19     2    11    20     0     2   -64.0   43.786 -145.492     49.8   1014.5
     1     1    19     2    11    19     0     1   -65.0   44.261 -145.805     49.7   1014.4
     1     1    19     2    11    18     0     0   -66.0   44.735 -146.163     49.6   1014.8
     1     1    19     2    11    17     0     1   -67.0   45.213 -146.558     49.5   1015.1
     1     1    19     2    11    16     0     2   -68.0   45.699 -146.976     49.3   1015.5
     1     1    19     2    11    15     0     3   -69.0   46.193 -147.422     49.3   1016.2
     1     1    19     2    11    14     0     2   -70.0   46.697 -147.886     49.3   1017.8
     1     1    19     2    11    13     0     1   -71.0   47.216 -148.363     49.3   1017.8
     1     1    19     2    11    12     0     0   -72.0   47.754 -148.866     49.3   1018.0
     1     1    19     2    11    11     0     1   -73.0   48.293 -149.386     49.3   1019.5
     1     1    19     2    11    10     0     2   -74.0   48.810 -149.915     49.3   1020.0
     1     1    19     2    11     9     0     3   -75.0   49.306 -150.461     49.3   1020.3
     1     1    19     2    11     8     0     2   -76.0   49.790 -151.021     49.3   1020.9
     1     1    19     2    11     7     0     1   -77.0   50.266 -151.591     49.3   1021.0
     1     1    19     2    11     6     0     0   -78.0   50.738 -152.177     49.3   1021.3
     1     1    19     2    11     5     0     1   -79.0   51.197 -152.783     49.3   1022.6
     1     1    19     2    11     4     0     2   -80.0   51.637 -153.416     49.2   1022.4
     1     1    19     2    11     3     0     3   -81.0   52.065 -154.080     49.2   1023.3
     1     1    19     2    11     2     0     2   -82.0   52.478 -154.770     49.5   1022.7
     1     1    19     2    11     1     0     1   -83.0   52.865 -155.477     50.3   1022.4
     1     1    19     2    11     0     0     0   -84.0   53.223 -156.191     52.8   1022.5
     1     1    19     2    10    23     0     1   -85.0   53.562 -156.919     56.7   1021.5
     1     1    19     2    10    22     0     2   -86.0   53.886 -157.656     61.3   1020.6
     1     1    19     2    10    21     0     3   -87.0   54.196 -158.386     66.6   1019.3
     1     1    19     2    10    20     0     2   -88.0   54.489 -159.115     73.4   1016.7
     1     1    19     2    10    19     0     1   -89.0   54.749 -159.807     85.8   1012.9
     1     1    19     2    10    18     0     0   -90.0   54.984 -160.429     82.1   1009.2
     1     1    19     2    10    17     0     1   -91.0   55.205 -161.049     43.3   1014.2
     1     1    19     2    10    16     0     2   -92.0   55.404 -161.758     28.9   1020.1
     1     1    19     2    10    15     0     3   -93.0   55.599 -162.671     80.6   1006.5
     1     1    19     2    10    14     0     2   -94.0   55.792 -163.670    116.4   1002.9
     1     1    19     2    10    13     0     1   -95.0   55.977 -164.631    113.1   1005.1
     1     1    19     2    10    12     0     0   -96.0   56.140 -165.593    134.9   1001.1
     1     1    19     2    10    11     0     1   -97.0   56.264 -166.610    141.7    998.7
     1     1    19     2    10    10     0     2   -98.0   56.363 -167.683    146.2    996.6
     1     1    19     2    10     9     0     3   -99.0   56.454 -168.749    154.4    994.6
     1     1    19     2    10     8     0     2  -100.0   56.525 -169.784    169.0    991.5
     1     1    19     2    10     7     0     1  -101.0   56.581 -170.799    186.8    988.2
     1     1    19     2    10     6     0     0  -102.0   56.616 -171.789    201.7    985.4
     1     1    19     2    10     5     0     1  -103.0   56.617 -172.727    216.0    983.1
     1     1    19     2    10     4     0     2  -104.0   56.591 -173.636    235.9    980.0
     1     1    19     2    10     3     0     3  -105.0   56.535 -174.541    253.8    977.8
     1     1    19     2    10     2     0     2  -106.0   56.444 -175.417    273.2    975.0
     1     1    19     2    10     1     0     1  -107.0   56.329 -176.235    288.5    972.8
     1     1    19     2    10     0     0     0  -108.0   56.179 -177.017    306.4    970.4
     1     1    19     2     9    23     0     1  -109.0   55.994 -177.777    320.5    967.8
     1     1    19     2     9    22     0     2  -110.0   55.779 -178.532    331.5    966.2
     1     1    19     2     9    21     0     3  -111.0   55.513 -179.307    347.8    963.6
     1     1    19     2     9    20     0     2  -112.0   55.206  179.895    365.6    960.9
     1     1    19     2     9    19     0     1  -113.0   54.882  179.102    385.1    958.4
     1     1    19     2     9    18     0     0  -114.0   54.528  178.309    411.6    954.7
     1     1    19     2     9    17     0     1  -115.0   54.139  177.513    439.4    951.1
     1     1    19     2     9    16     0     2  -116.0   53.730  176.703    460.9    948.0
     1     1    19     2     9    15     0     3  -117.0   53.306  175.867    477.3    945.9
     1     1    19     2     9    14     0     2  -118.0   52.865  175.020    489.8    943.4
     1     1    19     2     9    13     0     1  -119.0   52.427  174.163    494.4    942.9
     1     1    19     2     9    12     0     0  -120.0   51.993  173.295    502.1    941.7
     1     1    19     2     9    11     0     1  -121.0   51.568  172.418    509.5    940.9
     1     1    19     2     9    10     0     2  -122.0   51.149  171.510    534.7    937.0
     1     1    19     2     9     9     0     3  -123.0   50.750  170.607    539.9    936.8
     1     1    19     2     9     8     0     2  -124.0   50.386  169.706    563.9    933.5
     1     1    19     2     9     7     0     1  -125.0   50.038  168.787    608.7    927.7
     1     1    19     2     9     6     0     0  -126.0   49.704  167.879    633.3    924.0
     1     1    19     2     9     5     0     1  -127.0   49.404  166.981    655.9    921.9
     1     1    19     2     9     4     0     2  -128.0   49.141  166.039    699.5    915.5
     1     1    19     2     9     3     0     3  -129.0   48.910  165.031    757.6    908.2
     1     1    19     2     9     2     0     2  -130.0   48.708  164.021    848.5    898.0
     1     1    19     2     9     1     0     1  -131.0   48.538  163.025    926.6    886.9
     1     1    19     2     9     0     0     0  -132.0   48.448  162.018    934.3    885.3
     1     1    19     2     8    23     0     1  -133.0   48.424  161.004    917.3    887.7
     1     1    19     2     8    22     0     2  -134.0   48.423  159.987    944.9    883.4
     1     1    19     2     8    21     0     3  -135.0   48.502  158.964    983.1    876.6
     1     1    19     2     8    20     0     2  -136.0   48.648  157.911    976.0    876.8
     1     1    19     2     8    19     0     1  -137.0   48.818  156.825    892.6    884.5
     1     1    19     2     8    18     0     0  -138.0   49.032  155.689    751.7    905.3
     1     1    19     2     8    17     0     1  -139.0   49.293  154.602    758.1    902.9
     1     1    19     2     8    16     0     2  -140.0   49.613  153.561    779.2    900.5
     1     1    19     2     8    15     0     3  -141.0   49.936  152.499    836.5    894.7
     1     1    19     2     8    14     0     2  -142.0   50.190  151.497    941.4    882.2
     1     1    19     2     8    13     0     1  -143.0   50.408  150.640   1041.0    869.9
     1     1    19     2     8    12     0     0  -144.0   50.610  149.966   1092.3    864.4
     1     1    19     2     8    11     0     1  -145.0   50.816  149.498   1120.6    861.6
     1     1    19     2     8    10     0     2  -146.0   51.036  149.206   1131.6    858.4
     1     1    19     2     8     9     0     3  -147.0   51.264  148.989   1081.5    859.3
     1     1    19     2     8     8     0     2  -148.0   51.515  148.740    954.7    875.6
     1     1    19     2     8     7     0     1  -149.0   51.821  148.442    762.1    899.1
     1     1    19     2     8     6     0     0  -150.0   52.144  148.050    600.0    929.5
     1     1    19     2     8     5     0     1  -151.0   52.491  147.641    536.4    934.4
     1     1    19     2     8     4     0     2  -152.0   52.881  147.294    477.1    934.7
     1     1    19     2     8     3     0     3  -153.0   53.265  146.957    389.8    950.0
     1     1    19     2     8     2     0     2  -154.0   53.603  146.609    330.5    961.1
     1     1    19     2     8     1     0     1  -155.0   53.901  146.276    300.2    962.3
     1     1    19     2     8     0     0     0  -156.0   54.164  145.954    273.8    965.6
     1     1    19     2     7    23     0     1  -157.0   54.404  145.636    251.5    969.7
     1     1    19     2     7    22     0     2  -158.0   54.632  145.319    234.9    971.2
     1     1    19     2     7    21     0     3  -159.0   54.847  144.982    215.1    973.2
     1     1    19     2     7    20     0     2  -160.0   55.041  144.614    198.3    976.9
     1     1    19     2     7    19     0     1  -161.0   55.206  144.228    194.5    978.2
     1     1    19     2     7    18     0     0  -162.0   55.345  143.840    202.2    977.1
     1     1    19     2     7    17     0     1  -163.0   55.465  143.456    213.4    975.4
     1     1    19     2     7    16     0     2  -164.0   55.571  143.075    222.3    974.4
     1     1    19     2     7    15     0     3  -165.0   55.670  142.691    225.7    973.9
     1     1    19     2     7    14     0     2  -166.0   55.773  142.302    221.2    974.4
     1     1    19     2     7    13     0     1  -167.0   55.886  141.911    211.5    976.0
     1     1    19     2     7    12     0     0  -168.0   56.008  141.518    201.9    977.5
