     7     1
    GDAS    18    12     1     0     0
    GDAS    19     1     1     0     0
    GDAS    19     2     1     0     0
    GDAS    19     3     1     0     0
    GDAS    19     4     1     0     0
    GDAS    19     5     1     0     0
    GDAS    19     6     1     0     0
     1 BACKWARD OMEGA   
    19     6    26    18   21.319 -157.670    10.0
     1 PRESSURE
     1     1    19     6    26    18     0     0     0.0   21.319 -157.670     10.0   1009.2
     1     1    19     6    26    17     0     1    -1.0   21.212 -157.520     27.2   1007.2
     1     1    19     6    26    16     0     2    -2.0   21.169 -157.390    117.5    998.5
     1     1    19     6    26    15     0     3    -3.0   21.186 -157.280    377.2    974.3
     1     1    19     6    26    14     0     2    -4.0   21.231 -157.201    716.5    917.5
     1     1    19     6    26    13     0     1    -5.0   21.253 -157.152    813.9    896.2
     1     1    19     6    26    12     0     0    -6.0   21.231 -157.105    614.6    918.0
     1     1    19     6    26    11     0     1    -7.0   21.188 -157.085    399.3    967.5
     1     1    19     6    26    10     0     2    -8.0   21.159 -157.080    277.9    978.4
     1     1    19     6    26     9     0     3    -9.0   21.144 -157.075    214.8    982.4
     1     1    19     6    26     8     0     2   -10.0   21.137 -157.068    179.2    984.8
     1     1    19     6    26     7     0     1   -11.0   21.136 -157.060    158.1    987.0
     1     1    19     6    26     6     0     0   -12.0   21.140 -157.049    147.0    988.3
     1     1    19     6    26     5     0     1   -13.0   21.132 -157.044    127.8    988.1
     1     1    19     6    26     4     0     2   -14.0   21.099 -157.063     91.9    992.0
     1     1    19     6    26     3     0     3   -15.0   21.040 -157.112     55.2    997.7
     1     1    19     6    26     2     0     2   -16.0   20.968 -157.181     30.1   1002.1
     1     1    19     6    26     1     0     1   -17.0   20.898 -157.255     16.5   1005.2
     1     1    19     6    26     0     0     0   -18.0   20.825 -157.331      8.9   1006.5
     1     1    19     6    25    23     0     1   -19.0   20.735 -157.398      8.1   1007.3
     1     1    19     6    25    22     0     2   -20.0   20.617 -157.441     13.3   1007.9
     1     1    19     6    25    21     0     3   -21.0   20.475 -157.461     21.6   1007.1
     1     1    19     6    25    20     0     2   -22.0   20.319 -157.467     30.0   1006.7
     1     1    19     6    25    19     0     1   -23.0   20.161 -157.467     35.8   1007.1
     1     1    19     6    25    18     0     0   -24.0   20.004 -157.468     38.0   1007.9
     1     1    19     6    25    17     0     1   -25.0   19.856 -157.453     38.2   1007.9
     1     1    19     6    25    16     0     2   -26.0   19.724 -157.412     39.1   1007.8
     1     1    19     6    25    15     0     3   -27.0   19.604 -157.351     42.2   1007.5
     1     1    19     6    25    14     0     2   -28.0   19.496 -157.278     47.1   1007.0
     1     1    19     6    25    13     0     1   -29.0   19.395 -157.196     52.5   1006.6
     1     1    19     6    25    12     0     0   -30.0   19.299 -157.098     59.5   1006.0
     1     1    19     6    25    11     0     1   -31.0   19.197 -156.978     72.1   1005.5
     1     1    19     6    25    10     0     2   -32.0   19.077 -156.834     96.1   1003.4
     1     1    19     6    25     9     0     3   -33.0   18.942 -156.657    136.1    999.7
     1     1    19     6    25     8     0     2   -34.0   18.820 -156.451    190.0    992.7
     1     1    19     6    25     7     0     1   -35.0   18.723 -156.226    253.7    985.6
     1     1    19     6    25     6     0     0   -36.0   18.650 -155.982    324.4    976.9
     1     1    19     6    25     5     0     1   -37.0   18.603 -155.735    394.9    968.6
     1     1    19     6    25     4     0     2   -38.0   18.583 -155.498    457.9    961.0
     1     1    19     6    25     3     0     3   -39.0   18.582 -155.271    508.2    954.9
     1     1    19     6    25     2     0     2   -40.0   18.599 -155.050    555.5    951.3
     1     1    19     6    25     1     0     1   -41.0   18.629 -154.824    616.4    945.5
     1     1    19     6    25     0     0     0   -42.0   18.659 -154.596    688.8    937.0
     1     1    19     6    24    23     0     1   -43.0   18.699 -154.370    741.8    929.1
     1     1    19     6    24    22     0     2   -44.0   18.750 -154.146    750.4    928.9
     1     1    19     6    24    21     0     3   -45.0   18.807 -153.916    721.7    933.4
     1     1    19     6    24    20     0     2   -46.0   18.864 -153.681    683.5    939.8
     1     1    19     6    24    19     0     1   -47.0   18.920 -153.442    651.5    943.1
     1     1    19     6    24    18     0     0   -48.0   18.979 -153.196    622.7    946.1
     1     1    19     6    24    17     0     1   -49.0   19.036 -152.948    599.7    948.6
     1     1    19     6    24    16     0     2   -50.0   19.083 -152.705    580.2    949.8
     1     1    19     6    24    15     0     3   -51.0   19.120 -152.469    554.6    951.9
     1     1    19     6    24    14     0     2   -52.0   19.152 -152.238    527.8    955.9
     1     1    19     6    24    13     0     1   -53.0   19.180 -152.016    508.6    958.2
     1     1    19     6    24    12     0     0   -54.0   19.207 -151.801    498.1    959.5
     1     1    19     6    24    11     0     1   -55.0   19.238 -151.587    494.2    960.6
     1     1    19     6    24    10     0     2   -56.0   19.271 -151.370    493.8    961.4
     1     1    19     6    24     9     0     3   -57.0   19.299 -151.151    496.4    961.9
     1     1    19     6    24     8     0     2   -58.0   19.327 -150.931    492.7    961.1
     1     1    19     6    24     7     0     1   -59.0   19.366 -150.712    477.9    963.2
     1     1    19     6    24     6     0     0   -60.0   19.415 -150.490    456.0    965.4
     1     1    19     6    24     5     0     1   -61.0   19.460 -150.263    433.9    968.8
     1     1    19     6    24     4     0     2   -62.0   19.494 -150.032    415.0    970.2
     1     1    19     6    24     3     0     3   -63.0   19.518 -149.791    398.5    972.0
     1     1    19     6    24     2     0     2   -64.0   19.538 -149.545    387.7    973.1
     1     1    19     6    24     1     0     1   -65.0   19.556 -149.296    381.3    973.6
     1     1    19     6    24     0     0     0   -66.0   19.572 -149.040    378.5    973.9
     1     1    19     6    23    23     0     1   -67.0   19.590 -148.777    375.7    974.4
     1     1    19     6    23    22     0     2   -68.0   19.610 -148.509    368.8    975.6
     1     1    19     6    23    21     0     3   -69.0   19.640 -148.230    356.8    977.4
     1     1    19     6    23    20     0     2   -70.0   19.678 -147.943    347.6    979.3
     1     1    19     6    23    19     0     1   -71.0   19.721 -147.652    350.1    979.2
     1     1    19     6    23    18     0     0   -72.0   19.774 -147.359    366.5    977.4
     1     1    19     6    23    17     0     1   -73.0   19.838 -147.065    386.3    973.8
     1     1    19     6    23    16     0     2   -74.0   19.906 -146.777    395.5    972.2
     1     1    19     6    23    15     0     3   -75.0   19.976 -146.498    399.1    972.3
     1     1    19     6    23    14     0     2   -76.0   20.051 -146.226    408.2    971.6
     1     1    19     6    23    13     0     1   -77.0   20.129 -145.961    425.0    969.3
     1     1    19     6    23    12     0     0   -78.0   20.212 -145.703    448.0    966.5
     1     1    19     6    23    11     0     1   -79.0   20.293 -145.451    473.1    963.8
     1     1    19     6    23    10     0     2   -80.0   20.369 -145.202    496.3    962.0
     1     1    19     6    23     9     0     3   -81.0   20.442 -144.959    517.8    960.2
     1     1    19     6    23     8     0     2   -82.0   20.509 -144.715    542.7    958.0
     1     1    19     6    23     7     0     1   -83.0   20.575 -144.466    577.3    954.2
     1     1    19     6    23     6     0     0   -84.0   20.649 -144.220    620.4    949.5
     1     1    19     6    23     5     0     1   -85.0   20.734 -143.981    661.8    943.5
     1     1    19     6    23     4     0     2   -86.0   20.820 -143.740    694.7    939.7
     1     1    19     6    23     3     0     3   -87.0   20.902 -143.496    723.9    936.4
     1     1    19     6    23     2     0     2   -88.0   20.982 -143.249    753.2    933.4
     1     1    19     6    23     1     0     1   -89.0   21.065 -143.006    791.7    930.2
     1     1    19     6    23     0     0     0   -90.0   21.155 -142.772    848.1    924.4
     1     1    19     6    22    23     0     1   -91.0   21.243 -142.548    908.6    916.8
     1     1    19     6    22    22     0     2   -92.0   21.323 -142.333    962.1    911.7
     1     1    19     6    22    21     0     3   -93.0   21.397 -142.126   1014.0    906.8
     1     1    19     6    22    20     0     2   -94.0   21.467 -141.928   1063.0    901.1
     1     1    19     6    22    19     0     1   -95.0   21.537 -141.742   1107.6    896.4
     1     1    19     6    22    18     0     0   -96.0   21.607 -141.567   1156.7    892.0
     1     1    19     6    22    17     0     1   -97.0   21.667 -141.404   1201.5    884.9
     1     1    19     6    22    16     0     2   -98.0   21.713 -141.244   1221.4    881.8
     1     1    19     6    22    15     0     3   -99.0   21.746 -141.078   1209.8    882.1
     1     1    19     6    22    14     0     2  -100.0   21.770 -140.899   1191.7    886.8
     1     1    19     6    22    13     0     1  -101.0   21.784 -140.716   1197.8    886.1
     1     1    19     6    22    12     0     0  -102.0   21.784 -140.536   1232.4    882.2
     1     1    19     6    22    11     0     1  -103.0   21.777 -140.364   1281.0    876.0
     1     1    19     6    22    10     0     2  -104.0   21.772 -140.193   1322.3    871.7
     1     1    19     6    22     9     0     3  -105.0   21.770 -140.019   1344.1    869.3
     1     1    19     6    22     8     0     2  -106.0   21.776 -139.841   1362.8    869.8
     1     1    19     6    22     7     0     1  -107.0   21.792 -139.666   1399.5    865.7
     1     1    19     6    22     6     0     0  -108.0   21.816 -139.492   1445.8    860.6
     1     1    19     6    22     5     0     1  -109.0   21.846 -139.326   1485.6    855.2
     1     1    19     6    22     4     0     2  -110.0   21.884 -139.169   1514.9    852.5
     1     1    19     6    22     3     0     3  -111.0   21.933 -139.021   1549.3    849.4
     1     1    19     6    22     2     0     2  -112.0   21.980 -138.890   1572.0    844.6
     1     1    19     6    22     1     0     1  -113.0   22.017 -138.782   1563.8    845.7
     1     1    19     6    22     0     0     0  -114.0   22.048 -138.692   1532.7    849.3
     1     1    19     6    21    23     0     1  -115.0   22.070 -138.608   1502.1    854.8
     1     1    19     6    21    22     0     2  -116.0   22.075 -138.521   1488.3    856.2
     1     1    19     6    21    21     0     3  -117.0   22.065 -138.435   1486.0    856.5
     1     1    19     6    21    20     0     2  -118.0   22.047 -138.353   1485.0    855.6
     1     1    19     6    21    19     0     1  -119.0   22.027 -138.276   1476.4    856.2
     1     1    19     6    21    18     0     0  -120.0   22.005 -138.202   1457.9    857.8
     1     1    19     6    21    17     0     1  -121.0   21.976 -138.121   1439.1    860.2
     1     1    19     6    21    16     0     2  -122.0   21.931 -138.035   1430.4    860.6
     1     1    19     6    21    15     0     3  -123.0   21.869 -137.943   1430.1    860.0
     1     1    19     6    21    14     0     2  -124.0   21.797 -137.844   1435.1    859.0
     1     1    19     6    21    13     0     1  -125.0   21.719 -137.735   1445.3    857.7
     1     1    19     6    21    12     0     0  -126.0   21.639 -137.619   1460.8    855.7
     1     1    19     6    21    11     0     1  -127.0   21.561 -137.499   1475.3    854.0
     1     1    19     6    21    10     0     2  -128.0   21.487 -137.375   1482.0    853.6
     1     1    19     6    21     9     0     3  -129.0   21.418 -137.246   1480.1    854.1
     1     1    19     6    21     8     0     2  -130.0   21.355 -137.117   1466.0    855.1
     1     1    19     6    21     7     0     1  -131.0   21.301 -136.990   1442.3    857.9
     1     1    19     6    21     6     0     0  -132.0   21.257 -136.863   1419.9    860.6
     1     1    19     6    21     5     0     1  -133.0   21.224 -136.737   1417.7    861.7
     1     1    19     6    21     4     0     2  -134.0   21.203 -136.615   1448.5    858.2
     1     1    19     6    21     3     0     3  -135.0   21.193 -136.503   1514.1    851.5
     1     1    19     6    21     2     0     2  -136.0   21.183 -136.404   1585.1    841.1
     1     1    19     6    21     1     0     1  -137.0   21.170 -136.315   1627.9    836.5
     1     1    19     6    21     0     0     0  -138.0   21.155 -136.231   1636.2    835.2
     1     1    19     6    20    23     0     1  -139.0   21.138 -136.146   1624.1    838.4
     1     1    19     6    20    22     0     2  -140.0   21.113 -136.057   1610.9    840.2
     1     1    19     6    20    21     0     3  -141.0   21.078 -135.967   1601.2    841.8
     1     1    19     6    20    20     0     2  -142.0   21.030 -135.874   1603.9    842.1
     1     1    19     6    20    19     0     1  -143.0   20.972 -135.778   1622.3    840.1
     1     1    19     6    20    18     0     0  -144.0   20.903 -135.681   1653.0    836.9
     1     1    19     6    20    17     0     1  -145.0   20.834 -135.587   1676.8    832.4
     1     1    19     6    20    16     0     2  -146.0   20.777 -135.493   1675.1    832.3
     1     1    19     6    20    15     0     3  -147.0   20.730 -135.396   1650.5    834.4
     1     1    19     6    20    14     0     2  -148.0   20.689 -135.296   1617.4    838.8
     1     1    19     6    20    13     0     1  -149.0   20.649 -135.201   1591.6    841.3
     1     1    19     6    20    12     0     0  -150.0   20.608 -135.114   1576.8    842.7
     1     1    19     6    20    11     0     1  -151.0   20.568 -135.034   1574.9    843.5
     1     1    19     6    20    10     0     2  -152.0   20.531 -134.959   1583.5    842.9
     1     1    19     6    20     9     0     3  -153.0   20.498 -134.888   1598.8    841.9
     1     1    19     6    20     8     0     2  -154.0   20.467 -134.818   1619.6    839.7
     1     1    19     6    20     7     0     1  -155.0   20.436 -134.743   1645.5    837.1
     1     1    19     6    20     6     0     0  -156.0   20.406 -134.667   1676.9    834.0
     1     1    19     6    20     5     0     1  -157.0   20.376 -134.594   1709.9    830.0
     1     1    19     6    20     4     0     2  -158.0   20.345 -134.525   1740.2    826.8
     1     1    19     6    20     3     0     3  -159.0   20.311 -134.460   1767.8    823.9
     1     1    19     6    20     2     0     2  -160.0   20.279 -134.393   1793.3    821.3
     1     1    19     6    20     1     0     1  -161.0   20.250 -134.317   1817.7    818.9
     1     1    19     6    20     0     0     0  -162.0   20.224 -134.230   1842.3    816.4
     1     1    19     6    19    23     0     1  -163.0   20.204 -134.139   1864.3    814.2
     1     1    19     6    19    22     0     2  -164.0   20.193 -134.051   1879.2    812.9
     1     1    19     6    19    21     0     3  -165.0   20.191 -133.966   1886.0    812.5
     1     1    19     6    19    20     0     2  -166.0   20.193 -133.888   1895.5    812.7
     1     1    19     6    19    19     0     1  -167.0   20.196 -133.822   1915.4    810.7
     1     1    19     6    19    18     0     0  -168.0   20.198 -133.766   1943.5    808.1
