     7     1
    GDAS    19     6     1     0     0
    GDAS    19     7     1     0     0
    GDAS    19     8     1     0     0
    GDAS    19     9     1     0     0
    GDAS    19    10     1     0     0
    GDAS    19    11     1     0     0
    GDAS    19    12     1     0     0
     1 BACKWARD OMEGA   
    19     8    13    12   21.319 -157.670    10.0
     1 PRESSURE
     1     1    19     8    13    12     0     0     0.0   21.319 -157.670     10.0   1012.1
     1     1    19     8    13    11     0     1    -1.0   21.364 -157.517     21.5   1010.2
     1     1    19     8    13    10     0     2    -2.0   21.404 -157.360     50.7   1006.8
     1     1    19     8    13     9     0     3    -3.0   21.438 -157.199     99.9   1000.2
     1     1    19     8    13     8     0     2    -4.0   21.460 -157.035    154.3    993.2
     1     1    19     8    13     7     0     1    -5.0   21.468 -156.861    204.3    987.0
     1     1    19     8    13     6     0     0    -6.0   21.457 -156.671    241.1    983.5
     1     1    19     8    13     5     0     1    -7.0   21.428 -156.466    265.9    982.0
     1     1    19     8    13     4     0     2    -8.0   21.383 -156.239    283.3    981.0
     1     1    19     8    13     3     0     3    -9.0   21.317 -155.982    298.6    980.8
     1     1    19     8    13     2     0     2   -10.0   21.235 -155.709    321.8    978.8
     1     1    19     8    13     1     0     1   -11.0   21.140 -155.444    354.4    974.5
     1     1    19     8    13     0     0     0   -12.0   21.030 -155.189    382.7    970.5
     1     1    19     8    12    23     0     1   -13.0   20.918 -154.940    395.1    969.4
     1     1    19     8    12    22     0     2   -14.0   20.820 -154.688    400.2    970.6
     1     1    19     8    12    21     0     3   -15.0   20.737 -154.426    408.4    970.1
     1     1    19     8    12    20     0     2   -16.0   20.672 -154.161    415.8    969.3
     1     1    19     8    12    19     0     1   -17.0   20.629 -153.906    422.1    969.1
     1     1    19     8    12    18     0     0   -18.0   20.600 -153.661    431.0    968.6
     1     1    19     8    12    17     0     1   -19.0   20.579 -153.426    442.7    966.7
     1     1    19     8    12    16     0     2   -20.0   20.562 -153.194    453.2    964.7
     1     1    19     8    12    15     0     3   -21.0   20.549 -152.960    455.8    963.5
     1     1    19     8    12    14     0     2   -22.0   20.538 -152.723    445.5    964.6
     1     1    19     8    12    13     0     1   -23.0   20.520 -152.484    425.9    967.6
     1     1    19     8    12    12     0     0   -24.0   20.495 -152.241    406.3    970.0
     1     1    19     8    12    11     0     1   -25.0   20.467 -151.986    391.4    971.9
     1     1    19     8    12    10     0     2   -26.0   20.447 -151.722    381.9    973.5
     1     1    19     8    12     9     0     3   -27.0   20.431 -151.455    378.4    974.5
     1     1    19     8    12     8     0     2   -28.0   20.421 -151.188    379.3    973.9
     1     1    19     8    12     7     0     1   -29.0   20.424 -150.919    372.3    973.2
     1     1    19     8    12     6     0     0   -30.0   20.439 -150.645    349.5    975.5
     1     1    19     8    12     5     0     1   -31.0   20.460 -150.375    329.5    979.4
     1     1    19     8    12     4     0     2   -32.0   20.484 -150.113    325.1    979.3
     1     1    19     8    12     3     0     3   -33.0   20.514 -149.857    331.8    978.1
     1     1    19     8    12     2     0     2   -34.0   20.544 -149.608    344.6    976.1
     1     1    19     8    12     1     0     1   -35.0   20.567 -149.368    362.7    974.4
     1     1    19     8    12     0     0     0   -36.0   20.586 -149.137    392.5    971.4
     1     1    19     8    11    23     0     1   -37.0   20.603 -148.904    422.0    967.2
     1     1    19     8    11    22     0     2   -38.0   20.620 -148.657    433.9    966.2
     1     1    19     8    11    21     0     3   -39.0   20.635 -148.398    431.9    967.4
     1     1    19     8    11    20     0     2   -40.0   20.650 -148.135    423.9    968.8
     1     1    19     8    11    19     0     1   -41.0   20.670 -147.872    412.3    969.9
     1     1    19     8    11    18     0     0   -42.0   20.691 -147.609    398.9    971.7
     1     1    19     8    11    17     0     1   -43.0   20.708 -147.342    394.1    972.5
     1     1    19     8    11    16     0     2   -44.0   20.723 -147.070    407.7    970.9
     1     1    19     8    11    15     0     3   -45.0   20.742 -146.796    436.4    967.0
     1     1    19     8    11    14     0     2   -46.0   20.760 -146.523    462.7    962.3
     1     1    19     8    11    13     0     1   -47.0   20.771 -146.250    473.3    960.9
     1     1    19     8    11    12     0     0   -48.0   20.774 -145.980    468.4    961.3
     1     1    19     8    11    11     0     1   -49.0   20.774 -145.710    454.6    964.5
     1     1    19     8    11    10     0     2   -50.0   20.773 -145.438    436.1    967.3
     1     1    19     8    11     9     0     3   -51.0   20.770 -145.157    411.7    970.5
     1     1    19     8    11     8     0     2   -52.0   20.774 -144.870    396.7    973.4
     1     1    19     8    11     7     0     1   -53.0   20.798 -144.584    403.2    972.2
     1     1    19     8    11     6     0     0   -54.0   20.842 -144.305    426.6    969.3
     1     1    19     8    11     5     0     1   -55.0   20.899 -144.034    450.0    964.9
     1     1    19     8    11     4     0     2   -56.0   20.962 -143.769    455.2    963.7
     1     1    19     8    11     3     0     3   -57.0   21.031 -143.510    441.1    965.6
     1     1    19     8    11     2     0     2   -58.0   21.100 -143.257    417.3    968.7
     1     1    19     8    11     1     0     1   -59.0   21.159 -143.008    391.7    971.0
     1     1    19     8    11     0     0     0   -60.0   21.206 -142.759    366.3    973.5
     1     1    19     8    10    23     0     1   -61.0   21.241 -142.499    343.9    976.7
     1     1    19     8    10    22     0     2   -62.0   21.271 -142.230    325.3    979.5
     1     1    19     8    10    21     0     3   -63.0   21.300 -141.956    311.7    981.9
     1     1    19     8    10    20     0     2   -64.0   21.329 -141.680    303.1    982.6
     1     1    19     8    10    19     0     1   -65.0   21.362 -141.398    292.1    983.1
     1     1    19     8    10    18     0     0   -66.0   21.400 -141.114    267.5    985.3
     1     1    19     8    10    17     0     1   -67.0   21.437 -140.832    238.5    989.9
     1     1    19     8    10    16     0     2   -68.0   21.469 -140.554    215.4    992.1
     1     1    19     8    10    15     0     3   -69.0   21.500 -140.278    191.9    994.3
     1     1    19     8    10    14     0     2   -70.0   21.530 -140.005    170.4    997.2
     1     1    19     8    10    13     0     1   -71.0   21.558 -139.732    157.6    998.6
     1     1    19     8    10    12     0     0   -72.0   21.587 -139.459    151.6    998.6
     1     1    19     8    10    11     0     1   -73.0   21.626 -139.185    150.0    999.6
     1     1    19     8    10    10     0     2   -74.0   21.680 -138.911    154.7    999.6
     1     1    19     8    10     9     0     3   -75.0   21.750 -138.638    166.2    998.6
     1     1    19     8    10     8     0     2   -76.0   21.832 -138.363    181.8    996.5
     1     1    19     8    10     7     0     1   -77.0   21.924 -138.085    202.7    994.4
     1     1    19     8    10     6     0     0   -78.0   22.029 -137.803    232.7    991.1
     1     1    19     8    10     5     0     1   -79.0   22.142 -137.532    260.4    986.9
     1     1    19     8    10     4     0     2   -80.0   22.257 -137.281    275.4    985.1
     1     1    19     8    10     3     0     3   -81.0   22.379 -137.047    283.1    984.5
     1     1    19     8    10     2     0     2   -82.0   22.490 -136.828    290.4    983.8
     1     1    19     8    10     1     0     1   -83.0   22.577 -136.619    298.8    982.4
     1     1    19     8    10     0     0     0   -84.0   22.642 -136.422    305.9    981.2
     1     1    19     8     9    23     0     1   -85.0   22.692 -136.225    311.0    981.2
     1     1    19     8     9    22     0     2   -86.0   22.731 -136.022    313.9    981.4
     1     1    19     8     9    21     0     3   -87.0   22.761 -135.812    317.3    981.8
     1     1    19     8     9    20     0     2   -88.0   22.794 -135.594    325.6    981.1
     1     1    19     8     9    19     0     1   -89.0   22.839 -135.369    337.9    979.6
     1     1    19     8     9    18     0     0   -90.0   22.896 -135.140    350.6    978.2
     1     1    19     8     9    17     0     1   -91.0   22.959 -134.915    362.0    976.7
     1     1    19     8     9    16     0     2   -92.0   23.026 -134.698    371.6    975.5
     1     1    19     8     9    15     0     3   -93.0   23.097 -134.490    379.0    974.5
     1     1    19     8     9    14     0     2   -94.0   23.172 -134.288    387.9    973.7
     1     1    19     8     9    13     0     1   -95.0   23.247 -134.088    402.2    971.8
     1     1    19     8     9    12     0     0   -96.0   23.322 -133.894    421.1    969.4
     1     1    19     8     9    11     0     1   -97.0   23.400 -133.698    440.5    967.4
     1     1    19     8     9    10     0     2   -98.0   23.483 -133.493    457.1    965.9
     1     1    19     8     9     9     0     3   -99.0   23.573 -133.279    471.7    964.8
     1     1    19     8     9     8     0     2  -100.0   23.675 -133.063    481.0    963.2
     1     1    19     8     9     7     0     1  -101.0   23.799 -132.852    479.0    963.4
     1     1    19     8     9     6     0     0  -102.0   23.950 -132.647    465.4    965.2
     1     1    19     8     9     5     0     1  -103.0   24.109 -132.449    451.4    967.6
     1     1    19     8     9     4     0     2  -104.0   24.257 -132.258    446.8    967.8
     1     1    19     8     9     3     0     3  -105.0   24.397 -132.079    451.5    966.9
     1     1    19     8     9     2     0     2  -106.0   24.534 -131.908    461.9    965.0
     1     1    19     8     9     1     0     1  -107.0   24.670 -131.746    472.8    963.3
     1     1    19     8     9     0     0     0  -108.0   24.802 -131.594    482.6    961.9
     1     1    19     8     8    23     0     1  -109.0   24.930 -131.451    492.8    961.5
     1     1    19     8     8    22     0     2  -110.0   25.057 -131.314    503.9    960.8
     1     1    19     8     8    21     0     3  -111.0   25.186 -131.182    511.1    960.1
     1     1    19     8     8    20     0     2  -112.0   25.312 -131.055    513.3    960.4
     1     1    19     8     8    19     0     1  -113.0   25.430 -130.931    516.9    960.8
     1     1    19     8     8    18     0     0  -114.0   25.544 -130.811    530.5    960.1
     1     1    19     8     8    17     0     1  -115.0   25.659 -130.697    555.1    956.6
     1     1    19     8     8    16     0     2  -116.0   25.776 -130.587    583.7    952.9
     1     1    19     8     8    15     0     3  -117.0   25.894 -130.480    608.4    949.5
     1     1    19     8     8    14     0     2  -118.0   26.011 -130.379    622.5    947.6
     1     1    19     8     8    13     0     1  -119.0   26.129 -130.290    629.1    947.2
     1     1    19     8     8    12     0     0  -120.0   26.251 -130.213    634.6    946.5
     1     1    19     8     8    11     0     1  -121.0   26.373 -130.135    634.5    946.0
     1     1    19     8     8    10     0     2  -122.0   26.490 -130.040    621.0    947.5
     1     1    19     8     8     9     0     3  -123.0   26.602 -129.933    592.1    950.8
     1     1    19     8     8     8     0     2  -124.0   26.719 -129.821    564.6    955.6
     1     1    19     8     8     7     0     1  -125.0   26.844 -129.708    550.5    956.8
     1     1    19     8     8     6     0     0  -126.0   26.973 -129.591    544.4    957.3
     1     1    19     8     8     5     0     1  -127.0   27.112 -129.475    546.4    957.0
     1     1    19     8     8     4     0     2  -128.0   27.269 -129.370    552.3    955.5
     1     1    19     8     8     3     0     3  -129.0   27.443 -129.278    550.9    954.8
     1     1    19     8     8     2     0     2  -130.0   27.629 -129.199    540.6    956.1
     1     1    19     8     8     1     0     1  -131.0   27.817 -129.127    527.5    957.7
     1     1    19     8     8     0     0     0  -132.0   28.011 -129.059    515.3    959.0
     1     1    19     8     7    23     0     1  -133.0   28.207 -128.996    506.2    960.7
     1     1    19     8     7    22     0     2  -134.0   28.402 -128.946    505.6    961.8
     1     1    19     8     7    21     0     3  -135.0   28.594 -128.912    519.7    960.9
     1     1    19     8     7    20     0     2  -136.0   28.776 -128.894    540.6    957.5
     1     1    19     8     7    19     0     1  -137.0   28.948 -128.887    558.1    955.7
     1     1    19     8     7    18     0     0  -138.0   29.113 -128.889    570.5    954.1
     1     1    19     8     7    17     0     1  -139.0   29.273 -128.886    577.3    953.2
     1     1    19     8     7    16     0     2  -140.0   29.428 -128.864    580.1    952.5
     1     1    19     8     7    15     0     3  -141.0   29.578 -128.827    578.3    952.4
     1     1    19     8     7    14     0     2  -142.0   29.732 -128.787    580.5    953.0
     1     1    19     8     7    13     0     1  -143.0   29.896 -128.760    597.3    951.3
     1     1    19     8     7    12     0     0  -144.0   30.068 -128.747    630.5    947.7
     1     1    19     8     7    11     0     1  -145.0   30.247 -128.739    671.2    942.2
     1     1    19     8     7    10     0     2  -146.0   30.433 -128.725    707.4    938.1
     1     1    19     8     7     9     0     3  -147.0   30.628 -128.705    735.6    935.0
     1     1    19     8     7     8     0     2  -148.0   30.833 -128.681    753.9    933.1
     1     1    19     8     7     7     0     1  -149.0   31.051 -128.662    767.1    932.5
     1     1    19     8     7     6     0     0  -150.0   31.282 -128.645    780.9    931.2
     1     1    19     8     7     5     0     1  -151.0   31.519 -128.635    791.2    929.2
     1     1    19     8     7     4     0     2  -152.0   31.759 -128.636    795.3    928.5
     1     1    19     8     7     3     0     3  -153.0   32.002 -128.647    795.0    928.2
     1     1    19     8     7     2     0     2  -154.0   32.241 -128.667    798.6    928.6
     1     1    19     8     7     1     0     1  -155.0   32.463 -128.695    810.6    927.1
     1     1    19     8     7     0     0     0  -156.0   32.668 -128.724    825.8    925.2
     1     1    19     8     6    23     0     1  -157.0   32.868 -128.743    832.1    923.7
     1     1    19     8     6    22     0     2  -158.0   33.080 -128.745    824.3    925.2
     1     1    19     8     6    21     0     3  -159.0   33.307 -128.736    813.9    927.1
     1     1    19     8     6    20     0     2  -160.0   33.544 -128.724    814.2    928.1
     1     1    19     8     6    19     0     1  -161.0   33.787 -128.713    831.2    926.2
     1     1    19     8     6    18     0     0  -162.0   34.032 -128.704    859.4    923.2
     1     1    19     8     6    17     0     1  -163.0   34.289 -128.699    881.6    919.0
     1     1    19     8     6    16     0     2  -164.0   34.569 -128.698    889.8    918.5
     1     1    19     8     6    15     0     3  -165.0   34.873 -128.700    896.6    918.2
     1     1    19     8     6    14     0     2  -166.0   35.192 -128.712    910.9    916.5
     1     1    19     8     6    13     0     1  -167.0   35.513 -128.740    931.5    913.7
     1     1    19     8     6    12     0     0  -168.0   35.840 -128.781    957.3    910.6
