     7     1
    GDAS    19     6     1     0     0
    GDAS    19     7     1     0     0
    GDAS    19     8     1     0     0
    GDAS    19     9     1     0     0
    GDAS    19    10     1     0     0
    GDAS    19    11     1     0     0
    GDAS    19    12     1     0     0
     1 BACKWARD OMEGA   
    19    11    14     6   21.319 -157.670    10.0
     1 PRESSURE
     1     1    19    11    14     6     0     0     0.0   21.319 -157.670     10.0   1011.5
     1     1    19    11    14     5     0     1    -1.0   21.385 -157.531     31.0   1008.5
     1     1    19    11    14     4     0     2    -2.0   21.428 -157.384     85.1   1001.7
     1     1    19    11    14     3     0     3    -3.0   21.447 -157.227    158.1    991.7
     1     1    19    11    14     2     0     2    -4.0   21.461 -157.068    231.5    981.4
     1     1    19    11    14     1     0     1    -5.0   21.480 -156.918    285.3    974.4
     1     1    19    11    14     0     0     0    -6.0   21.505 -156.775    313.8    971.9
     1     1    19    11    13    23     0     1    -7.0   21.528 -156.636    334.9    973.2
     1     1    19    11    13    22     0     2    -8.0   21.542 -156.496    363.5    971.5
     1     1    19    11    13    21     0     3    -9.0   21.546 -156.353    396.5    969.2
     1     1    19    11    13    20     0     2   -10.0   21.540 -156.200    423.2    966.1
     1     1    19    11    13    19     0     1   -11.0   21.524 -156.036    431.5    965.2
     1     1    19    11    13    18     0     0   -12.0   21.504 -155.864    427.1    966.8
     1     1    19    11    13    17     0     1   -13.0   21.483 -155.695    425.6    967.4
     1     1    19    11    13    16     0     2   -14.0   21.464 -155.533    431.6    966.6
     1     1    19    11    13    15     0     3   -15.0   21.448 -155.381    442.6    965.1
     1     1    19    11    13    14     0     2   -16.0   21.435 -155.233    458.7    963.1
     1     1    19    11    13    13     0     1   -17.0   21.423 -155.082    483.0    960.1
     1     1    19    11    13    12     0     0   -18.0   21.407 -154.928    517.7    956.0
     1     1    19    11    13    11     0     1   -19.0   21.400 -154.771    557.0    951.8
     1     1    19    11    13    10     0     2   -20.0   21.414 -154.611    591.1    948.7
     1     1    19    11    13     9     0     3   -21.0   21.447 -154.448    612.2    946.9
     1     1    19    11    13     8     0     2   -22.0   21.493 -154.286    614.2    946.4
     1     1    19    11    13     7     0     1   -23.0   21.547 -154.130    598.6    948.1
     1     1    19    11    13     6     0     0   -24.0   21.608 -153.977    570.7    951.0
     1     1    19    11    13     5     0     1   -25.0   21.667 -153.824    535.4    954.5
     1     1    19    11    13     4     0     2   -26.0   21.716 -153.673    496.8    958.4
     1     1    19    11    13     3     0     3   -27.0   21.755 -153.522    457.0    962.5
     1     1    19    11    13     2     0     2   -28.0   21.793 -153.376    419.4    966.9
     1     1    19    11    13     1     0     1   -29.0   21.839 -153.236    387.0    970.2
     1     1    19    11    13     0     0     0   -30.0   21.892 -153.105    362.8    972.7
     1     1    19    11    12    23     0     1   -31.0   21.946 -152.976    347.0    975.2
     1     1    19    11    12    22     0     2   -32.0   21.996 -152.843    335.7    976.9
     1     1    19    11    12    21     0     3   -33.0   22.039 -152.707    326.9    978.8
     1     1    19    11    12    20     0     2   -34.0   22.081 -152.577    320.0    979.4
     1     1    19    11    12    19     0     1   -35.0   22.127 -152.456    314.9    980.0
     1     1    19    11    12    18     0     0   -36.0   22.178 -152.346    311.4    980.3
     1     1    19    11    12    17     0     1   -37.0   22.237 -152.239    312.0    980.3
     1     1    19    11    12    16     0     2   -38.0   22.304 -152.129    318.9    979.2
     1     1    19    11    12    15     0     3   -39.0   22.380 -152.013    330.7    977.4
     1     1    19    11    12    14     0     2   -40.0   22.462 -151.892    341.5    975.5
     1     1    19    11    12    13     0     1   -41.0   22.544 -151.773    349.9    974.8
     1     1    19    11    12    12     0     0   -42.0   22.627 -151.656    361.5    973.7
     1     1    19    11    12    11     0     1   -43.0   22.710 -151.539    377.1    972.3
     1     1    19    11    12    10     0     2   -44.0   22.796 -151.420    394.2    971.0
     1     1    19    11    12     9     0     3   -45.0   22.883 -151.303    413.5    969.6
     1     1    19    11    12     8     0     2   -46.0   22.972 -151.195    429.4    967.1
     1     1    19    11    12     7     0     1   -47.0   23.063 -151.102    433.2    966.3
     1     1    19    11    12     6     0     0   -48.0   23.156 -151.020    424.5    967.3
     1     1    19    11    12     5     0     1   -49.0   23.254 -150.949    416.0    969.0
     1     1    19    11    12     4     0     2   -50.0   23.357 -150.888    416.0    968.3
     1     1    19    11    12     3     0     3   -51.0   23.466 -150.832    419.2    967.3
     1     1    19    11    12     2     0     2   -52.0   23.581 -150.780    418.8    966.7
     1     1    19    11    12     1     0     1   -53.0   23.702 -150.736    410.0    967.2
     1     1    19    11    12     0     0     0   -54.0   23.832 -150.700    391.9    968.7
     1     1    19    11    11    23     0     1   -55.0   23.969 -150.681    368.5    972.5
     1     1    19    11    11    22     0     2   -56.0   24.114 -150.675    345.5    976.1
     1     1    19    11    11    21     0     3   -57.0   24.268 -150.668    325.5    979.3
     1     1    19    11    11    20     0     2   -58.0   24.422 -150.651    313.1    981.2
     1     1    19    11    11    19     0     1   -59.0   24.575 -150.624    311.0    981.3
     1     1    19    11    11    18     0     0   -60.0   24.743 -150.590    317.6    980.4
     1     1    19    11    11    17     0     1   -61.0   24.912 -150.565    326.2    978.2
     1     1    19    11    11    16     0     2   -62.0   25.049 -150.581    329.4    977.2
     1     1    19    11    11    15     0     3   -63.0   25.150 -150.644    325.0    977.2
     1     1    19    11    11    14     0     2   -64.0   25.236 -150.730    324.5    978.7
     1     1    19    11    11    13     0     1   -65.0   25.330 -150.816    344.5    976.7
     1     1    19    11    11    12     0     0   -66.0   25.427 -150.903    396.9    971.5
     1     1    19    11    11    11     0     1   -67.0   25.516 -151.005    459.0    961.5
     1     1    19    11    11    10     0     2   -68.0   25.599 -151.122    489.8    957.7
     1     1    19    11    11     9     0     3   -69.0   25.686 -151.244    488.7    958.7
     1     1    19    11    11     8     0     2   -70.0   25.768 -151.363    469.1    961.7
     1     1    19    11    11     7     0     1   -71.0   25.819 -151.494    433.9    965.1
     1     1    19    11    11     6     0     0   -72.0   25.834 -151.654    378.8    970.7
     1     1    19    11    11     5     0     1   -73.0   25.823 -151.815    326.6    978.7
     1     1    19    11    11     4     0     2   -74.0   25.789 -151.954    296.3    981.9
     1     1    19    11    11     3     0     3   -75.0   25.724 -152.080    284.9    982.7
     1     1    19    11    11     2     0     2   -76.0   25.650 -152.196    274.4    981.7
     1     1    19    11    11     1     0     1   -77.0   25.586 -152.301    251.5    984.4
     1     1    19    11    11     0     0     0   -78.0   25.524 -152.400    219.9    987.5
     1     1    19    11    10    23     0     1   -79.0   25.469 -152.485    189.8    992.9
     1     1    19    11    10    22     0     2   -80.0   25.425 -152.552    168.8    996.5
     1     1    19    11    10    21     0     3   -81.0   25.388 -152.604    156.3    999.0
     1     1    19    11    10    20     0     2   -82.0   25.358 -152.650    150.0    999.2
     1     1    19    11    10    19     0     1   -83.0   25.336 -152.701    148.2    999.1
     1     1    19    11    10    18     0     0   -84.0   25.323 -152.755    151.1    998.4
     1     1    19    11    10    17     0     1   -85.0   25.311 -152.815    158.7    997.1
     1     1    19    11    10    16     0     2   -86.0   25.288 -152.885    172.6    995.2
     1     1    19    11    10    15     0     3   -87.0   25.255 -152.964    195.2    992.4
     1     1    19    11    10    14     0     2   -88.0   25.211 -153.046    220.7    988.3
     1     1    19    11    10    13     0     1   -89.0   25.164 -153.126    238.3    985.7
     1     1    19    11    10    12     0     0   -90.0   25.116 -153.206    245.1    984.5
     1     1    19    11    10    11     0     1   -91.0   25.068 -153.293    248.7    985.6
     1     1    19    11    10    10     0     2   -92.0   25.020 -153.390    254.4    985.3
     1     1    19    11    10     9     0     3   -93.0   24.968 -153.496    255.1    985.5
     1     1    19    11    10     8     0     2   -94.0   24.919 -153.609    252.3    986.0
     1     1    19    11    10     7     0     1   -95.0   24.879 -153.729    256.4    985.6
     1     1    19    11    10     6     0     0   -96.0   24.848 -153.855    276.7    983.7
     1     1    19    11    10     5     0     1   -97.0   24.825 -153.985    303.4    978.1
     1     1    19    11    10     4     0     2   -98.0   24.815 -154.118    316.6    975.4
     1     1    19    11    10     3     0     3   -99.0   24.816 -154.256    309.9    975.4
     1     1    19    11    10     2     0     2  -100.0   24.812 -154.408    292.4    978.2
     1     1    19    11    10     1     0     1  -101.0   24.782 -154.580    278.7    980.0
     1     1    19    11    10     0     0     0  -102.0   24.729 -154.773    275.8    980.5
     1     1    19    11     9    23     0     1  -103.0   24.668 -154.972    284.8    979.7
     1     1    19    11     9    22     0     2  -104.0   24.615 -155.155    297.9    978.0
     1     1    19    11     9    21     0     3  -105.0   24.567 -155.321    309.5    977.1
     1     1    19    11     9    20     0     2  -106.0   24.528 -155.484    318.1    975.8
     1     1    19    11     9    19     0     1  -107.0   24.499 -155.660    325.6    975.0
     1     1    19    11     9    18     0     0  -108.0   24.478 -155.856    338.7    973.8
     1     1    19    11     9    17     0     1  -109.0   24.452 -156.066    355.2    970.5
     1     1    19    11     9    16     0     2  -110.0   24.407 -156.280    362.7    968.5
     1     1    19    11     9    15     0     3  -111.0   24.342 -156.495    356.4    968.4
     1     1    19    11     9    14     0     2  -112.0   24.267 -156.703    347.9    970.5
     1     1    19    11     9    13     0     1  -113.0   24.197 -156.900    351.7    970.2
     1     1    19    11     9    12     0     0  -114.0   24.133 -157.087    372.3    967.9
     1     1    19    11     9    11     0     1  -115.0   24.069 -157.259    401.5    964.5
     1     1    19    11     9    10     0     2  -116.0   24.003 -157.417    428.5    962.4
     1     1    19    11     9     9     0     3  -117.0   23.934 -157.566    446.4    960.3
     1     1    19    11     9     8     0     2  -118.0   23.873 -157.716    455.0    959.8
     1     1    19    11     9     7     0     1  -119.0   23.828 -157.873    470.6    958.8
     1     1    19    11     9     6     0     0  -120.0   23.801 -158.037    513.0    954.6
     1     1    19    11     9     5     0     1  -121.0   23.782 -158.198    556.7    945.6
     1     1    19    11     9     4     0     2  -122.0   23.759 -158.343    569.9    944.8
     1     1    19    11     9     3     0     3  -123.0   23.734 -158.467    568.1    945.6
     1     1    19    11     9     2     0     2  -124.0   23.706 -158.577    561.2    946.3
     1     1    19    11     9     1     0     1  -125.0   23.673 -158.680    545.0    946.9
     1     1    19    11     9     0     0     0  -126.0   23.636 -158.776    506.0    950.2
     1     1    19    11     8    23     0     1  -127.0   23.601 -158.854    453.8    958.9
     1     1    19    11     8    22     0     2  -128.0   23.577 -158.906    405.0    965.5
     1     1    19    11     8    21     0     3  -129.0   23.565 -158.932    361.9    971.1
     1     1    19    11     8    20     0     2  -130.0   23.559 -158.944    325.3    975.1
     1     1    19    11     8    19     0     1  -131.0   23.553 -158.955    294.5    978.5
     1     1    19    11     8    18     0     0  -132.0   23.547 -158.965    268.6    981.5
     1     1    19    11     8    17     0     1  -133.0   23.541 -158.968    246.2    983.7
     1     1    19    11     8    16     0     2  -134.0   23.535 -158.962    226.3    985.8
     1     1    19    11     8    15     0     3  -135.0   23.530 -158.946    208.6    987.7
     1     1    19    11     8    14     0     2  -136.0   23.530 -158.925    195.2    989.4
     1     1    19    11     8    13     0     1  -137.0   23.538 -158.902    187.6    990.1
     1     1    19    11     8    12     0     0  -138.0   23.555 -158.877    185.2    990.2
     1     1    19    11     8    11     0     1  -139.0   23.577 -158.842    183.9    990.8
     1     1    19    11     8    10     0     2  -140.0   23.600 -158.787    180.1    992.2
     1     1    19    11     8     9     0     3  -141.0   23.622 -158.712    174.3    993.8
     1     1    19    11     8     8     0     2  -142.0   23.651 -158.631    169.5    994.5
     1     1    19    11     8     7     0     1  -143.0   23.696 -158.555    167.9    994.5
     1     1    19    11     8     6     0     0  -144.0   23.758 -158.484    169.0    994.1
     1     1    19    11     8     5     0     1  -145.0   23.832 -158.420    169.2    993.3
     1     1    19    11     8     4     0     2  -146.0   23.915 -158.370    164.5    993.5
     1     1    19    11     8     3     0     3  -147.0   24.003 -158.337    154.7    994.4
     1     1    19    11     8     2     0     2  -148.0   24.092 -158.313    145.4    996.3
     1     1    19    11     8     1     0     1  -149.0   24.181 -158.292    140.7    996.9
     1     1    19    11     8     0     0     0  -150.0   24.267 -158.274    140.1    997.0
     1     1    19    11     7    23     0     1  -151.0   24.355 -158.260    141.0    997.6
     1     1    19    11     7    22     0     2  -152.0   24.447 -158.250    141.0    998.5
     1     1    19    11     7    21     0     3  -153.0   24.540 -158.243    139.3    999.6
     1     1    19    11     7    20     0     2  -154.0   24.630 -158.244    136.9   1000.0
     1     1    19    11     7    19     0     1  -155.0   24.714 -158.256    135.2   1000.3
     1     1    19    11     7    18     0     0  -156.0   24.792 -158.278    134.5   1000.5
     1     1    19    11     7    17     0     1  -157.0   24.858 -158.295    133.8   1000.2
     1     1    19    11     7    16     0     2  -158.0   24.908 -158.292    131.5   1000.2
     1     1    19    11     7    15     0     3  -159.0   24.942 -158.269    127.9   1000.3
     1     1    19    11     7    14     0     2  -160.0   24.972 -158.234    124.7   1001.1
     1     1    19    11     7    13     0     1  -161.0   25.015 -158.195    123.1   1001.6
     1     1    19    11     7    12     0     0  -162.0   25.070 -158.153    122.7   1001.9
     1     1    19    11     7    11     0     1  -163.0   25.139 -158.105    122.7   1002.2
     1     1    19    11     7    10     0     2  -164.0   25.222 -158.049    122.8   1002.6
     1     1    19    11     7     9     0     3  -165.0   25.322 -157.987    122.8   1003.0
     1     1    19    11     7     8     0     2  -166.0   25.442 -157.926    120.8   1003.1
     1     1    19    11     7     7     0     1  -167.0   25.586 -157.868    115.6   1003.8
     1     1    19    11     7     6     0     0  -168.0   25.749 -157.809    108.0   1004.7
