     7     1
    GDAS    19     6     1     0     0
    GDAS    19     7     1     0     0
    GDAS    19     8     1     0     0
    GDAS    19     9     1     0     0
    GDAS    19    10     1     0     0
    GDAS    19    11     1     0     0
    GDAS    19    12     1     0     0
     1 BACKWARD OMEGA   
    19     7    10    18   21.319 -157.670    10.0
     1 PRESSURE
     1     1    19     7    10    18     0     0     0.0   21.319 -157.670     10.0   1013.5
     1     1    19     7    10    17     0     1    -1.0   21.385 -157.491     26.6   1011.5
     1     1    19     7    10    16     0     2    -2.0   21.441 -157.299     80.1   1005.5
     1     1    19     7    10    15     0     3    -3.0   21.486 -157.085    160.1    993.8
     1     1    19     7    10    14     0     2    -4.0   21.515 -156.851    247.2    983.8
     1     1    19     7    10    13     0     1    -5.0   21.522 -156.609    325.0    975.1
     1     1    19     7    10    12     0     0    -6.0   21.505 -156.366    382.0    969.7
     1     1    19     7    10    11     0     1    -7.0   21.466 -156.114    411.6    968.0
     1     1    19     7    10    10     0     2    -8.0   21.404 -155.843    421.3    969.5
     1     1    19     7    10     9     0     3    -9.0   21.336 -155.554    442.0    969.4
     1     1    19     7    10     8     0     2   -10.0   21.270 -155.261    479.4    963.6
     1     1    19     7    10     7     0     1   -11.0   21.208 -154.974    516.9    958.7
     1     1    19     7    10     6     0     0   -12.0   21.153 -154.693    544.4    954.9
     1     1    19     7    10     5     0     1   -13.0   21.108 -154.419    554.5    953.3
     1     1    19     7    10     4     0     2   -14.0   21.076 -154.148    539.9    953.9
     1     1    19     7    10     3     0     3   -15.0   21.053 -153.877    499.7    958.5
     1     1    19     7    10     2     0     2   -16.0   21.038 -153.605    465.3    965.5
     1     1    19     7    10     1     0     1   -17.0   21.034 -153.329    449.7    965.9
     1     1    19     7    10     0     0     0   -18.0   21.042 -153.043    427.9    967.0
     1     1    19     7     9    23     0     1   -19.0   21.052 -152.753    406.6    971.4
     1     1    19     7     9    22     0     2   -20.0   21.052 -152.467    405.2    972.3
     1     1    19     7     9    21     0     3   -21.0   21.046 -152.182    432.4    970.2
     1     1    19     7     9    20     0     2   -22.0   21.040 -151.896    469.6    963.2
     1     1    19     7     9    19     0     1   -23.0   21.035 -151.609    489.2    960.7
     1     1    19     7     9    18     0     0   -24.0   21.024 -151.324    494.3    960.9
     1     1    19     7     9    17     0     1   -25.0   21.015 -151.045    496.8    960.8
     1     1    19     7     9    16     0     2   -26.0   21.020 -150.772    500.8    959.4
     1     1    19     7     9    15     0     3   -27.0   21.040 -150.501    512.2    958.5
     1     1    19     7     9    14     0     2   -28.0   21.057 -150.231    544.9    955.3
     1     1    19     7     9    13     0     1   -29.0   21.063 -149.964    597.1    948.8
     1     1    19     7     9    12     0     0   -30.0   21.057 -149.700    653.6    941.8
     1     1    19     7     9    11     0     1   -31.0   21.049 -149.427    701.4    936.4
     1     1    19     7     9    10     0     2   -32.0   21.044 -149.137    745.6    933.2
     1     1    19     7     9     9     0     3   -33.0   21.043 -148.833    795.9    928.2
     1     1    19     7     9     8     0     2   -34.0   21.048 -148.528    838.3    922.4
     1     1    19     7     9     7     0     1   -35.0   21.071 -148.224    868.2    919.9
     1     1    19     7     9     6     0     0   -36.0   21.114 -147.918    898.2    917.1
     1     1    19     7     9     5     0     1   -37.0   21.165 -147.615    923.2    912.9
     1     1    19     7     9     4     0     2   -38.0   21.214 -147.323    933.7    911.7
     1     1    19     7     9     3     0     3   -39.0   21.264 -147.041    933.0    911.8
     1     1    19     7     9     2     0     2   -40.0   21.307 -146.767    925.7    912.7
     1     1    19     7     9     1     0     1   -41.0   21.334 -146.499    914.5    913.9
     1     1    19     7     9     0     0     0   -42.0   21.347 -146.236    901.6    915.3
     1     1    19     7     8    23     0     1   -43.0   21.344 -145.971    896.0    917.4
     1     1    19     7     8    22     0     2   -44.0   21.326 -145.698    899.1    916.9
     1     1    19     7     8    21     0     3   -45.0   21.293 -145.419    896.2    916.9
     1     1    19     7     8    20     0     2   -46.0   21.259 -145.128    888.4    918.7
     1     1    19     7     8    19     0     1   -47.0   21.243 -144.826    892.3    918.9
     1     1    19     7     8    18     0     0   -48.0   21.244 -144.512    913.7    916.3
     1     1    19     7     8    17     0     1   -49.0   21.253 -144.197    936.0    911.8
     1     1    19     7     8    16     0     2   -50.0   21.267 -143.891    947.1    910.5
     1     1    19     7     8    15     0     3   -51.0   21.292 -143.592    953.9    910.0
     1     1    19     7     8    14     0     2   -52.0   21.325 -143.301    957.9    909.3
     1     1    19     7     8    13     0     1   -53.0   21.365 -143.016    948.6    909.6
     1     1    19     7     8    12     0     0   -54.0   21.411 -142.732    927.3    912.9
     1     1    19     7     8    11     0     1   -55.0   21.455 -142.447    913.6    916.0
     1     1    19     7     8    10     0     2   -56.0   21.491 -142.157    914.2    915.9
     1     1    19     7     8     9     0     3   -57.0   21.521 -141.862    919.7    915.1
     1     1    19     7     8     8     0     2   -58.0   21.555 -141.565    923.5    914.5
     1     1    19     7     8     7     0     1   -59.0   21.598 -141.265    926.5    914.4
     1     1    19     7     8     6     0     0   -60.0   21.647 -140.962    933.6    914.0
     1     1    19     7     8     5     0     1   -61.0   21.697 -140.666    951.5    912.0
     1     1    19     7     8     4     0     2   -62.0   21.742 -140.383    979.8    908.2
     1     1    19     7     8     3     0     3   -63.0   21.779 -140.112   1011.8    904.0
     1     1    19     7     8     2     0     2   -64.0   21.803 -139.842   1040.5    900.7
     1     1    19     7     8     1     0     1   -65.0   21.814 -139.567   1058.7    898.3
     1     1    19     7     8     0     0     0   -66.0   21.815 -139.287   1059.8    897.9
     1     1    19     7     7    23     0     1   -67.0   21.817 -138.998   1038.3    900.2
     1     1    19     7     7    22     0     2   -68.0   21.825 -138.695   1008.5    905.3
     1     1    19     7     7    21     0     3   -69.0   21.835 -138.379    986.0    907.9
     1     1    19     7     7    20     0     2   -70.0   21.849 -138.057    973.6    909.9
     1     1    19     7     7    19     0     1   -71.0   21.877 -137.738    974.5    910.0
     1     1    19     7     7    18     0     0   -72.0   21.920 -137.423    994.6    908.8
     1     1    19     7     7    17     0     1   -73.0   21.976 -137.116   1027.6    903.6
     1     1    19     7     7    16     0     2   -74.0   22.047 -136.819   1046.7    900.1
     1     1    19     7     7    15     0     3   -75.0   22.132 -136.530   1036.3    900.5
     1     1    19     7     7    14     0     2   -76.0   22.219 -136.244   1012.7    904.6
     1     1    19     7     7    13     0     1   -77.0   22.298 -135.959    995.9    906.2
     1     1    19     7     7    12     0     0   -78.0   22.374 -135.677    989.0    906.7
     1     1    19     7     7    11     0     1   -79.0   22.447 -135.398    983.6    906.8
     1     1    19     7     7    10     0     2   -80.0   22.520 -135.117    960.2    908.7
     1     1    19     7     7     9     0     3   -81.0   22.599 -134.828    909.2    914.8
     1     1    19     7     7     8     0     2   -82.0   22.685 -134.526    864.9    923.1
     1     1    19     7     7     7     0     1   -83.0   22.766 -134.224    860.8    923.5
     1     1    19     7     7     6     0     0   -84.0   22.839 -133.930    893.1    919.7
     1     1    19     7     7     5     0     1   -85.0   22.905 -133.644    925.0    912.5
     1     1    19     7     7     4     0     2   -86.0   22.972 -133.358    945.1    912.3
     1     1    19     7     7     3     0     3   -87.0   23.037 -133.071    992.7    909.1
     1     1    19     7     7     2     0     2   -88.0   23.092 -132.786   1053.0    899.0
     1     1    19     7     7     1     0     1   -89.0   23.141 -132.511   1089.5    895.4
     1     1    19     7     7     0     0     0   -90.0   23.188 -132.245   1106.2    894.1
     1     1    19     7     6    23     0     1   -91.0   23.237 -131.988   1115.4    894.7
     1     1    19     7     6    22     0     2   -92.0   23.288 -131.738   1125.6    894.3
     1     1    19     7     6    21     0     3   -93.0   23.340 -131.493   1141.8    893.9
     1     1    19     7     6    20     0     2   -94.0   23.390 -131.253   1163.3    891.0
     1     1    19     7     6    19     0     1   -95.0   23.438 -131.015   1179.3    888.7
     1     1    19     7     6    18     0     0   -96.0   23.487 -130.774   1185.8    887.9
     1     1    19     7     6    17     0     1   -97.0   23.535 -130.527   1188.0    888.0
     1     1    19     7     6    16     0     2   -98.0   23.583 -130.274   1188.5    887.5
     1     1    19     7     6    15     0     3   -99.0   23.632 -130.016   1183.7    887.7
     1     1    19     7     6    14     0     2  -100.0   23.680 -129.752   1184.2    888.5
     1     1    19     7     6    13     0     1  -101.0   23.730 -129.487   1197.7    886.2
     1     1    19     7     6    12     0     0  -102.0   23.782 -129.227   1218.3    883.4
     1     1    19     7     6    11     0     1  -103.0   23.838 -128.974   1229.7    881.2
     1     1    19     7     6    10     0     2  -104.0   23.899 -128.725   1225.3    882.8
     1     1    19     7     6     9     0     3  -105.0   23.966 -128.481   1215.5    884.6
     1     1    19     7     6     8     0     2  -106.0   24.044 -128.241   1204.7    886.0
     1     1    19     7     6     7     0     1  -107.0   24.138 -128.007   1192.7    887.2
     1     1    19     7     6     6     0     0  -108.0   24.245 -127.782   1180.1    888.9
     1     1    19     7     6     5     0     1  -109.0   24.360 -127.569   1173.4    889.7
     1     1    19     7     6     4     0     2  -110.0   24.478 -127.367   1173.9    889.0
     1     1    19     7     6     3     0     3  -111.0   24.598 -127.176   1180.5    888.0
     1     1    19     7     6     2     0     2  -112.0   24.716 -126.997   1189.2    886.5
     1     1    19     7     6     1     0     1  -113.0   24.827 -126.832   1198.4    885.8
     1     1    19     7     6     0     0     0  -114.0   24.930 -126.680   1212.7    884.4
     1     1    19     7     5    23     0     1  -115.0   25.026 -126.533   1232.1    882.4
     1     1    19     7     5    22     0     2  -116.0   25.114 -126.382   1251.0    880.2
     1     1    19     7     5    21     0     3  -117.0   25.195 -126.228   1260.5    879.0
     1     1    19     7     5    20     0     2  -118.0   25.269 -126.074   1258.9    879.6
     1     1    19     7     5    19     0     1  -119.0   25.334 -125.925   1250.4    880.9
     1     1    19     7     5    18     0     0  -120.0   25.390 -125.779   1238.6    882.5
     1     1    19     7     5    17     0     1  -121.0   25.447 -125.635   1232.1    883.5
     1     1    19     7     5    16     0     2  -122.0   25.519 -125.496   1236.6    882.5
     1     1    19     7     5    15     0     3  -123.0   25.604 -125.363   1248.1    880.7
     1     1    19     7     5    14     0     2  -124.0   25.695 -125.240   1256.9    878.7
     1     1    19     7     5    13     0     1  -125.0   25.790 -125.130   1256.9    878.4
     1     1    19     7     5    12     0     0  -126.0   25.896 -125.032   1251.5    878.9
     1     1    19     7     5    11     0     1  -127.0   26.007 -124.947   1241.5    879.9
     1     1    19     7     5    10     0     2  -128.0   26.112 -124.872   1226.2    881.9
     1     1    19     7     5     9     0     3  -129.0   26.211 -124.806   1210.6    884.1
     1     1    19     7     5     8     0     2  -130.0   26.312 -124.739   1201.7    885.7
     1     1    19     7     5     7     0     1  -131.0   26.421 -124.663   1200.1    885.7
     1     1    19     7     5     6     0     0  -132.0   26.536 -124.581   1199.4    885.8
     1     1    19     7     5     5     0     1  -133.0   26.658 -124.500   1205.9    885.7
     1     1    19     7     5     4     0     2  -134.0   26.787 -124.431   1230.1    882.9
     1     1    19     7     5     3     0     3  -135.0   26.919 -124.376   1273.8    878.0
     1     1    19     7     5     2     0     2  -136.0   27.051 -124.335   1326.2    871.0
     1     1    19     7     5     1     0     1  -137.0   27.191 -124.303   1374.4    865.6
     1     1    19     7     5     0     0     0  -138.0   27.344 -124.281   1417.9    860.9
     1     1    19     7     4    23     0     1  -139.0   27.503 -124.266   1464.7    857.4
     1     1    19     7     4    22     0     2  -140.0   27.655 -124.259   1529.0    852.1
     1     1    19     7     4    21     0     3  -141.0   27.791 -124.267   1626.0    843.5
     1     1    19     7     4    20     0     2  -142.0   27.911 -124.295   1744.2    829.9
     1     1    19     7     4    19     0     1  -143.0   28.019 -124.338   1849.1    818.9
     1     1    19     7     4    18     0     0  -144.0   28.120 -124.390   1922.7    810.9
     1     1    19     7     4    17     0     1  -145.0   28.227 -124.456   1959.3    807.4
     1     1    19     7     4    16     0     2  -146.0   28.345 -124.533   1963.3    807.2
     1     1    19     7     4    15     0     3  -147.0   28.473 -124.616   1942.5    809.6
     1     1    19     7     4    14     0     2  -148.0   28.609 -124.699   1927.6    813.2
     1     1    19     7     4    13     0     1  -149.0   28.747 -124.785   1941.8    811.1
     1     1    19     7     4    12     0     0  -150.0   28.881 -124.877   1978.9    806.8
     1     1    19     7     4    11     0     1  -151.0   29.004 -124.965   2020.2    801.6
     1     1    19     7     4    10     0     2  -152.0   29.119 -125.047   2049.0    799.2
     1     1    19     7     4     9     0     3  -153.0   29.228 -125.124   2067.7    798.0
     1     1    19     7     4     8     0     2  -154.0   29.338 -125.196   2081.0    797.0
     1     1    19     7     4     7     0     1  -155.0   29.454 -125.261   2093.5    796.1
     1     1    19     7     4     6     0     0  -156.0   29.573 -125.318   2109.4    794.8
     1     1    19     7     4     5     0     1  -157.0   29.695 -125.372   2136.0    792.6
     1     1    19     7     4     4     0     2  -158.0   29.814 -125.430   2174.9    788.5
     1     1    19     7     4     3     0     3  -159.0   29.929 -125.491   2220.3    783.9
     1     1    19     7     4     2     0     2  -160.0   30.038 -125.554   2260.5    779.3
     1     1    19     7     4     1     0     1  -161.0   30.143 -125.614   2285.6    776.8
     1     1    19     7     4     0     0     0  -162.0   30.249 -125.669   2294.0    775.9
     1     1    19     7     3    23     0     1  -163.0   30.360 -125.715   2293.5    777.0
     1     1    19     7     3    22     0     2  -164.0   30.478 -125.754   2292.1    777.4
     1     1    19     7     3    21     0     3  -165.0   30.601 -125.786   2289.7    777.8
     1     1    19     7     3    20     0     2  -166.0   30.732 -125.820   2288.8    778.2
     1     1    19     7     3    19     0     1  -167.0   30.871 -125.862   2292.2    778.0
     1     1    19     7     3    18     0     0  -168.0   31.019 -125.915   2300.7    777.3
