     7     1
    GDAS    19     6     1     0     0
    GDAS    19     7     1     0     0
    GDAS    19     8     1     0     0
    GDAS    19     9     1     0     0
    GDAS    19    10     1     0     0
    GDAS    19    11     1     0     0
    GDAS    19    12     1     0     0
     1 BACKWARD OMEGA   
    19     8     7     6   21.319 -157.670    10.0
     1 PRESSURE
     1     1    19     8     7     6     0     0     0.0   21.319 -157.670     10.0   1013.0
     1     1    19     8     7     5     0     1    -1.0   21.237 -157.623     12.7   1011.4
     1     1    19     8     7     4     0     2    -2.0   21.143 -157.594     23.4   1008.6
     1     1    19     8     7     3     0     3    -3.0   21.029 -157.580     55.2   1004.5
     1     1    19     8     7     2     0     2    -4.0   20.896 -157.571    101.6    997.4
     1     1    19     8     7     1     0     1    -5.0   20.758 -157.558    138.2    994.7
     1     1    19     8     7     0     0     0    -6.0   20.622 -157.545    168.5    991.8
     1     1    19     8     6    23     0     1    -7.0   20.487 -157.528    193.3    989.5
     1     1    19     8     6    22     0     2    -8.0   20.351 -157.499    213.3    988.1
     1     1    19     8     6    21     0     3    -9.0   20.209 -157.461    230.1    987.2
     1     1    19     8     6    20     0     2   -10.0   20.053 -157.422    235.8    986.5
     1     1    19     8     6    19     0     1   -11.0   19.882 -157.388    225.0    988.2
     1     1    19     8     6    18     0     0   -12.0   19.707 -157.352    208.5    990.6
     1     1    19     8     6    17     0     1   -13.0   19.554 -157.307    199.3    991.7
     1     1    19     8     6    16     0     2   -14.0   19.437 -157.253    199.0    990.4
     1     1    19     8     6    15     0     3   -15.0   19.351 -157.195    200.6    989.2
     1     1    19     8     6    14     0     2   -16.0   19.294 -157.143    202.9    989.3
     1     1    19     8     6    13     0     1   -17.0   19.268 -157.108    207.3    989.0
     1     1    19     8     6    12     0     0   -18.0   19.272 -157.089    214.5    988.4
     1     1    19     8     6    11     0     1   -19.0   19.301 -157.079    226.1    987.6
     1     1    19     8     6    10     0     2   -20.0   19.344 -157.069    241.9    986.1
     1     1    19     8     6     9     0     3   -21.0   19.402 -157.058    259.3    984.5
     1     1    19     8     6     8     0     2   -22.0   19.463 -157.034    269.8    982.2
     1     1    19     8     6     7     0     1   -23.0   19.516 -156.992    267.0    982.1
     1     1    19     8     6     6     0     0   -24.0   19.554 -156.937    250.3    983.6
     1     1    19     8     6     5     0     1   -25.0   19.595 -156.885    226.3    986.3
     1     1    19     8     6     4     0     2   -26.0   19.659 -156.841    198.9    989.0
     1     1    19     8     6     3     0     3   -27.0   19.748 -156.800    168.9    992.2
     1     1    19     8     6     2     0     2   -28.0   19.850 -156.752    139.5    996.4
     1     1    19     8     6     1     0     1   -29.0   19.955 -156.692    115.4    999.2
     1     1    19     8     6     0     0     0   -30.0   20.070 -156.615    104.5   1000.9
     1     1    19     8     5    23     0     1   -31.0   20.199 -156.525    113.9    999.6
     1     1    19     8     5    22     0     2   -32.0   20.336 -156.426    136.6    996.9
     1     1    19     8     5    21     0     3   -33.0   20.471 -156.317    161.2    993.8
     1     1    19     8     5    20     0     2   -34.0   20.599 -156.183    177.9    991.8
     1     1    19     8     5    19     0     1   -35.0   20.723 -156.015    165.4    992.9
     1     1    19     8     5    18     0     0   -36.0   20.854 -155.829    131.7    999.5
     1     1    19     8     5    17     0     1   -37.0   20.985 -155.624    103.4   1003.3
     1     1    19     8     5    16     0     2   -38.0   21.104 -155.403     88.7   1004.4
     1     1    19     8     5    15     0     3   -39.0   21.219 -155.177     82.9   1004.0
     1     1    19     8     5    14     0     2   -40.0   21.333 -154.946     81.2   1004.3
     1     1    19     8     5    13     0     1   -41.0   21.434 -154.702     82.3   1004.3
     1     1    19     8     5    12     0     0   -42.0   21.525 -154.444     85.3   1004.0
     1     1    19     8     5    11     0     1   -43.0   21.616 -154.170     89.2   1003.9
     1     1    19     8     5    10     0     2   -44.0   21.705 -153.874     94.4   1004.0
     1     1    19     8     5     9     0     3   -45.0   21.783 -153.555    101.2   1003.7
     1     1    19     8     5     8     0     2   -46.0   21.859 -153.221    107.8   1002.9
     1     1    19     8     5     7     0     1   -47.0   21.936 -152.873    115.6   1002.2
     1     1    19     8     5     6     0     0   -48.0   22.013 -152.509    124.4   1001.1
     1     1    19     8     5     5     0     1   -49.0   22.097 -152.134    130.1   1000.0
     1     1    19     8     5     4     0     2   -50.0   22.181 -151.755    132.4    999.7
     1     1    19     8     5     3     0     3   -51.0   22.258 -151.367    133.6    999.3
     1     1    19     8     5     2     0     2   -52.0   22.329 -150.965    133.1    999.5
     1     1    19     8     5     1     0     1   -53.0   22.389 -150.549    128.7   1000.0
     1     1    19     8     5     0     0     0   -54.0   22.443 -150.134    121.6   1001.1
     1     1    19     8     4    23     0     1   -55.0   22.501 -149.724    115.2   1002.4
     1     1    19     8     4    22     0     2   -56.0   22.564 -149.315    110.0   1003.4
     1     1    19     8     4    21     0     3   -57.0   22.628 -148.906    104.2   1004.5
     1     1    19     8     4    20     0     2   -58.0   22.696 -148.505     99.0   1005.4
     1     1    19     8     4    19     0     1   -59.0   22.769 -148.118     96.5   1005.8
     1     1    19     8     4    18     0     0   -60.0   22.844 -147.744     95.8   1006.0
     1     1    19     8     4    17     0     1   -61.0   22.914 -147.379     94.5   1005.8
     1     1    19     8     4    16     0     2   -62.0   22.979 -147.024     93.3   1006.0
     1     1    19     8     4    15     0     3   -63.0   23.042 -146.682     90.8   1005.6
     1     1    19     8     4    14     0     2   -64.0   23.107 -146.348     83.5   1006.2
     1     1    19     8     4    13     0     1   -65.0   23.171 -146.014     72.8   1007.6
     1     1    19     8     4    12     0     0   -66.0   23.231 -145.678     62.7   1009.1
     1     1    19     8     4    11     0     1   -67.0   23.275 -145.347     56.8   1011.0
     1     1    19     8     4    10     0     2   -68.0   23.299 -145.030     57.3   1011.8
     1     1    19     8     4     9     0     3   -69.0   23.308 -144.729     63.2   1011.7
     1     1    19     8     4     8     0     2   -70.0   23.304 -144.425     70.5   1010.0
     1     1    19     8     4     7     0     1   -71.0   23.290 -144.104     76.6   1009.2
     1     1    19     8     4     6     0     0   -72.0   23.265 -143.766     82.3   1008.2
     1     1    19     8     4     5     0     1   -73.0   23.250 -143.420     82.6   1007.2
     1     1    19     8     4     4     0     2   -74.0   23.253 -143.077     75.5   1007.6
     1     1    19     8     4     3     0     3   -75.0   23.265 -142.735     67.3   1008.8
     1     1    19     8     4     2     0     2   -76.0   23.279 -142.394     62.7   1010.2
     1     1    19     8     4     1     0     1   -77.0   23.291 -142.053     61.5   1010.6
     1     1    19     8     4     0     0     0   -78.0   23.305 -141.713     61.4   1010.8
     1     1    19     8     3    23     0     1   -79.0   23.327 -141.377     61.4   1010.7
     1     1    19     8     3    22     0     2   -80.0   23.361 -141.046     61.4   1010.7
     1     1    19     8     3    21     0     3   -81.0   23.411 -140.724     61.4   1010.9
     1     1    19     8     3    20     0     2   -82.0   23.467 -140.409     61.1   1011.6
     1     1    19     8     3    19     0     1   -83.0   23.513 -140.101     60.7   1012.2
     1     1    19     8     3    18     0     0   -84.0   23.543 -139.794     60.3   1012.4
     1     1    19     8     3    17     0     1   -85.0   23.561 -139.484     59.9   1012.2
     1     1    19     8     3    16     0     2   -86.0   23.577 -139.172     60.9   1012.0
     1     1    19     8     3    15     0     3   -87.0   23.596 -138.862     64.8   1011.3
     1     1    19     8     3    14     0     2   -88.0   23.626 -138.563     68.9   1010.0
     1     1    19     8     3    13     0     1   -89.0   23.673 -138.274     70.3   1009.5
     1     1    19     8     3    12     0     0   -90.0   23.734 -137.986     70.6   1009.2
     1     1    19     8     3    11     0     1   -91.0   23.798 -137.688     70.1   1009.9
     1     1    19     8     3    10     0     2   -92.0   23.854 -137.377     70.9   1010.9
     1     1    19     8     3     9     0     3   -93.0   23.897 -137.056     76.8   1011.2
     1     1    19     8     3     8     0     2   -94.0   23.939 -136.731     84.9   1009.5
     1     1    19     8     3     7     0     1   -95.0   23.996 -136.401     88.7   1008.9
     1     1    19     8     3     6     0     0   -96.0   24.067 -136.061     89.9   1008.9
     1     1    19     8     3     5     0     1   -97.0   24.144 -135.731     91.2   1008.7
     1     1    19     8     3     4     0     2   -98.0   24.222 -135.428     93.2   1008.4
     1     1    19     8     3     3     0     3   -99.0   24.307 -135.144     96.1   1007.8
     1     1    19     8     3     2     0     2  -100.0   24.399 -134.864     97.8   1007.4
     1     1    19     8     3     1     0     1  -101.0   24.494 -134.581     96.7   1007.5
     1     1    19     8     3     0     0     0  -102.0   24.588 -134.298     95.4   1007.8
     1     1    19     8     2    23     0     1  -103.0   24.685 -134.017     96.3   1008.0
     1     1    19     8     2    22     0     2  -104.0   24.792 -133.738    100.5   1007.9
     1     1    19     8     2    21     0     3  -105.0   24.914 -133.463    109.5   1007.2
     1     1    19     8     2    20     0     2  -106.0   25.037 -133.193    119.6   1006.2
     1     1    19     8     2    19     0     1  -107.0   25.147 -132.926    123.1   1006.1
     1     1    19     8     2    18     0     0  -108.0   25.247 -132.661    120.2   1007.2
     1     1    19     8     2    17     0     1  -109.0   25.349 -132.401    118.4   1007.2
     1     1    19     8     2    16     0     2  -110.0   25.462 -132.150    121.1   1005.9
     1     1    19     8     2    15     0     3  -111.0   25.580 -131.910    125.2   1004.7
     1     1    19     8     2    14     0     2  -112.0   25.695 -131.679    130.4   1004.3
     1     1    19     8     2    13     0     1  -113.0   25.796 -131.452    138.0   1003.6
     1     1    19     8     2    12     0     0  -114.0   25.881 -131.229    147.9   1002.4
     1     1    19     8     2    11     0     1  -115.0   25.957 -131.006    155.2   1001.3
     1     1    19     8     2    10     0     2  -116.0   26.031 -130.780    154.3   1001.7
     1     1    19     8     2     9     0     3  -117.0   26.104 -130.548    145.9   1003.3
     1     1    19     8     2     8     0     2  -118.0   26.182 -130.310    138.4   1005.2
     1     1    19     8     2     7     0     1  -119.0   26.276 -130.067    137.8   1005.4
     1     1    19     8     2     6     0     0  -120.0   26.384 -129.816    142.1   1005.0
     1     1    19     8     2     5     0     1  -121.0   26.508 -129.565    147.5   1003.5
     1     1    19     8     2     4     0     2  -122.0   26.651 -129.322    152.8   1002.6
     1     1    19     8     2     3     0     3  -123.0   26.812 -129.086    161.2   1001.3
     1     1    19     8     2     2     0     2  -124.0   26.987 -128.867    170.7    999.5
     1     1    19     8     2     1     0     1  -125.0   27.176 -128.675    175.7    998.5
     1     1    19     8     2     0     0     0  -126.0   27.381 -128.510    176.3    998.6
     1     1    19     8     1    23     0     1  -127.0   27.585 -128.361    175.9    999.2
     1     1    19     8     1    22     0     2  -128.0   27.780 -128.216    175.7    999.6
     1     1    19     8     1    21     0     3  -129.0   27.967 -128.071    175.7    999.9
     1     1    19     8     1    20     0     2  -130.0   28.150 -127.938    176.9   1000.2
     1     1    19     8     1    19     0     1  -131.0   28.334 -127.827    179.8   1000.1
     1     1    19     8     1    18     0     0  -132.0   28.518 -127.735    183.1   1000.0
     1     1    19     8     1    17     0     1  -133.0   28.699 -127.656    186.9    999.3
     1     1    19     8     1    16     0     2  -134.0   28.876 -127.585    192.5    998.3
     1     1    19     8     1    15     0     3  -135.0   29.048 -127.523    200.9    997.0
     1     1    19     8     1    14     0     2  -136.0   29.212 -127.472    210.2    995.6
     1     1    19     8     1    13     0     1  -137.0   29.365 -127.435    217.9    994.6
     1     1    19     8     1    12     0     0  -138.0   29.508 -127.413    223.6    993.8
     1     1    19     8     1    11     0     1  -139.0   29.643 -127.392    228.3    993.3
     1     1    19     8     1    10     0     2  -140.0   29.771 -127.359    232.2    992.7
     1     1    19     8     1     9     0     3  -141.0   29.890 -127.315    234.1    992.3
     1     1    19     8     1     8     0     2  -142.0   30.009 -127.260    235.2    992.7
     1     1    19     8     1     7     0     1  -143.0   30.140 -127.194    237.6    992.8
     1     1    19     8     1     6     0     0  -144.0   30.284 -127.116    242.3    992.7
     1     1    19     8     1     5     0     1  -145.0   30.444 -127.045    249.2    991.4
     1     1    19     8     1     4     0     2  -146.0   30.622 -126.994    258.8    990.0
     1     1    19     8     1     3     0     3  -147.0   30.817 -126.964    272.2    988.0
     1     1    19     8     1     2     0     2  -148.0   31.016 -126.946    286.5    986.0
     1     1    19     8     1     1     0     1  -149.0   31.202 -126.932    296.5    984.7
     1     1    19     8     1     0     0     0  -150.0   31.379 -126.920    300.4    984.3
     1     1    19     7    31    23     0     1  -151.0   31.553 -126.913    303.9    984.8
     1     1    19     7    31    22     0     2  -152.0   31.729 -126.917    314.8    983.9
     1     1    19     7    31    21     0     3  -153.0   31.910 -126.940    338.2    981.7
     1     1    19     7    31    20     0     2  -154.0   32.091 -126.975    369.9    977.5
     1     1    19     7    31    19     0     1  -155.0   32.269 -127.011    397.8    974.4
     1     1    19     7    31    18     0     0  -156.0   32.444 -127.048    418.7    972.4
     1     1    19     7    31    17     0     1  -157.0   32.620 -127.090    435.1    970.2
     1     1    19     7    31    16     0     2  -158.0   32.803 -127.141    450.3    967.7
     1     1    19     7    31    15     0     3  -159.0   32.990 -127.202    466.0    965.3
     1     1    19     7    31    14     0     2  -160.0   33.177 -127.271    478.0    963.1
     1     1    19     7    31    13     0     1  -161.0   33.361 -127.344    482.3    962.8
     1     1    19     7    31    12     0     0  -162.0   33.544 -127.421    482.2    962.9
     1     1    19     7    31    11     0     1  -163.0   33.726 -127.494    481.8    963.3
     1     1    19     7    31    10     0     2  -164.0   33.909 -127.560    485.2    963.2
     1     1    19     7    31     9     0     3  -165.0   34.094 -127.619    493.3    962.4
     1     1    19     7    31     8     0     2  -166.0   34.280 -127.672    502.0    961.0
     1     1    19     7    31     7     0     1  -167.0   34.467 -127.715    507.7    960.7
     1     1    19     7    31     6     0     0  -168.0   34.658 -127.751    514.3    960.4
