     7     1
    GDAS    18    12     1     0     0
    GDAS    19     1     1     0     0
    GDAS    19     2     1     0     0
    GDAS    19     3     1     0     0
    GDAS    19     4     1     0     0
    GDAS    19     5     1     0     0
    GDAS    19     6     1     0     0
     1 BACKWARD OMEGA   
    19     5    10     6   21.319 -157.670    10.0
     1 PRESSURE
     1     1    19     5    10     6     0     0     0.0   21.319 -157.670     10.0   1014.5
     1     1    19     5    10     5     0     1    -1.0   21.413 -157.550     10.8   1013.8
     1     1    19     5    10     4     0     2    -2.0   21.502 -157.431     12.4   1013.3
     1     1    19     5    10     3     0     3    -3.0   21.589 -157.310     14.8   1013.0
     1     1    19     5    10     2     0     2    -4.0   21.673 -157.191     17.5   1012.1
     1     1    19     5    10     1     0     1    -5.0   21.752 -157.080     19.2   1011.3
     1     1    19     5    10     0     0     0    -6.0   21.822 -156.977     19.4   1010.9
     1     1    19     5     9    23     0     1    -7.0   21.880 -156.875     18.8   1012.6
     1     1    19     5     9    22     0     2    -8.0   21.927 -156.767     18.4   1014.0
     1     1    19     5     9    21     0     3    -9.0   21.963 -156.653     18.7   1015.2
     1     1    19     5     9    20     0     2   -10.0   21.994 -156.540     19.5   1015.3
     1     1    19     5     9    19     0     1   -11.0   22.028 -156.435     20.2   1015.3
     1     1    19     5     9    18     0     0   -12.0   22.066 -156.338     20.4   1015.4
     1     1    19     5     9    17     0     1   -13.0   22.109 -156.243     20.4   1015.3
     1     1    19     5     9    16     0     2   -14.0   22.159 -156.147     20.4   1015.1
     1     1    19     5     9    15     0     3   -15.0   22.216 -156.050     20.4   1014.9
     1     1    19     5     9    14     0     2   -16.0   22.272 -155.953     20.4   1014.9
     1     1    19     5     9    13     0     1   -17.0   22.321 -155.859     20.4   1014.9
     1     1    19     5     9    12     0     0   -18.0   22.362 -155.765     20.4   1014.9
     1     1    19     5     9    11     0     1   -19.0   22.400 -155.675     20.4   1015.0
     1     1    19     5     9    10     0     2   -20.0   22.436 -155.590     20.4   1015.1
     1     1    19     5     9     9     0     3   -21.0   22.471 -155.508     20.4   1015.2
     1     1    19     5     9     8     0     2   -22.0   22.509 -155.435     20.6   1015.3
     1     1    19     5     9     7     0     1   -23.0   22.555 -155.374     21.1   1015.2
     1     1    19     5     9     6     0     0   -24.0   22.608 -155.324     21.7   1015.1
     1     1    19     5     9     5     0     1   -25.0   22.666 -155.285     22.2   1014.9
     1     1    19     5     9     4     0     2   -26.0   22.727 -155.260     22.4   1014.7
     1     1    19     5     9     3     0     3   -27.0   22.790 -155.249     22.5   1014.5
     1     1    19     5     9     2     0     2   -28.0   22.845 -155.246     22.5   1013.6
     1     1    19     5     9     1     0     1   -29.0   22.881 -155.249     22.5   1012.7
     1     1    19     5     9     0     0     0   -30.0   22.899 -155.259     22.5   1011.7
     1     1    19     5     8    23     0     1   -31.0   22.903 -155.271     22.5   1012.8
     1     1    19     5     8    22     0     2   -32.0   22.899 -155.280     22.5   1013.8
     1     1    19     5     8    21     0     3   -33.0   22.888 -155.287     22.5   1014.8
     1     1    19     5     8    20     0     2   -34.0   22.866 -155.289     22.5   1013.7
     1     1    19     5     8    19     0     1   -35.0   22.833 -155.285     22.5   1012.7
     1     1    19     5     8    18     0     0   -36.0   22.787 -155.274     22.5   1011.8
     1     1    19     5     8    17     0     1   -37.0   22.730 -155.253     22.5   1011.7
     1     1    19     5     8    16     0     2   -38.0   22.662 -155.219     22.5   1011.6
     1     1    19     5     8    15     0     3   -39.0   22.584 -155.173     22.5   1011.6
     1     1    19     5     8    14     0     2   -40.0   22.503 -155.121     22.5   1011.6
     1     1    19     5     8    13     0     1   -41.0   22.427 -155.067     22.5   1011.6
     1     1    19     5     8    12     0     0   -42.0   22.356 -155.008     22.5   1011.7
     1     1    19     5     8    11     0     1   -43.0   22.291 -154.944     22.5   1011.6
     1     1    19     5     8    10     0     2   -44.0   22.235 -154.877     22.5   1011.6
     1     1    19     5     8     9     0     3   -45.0   22.188 -154.806     22.5   1011.6
     1     1    19     5     8     8     0     2   -46.0   22.149 -154.732     22.5   1011.5
     1     1    19     5     8     7     0     1   -47.0   22.117 -154.658     22.5   1011.5
     1     1    19     5     8     6     0     0   -48.0   22.092 -154.585     22.5   1011.5
     1     1    19     5     8     5     0     1   -49.0   22.072 -154.518     22.5   1010.2
     1     1    19     5     8     4     0     2   -50.0   22.054 -154.463     22.5   1009.0
     1     1    19     5     8     3     0     3   -51.0   22.040 -154.418     22.5   1007.7
     1     1    19     5     8     2     0     2   -52.0   22.032 -154.389     22.5   1007.8
     1     1    19     5     8     1     0     1   -53.0   22.030 -154.377     22.5   1007.9
     1     1    19     5     8     0     0     0   -54.0   22.036 -154.383     22.5   1008.0
     1     1    19     5     7    23     0     1   -55.0   22.042 -154.398     22.5   1008.9
     1     1    19     5     7    22     0     2   -56.0   22.040 -154.412     22.5   1009.8
     1     1    19     5     7    21     0     3   -57.0   22.029 -154.424     22.5   1010.6
     1     1    19     5     7    20     0     2   -58.0   22.017 -154.438     22.4   1009.7
     1     1    19     5     7    19     0     1   -59.0   22.011 -154.459     22.4   1008.8
     1     1    19     5     7    18     0     0   -60.0   22.011 -154.488     22.4   1007.9
     1     1    19     5     7    17     0     1   -61.0   22.010 -154.524     22.3   1007.6
     1     1    19     5     7    16     0     2   -62.0   22.002 -154.571     22.3   1007.3
     1     1    19     5     7    15     0     3   -63.0   21.986 -154.626     22.3   1007.0
     1     1    19     5     7    14     0     2   -64.0   21.971 -154.682     22.3   1007.0
     1     1    19     5     7    13     0     1   -65.0   21.962 -154.731     22.3   1007.0
     1     1    19     5     7    12     0     0   -66.0   21.960 -154.773     22.3   1007.0
     1     1    19     5     7    11     0     1   -67.0   21.966 -154.809     22.3   1007.1
     1     1    19     5     7    10     0     2   -68.0   21.983 -154.838     22.3   1007.1
     1     1    19     5     7     9     0     3   -69.0   22.011 -154.862     22.3   1007.2
     1     1    19     5     7     8     0     2   -70.0   22.051 -154.886     22.3   1007.2
     1     1    19     5     7     7     0     1   -71.0   22.104 -154.916     22.3   1007.2
     1     1    19     5     7     6     0     0   -72.0   22.167 -154.954     22.3   1007.2
     1     1    19     5     7     5     0     1   -73.0   22.231 -155.008     22.3   1006.9
     1     1    19     5     7     4     0     2   -74.0   22.287 -155.085     22.3   1006.7
     1     1    19     5     7     3     0     3   -75.0   22.333 -155.185     22.3   1006.4
     1     1    19     5     7     2     0     2   -76.0   22.372 -155.302     22.3   1005.7
     1     1    19     5     7     1     0     1   -77.0   22.404 -155.428     22.3   1005.1
     1     1    19     5     7     0     0     0   -78.0   22.429 -155.561     22.3   1004.5
     1     1    19     5     6    23     0     1   -79.0   22.444 -155.698     22.3   1005.1
     1     1    19     5     6    22     0     2   -80.0   22.442 -155.835     22.3   1005.8
     1     1    19     5     6    21     0     3   -81.0   22.424 -155.973     22.3   1006.4
     1     1    19     5     6    20     0     2   -82.0   22.396 -156.107     22.3   1006.0
     1     1    19     5     6    19     0     1   -83.0   22.369 -156.230     22.3   1005.6
     1     1    19     5     6    18     0     0   -84.0   22.348 -156.344     22.3   1005.2
     1     1    19     5     6    17     0     1   -85.0   22.334 -156.451     22.3   1005.2
     1     1    19     5     6    16     0     2   -86.0   22.330 -156.555     22.3   1005.2
     1     1    19     5     6    15     0     3   -87.0   22.333 -156.657     22.3   1005.2
     1     1    19     5     6    14     0     2   -88.0   22.348 -156.753     22.3   1005.3
     1     1    19     5     6    13     0     1   -89.0   22.379 -156.841     22.3   1005.5
     1     1    19     5     6    12     0     0   -90.0   22.427 -156.920     22.3   1005.6
     1     1    19     5     6    11     0     1   -91.0   22.492 -156.996     22.3   1005.7
     1     1    19     5     6    10     0     2   -92.0   22.572 -157.078     22.3   1005.7
     1     1    19     5     6     9     0     3   -93.0   22.666 -157.165     22.3   1005.8
     1     1    19     5     6     8     0     2   -94.0   22.774 -157.252     22.3   1005.8
     1     1    19     5     6     7     0     1   -95.0   22.897 -157.338     22.3   1005.9
     1     1    19     5     6     6     0     0   -96.0   23.037 -157.426     22.3   1006.0
     1     1    19     5     6     5     0     1   -97.0   23.198 -157.511     22.3   1005.7
     1     1    19     5     6     4     0     2   -98.0   23.380 -157.592     22.3   1005.4
     1     1    19     5     6     3     0     3   -99.0   23.576 -157.673     22.3   1005.2
     1     1    19     5     6     2     0     2  -100.0   23.773 -157.765     22.3   1005.6
     1     1    19     5     6     1     0     1  -101.0   23.958 -157.874     22.3   1006.0
     1     1    19     5     6     0     0     0  -102.0   24.126 -157.998     22.3   1006.3
     1     1    19     5     5    23     0     1  -103.0   24.279 -158.127     22.3   1006.4
     1     1    19     5     5    22     0     2  -104.0   24.425 -158.254     22.3   1006.5
     1     1    19     5     5    21     0     3  -105.0   24.569 -158.376     22.3   1006.7
     1     1    19     5     5    20     0     2  -106.0   24.719 -158.494     22.3   1006.5
     1     1    19     5     5    19     0     1  -107.0   24.881 -158.611     22.3   1006.5
     1     1    19     5     5    18     0     0  -108.0   25.055 -158.729     22.3   1006.6
     1     1    19     5     5    17     0     1  -109.0   25.235 -158.845     22.3   1005.9
     1     1    19     5     5    16     0     2  -110.0   25.417 -158.954     22.3   1005.2
     1     1    19     5     5    15     0     3  -111.0   25.606 -159.054     22.3   1004.8
     1     1    19     5     5    14     0     2  -112.0   25.800 -159.142     21.4   1005.0
     1     1    19     5     5    13     0     1  -113.0   25.999 -159.220     18.7   1005.5
     1     1    19     5     5    12     0     0  -114.0   26.204 -159.286     15.1   1006.3
     1     1    19     5     5    11     0     1  -115.0   26.412 -159.342     12.4   1007.4
     1     1    19     5     5    10     0     2  -116.0   26.621 -159.379     11.2   1008.0
     1     1    19     5     5     9     0     3  -117.0   26.831 -159.395     10.8   1008.6
     1     1    19     5     5     8     0     2  -118.0   27.045 -159.399     10.9   1008.2
     1     1    19     5     5     7     0     1  -119.0   27.272 -159.403     11.4   1007.8
     1     1    19     5     5     6     0     0  -120.0   27.516 -159.400     11.9   1007.6
     1     1    19     5     5     5     0     1  -121.0   27.761 -159.399     12.3   1007.2
     1     1    19     5     5     4     0     2  -122.0   27.996 -159.417     12.4   1007.0
     1     1    19     5     5     3     0     3  -123.0   28.224 -159.454     12.4   1006.9
     1     1    19     5     5     2     0     2  -124.0   28.447 -159.504     12.4   1007.0
     1     1    19     5     5     1     0     1  -125.0   28.663 -159.558     12.4   1007.2
     1     1    19     5     5     0     0     0  -126.0   28.873 -159.616     12.4   1007.4
     1     1    19     5     4    23     0     1  -127.0   29.071 -159.681     12.5   1007.8
     1     1    19     5     4    22     0     2  -128.0   29.251 -159.754     12.6   1008.4
     1     1    19     5     4    21     0     3  -129.0   29.407 -159.831     12.6   1009.2
     1     1    19     5     4    20     0     2  -130.0   29.551 -159.917     12.6   1008.6
     1     1    19     5     4    19     0     1  -131.0   29.692 -160.016     12.6   1007.9
     1     1    19     5     4    18     0     0  -132.0   29.829 -160.124     12.6   1006.9
     1     1    19     5     4    17     0     1  -133.0   29.955 -160.243     12.6   1006.8
     1     1    19     5     4    16     0     2  -134.0   30.062 -160.383     12.7   1006.8
     1     1    19     5     4    15     0     3  -135.0   30.155 -160.549     13.1   1006.7
     1     1    19     5     4    14     0     2  -136.0   30.242 -160.732     13.7   1006.7
     1     1    19     5     4    13     0     1  -137.0   30.330 -160.922     14.3   1006.8
     1     1    19     5     4    12     0     0  -138.0   30.414 -161.124     14.6   1006.8
     1     1    19     5     4    11     0     1  -139.0   30.506 -161.339     14.6   1007.0
     1     1    19     5     4    10     0     2  -140.0   30.619 -161.566     14.6   1007.0
     1     1    19     5     4     9     0     3  -141.0   30.754 -161.806     14.6   1007.1
     1     1    19     5     4     8     0     2  -142.0   30.907 -162.057     14.6   1007.2
     1     1    19     5     4     7     0     1  -143.0   31.079 -162.321     15.0   1007.3
     1     1    19     5     4     6     0     0  -144.0   31.268 -162.597     16.7   1007.3
     1     1    19     5     4     5     0     1  -145.0   31.465 -162.877     19.5   1007.1
     1     1    19     5     4     4     0     2  -146.0   31.665 -163.160     22.1   1006.9
     1     1    19     5     4     3     0     3  -147.0   31.873 -163.456     23.2   1007.1
     1     1    19     5     4     2     0     2  -148.0   32.099 -163.749     23.2   1008.0
     1     1    19     5     4     1     0     1  -149.0   32.348 -164.024     23.2   1008.4
     1     1    19     5     4     0     0     0  -150.0   32.612 -164.288     23.2   1008.8
     1     1    19     5     3    23     0     1  -151.0   32.891 -164.542     23.2   1009.6
     1     1    19     5     3    22     0     2  -152.0   33.189 -164.775     23.2   1010.3
     1     1    19     5     3    21     0     3  -153.0   33.500 -164.984     23.2   1011.1
     1     1    19     5     3    20     0     2  -154.0   33.825 -165.173     23.2   1011.3
     1     1    19     5     3    19     0     1  -155.0   34.168 -165.340     23.2   1011.7
     1     1    19     5     3    18     0     0  -156.0   34.526 -165.489     23.2   1011.8
     1     1    19     5     3    17     0     1  -157.0   34.894 -165.629     23.2   1011.5
     1     1    19     5     3    16     0     2  -158.0   35.270 -165.766     23.2   1011.7
     1     1    19     5     3    15     0     3  -159.0   35.652 -165.906     23.2   1012.0
     1     1    19     5     3    14     0     2  -160.0   36.034 -166.050     23.2   1011.9
     1     1    19     5     3    13     0     1  -161.0   36.414 -166.198     23.7   1012.1
     1     1    19     5     3    12     0     0  -162.0   36.791 -166.348     25.3   1012.5
     1     1    19     5     3    11     0     1  -163.0   37.171 -166.493     26.7   1013.0
     1     1    19     5     3    10     0     2  -164.0   37.557 -166.627     26.5   1013.7
     1     1    19     5     3     9     0     3  -165.0   37.946 -166.750     24.9   1014.7
     1     1    19     5     3     8     0     2  -166.0   38.341 -166.860     23.2   1015.2
     1     1    19     5     3     7     0     1  -167.0   38.746 -166.960     22.6   1015.2
     1     1    19     5     3     6     0     0  -168.0   39.155 -167.046     22.7   1015.0
