     7     1
    GDAS    19     6     1     0     0
    GDAS    19     7     1     0     0
    GDAS    19     8     1     0     0
    GDAS    19     9     1     0     0
    GDAS    19    10     1     0     0
    GDAS    19    11     1     0     0
    GDAS    19    12     1     0     0
     1 BACKWARD OMEGA   
    19     8    21    18   21.319 -157.670    10.0
     1 PRESSURE
     1     1    19     8    21    18     0     0     0.0   21.319 -157.670     10.0   1013.3
     1     1    19     8    21    17     0     1    -1.0   21.420 -157.439     41.3   1010.3
     1     1    19     8    21    16     0     2    -2.0   21.508 -157.184    142.0    998.3
     1     1    19     8    21    15     0     3    -3.0   21.582 -156.902    270.2    982.0
     1     1    19     8    21    14     0     2    -4.0   21.637 -156.601    374.4    968.7
     1     1    19     8    21    13     0     1    -5.0   21.679 -156.289    422.1    964.4
     1     1    19     8    21    12     0     0    -6.0   21.716 -155.974    414.9    966.4
     1     1    19     8    21    11     0     1    -7.0   21.756 -155.662    396.2    973.1
     1     1    19     8    21    10     0     2    -8.0   21.800 -155.354    400.3    973.1
     1     1    19     8    21     9     0     3    -9.0   21.849 -155.055    426.4    971.1
     1     1    19     8    21     8     0     2   -10.0   21.902 -154.765    463.0    965.1
     1     1    19     8    21     7     0     1   -11.0   21.965 -154.485    494.3    960.6
     1     1    19     8    21     6     0     0   -12.0   22.043 -154.220    514.3    957.6
     1     1    19     8    21     5     0     1   -13.0   22.128 -153.967    524.8    956.5
     1     1    19     8    21     4     0     2   -14.0   22.204 -153.719    529.6    955.6
     1     1    19     8    21     3     0     3   -15.0   22.270 -153.478    525.7    955.3
     1     1    19     8    21     2     0     2   -16.0   22.323 -153.248    515.6    956.9
     1     1    19     8    21     1     0     1   -17.0   22.359 -153.027    506.6    958.1
     1     1    19     8    21     0     0     0   -18.0   22.384 -152.811    505.1    958.4
     1     1    19     8    20    23     0     1   -19.0   22.403 -152.588    506.5    958.0
     1     1    19     8    20    22     0     2   -20.0   22.426 -152.352    502.5    959.0
     1     1    19     8    20    21     0     3   -21.0   22.453 -152.107    492.2    960.8
     1     1    19     8    20    20     0     2   -22.0   22.482 -151.858    489.5    962.5
     1     1    19     8    20    19     0     1   -23.0   22.514 -151.606    507.3    960.1
     1     1    19     8    20    18     0     0   -24.0   22.545 -151.352    540.2    955.7
     1     1    19     8    20    17     0     1   -25.0   22.577 -151.095    582.0    950.6
     1     1    19     8    20    16     0     2   -26.0   22.613 -150.834    625.3    945.2
     1     1    19     8    20    15     0     3   -27.0   22.651 -150.568    655.6    940.4
     1     1    19     8    20    14     0     2   -28.0   22.688 -150.304    671.2    939.2
     1     1    19     8    20    13     0     1   -29.0   22.725 -150.046    698.4    938.4
     1     1    19     8    20    12     0     0   -30.0   22.756 -149.791    753.0    931.8
     1     1    19     8    20    11     0     1   -31.0   22.791 -149.538    801.8    924.1
     1     1    19     8    20    10     0     2   -32.0   22.842 -149.293    820.1    923.0
     1     1    19     8    20     9     0     3   -33.0   22.908 -149.058    807.8    924.7
     1     1    19     8    20     8     0     2   -34.0   22.984 -148.830    780.6    929.0
     1     1    19     8    20     7     0     1   -35.0   23.067 -148.608    757.9    931.2
     1     1    19     8    20     6     0     0   -36.0   23.161 -148.398    734.8    932.7
     1     1    19     8    20     5     0     1   -37.0   23.254 -148.197    717.4    935.6
     1     1    19     8    20     4     0     2   -38.0   23.327 -147.999    713.2    935.4
     1     1    19     8    20     3     0     3   -39.0   23.381 -147.807    719.4    934.5
     1     1    19     8    20     2     0     2   -40.0   23.421 -147.621    736.8    932.6
     1     1    19     8    20     1     0     1   -41.0   23.451 -147.437    763.7    929.4
     1     1    19     8    20     0     0     0   -42.0   23.468 -147.252    796.9    925.7
     1     1    19     8    19    23     0     1   -43.0   23.472 -147.054    830.9    922.3
     1     1    19     8    19    22     0     2   -44.0   23.466 -146.838    865.9    919.6
     1     1    19     8    19    21     0     3   -45.0   23.455 -146.605    909.6    915.7
     1     1    19     8    19    20     0     2   -46.0   23.451 -146.368    952.6    909.4
     1     1    19     8    19    19     0     1   -47.0   23.458 -146.131    980.1    906.0
     1     1    19     8    19    18     0     0   -48.0   23.476 -145.887    987.5    904.8
     1     1    19     8    19    17     0     1   -49.0   23.496 -145.642    984.5    906.1
     1     1    19     8    19    16     0     2   -50.0   23.515 -145.403    987.6    905.9
     1     1    19     8    19    15     0     3   -51.0   23.532 -145.159   1002.2    904.2
     1     1    19     8    19    14     0     2   -52.0   23.553 -144.908   1023.9    901.1
     1     1    19     8    19    13     0     1   -53.0   23.582 -144.652   1043.7    898.6
     1     1    19     8    19    12     0     0   -54.0   23.613 -144.389   1063.9    896.8
     1     1    19     8    19    11     0     1   -55.0   23.644 -144.118   1077.7    894.8
     1     1    19     8    19    10     0     2   -56.0   23.678 -143.845   1075.5    895.6
     1     1    19     8    19     9     0     3   -57.0   23.717 -143.570   1070.4    898.0
     1     1    19     8    19     8     0     2   -58.0   23.762 -143.297   1077.1    897.5
     1     1    19     8    19     7     0     1   -59.0   23.819 -143.029   1087.2    895.3
     1     1    19     8    19     6     0     0   -60.0   23.891 -142.763   1088.5    894.9
     1     1    19     8    19     5     0     1   -61.0   23.965 -142.490   1092.3    895.5
     1     1    19     8    19     4     0     2   -62.0   24.036 -142.214   1103.5    893.3
     1     1    19     8    19     3     0     3   -63.0   24.106 -141.945   1116.2    891.8
     1     1    19     8    19     2     0     2   -64.0   24.181 -141.680   1138.4    890.4
     1     1    19     8    19     1     0     1   -65.0   24.266 -141.409   1171.6    886.5
     1     1    19     8    19     0     0     0   -66.0   24.360 -141.131   1208.5    882.7
     1     1    19     8    18    23     0     1   -67.0   24.462 -140.849   1248.4    878.7
     1     1    19     8    18    22     0     2   -68.0   24.564 -140.571   1285.7    874.8
     1     1    19     8    18    21     0     3   -69.0   24.667 -140.297   1318.3    872.1
     1     1    19     8    18    20     0     2   -70.0   24.770 -140.020   1351.0    869.0
     1     1    19     8    18    19     0     1   -71.0   24.873 -139.737   1378.7    865.6
     1     1    19     8    18    18     0     0   -72.0   24.972 -139.461   1393.0    864.2
     1     1    19     8    18    17     0     1   -73.0   25.066 -139.192   1395.0    863.7
     1     1    19     8    18    16     0     2   -74.0   25.155 -138.923   1390.8    864.1
     1     1    19     8    18    15     0     3   -75.0   25.240 -138.654   1390.7    864.2
     1     1    19     8    18    14     0     2   -76.0   25.323 -138.386   1399.0    863.4
     1     1    19     8    18    13     0     1   -77.0   25.407 -138.116   1411.8    862.0
     1     1    19     8    18    12     0     0   -78.0   25.488 -137.840   1419.9    860.6
     1     1    19     8    18    11     0     1   -79.0   25.573 -137.553   1429.3    861.3
     1     1    19     8    18    10     0     2   -80.0   25.668 -137.253   1451.4    859.6
     1     1    19     8    18     9     0     3   -81.0   25.782 -136.938   1483.1    856.6
     1     1    19     8    18     8     0     2   -82.0   25.914 -136.622   1500.1    852.9
     1     1    19     8    18     7     0     1   -83.0   26.057 -136.314   1465.3    855.0
     1     1    19     8    18     6     0     0   -84.0   26.211 -136.011   1371.7    865.0
     1     1    19     8    18     5     0     1   -85.0   26.383 -135.710   1295.9    879.5
     1     1    19     8    18     4     0     2   -86.0   26.567 -135.420   1280.9    878.7
     1     1    19     8    18     3     0     3   -87.0   26.754 -135.152   1302.5    875.9
     1     1    19     8    18     2     0     2   -88.0   26.944 -134.902   1342.9    870.4
     1     1    19     8    18     1     0     1   -89.0   27.137 -134.660   1374.7    866.0
     1     1    19     8    18     0     0     0   -90.0   27.333 -134.427   1386.3    865.1
     1     1    19     8    17    23     0     1   -91.0   27.524 -134.200   1384.8    866.4
     1     1    19     8    17    22     0     2   -92.0   27.700 -133.976   1375.9    867.8
     1     1    19     8    17    21     0     3   -93.0   27.863 -133.753   1373.8    870.0
     1     1    19     8    17    20     0     2   -94.0   28.019 -133.528   1389.5    868.3
     1     1    19     8    17    19     0     1   -95.0   28.181 -133.300   1410.0    865.4
     1     1    19     8    17    18     0     0   -96.0   28.349 -133.070   1419.4    864.1
     1     1    19     8    17    17     0     1   -97.0   28.525 -132.841   1416.0    864.7
     1     1    19     8    17    16     0     2   -98.0   28.709 -132.613   1411.4    865.6
     1     1    19     8    17    15     0     3   -99.0   28.901 -132.384   1418.2    865.3
     1     1    19     8    17    14     0     2  -100.0   29.098 -132.157   1431.7    862.8
     1     1    19     8    17    13     0     1  -101.0   29.301 -131.939   1437.4    861.6
     1     1    19     8    17    12     0     0  -102.0   29.511 -131.731   1437.4    862.1
     1     1    19     8    17    11     0     1  -103.0   29.729 -131.527   1445.4    862.3
     1     1    19     8    17    10     0     2  -104.0   29.957 -131.322   1465.8    860.4
     1     1    19     8    17     9     0     3  -105.0   30.196 -131.116   1493.3    857.8
     1     1    19     8    17     8     0     2  -106.0   30.447 -130.915   1520.9    854.9
     1     1    19     8    17     7     0     1  -107.0   30.712 -130.720   1547.7    852.8
     1     1    19     8    17     6     0     0  -108.0   30.991 -130.529   1578.9    850.3
     1     1    19     8    17     5     0     1  -109.0   31.284 -130.356   1607.0    846.1
     1     1    19     8    17     4     0     2  -110.0   31.594 -130.213   1625.8    844.3
     1     1    19     8    17     3     0     3  -111.0   31.920 -130.097   1636.8    842.9
     1     1    19     8    17     2     0     2  -112.0   32.249 -129.997   1655.9    842.7
     1     1    19     8    17     1     0     1  -113.0   32.565 -129.910   1699.2    838.6
     1     1    19     8    17     0     0     0  -114.0   32.866 -129.836   1765.1    832.2
     1     1    19     8    16    23     0     1  -115.0   33.158 -129.773   1819.2    824.3
     1     1    19     8    16    22     0     2  -116.0   33.453 -129.715   1832.0    823.7
     1     1    19     8    16    21     0     3  -117.0   33.750 -129.657   1817.7    826.4
     1     1    19     8    16    20     0     2  -118.0   34.057 -129.601   1802.8    829.5
     1     1    19     8    16    19     0     1  -119.0   34.379 -129.552   1799.0    829.7
     1     1    19     8    16    18     0     0  -120.0   34.715 -129.505   1798.9    829.7
     1     1    19     8    16    17     0     1  -121.0   35.063 -129.464   1798.5    829.4
     1     1    19     8    16    16     0     2  -122.0   35.418 -129.435   1801.6    829.2
     1     1    19     8    16    15     0     3  -123.0   35.778 -129.421   1823.3    828.0
     1     1    19     8    16    14     0     2  -124.0   36.141 -129.416   1857.0    823.1
     1     1    19     8    16    13     0     1  -125.0   36.507 -129.413   1887.7    820.0
     1     1    19     8    16    12     0     0  -126.0   36.874 -129.412   1927.5    817.1
     1     1    19     8    16    11     0     1  -127.0   37.240 -129.416   1967.4    811.4
     1     1    19     8    16    10     0     2  -128.0   37.607 -129.426   1987.3    809.7
     1     1    19     8    16     9     0     3  -129.0   37.972 -129.443   1991.9    809.8
     1     1    19     8    16     8     0     2  -130.0   38.335 -129.470   2001.3    810.8
     1     1    19     8    16     7     0     1  -131.0   38.696 -129.509   2032.2    808.2
     1     1    19     8    16     6     0     0  -132.0   39.060 -129.562   2085.2    803.6
     1     1    19     8    16     5     0     1  -133.0   39.409 -129.631   2139.8    796.3
     1     1    19     8    16     4     0     2  -134.0   39.731 -129.717   2177.1    792.9
     1     1    19     8    16     3     0     3  -135.0   40.028 -129.829   2199.4    790.9
     1     1    19     8    16     2     0     2  -136.0   40.299 -129.956   2221.3    790.3
     1     1    19     8    16     1     0     1  -137.0   40.544 -130.090   2242.7    787.1
     1     1    19     8    16     0     0     0  -138.0   40.759 -130.227   2240.1    786.5
     1     1    19     8    15    23     0     1  -139.0   40.950 -130.365   2222.7    790.1
     1     1    19     8    15    22     0     2  -140.0   41.124 -130.506   2219.2    791.9
     1     1    19     8    15    21     0     3  -141.0   41.281 -130.656   2241.8    790.2
     1     1    19     8    15    20     0     2  -142.0   41.418 -130.812   2284.0    785.7
     1     1    19     8    15    19     0     1  -143.0   41.536 -130.965   2339.0    780.7
     1     1    19     8    15    18     0     0  -144.0   41.636 -131.117   2404.5    774.3
     1     1    19     8    15    17     0     1  -145.0   41.724 -131.275   2465.8    767.2
     1     1    19     8    15    16     0     2  -146.0   41.804 -131.444   2508.5    762.7
     1     1    19     8    15    15     0     3  -147.0   41.876 -131.618   2527.7    760.5
     1     1    19     8    15    14     0     2  -148.0   41.931 -131.796   2533.2    761.0
     1     1    19     8    15    13     0     1  -149.0   41.962 -131.979   2536.9    760.6
     1     1    19     8    15    12     0     0  -150.0   41.971 -132.173   2542.1    760.3
     1     1    19     8    15    11     0     1  -151.0   41.968 -132.380   2561.0    759.6
     1     1    19     8    15    10     0     2  -152.0   41.955 -132.598   2609.9    756.1
     1     1    19     8    15     9     0     3  -153.0   41.930 -132.828   2703.0    748.6
     1     1    19     8    15     8     0     2  -154.0   41.894 -133.077   2804.4    735.4
     1     1    19     8    15     7     0     1  -155.0   41.847 -133.340   2863.4    729.4
     1     1    19     8    15     6     0     0  -156.0   41.784 -133.603   2887.7    728.3
     1     1    19     8    15     5     0     1  -157.0   41.708 -133.867   2902.1    727.9
     1     1    19     8    15     4     0     2  -158.0   41.624 -134.142   2910.3    726.4
     1     1    19     8    15     3     0     3  -159.0   41.537 -134.426   2908.7    726.7
     1     1    19     8    15     2     0     2  -160.0   41.441 -134.715   2916.6    727.1
     1     1    19     8    15     1     0     1  -161.0   41.329 -135.014   2945.0    724.1
     1     1    19     8    15     0     0     0  -162.0   41.202 -135.316   2972.9    720.0
     1     1    19     8    14    23     0     1  -163.0   41.058 -135.605   2981.5    718.9
     1     1    19     8    14    22     0     2  -164.0   40.896 -135.879   2964.7    720.0
     1     1    19     8    14    21     0     3  -165.0   40.721 -136.151   2936.1    723.9
     1     1    19     8    14    20     0     2  -166.0   40.543 -136.426   2907.1    725.9
     1     1    19     8    14    19     0     1  -167.0   40.373 -136.700   2857.4    728.6
     1     1    19     8    14    18     0     0  -168.0   40.209 -136.971   2762.7    736.2
