     7     1
    GDAS    18    12     1     0     0
    GDAS    19     1     1     0     0
    GDAS    19     2     1     0     0
    GDAS    19     3     1     0     0
    GDAS    19     4     1     0     0
    GDAS    19     5     1     0     0
    GDAS    19     6     1     0     0
     1 BACKWARD OMEGA   
    19     3    28     6   21.319 -157.670    10.0
     1 PRESSURE
     1     1    19     3    28     6     0     0     0.0   21.319 -157.670     10.0   1010.5
     1     1    19     3    28     5     0     1    -1.0   21.344 -157.831      9.6   1010.8
     1     1    19     3    28     4     0     2    -2.0   21.357 -158.006     10.6   1011.3
     1     1    19     3    28     3     0     3    -3.0   21.358 -158.187     12.4   1010.8
     1     1    19     3    28     2     0     2    -4.0   21.350 -158.356     14.5   1010.4
     1     1    19     3    28     1     0     1    -5.0   21.328 -158.509     16.8   1009.9
     1     1    19     3    28     0     0     0    -6.0   21.284 -158.651     19.5   1009.5
     1     1    19     3    27    23     0     1    -7.0   21.222 -158.770     21.9   1010.2
     1     1    19     3    27    22     0     2    -8.0   21.148 -158.849     23.1   1011.2
     1     1    19     3    27    21     0     3    -9.0   21.063 -158.886     23.4   1012.3
     1     1    19     3    27    20     0     2   -10.0   20.970 -158.882     23.4   1012.3
     1     1    19     3    27    19     0     1   -11.0   20.877 -158.845     23.4   1012.2
     1     1    19     3    27    18     0     0   -12.0   20.783 -158.780     23.4   1012.1
     1     1    19     3    27    17     0     1   -13.0   20.707 -158.696     23.4   1012.1
     1     1    19     3    27    16     0     2   -14.0   20.665 -158.600     23.4   1012.1
     1     1    19     3    27    15     0     3   -15.0   20.660 -158.494     23.4   1012.1
     1     1    19     3    27    14     0     2   -16.0   20.682 -158.383     23.7   1012.2
     1     1    19     3    27    13     0     1   -17.0   20.722 -158.273     24.7   1012.2
     1     1    19     3    27    12     0     0   -18.0   20.779 -158.161     27.0   1012.1
     1     1    19     3    27    11     0     1   -19.0   20.858 -158.035     30.5   1011.9
     1     1    19     3    27    10     0     2   -20.0   20.956 -157.880     34.8   1010.9
     1     1    19     3    27     9     0     3   -21.0   21.056 -157.700     39.8   1009.5
     1     1    19     3    27     8     0     2   -22.0   21.148 -157.511     47.1   1008.1
     1     1    19     3    27     7     0     1   -23.0   21.234 -157.324     59.3   1006.4
     1     1    19     3    27     6     0     0   -24.0   21.317 -157.137     80.6   1003.4
     1     1    19     3    27     5     0     1   -25.0   21.395 -156.948    111.1    999.7
     1     1    19     3    27     4     0     2   -26.0   21.458 -156.755    143.2    997.0
     1     1    19     3    27     3     0     3   -27.0   21.504 -156.561    172.0    994.0
     1     1    19     3    27     2     0     2   -28.0   21.538 -156.368    194.5    992.1
     1     1    19     3    27     1     0     1   -29.0   21.567 -156.176    209.8    991.5
     1     1    19     3    27     0     0     0   -30.0   21.596 -155.979    221.6    991.2
     1     1    19     3    26    23     0     1   -31.0   21.625 -155.776    231.1    990.7
     1     1    19     3    26    22     0     2   -32.0   21.651 -155.570    237.5    990.6
     1     1    19     3    26    21     0     3   -33.0   21.678 -155.366    240.3    990.8
     1     1    19     3    26    20     0     2   -34.0   21.713 -155.160    242.6    990.9
     1     1    19     3    26    19     0     1   -35.0   21.764 -154.949    248.7    990.3
     1     1    19     3    26    18     0     0   -36.0   21.830 -154.732    258.9    989.2
     1     1    19     3    26    17     0     1   -37.0   21.908 -154.511    269.2    987.3
     1     1    19     3    26    16     0     2   -38.0   21.994 -154.289    273.5    986.2
     1     1    19     3    26    15     0     3   -39.0   22.087 -154.067    268.9    986.5
     1     1    19     3    26    14     0     2   -40.0   22.183 -153.844    259.4    988.2
     1     1    19     3    26    13     0     1   -41.0   22.277 -153.616    250.4    989.4
     1     1    19     3    26    12     0     0   -42.0   22.370 -153.383    243.9    990.2
     1     1    19     3    26    11     0     1   -43.0   22.464 -153.145    240.8    991.1
     1     1    19     3    26    10     0     2   -44.0   22.561 -152.901    240.4    991.6
     1     1    19     3    26     9     0     3   -45.0   22.663 -152.651    240.5    992.0
     1     1    19     3    26     8     0     2   -46.0   22.770 -152.396    240.5    992.0
     1     1    19     3    26     7     0     1   -47.0   22.885 -152.139    240.5    991.9
     1     1    19     3    26     6     0     0   -48.0   23.012 -151.881    240.5    991.9
     1     1    19     3    26     5     0     1   -49.0   23.144 -151.631    240.5    991.7
     1     1    19     3    26     4     0     2   -50.0   23.275 -151.393    240.5    991.6
     1     1    19     3    26     3     0     3   -51.0   23.407 -151.165    240.5    991.4
     1     1    19     3    26     2     0     2   -52.0   23.541 -150.944    240.5    991.5
     1     1    19     3    26     1     0     1   -53.0   23.679 -150.730    240.5    991.6
     1     1    19     3    26     0     0     0   -54.0   23.819 -150.527    240.5    991.7
     1     1    19     3    25    23     0     1   -55.0   23.958 -150.329    240.3    992.4
     1     1    19     3    25    22     0     2   -56.0   24.088 -150.129    240.2    993.1
     1     1    19     3    25    21     0     3   -57.0   24.211 -149.929    240.2    993.7
     1     1    19     3    25    20     0     2   -58.0   24.334 -149.725    240.5    993.9
     1     1    19     3    25    19     0     1   -59.0   24.464 -149.518    241.8    994.0
     1     1    19     3    25    18     0     0   -60.0   24.602 -149.310    244.3    993.9
     1     1    19     3    25    17     0     1   -61.0   24.747 -149.107    244.2    993.2
     1     1    19     3    25    16     0     2   -62.0   24.898 -148.910    237.3    993.7
     1     1    19     3    25    15     0     3   -63.0   25.055 -148.720    224.5    994.9
     1     1    19     3    25    14     0     2   -64.0   25.225 -148.537    213.0    996.8
     1     1    19     3    25    13     0     1   -65.0   25.409 -148.362    207.5    997.3
     1     1    19     3    25    12     0     0   -66.0   25.605 -148.195    206.0    997.4
     1     1    19     3    25    11     0     1   -67.0   25.810 -148.039    206.0    997.7
     1     1    19     3    25    10     0     2   -68.0   26.023 -147.896    205.9    998.1
     1     1    19     3    25     9     0     3   -69.0   26.242 -147.766    205.9    998.4
     1     1    19     3    25     8     0     2   -70.0   26.469 -147.653    206.4    998.4
     1     1    19     3    25     7     0     1   -71.0   26.702 -147.559    207.6    998.3
     1     1    19     3    25     6     0     0   -72.0   26.939 -147.479    208.4    998.3
     1     1    19     3    25     5     0     1   -73.0   27.175 -147.415    208.6    998.2
     1     1    19     3    25     4     0     2   -74.0   27.412 -147.368    208.6    998.1
     1     1    19     3    25     3     0     3   -75.0   27.655 -147.336    208.6    997.9
     1     1    19     3    25     2     0     2   -76.0   27.903 -147.321    208.6    998.1
     1     1    19     3    25     1     0     1   -77.0   28.156 -147.326    208.6    998.4
     1     1    19     3    25     0     0     0   -78.0   28.412 -147.351    208.6    998.6
     1     1    19     3    24    23     0     1   -79.0   28.671 -147.392    208.7    999.0
     1     1    19     3    24    22     0     2   -80.0   28.930 -147.447    208.9    999.2
     1     1    19     3    24    21     0     3   -81.0   29.190 -147.515    209.2    999.5
     1     1    19     3    24    20     0     2   -82.0   29.456 -147.601    209.8    999.4
     1     1    19     3    24    19     0     1   -83.0   29.737 -147.708    210.7    999.2
     1     1    19     3    24    18     0     0   -84.0   30.032 -147.833    211.1    999.0
     1     1    19     3    24    17     0     1   -85.0   30.333 -147.976    211.1    998.6
     1     1    19     3    24    16     0     2   -86.0   30.630 -148.137    211.2    998.2
     1     1    19     3    24    15     0     3   -87.0   30.927 -148.316    211.2    997.9
     1     1    19     3    24    14     0     2   -88.0   31.225 -148.508    211.2    997.8
     1     1    19     3    24    13     0     1   -89.0   31.518 -148.717    211.2    997.6
     1     1    19     3    24    12     0     0   -90.0   31.802 -148.948    211.2    997.4
     1     1    19     3    24    11     0     1   -91.0   32.087 -149.194    211.2    997.9
     1     1    19     3    24    10     0     2   -92.0   32.387 -149.441    211.2    998.4
     1     1    19     3    24     9     0     3   -93.0   32.706 -149.690    211.2    998.9
     1     1    19     3    24     8     0     2   -94.0   33.033 -149.958    211.2    998.7
     1     1    19     3    24     7     0     1   -95.0   33.357 -150.255    211.2    998.4
     1     1    19     3    24     6     0     0   -96.0   33.677 -150.583    211.2    998.3
     1     1    19     3    24     5     0     1   -97.0   34.000 -150.932    211.2    998.1
     1     1    19     3    24     4     0     2   -98.0   34.323 -151.295    211.2    997.8
     1     1    19     3    24     3     0     3   -99.0   34.641 -151.671    211.2    997.7
     1     1    19     3    24     2     0     2  -100.0   34.955 -152.056    211.4    997.7
     1     1    19     3    24     1     0     1  -101.0   35.251 -152.444    212.2    997.5
     1     1    19     3    24     0     0     0  -102.0   35.528 -152.842    217.1    997.2
     1     1    19     3    23    23     0     1  -103.0   35.806 -153.243    227.1    995.9
     1     1    19     3    23    22     0     2  -104.0   36.093 -153.632    235.5    994.5
     1     1    19     3    23    21     0     3  -105.0   36.382 -154.016    242.1    994.2
     1     1    19     3    23    20     0     2  -106.0   36.681 -154.411    253.8    992.8
     1     1    19     3    23    19     0     1  -107.0   37.001 -154.816    266.9    990.1
     1     1    19     3    23    18     0     0  -108.0   37.333 -155.231    277.6    988.5
     1     1    19     3    23    17     0     1  -109.0   37.663 -155.666    292.5    986.5
     1     1    19     3    23    16     0     2  -110.0   38.000 -156.116    308.2    983.2
     1     1    19     3    23    15     0     3  -111.0   38.336 -156.583    319.2    981.4
     1     1    19     3    23    14     0     2  -112.0   38.664 -157.079    337.2    980.1
     1     1    19     3    23    13     0     1  -113.0   38.995 -157.596    361.7    975.4
     1     1    19     3    23    12     0     0  -114.0   39.323 -158.133    380.8    972.8
     1     1    19     3    23    11     0     1  -115.0   39.644 -158.684    408.1    970.9
     1     1    19     3    23    10     0     2  -116.0   39.971 -159.240    446.6    964.9
     1     1    19     3    23     9     0     3  -117.0   40.294 -159.797    471.1    959.6
     1     1    19     3    23     8     0     2  -118.0   40.613 -160.367    492.3    959.4
     1     1    19     3    23     7     0     1  -119.0   40.947 -160.955    535.2    953.7
     1     1    19     3    23     6     0     0  -120.0   41.292 -161.558    574.3    945.7
     1     1    19     3    23     5     0     1  -121.0   41.632 -162.181    606.0    944.1
     1     1    19     3    23     4     0     2  -122.0   41.973 -162.822    650.2    937.9
     1     1    19     3    23     3     0     3  -123.0   42.317 -163.475    684.2    930.7
     1     1    19     3    23     2     0     2  -124.0   42.654 -164.140    710.8    929.6
     1     1    19     3    23     1     0     1  -125.0   42.984 -164.817    752.5    924.2
     1     1    19     3    23     0     0     0  -126.0   43.306 -165.500    788.1    917.3
     1     1    19     3    22    23     0     1  -127.0   43.620 -166.167    815.0    916.0
     1     1    19     3    22    22     0     2  -128.0   43.932 -166.807    859.0    911.3
     1     1    19     3    22    21     0     3  -129.0   44.246 -167.424    909.5    902.9
     1     1    19     3    22    20     0     2  -130.0   44.565 -168.034    954.1    897.4
     1     1    19     3    22    19     0     1  -131.0   44.897 -168.649   1006.5    891.6
     1     1    19     3    22    18     0     0  -132.0   45.238 -169.262   1069.2    882.9
     1     1    19     3    22    17     0     1  -133.0   45.582 -169.864   1128.2    875.1
     1     1    19     3    22    16     0     2  -134.0   45.924 -170.443   1182.5    869.0
     1     1    19     3    22    15     0     3  -135.0   46.268 -171.000   1232.6    861.9
     1     1    19     3    22    14     0     2  -136.0   46.608 -171.543   1282.4    856.9
     1     1    19     3    22    13     0     1  -137.0   46.945 -172.070   1334.8    849.9
     1     1    19     3    22    12     0     0  -138.0   47.282 -172.578   1379.6    844.1
     1     1    19     3    22    11     0     1  -139.0   47.615 -173.062   1412.5    840.1
     1     1    19     3    22    10     0     2  -140.0   47.935 -173.502   1440.0    837.9
     1     1    19     3    22     9     0     3  -141.0   48.245 -173.896   1465.1    834.3
     1     1    19     3    22     8     0     2  -142.0   48.554 -174.247   1485.1    832.0
     1     1    19     3    22     7     0     1  -143.0   48.862 -174.555   1504.3    829.7
     1     1    19     3    22     6     0     0  -144.0   49.171 -174.819   1525.7    826.8
     1     1    19     3    22     5     0     1  -145.0   49.479 -175.053   1545.3    823.7
     1     1    19     3    22     4     0     2  -146.0   49.779 -175.258   1563.4    821.8
     1     1    19     3    22     3     0     3  -147.0   50.070 -175.429   1588.3    818.9
     1     1    19     3    22     2     0     2  -148.0   50.352 -175.570   1616.0    815.1
     1     1    19     3    22     1     0     1  -149.0   50.628 -175.677   1638.0    812.4
     1     1    19     3    22     0     0     0  -150.0   50.906 -175.738   1650.5    810.8
     1     1    19     3    21    23     0     1  -151.0   51.189 -175.767   1658.6    810.1
     1     1    19     3    21    22     0     2  -152.0   51.472 -175.779   1663.7    808.3
     1     1    19     3    21    21     0     3  -153.0   51.757 -175.764   1652.0    807.9
     1     1    19     3    21    20     0     2  -154.0   52.049 -175.723   1626.5    811.4
     1     1    19     3    21    19     0     1  -155.0   52.355 -175.651   1615.7    815.1
     1     1    19     3    21    18     0     0  -156.0   52.677 -175.528   1644.8    813.8
     1     1    19     3    21    17     0     1  -157.0   53.005 -175.370   1702.1    806.2
     1     1    19     3    21    16     0     2  -158.0   53.338 -175.215   1750.3    799.4
     1     1    19     3    21    15     0     3  -159.0   53.689 -175.044   1787.6    796.8
     1     1    19     3    21    14     0     2  -160.0   54.070 -174.806   1836.4    792.6
     1     1    19     3    21    13     0     1  -161.0   54.478 -174.505   1877.8    785.8
     1     1    19     3    21    12     0     0  -162.0   54.917 -174.159   1891.9    784.3
     1     1    19     3    21    11     0     1  -163.0   55.403 -173.756   1893.1    785.5
     1     1    19     3    21    10     0     2  -164.0   55.945 -173.284   1899.8    785.2
     1     1    19     3    21     9     0     3  -165.0   56.546 -172.753   1906.9    783.0
     1     1    19     3    21     8     0     2  -166.0   57.205 -172.187   1903.4    783.3
     1     1    19     3    21     7     0     1  -167.0   57.912 -171.602   1894.6    784.4
     1     1    19     3    21     6     0     0  -168.0   58.663 -171.028   1881.3    786.0
