     7     1
    GDAS    19     6     1     0     0
    GDAS    19     7     1     0     0
    GDAS    19     8     1     0     0
    GDAS    19     9     1     0     0
    GDAS    19    10     1     0     0
    GDAS    19    11     1     0     0
    GDAS    19    12     1     0     0
     1 BACKWARD OMEGA   
    19    12    24     6   21.319 -157.670    10.0
     1 PRESSURE
     1     1    19    12    24     6     0     0     0.0   21.319 -157.670     10.0   1010.5
     1     1    19    12    24     5     0     1    -1.0   21.277 -157.480     17.6   1007.7
     1     1    19    12    24     4     0     2    -2.0   21.248 -157.331     26.4   1004.6
     1     1    19    12    24     3     0     3    -3.0   21.220 -157.222     31.6   1002.2
     1     1    19    12    24     2     0     2    -4.0   21.198 -157.147     31.7   1000.9
     1     1    19    12    24     1     0     1    -5.0   21.186 -157.094     28.1   1000.2
     1     1    19    12    24     0     0     0    -6.0   21.187 -157.058     21.7   1000.2
     1     1    19    12    23    23     0     1    -7.0   21.190 -157.019     18.1   1002.4
     1     1    19    12    23    22     0     2    -8.0   21.183 -156.959     18.8   1003.5
     1     1    19    12    23    21     0     3    -9.0   21.160 -156.869     23.7   1004.4
     1     1    19    12    23    20     0     2   -10.0   21.120 -156.753     34.8   1003.6
     1     1    19    12    23    19     0     1   -11.0   21.065 -156.622     54.7   1002.3
     1     1    19    12    23    18     0     0   -12.0   20.985 -156.473     83.2    999.7
     1     1    19    12    23    17     0     1   -13.0   20.872 -156.286    111.7    997.9
     1     1    19    12    23    16     0     2   -14.0   20.721 -156.051    133.8    997.6
     1     1    19    12    23    15     0     3   -15.0   20.557 -155.804    143.3    995.7
     1     1    19    12    23    14     0     2   -16.0   20.395 -155.571    140.1    997.0
     1     1    19    12    23    13     0     1   -17.0   20.220 -155.349    128.8    998.8
     1     1    19    12    23    12     0     0   -18.0   20.020 -155.137    109.3   1001.0
     1     1    19    12    23    11     0     1   -19.0   19.817 -154.907     88.8   1005.2
     1     1    19    12    23    10     0     2   -20.0   19.656 -154.623     77.4   1007.6
     1     1    19    12    23     9     0     3   -21.0   19.542 -154.286     75.4   1008.0
     1     1    19    12    23     8     0     2   -22.0   19.469 -153.900     77.5   1007.2
     1     1    19    12    23     7     0     1   -23.0   19.437 -153.482     76.6   1007.5
     1     1    19    12    23     6     0     0   -24.0   19.450 -153.043     74.7   1008.5
     1     1    19    12    23     5     0     1   -25.0   19.486 -152.603     74.4   1008.1
     1     1    19    12    23     4     0     2   -26.0   19.520 -152.180     74.1   1007.9
     1     1    19    12    23     3     0     3   -27.0   19.553 -151.767     74.0   1007.6
     1     1    19    12    23     2     0     2   -28.0   19.589 -151.360     74.4   1007.6
     1     1    19    12    23     1     0     1   -29.0   19.641 -150.955     73.1   1007.5
     1     1    19    12    23     0     0     0   -30.0   19.706 -150.560     67.2   1008.5
     1     1    19    12    22    23     0     1   -31.0   19.771 -150.174     60.4   1010.3
     1     1    19    12    22    22     0     2   -32.0   19.831 -149.783     56.3   1011.2
     1     1    19    12    22    21     0     3   -33.0   19.887 -149.378     54.0   1011.6
     1     1    19    12    22    20     0     2   -34.0   19.950 -148.965     50.9   1011.9
     1     1    19    12    22    19     0     1   -35.0   20.037 -148.550     47.1   1012.5
     1     1    19    12    22    18     0     0   -36.0   20.143 -148.128     45.6   1012.9
     1     1    19    12    22    17     0     1   -37.0   20.258 -147.710     46.6   1012.6
     1     1    19    12    22    16     0     2   -38.0   20.378 -147.310     48.1   1012.4
     1     1    19    12    22    15     0     3   -39.0   20.503 -146.930     49.2   1012.2
     1     1    19    12    22    14     0     2   -40.0   20.637 -146.560     50.4   1012.1
     1     1    19    12    22    13     0     1   -41.0   20.788 -146.196     51.5   1012.0
     1     1    19    12    22    12     0     0   -42.0   20.965 -145.845     52.6   1012.1
     1     1    19    12    22    11     0     1   -43.0   21.162 -145.501     54.6   1012.9
     1     1    19    12    22    10     0     2   -44.0   21.371 -145.159     57.6   1013.5
     1     1    19    12    22     9     0     3   -45.0   21.596 -144.825     60.0   1013.8
     1     1    19    12    22     8     0     2   -46.0   21.837 -144.508     61.7   1013.0
     1     1    19    12    22     7     0     1   -47.0   22.090 -144.211     65.0   1011.9
     1     1    19    12    22     6     0     0   -48.0   22.355 -143.934     70.4   1011.1
     1     1    19    12    22     5     0     1   -49.0   22.633 -143.668     77.8   1010.5
     1     1    19    12    22     4     0     2   -50.0   22.921 -143.408     87.6   1009.3
     1     1    19    12    22     3     0     3   -51.0   23.211 -143.159    103.0   1007.3
     1     1    19    12    22     2     0     2   -52.0   23.509 -142.927    122.2   1004.9
     1     1    19    12    22     1     0     1   -53.0   23.822 -142.719    141.0   1002.8
     1     1    19    12    22     0     0     0   -54.0   24.156 -142.539    156.6   1000.2
     1     1    19    12    21    23     0     1   -55.0   24.504 -142.383    165.5    999.7
     1     1    19    12    21    22     0     2   -56.0   24.870 -142.244    171.2   1000.2
     1     1    19    12    21    21     0     3   -57.0   25.262 -142.124    185.6   1000.1
     1     1    19    12    21    20     0     2   -58.0   25.672 -142.029    215.8    996.3
     1     1    19    12    21    19     0     1   -59.0   26.088 -141.967    254.1    991.5
     1     1    19    12    21    18     0     0   -60.0   26.514 -141.946    279.5    986.6
     1     1    19    12    21    17     0     1   -61.0   26.959 -141.966    283.6    987.0
     1     1    19    12    21    16     0     2   -62.0   27.415 -142.017    289.0    987.6
     1     1    19    12    21    15     0     3   -63.0   27.868 -142.093    300.2    984.7
     1     1    19    12    21    14     0     2   -64.0   28.319 -142.204    311.9    983.1
     1     1    19    12    21    13     0     1   -65.0   28.774 -142.357    321.4    980.8
     1     1    19    12    21    12     0     0   -66.0   29.243 -142.545    323.5    980.3
     1     1    19    12    21    11     0     1   -67.0   29.718 -142.757    324.1    980.7
     1     1    19    12    21    10     0     2   -68.0   30.187 -142.982    329.1    980.1
     1     1    19    12    21     9     0     3   -69.0   30.658 -143.211    340.4    978.7
     1     1    19    12    21     8     0     2   -70.0   31.132 -143.454    351.8    976.4
     1     1    19    12    21     7     0     1   -71.0   31.604 -143.713    356.6    975.8
     1     1    19    12    21     6     0     0   -72.0   32.076 -143.968    367.0    975.6
     1     1    19    12    21     5     0     1   -73.0   32.537 -144.211    378.8    971.7
     1     1    19    12    21     4     0     2   -74.0   32.978 -144.438    372.8    971.3
     1     1    19    12    21     3     0     3   -75.0   33.416 -144.640    355.8    973.4
     1     1    19    12    21     2     0     2   -76.0   33.843 -144.834    339.9    974.8
     1     1    19    12    21     1     0     1   -77.0   34.243 -145.035    322.5    975.2
     1     1    19    12    21     0     0     0   -78.0   34.624 -145.240    302.0    977.7
     1     1    19    12    20    23     0     1   -79.0   34.990 -145.444    293.9    980.2
     1     1    19    12    20    22     0     2   -80.0   35.329 -145.644    295.1    978.6
     1     1    19    12    20    21     0     3   -81.0   35.640 -145.836    287.1    978.9
     1     1    19    12    20    20     0     2   -82.0   35.932 -146.027    270.3    981.5
     1     1    19    12    20    19     0     1   -83.0   36.220 -146.236    253.7    983.6
     1     1    19    12    20    18     0     0   -84.0   36.508 -146.462    239.8    984.6
     1     1    19    12    20    17     0     1   -85.0   36.791 -146.708    225.8    985.4
     1     1    19    12    20    16     0     2   -86.0   37.056 -146.989    205.0    986.6
     1     1    19    12    20    15     0     3   -87.0   37.299 -147.318    179.5    989.9
     1     1    19    12    20    14     0     2   -88.0   37.542 -147.678    161.0    992.7
     1     1    19    12    20    13     0     1   -89.0   37.786 -148.046    148.9    993.3
     1     1    19    12    20    12     0     0   -90.0   38.003 -148.433    132.9    994.3
     1     1    19    12    20    11     0     1   -91.0   38.211 -148.831    116.6    997.5
     1     1    19    12    20    10     0     2   -92.0   38.430 -149.230    108.2    998.8
     1     1    19    12    20     9     0     3   -93.0   38.634 -149.633    105.7    999.1
     1     1    19    12    20     8     0     2   -94.0   38.830 -150.033    105.0    998.5
     1     1    19    12    20     7     0     1   -95.0   39.041 -150.433    103.2    998.3
     1     1    19    12    20     6     0     0   -96.0   39.269 -150.843    100.8    998.7
     1     1    19    12    20     5     0     1   -97.0   39.507 -151.256     99.8    998.4
     1     1    19    12    20     4     0     2   -98.0   39.755 -151.670     99.8    997.9
     1     1    19    12    20     3     0     3   -99.0   40.015 -152.097    100.1    997.3
     1     1    19    12    20     2     0     2  -100.0   40.279 -152.544    100.0    997.1
     1     1    19    12    20     1     0     1  -101.0   40.545 -153.003    101.5    996.9
     1     1    19    12    20     0     0     0  -102.0   40.817 -153.473    104.7    996.0
     1     1    19    12    19    23     0     1  -103.0   41.085 -153.949    106.3    996.1
     1     1    19    12    19    22     0     2  -104.0   41.357 -154.418    107.1    996.7
     1     1    19    12    19    21     0     3  -105.0   41.643 -154.872    108.6    996.9
     1     1    19    12    19    20     0     2  -106.0   41.928 -155.325    109.0    996.6
     1     1    19    12    19    19     0     1  -107.0   42.211 -155.781    107.0    996.6
     1     1    19    12    19    18     0     0  -108.0   42.507 -156.227    101.9    996.8
     1     1    19    12    19    17     0     1  -109.0   42.809 -156.676     97.8    997.4
     1     1    19    12    19    16     0     2  -110.0   43.113 -157.144     98.6    996.6
     1     1    19    12    19    15     0     3  -111.0   43.429 -157.612    101.6    995.6
     1     1    19    12    19    14     0     2  -112.0   43.753 -158.088    106.3    995.3
     1     1    19    12    19    13     0     1  -113.0   44.077 -158.579    112.1    994.2
     1     1    19    12    19    12     0     0  -114.0   44.409 -159.063    116.6    993.6
     1     1    19    12    19    11     0     1  -115.0   44.749 -159.552    120.5    993.2
     1     1    19    12    19    10     0     2  -116.0   45.093 -160.063    124.6    992.4
     1     1    19    12    19     9     0     3  -117.0   45.442 -160.576    128.0    991.6
     1     1    19    12    19     8     0     2  -118.0   45.793 -161.090    128.9    991.1
     1     1    19    12    19     7     0     1  -119.0   46.138 -161.626    129.6    991.0
     1     1    19    12    19     6     0     0  -120.0   46.479 -162.170    130.5    990.1
     1     1    19    12    19     5     0     1  -121.0   46.830 -162.725    126.6    990.2
     1     1    19    12    19     4     0     2  -122.0   47.184 -163.318    119.7    991.1
     1     1    19    12    19     3     0     3  -123.0   47.532 -163.947    110.1    991.4
     1     1    19    12    19     2     0     2  -124.0   47.890 -164.587    100.6    993.2
     1     1    19    12    19     1     0     1  -125.0   48.257 -165.235     95.7    993.6
     1     1    19    12    19     0     0     0  -126.0   48.617 -165.891     95.8    993.6
     1     1    19    12    18    23     0     1  -127.0   48.985 -166.542     99.2    992.8
     1     1    19    12    18    22     0     2  -128.0   49.369 -167.190    100.9    992.4
     1     1    19    12    18    21     0     3  -129.0   49.762 -167.836    101.4    992.4
     1     1    19    12    18    20     0     2  -130.0   50.158 -168.475    103.9    991.9
     1     1    19    12    18    19     0     1  -131.0   50.562 -169.121    107.3    990.9
     1     1    19    12    18    18     0     0  -132.0   50.975 -169.786    107.6    990.1
     1     1    19    12    18    17     0     1  -133.0   51.392 -170.451    107.5    990.5
     1     1    19    12    18    16     0     2  -134.0   51.817 -171.111    107.8    989.8
     1     1    19    12    18    15     0     3  -135.0   52.243 -171.772    107.5    989.7
     1     1    19    12    18    14     0     2  -136.0   52.668 -172.406    109.0    989.5
     1     1    19    12    18    13     0     1  -137.0   53.102 -173.017    116.0    989.1
     1     1    19    12    18    12     0     0  -138.0   53.533 -173.610    120.3    986.9
     1     1    19    12    18    11     0     1  -139.0   53.952 -174.188    112.2    987.9
     1     1    19    12    18    10     0     2  -140.0   54.365 -174.767    102.7    989.9
     1     1    19    12    18     9     0     3  -141.0   54.779 -175.358     93.5    990.1
     1     1    19    12    18     8     0     2  -142.0   55.183 -175.913     88.6    991.8
     1     1    19    12    18     7     0     1  -143.0   55.571 -176.412     89.0    990.5
     1     1    19    12    18     6     0     0  -144.0   55.936 -176.890     86.5    990.0
     1     1    19    12    18     5     0     1  -145.0   56.287 -177.327     81.5    990.5
     1     1    19    12    18     4     0     2  -146.0   56.629 -177.710     77.9    990.7
     1     1    19    12    18     3     0     3  -147.0   56.954 -178.090     79.3    990.0
     1     1    19    12    18     2     0     2  -148.0   57.264 -178.437     79.4    989.1
     1     1    19    12    18     1     0     1  -149.0   57.567 -178.708     75.1    989.9
     1     1    19    12    18     0     0     0  -150.0   57.853 -178.931     74.0    990.3
     1     1    19    12    17    23     0     1  -151.0   58.126 -179.111     78.0    989.0
     1     1    19    12    17    22     0     2  -152.0   58.389 -179.235     82.7    987.6
     1     1    19    12    17    21     0     3  -153.0   58.644 -179.298     83.6    986.7
     1     1    19    12    17    20     0     2  -154.0   58.888 -179.311     80.9    986.6
     1     1    19    12    17    19     0     1  -155.0   59.117 -179.286     77.7    986.4
     1     1    19    12    17    18     0     0  -156.0   59.334 -179.223     76.4    986.3
     1     1    19    12    17    17     0     1  -157.0   59.552 -179.102     75.5    985.6
     1     1    19    12    17    16     0     2  -158.0   59.787 -178.912     71.6    985.4
     1     1    19    12    17    15     0     3  -159.0   60.039 -178.673     68.0    985.6
     1     1    19    12    17    14     0     2  -160.0   60.294 -178.407     68.5    985.8
     1     1    19    12    17    13     0     1  -161.0   60.548 -178.131     70.6    985.2
     1     1    19    12    17    12     0     0  -162.0   60.810 -177.849     72.3    984.9
     1     1    19    12    17    11     0     1  -163.0   61.068 -177.553     73.9    984.9
     1     1    19    12    17    10     0     2  -164.0   61.306 -177.240     76.1    985.0
     1     1    19    12    17     9     0     3  -165.0   61.532 -176.910     79.6    984.9
     1     1    19    12    17     8     0     2  -166.0   61.760 -176.537     81.8    983.9
     1     1    19    12    17     7     0     1  -167.0   61.995 -176.104     80.4    983.8
     1     1    19    12    17     6     0     0  -168.0   62.220 -175.620     79.4    984.5
     1     1    19    12    17     5     0     1  -169.0   62.428 -175.109     79.8    984.0
     1     1    19    12    17     4     0     2  -170.0   62.633 -174.582     80.5    984.0
     1     1    19    12    17     3     0     3  -171.0   62.860 -174.019     83.7    983.8
     1     1    19    12    17     2     0     2  -172.0   63.086 -173.448     84.1    983.3
     1     1    19    12    17     1     0     1  -173.0   63.293 -172.906     82.0    985.1
     1     1    19    12    17     0     0     0  -174.0   63.500 -172.365     83.7    985.0
     1     1    19    12    16    23     0     1  -175.0   63.734 -171.828     83.6    985.0
     1     1    19    12    16    22     0     2  -176.0   63.993 -171.313     78.4    986.2
     1     1    19    12    16    21     0     3  -177.0   64.234 -170.837     69.6    987.5
     1     1    19    12    16    20     0     2  -178.0   64.467 -170.403     60.1    990.2
     1     1    19    12    16    19     0     1  -179.0   64.729 -169.972     51.8    992.2
     1     1    19    12    16    18     0     0  -180.0   65.028 -169.551     43.0    993.9
     1     1    19    12    16    17     0     1  -181.0   65.324 -169.221     38.6    994.9
     1     1    19    12    16    16     0     2  -182.0   65.590 -168.975     40.7    995.4
     1     1    19    12    16    15     0     3  -183.0   65.823 -168.767     48.6    995.6
     1     1    19    12    16    14     0     2  -184.0   66.024 -168.577     63.3    994.1
     1     1    19    12    16    13     0     1  -185.0   66.197 -168.380     79.1    991.9
     1     1    19    12    16    12     0     0  -186.0   66.335 -168.172     94.7    990.6
     1     1    19    12    16    11     0     1  -187.0   66.439 -167.954    108.7    988.6
     1     1    19    12    16    10     0     2  -188.0   66.504 -167.720    116.9    987.7
     1     1    19    12    16     9     0     3  -189.0   66.534 -167.464    119.3    987.6
     1     1    19    12    16     8     0     2  -190.0   66.531 -167.171    117.8    987.9
     1     1    19    12    16     7     0     1  -191.0   66.503 -166.832    114.4    987.5
     1     1    19    12    16     6     0     0  -192.0   66.459 -166.472    111.7    986.0
     1     1    19    12    16     5     0     1  -193.0   66.403 -166.104    110.1    983.5
     1     1    19    12    16     4     0     2  -194.0   66.339 -165.721    110.2    982.2
     1     1    19    12    16     3     0     3  -195.0   66.272 -165.310    115.1    981.0
     1     1    19    12    16     2     0     2  -196.0   66.209 -164.880    128.2    978.8
     1     1    19    12    16     1     0     1  -197.0   66.161 -164.471    145.2    975.7
     1     1    19    12    16     0     0     0  -198.0   66.128 -164.097    158.4    973.5
     1     1    19    12    15    23     0     1  -199.0   66.102 -163.728    162.8    972.6
     1     1    19    12    15    22     0     2  -200.0   66.076 -163.364    160.9    973.7
     1     1    19    12    15    21     0     3  -201.0   66.042 -163.019    165.4    973.9
     1     1    19    12    15    20     0     2  -202.0   65.988 -162.661    179.8    970.6
     1     1    19    12    15    19     0     1  -203.0   65.915 -162.237    186.7    967.9
     1     1    19    12    15    18     0     0  -204.0   65.841 -161.758    181.4    969.3
     1     1    19    12    15    17     0     1  -205.0   65.775 -161.276    192.1    971.9
     1     1    19    12    15    16     0     2  -206.0   65.712 -160.762    242.4    961.6
     1     1    19    12    15    15     0     3  -207.0   65.650 -160.153    346.0    932.8
     1     1    19    12    15    14     0     2  -208.0   65.588 -159.495    459.6    908.8
     1     1    19    12    15    13     0     1  -209.0   65.547 -158.920    541.8    899.9
     1     1    19    12    15    12     0     0  -210.0   65.530 -158.469    608.2    901.4
     1     1    19    12    15    11     0     1  -211.0   65.507 -158.139    663.5    899.8
     1     1    19    12    15    10     0     2  -212.0   65.459 -157.918    707.3    898.7
     1     1    19    12    15     9     0     3  -213.0   65.386 -157.787    745.6    896.4
     1     1    19    12    15     8     0     2  -214.0   65.287 -157.681    773.6    893.5
     1     1    19    12    15     7     0     1  -215.0   65.164 -157.538    776.6    895.3
     1     1    19    12    15     6     0     0  -216.0   65.015 -157.358    758.1    901.8
     1     1    19    12    15     5     0     1  -217.0   64.843 -157.096    721.9    909.8
     1     1    19    12    15     4     0     2  -218.0   64.664 -156.762    671.4    910.3
     1     1    19    12    15     3     0     3  -219.0   64.481 -156.459    616.1    909.7
     1     1    19    12    15     2     0     2  -220.0   64.290 -156.171    560.9    913.8
     1     1    19    12    15     1     0     1  -221.0   64.087 -155.862    519.9    918.0
     1     1    19    12    15     0     0     0  -222.0   63.882 -155.523    502.8    916.8
     1     1    19    12    14    23     0     1  -223.0   63.686 -155.110    510.0    912.3
     1     1    19    12    14    22     0     2  -224.0   63.504 -154.606    527.4    911.0
     1     1    19    12    14    21     0     3  -225.0   63.341 -154.091    536.9    912.0
     1     1    19    12    14    20     0     2  -226.0   63.172 -153.585    612.1    903.9
     1     1    19    12    14    19     0     1  -227.0   62.923 -153.037    851.6    859.3
     1     1    19    12    14    18     0     0  -228.0   62.653 -152.467   1122.1    785.0
     1     1    19    12    14    17     0     1  -229.0   62.427 -151.954   1252.1    769.8
     1     1    19    12    14    16     0     2  -230.0   62.260 -151.511   1248.3    783.2
     1     1    19    12    14    15     0     3  -231.0   62.163 -151.156   1271.7    805.9
     1     1    19    12    14    14     0     2  -232.0   62.080 -150.836   1355.7    813.7
     1     1    19    12    14    13     0     1  -233.0   61.993 -150.537   1420.7    822.7
     1     1    19    12    14    12     0     0  -234.0   61.895 -150.278   1416.2    821.6
     1     1    19    12    14    11     0     1  -235.0   61.817 -150.035   1387.0    832.3
     1     1    19    12    14    10     0     2  -236.0   61.770 -149.764   1400.1    805.0
     1     1    19    12    14     9     0     3  -237.0   61.702 -149.409   1497.6    758.0
     1     1    19    12    14     8     0     2  -238.0   61.518 -148.922   1655.6    704.2
     1     1    19    12    14     7     0     1  -239.0   61.277 -148.275   1747.5    719.7
     1     1    19    12    14     6     0     0  -240.0   61.132 -147.581   1732.3    758.9
