     7     1
    GDAS    18    12     1     0     0
    GDAS    19     1     1     0     0
    GDAS    19     2     1     0     0
    GDAS    19     3     1     0     0
    GDAS    19     4     1     0     0
    GDAS    19     5     1     0     0
    GDAS    19     6     1     0     0
     1 BACKWARD OMEGA   
    19     5     2     6   21.319 -157.670    10.0
     1 PRESSURE
     1     1    19     5     2     6     0     0     0.0   21.319 -157.670     10.0   1013.1
     1     1    19     5     2     5     0     1    -1.0   21.440 -157.445     14.3   1012.1
     1     1    19     5     2     4     0     2    -2.0   21.559 -157.215     24.5   1010.7
     1     1    19     5     2     3     0     3    -3.0   21.680 -156.976     43.7   1009.1
     1     1    19     5     2     2     0     2    -4.0   21.800 -156.734     63.2   1007.3
     1     1    19     5     2     1     0     1    -5.0   21.917 -156.493     73.6   1007.2
     1     1    19     5     2     0     0     0    -6.0   22.038 -156.249     80.8   1007.4
     1     1    19     5     1    23     0     1    -7.0   22.163 -155.997     87.3   1006.6
     1     1    19     5     1    22     0     2    -8.0   22.285 -155.742     89.1   1006.4
     1     1    19     5     1    21     0     3    -9.0   22.405 -155.492     85.2   1007.2
     1     1    19     5     1    20     0     2   -10.0   22.524 -155.249     79.3   1008.3
     1     1    19     5     1    19     0     1   -11.0   22.648 -155.015     75.1   1009.1
     1     1    19     5     1    18     0     0   -12.0   22.777 -154.789     73.6   1009.4
     1     1    19     5     1    17     0     1   -13.0   22.907 -154.569     73.6   1009.2
     1     1    19     5     1    16     0     2   -14.0   23.036 -154.353     73.4   1009.1
     1     1    19     5     1    15     0     3   -15.0   23.168 -154.140     72.5   1009.1
     1     1    19     5     1    14     0     2   -16.0   23.305 -153.928     70.0   1009.4
     1     1    19     5     1    13     0     1   -17.0   23.439 -153.719     65.9   1009.9
     1     1    19     5     1    12     0     0   -18.0   23.563 -153.519     61.0   1010.7
     1     1    19     5     1    11     0     1   -19.0   23.679 -153.328     57.1   1011.7
     1     1    19     5     1    10     0     2   -20.0   23.787 -153.141     54.9   1012.1
     1     1    19     5     1     9     0     3   -21.0   23.886 -152.959     54.2   1012.1
     1     1    19     5     1     8     0     2   -22.0   23.988 -152.779     54.2   1011.9
     1     1    19     5     1     7     0     1   -23.0   24.108 -152.599     53.9   1012.1
     1     1    19     5     1     6     0     0   -24.0   24.249 -152.419     52.8   1012.2
     1     1    19     5     1     5     0     1   -25.0   24.395 -152.248     51.2   1012.1
     1     1    19     5     1     4     0     2   -26.0   24.532 -152.093     49.8   1012.0
     1     1    19     5     1     3     0     3   -27.0   24.655 -151.955     49.1   1011.9
     1     1    19     5     1     2     0     2   -28.0   24.770 -151.826     48.3   1011.9
     1     1    19     5     1     1     0     1   -29.0   24.882 -151.702     46.3   1012.1
     1     1    19     5     1     0     0     0   -30.0   24.990 -151.583     43.7   1012.4
     1     1    19     4    30    23     0     1   -31.0   25.094 -151.469     41.2   1012.8
     1     1    19     4    30    22     0     2   -32.0   25.190 -151.363     39.1   1013.1
     1     1    19     4    30    21     0     3   -33.0   25.276 -151.265     37.2   1013.3
     1     1    19     4    30    20     0     2   -34.0   25.354 -151.174     35.8   1013.5
     1     1    19     4    30    19     0     1   -35.0   25.425 -151.090     35.1   1013.5
     1     1    19     4    30    18     0     0   -36.0   25.491 -151.012     35.0   1013.5
     1     1    19     4    30    17     0     1   -37.0   25.547 -150.939     35.8   1013.4
     1     1    19     4    30    16     0     2   -38.0   25.590 -150.871     38.2   1013.1
     1     1    19     4    30    15     0     3   -39.0   25.620 -150.807     42.3   1012.7
     1     1    19     4    30    14     0     2   -40.0   25.638 -150.741     47.4   1012.3
     1     1    19     4    30    13     0     1   -41.0   25.647 -150.667     52.9   1011.9
     1     1    19     4    30    12     0     0   -42.0   25.646 -150.585     59.0   1011.2
     1     1    19     4    30    11     0     1   -43.0   25.639 -150.496     65.1   1010.2
     1     1    19     4    30    10     0     2   -44.0   25.627 -150.400     70.7   1009.5
     1     1    19     4    30     9     0     3   -45.0   25.610 -150.298     75.4   1009.0
     1     1    19     4    30     8     0     2   -46.0   25.590 -150.189     80.6   1008.5
     1     1    19     4    30     7     0     1   -47.0   25.568 -150.071     88.1   1007.6
     1     1    19     4    30     6     0     0   -48.0   25.542 -149.942     98.2   1006.4
     1     1    19     4    30     5     0     1   -49.0   25.512 -149.809    108.4   1004.3
     1     1    19     4    30     4     0     2   -50.0   25.475 -149.679    114.9   1003.1
     1     1    19     4    30     3     0     3   -51.0   25.429 -149.550    117.2   1002.3
     1     1    19     4    30     2     0     2   -52.0   25.375 -149.419    118.1   1002.7
     1     1    19     4    30     1     0     1   -53.0   25.312 -149.284    121.8   1002.5
     1     1    19     4    30     0     0     0   -54.0   25.243 -149.140    130.1   1002.0
     1     1    19     4    29    23     0     1   -55.0   25.166 -148.983    141.1   1000.8
     1     1    19     4    29    22     0     2   -56.0   25.083 -148.813    148.2    999.8
     1     1    19     4    29    21     0     3   -57.0   24.991 -148.630    147.2    999.9
     1     1    19     4    29    20     0     2   -58.0   24.895 -148.428    142.0   1001.3
     1     1    19     4    29    19     0     1   -59.0   24.802 -148.204    139.2   1001.6
     1     1    19     4    29    18     0     0   -60.0   24.713 -147.953    140.1   1001.6
     1     1    19     4    29    17     0     1   -61.0   24.628 -147.693    143.9   1000.6
     1     1    19     4    29    16     0     2   -62.0   24.547 -147.438    148.4    999.6
     1     1    19     4    29    15     0     3   -63.0   24.471 -147.185    153.1    998.7
     1     1    19     4    29    14     0     2   -64.0   24.398 -146.928    154.2    998.0
     1     1    19     4    29    13     0     1   -65.0   24.331 -146.670    149.1    998.8
     1     1    19     4    29    12     0     0   -66.0   24.271 -146.411    140.2   1000.1
     1     1    19     4    29    11     0     1   -67.0   24.211 -146.154    132.6   1001.7
     1     1    19     4    29    10     0     2   -68.0   24.148 -145.901    128.9   1002.2
     1     1    19     4    29     9     0     3   -69.0   24.085 -145.654    127.3   1002.6
     1     1    19     4    29     8     0     2   -70.0   24.027 -145.410    126.7   1002.6
     1     1    19     4    29     7     0     1   -71.0   23.975 -145.165    126.7   1002.5
     1     1    19     4    29     6     0     0   -72.0   23.929 -144.918    126.6   1002.4
     1     1    19     4    29     5     0     1   -73.0   23.889 -144.673    126.4   1002.1
     1     1    19     4    29     4     0     2   -74.0   23.856 -144.437    126.0   1001.8
     1     1    19     4    29     3     0     3   -75.0   23.826 -144.212    125.8   1001.6
     1     1    19     4    29     2     0     2   -76.0   23.797 -143.993    126.4   1001.7
     1     1    19     4    29     1     0     1   -77.0   23.767 -143.777    128.0   1001.5
     1     1    19     4    29     0     0     0   -78.0   23.735 -143.563    131.3   1001.2
     1     1    19     4    28    23     0     1   -79.0   23.705 -143.350    133.0   1001.3
     1     1    19     4    28    22     0     2   -80.0   23.682 -143.134    129.8   1002.1
     1     1    19     4    28    21     0     3   -81.0   23.664 -142.916    122.5   1003.5
     1     1    19     4    28    20     0     2   -82.0   23.650 -142.701    115.8   1004.8
     1     1    19     4    28    19     0     1   -83.0   23.639 -142.492    113.0   1005.3
     1     1    19     4    28    18     0     0   -84.0   23.629 -142.287    112.2   1005.5
     1     1    19     4    28    17     0     1   -85.0   23.620 -142.083    112.2   1005.0
     1     1    19     4    28    16     0     2   -86.0   23.612 -141.882    112.2   1004.6
     1     1    19     4    28    15     0     3   -87.0   23.608 -141.684    112.2   1004.2
     1     1    19     4    28    14     0     2   -88.0   23.612 -141.488    112.2   1004.0
     1     1    19     4    28    13     0     1   -89.0   23.624 -141.297    112.2   1003.8
     1     1    19     4    28    12     0     0   -90.0   23.647 -141.108    112.2   1003.5
     1     1    19     4    28    11     0     1   -91.0   23.682 -140.926    112.2   1004.0
     1     1    19     4    28    10     0     2   -92.0   23.733 -140.755    112.2   1004.6
     1     1    19     4    28     9     0     3   -93.0   23.802 -140.596    112.2   1005.1
     1     1    19     4    28     8     0     2   -94.0   23.882 -140.456    112.2   1005.2
     1     1    19     4    28     7     0     1   -95.0   23.971 -140.337    112.2   1005.2
     1     1    19     4    28     6     0     0   -96.0   24.068 -140.238    112.2   1005.3
     1     1    19     4    28     5     0     1   -97.0   24.164 -140.154    112.2   1004.7
     1     1    19     4    28     4     0     2   -98.0   24.253 -140.086    112.2   1004.0
     1     1    19     4    28     3     0     3   -99.0   24.333 -140.035    112.2   1003.3
     1     1    19     4    28     2     0     2  -100.0   24.402 -139.997    112.2   1003.4
     1     1    19     4    28     1     0     1  -101.0   24.457 -139.964    112.2   1003.4
     1     1    19     4    28     0     0     0  -102.0   24.499 -139.938    112.2   1003.4
     1     1    19     4    27    23     0     1  -103.0   24.531 -139.915    112.2   1003.9
     1     1    19     4    27    22     0     2  -104.0   24.555 -139.891    112.2   1004.4
     1     1    19     4    27    21     0     3  -105.0   24.572 -139.867    112.2   1004.9
     1     1    19     4    27    20     0     2  -106.0   24.588 -139.839    112.5   1004.9
     1     1    19     4    27    19     0     1  -107.0   24.609 -139.802    113.3   1004.8
     1     1    19     4    27    18     0     0  -108.0   24.636 -139.758    114.9   1004.6
     1     1    19     4    27    17     0     1  -109.0   24.673 -139.713    116.6   1004.0
     1     1    19     4    27    16     0     2  -110.0   24.725 -139.674    117.7   1003.5
     1     1    19     4    27    15     0     3  -111.0   24.791 -139.641    118.0   1003.1
     1     1    19     4    27    14     0     2  -112.0   24.869 -139.616    118.0   1002.9
     1     1    19     4    27    13     0     1  -113.0   24.954 -139.603    118.0   1002.6
     1     1    19     4    27    12     0     0  -114.0   25.045 -139.599    118.0   1002.4
     1     1    19     4    27    11     0     1  -115.0   25.144 -139.603    118.0   1002.9
     1     1    19     4    27    10     0     2  -116.0   25.250 -139.614    118.0   1003.4
     1     1    19     4    27     9     0     3  -117.0   25.364 -139.632    118.0   1003.9
     1     1    19     4    27     8     0     2  -118.0   25.490 -139.656    118.0   1003.9
     1     1    19     4    27     7     0     1  -119.0   25.628 -139.685    118.0   1003.8
     1     1    19     4    27     6     0     0  -120.0   25.777 -139.718    118.0   1003.8
     1     1    19     4    27     5     0     1  -121.0   25.933 -139.760    118.0   1003.3
     1     1    19     4    27     4     0     2  -122.0   26.093 -139.813    118.0   1002.9
     1     1    19     4    27     3     0     3  -123.0   26.259 -139.873    118.0   1002.5
     1     1    19     4    27     2     0     2  -124.0   26.431 -139.935    118.0   1002.4
     1     1    19     4    27     1     0     1  -125.0   26.609 -139.997    118.0   1002.2
     1     1    19     4    27     0     0     0  -126.0   26.794 -140.057    118.0   1001.9
     1     1    19     4    26    23     0     1  -127.0   26.983 -140.114    118.0   1002.2
     1     1    19     4    26    22     0     2  -128.0   27.176 -140.163    117.9   1002.5
     1     1    19     4    26    21     0     3  -129.0   27.370 -140.202    117.9   1002.8
     1     1    19     4    26    20     0     2  -130.0   27.571 -140.230    117.9   1002.7
     1     1    19     4    26    19     0     1  -131.0   27.786 -140.242    117.9   1002.6
     1     1    19     4    26    18     0     0  -132.0   28.015 -140.230    117.9   1002.4
     1     1    19     4    26    17     0     1  -133.0   28.254 -140.206    118.6   1002.0
     1     1    19     4    26    16     0     2  -134.0   28.497 -140.179    121.6   1001.5
     1     1    19     4    26    15     0     3  -135.0   28.749 -140.134    130.0   1000.3
     1     1    19     4    26    14     0     2  -136.0   29.017 -140.064    141.5    998.5
     1     1    19     4    26    13     0     1  -137.0   29.299 -139.967    149.2    997.0
     1     1    19     4    26    12     0     0  -138.0   29.587 -139.840    152.2    996.8
     1     1    19     4    26    11     0     1  -139.0   29.874 -139.680    152.3    996.9
     1     1    19     4    26    10     0     2  -140.0   30.159 -139.486    147.6    997.5
     1     1    19     4    26     9     0     3  -141.0   30.438 -139.264    136.6    999.3
     1     1    19     4    26     8     0     2  -142.0   30.695 -139.040    121.3   1001.1
     1     1    19     4    26     7     0     1  -143.0   30.921 -138.813    106.9   1003.1
     1     1    19     4    26     6     0     0  -144.0   31.116 -138.566    100.8   1004.4
     1     1    19     4    26     5     0     1  -145.0   31.286 -138.301    103.3   1003.3
     1     1    19     4    26     4     0     2  -146.0   31.426 -138.014    108.3   1002.4
     1     1    19     4    26     3     0     3  -147.0   31.539 -137.709    111.3   1001.6
     1     1    19     4    26     2     0     2  -148.0   31.624 -137.411    111.5   1002.0
     1     1    19     4    26     1     0     1  -149.0   31.686 -137.129    113.2   1002.1
     1     1    19     4    26     0     0     0  -150.0   31.731 -136.863    117.4   1001.7
     1     1    19     4    25    23     0     1  -151.0   31.762 -136.594    119.8   1001.5
     1     1    19     4    25    22     0     2  -152.0   31.781 -136.308    114.8   1002.3
     1     1    19     4    25    21     0     3  -153.0   31.793 -136.010    100.8   1004.3
     1     1    19     4    25    20     0     2  -154.0   31.811 -135.712     88.7   1007.3
     1     1    19     4    25    19     0     1  -155.0   31.841 -135.424     87.8   1007.5
     1     1    19     4    25    18     0     0  -156.0   31.877 -135.152     98.9   1006.5
     1     1    19     4    25    17     0     1  -157.0   31.911 -134.897    115.8   1003.7
     1     1    19     4    25    16     0     2  -158.0   31.940 -134.657    126.8   1002.2
     1     1    19     4    25    15     0     3  -159.0   31.964 -134.427    129.9   1002.0
     1     1    19     4    25    14     0     2  -160.0   31.986 -134.209    129.9   1002.4
     1     1    19     4    25    13     0     1  -161.0   32.006 -134.003    129.9   1002.5
     1     1    19     4    25    12     0     0  -162.0   32.027 -133.808    129.9   1002.5
     1     1    19     4    25    11     0     1  -163.0   32.046 -133.614    129.9   1002.9
     1     1    19     4    25    10     0     2  -164.0   32.058 -133.410    129.9   1003.3
     1     1    19     4    25     9     0     3  -165.0   32.064 -133.197    129.9   1003.6
     1     1    19     4    25     8     0     2  -166.0   32.070 -132.973    129.8   1003.7
     1     1    19     4    25     7     0     1  -167.0   32.083 -132.741    129.3   1004.0
     1     1    19     4    25     6     0     0  -168.0   32.106 -132.497    128.6   1004.2
     1     1    19     4    25     5     0     1  -169.0   32.143 -132.247    128.0   1004.3
     1     1    19     4    25     4     0     2  -170.0   32.198 -131.996    127.8   1004.3
     1     1    19     4    25     3     0     3  -171.0   32.273 -131.749    127.8   1004.3
     1     1    19     4    25     2     0     2  -172.0   32.365 -131.505    127.8   1004.6
     1     1    19     4    25     1     0     1  -173.0   32.473 -131.259    127.8   1004.8
     1     1    19     4    25     0     0     0  -174.0   32.598 -131.011    127.8   1005.0
     1     1    19     4    24    23     0     1  -175.0   32.741 -130.772    127.2   1005.5
     1     1    19     4    24    22     0     2  -176.0   32.903 -130.549    126.0   1006.1
     1     1    19     4    24    21     0     3  -177.0   33.082 -130.345    125.6   1006.6
     1     1    19     4    24    20     0     2  -178.0   33.274 -130.155    125.6   1006.8
     1     1    19     4    24    19     0     1  -179.0   33.478 -129.974    125.6   1007.0
     1     1    19     4    24    18     0     0  -180.0   33.691 -129.799    125.6   1007.2
     1     1    19     4    24    17     0     1  -181.0   33.920 -129.629    125.6   1007.2
     1     1    19     4    24    16     0     2  -182.0   34.171 -129.466    125.6   1007.3
     1     1    19     4    24    15     0     3  -183.0   34.442 -129.310    125.6   1007.3
     1     1    19     4    24    14     0     2  -184.0   34.728 -129.167    125.6   1007.3
     1     1    19     4    24    13     0     1  -185.0   35.025 -129.046    125.6   1007.5
     1     1    19     4    24    12     0     0  -186.0   35.339 -128.945    125.6   1007.6
     1     1    19     4    24    11     0     1  -187.0   35.668 -128.858    125.6   1007.8
     1     1    19     4    24    10     0     2  -188.0   36.011 -128.785    125.6   1008.1
     1     1    19     4    24     9     0     3  -189.0   36.361 -128.728    125.6   1008.4
     1     1    19     4    24     8     0     2  -190.0   36.715 -128.685    125.6   1008.5
     1     1    19     4    24     7     0     1  -191.0   37.073 -128.652    125.6   1008.7
     1     1    19     4    24     6     0     0  -192.0   37.432 -128.628    125.6   1008.8
     1     1    19     4    24     5     0     1  -193.0   37.783 -128.614    125.6   1008.9
     1     1    19     4    24     4     0     2  -194.0   38.124 -128.611    125.6   1008.9
     1     1    19     4    24     3     0     3  -195.0   38.460 -128.618    125.6   1009.0
     1     1    19     4    24     2     0     2  -196.0   38.790 -128.630    125.6   1009.2
     1     1    19     4    24     1     0     1  -197.0   39.111 -128.642    125.6   1009.3
     1     1    19     4    24     0     0     0  -198.0   39.427 -128.655    125.6   1009.5
     1     1    19     4    23    23     0     1  -199.0   39.732 -128.666    125.6   1009.7
     1     1    19     4    23    22     0     2  -200.0   40.019 -128.679    125.6   1009.8
     1     1    19     4    23    21     0     3  -201.0   40.284 -128.703    125.6   1010.0
     1     1    19     4    23    20     0     2  -202.0   40.532 -128.742    125.6   1010.0
     1     1    19     4    23    19     0     1  -203.0   40.767 -128.796    125.6   1010.1
     1     1    19     4    23    18     0     0  -204.0   40.988 -128.869    125.6   1010.1
     1     1    19     4    23    17     0     1  -205.0   41.196 -128.956    125.6   1010.1
     1     1    19     4    23    16     0     2  -206.0   41.390 -129.052    125.6   1010.1
     1     1    19     4    23    15     0     3  -207.0   41.572 -129.160    125.6   1010.0
     1     1    19     4    23    14     0     2  -208.0   41.744 -129.287    126.2   1009.8
     1     1    19     4    23    13     0     1  -209.0   41.901 -129.441    127.9   1009.5
     1     1    19     4    23    12     0     0  -210.0   42.041 -129.623    129.9   1009.1
     1     1    19     4    23    11     0     1  -211.0   42.165 -129.833    132.3   1009.0
     1     1    19     4    23    10     0     2  -212.0   42.273 -130.066    135.6   1009.0
     1     1    19     4    23     9     0     3  -213.0   42.364 -130.316    140.2   1009.0
     1     1    19     4    23     8     0     2  -214.0   42.436 -130.579    143.8   1008.4
     1     1    19     4    23     7     0     1  -215.0   42.489 -130.850    145.2   1008.4
     1     1    19     4    23     6     0     0  -216.0   42.527 -131.129    145.6   1008.4
     1     1    19     4    23     5     0     1  -217.0   42.555 -131.415    145.3   1008.3
     1     1    19     4    23     4     0     2  -218.0   42.580 -131.707    143.9   1008.3
     1     1    19     4    23     3     0     3  -219.0   42.598 -132.008    140.9   1008.6
     1     1    19     4    23     2     0     2  -220.0   42.606 -132.320    138.7   1009.4
     1     1    19     4    23     1     0     1  -221.0   42.601 -132.646    139.6   1009.3
     1     1    19     4    23     0     0     0  -222.0   42.581 -132.988    142.9   1008.7
     1     1    19     4    22    23     0     1  -223.0   42.550 -133.345    146.9   1008.2
     1     1    19     4    22    22     0     2  -224.0   42.511 -133.717    149.5   1007.9
     1     1    19     4    22    21     0     3  -225.0   42.464 -134.105    150.8   1007.9
     1     1    19     4    22    20     0     2  -226.0   42.404 -134.508    153.3   1007.4
     1     1    19     4    22    19     0     1  -227.0   42.328 -134.931    156.9   1006.3
     1     1    19     4    22    18     0     0  -228.0   42.236 -135.368    158.9   1005.8
     1     1    19     4    22    17     0     1  -229.0   42.128 -135.827    160.0   1005.4
     1     1    19     4    22    16     0     2  -230.0   41.998 -136.314    162.3   1004.8
     1     1    19     4    22    15     0     3  -231.0   41.840 -136.832    168.8   1003.8
     1     1    19     4    22    14     0     2  -232.0   41.653 -137.367    177.0   1002.3
     1     1    19     4    22    13     0     1  -233.0   41.438 -137.905    184.0   1001.6
     1     1    19     4    22    12     0     0  -234.0   41.196 -138.450    190.7   1000.6
     1     1    19     4    22    11     0     1  -235.0   40.929 -138.997    196.3   1000.2
     1     1    19     4    22    10     0     2  -236.0   40.650 -139.541    203.5   1000.1
     1     1    19     4    22     9     0     3  -237.0   40.356 -140.086    214.6    999.2
     1     1    19     4    22     8     0     2  -238.0   40.051 -140.626    227.3    997.9
     1     1    19     4    22     7     0     1  -239.0   39.744 -141.154    239.0    996.8
     1     1    19     4    22     6     0     0  -240.0   39.433 -141.664    250.5    995.9
