     7     1
    GDAS    18    12     1     0     0
    GDAS    19     1     1     0     0
    GDAS    19     2     1     0     0
    GDAS    19     3     1     0     0
    GDAS    19     4     1     0     0
    GDAS    19     5     1     0     0
    GDAS    19     6     1     0     0
     1 BACKWARD OMEGA   
    19     3     7     6   21.319 -157.670    10.0
     1 PRESSURE
     1     1    19     3     7     6     0     0     0.0   21.319 -157.670     10.0   1016.7
     1     1    19     3     7     5     0     1    -1.0   21.488 -157.373     15.6   1015.0
     1     1    19     3     7     4     0     2    -2.0   21.639 -157.063     28.2   1013.0
     1     1    19     3     7     3     0     3    -3.0   21.768 -156.738     43.9   1011.9
     1     1    19     3     7     2     0     2    -4.0   21.886 -156.406     52.9   1011.7
     1     1    19     3     7     1     0     1    -5.0   22.013 -156.074     55.6   1012.0
     1     1    19     3     7     0     0     0    -6.0   22.153 -155.742     56.3   1012.1
     1     1    19     3     6    23     0     1    -7.0   22.303 -155.415     57.5   1013.0
     1     1    19     3     6    22     0     2    -8.0   22.462 -155.095     59.5   1013.6
     1     1    19     3     6    21     0     3    -9.0   22.627 -154.784     62.2   1014.0
     1     1    19     3     6    20     0     2   -10.0   22.803 -154.478     64.7   1013.4
     1     1    19     3     6    19     0     1   -11.0   22.992 -154.178     66.3   1013.2
     1     1    19     3     6    18     0     0   -12.0   23.196 -153.886     67.6   1013.1
     1     1    19     3     6    17     0     1   -13.0   23.406 -153.603     70.2   1012.2
     1     1    19     3     6    16     0     2   -14.0   23.610 -153.333     73.7   1011.2
     1     1    19     3     6    15     0     3   -15.0   23.806 -153.076     75.7   1010.8
     1     1    19     3     6    14     0     2   -16.0   23.995 -152.828     77.6   1011.3
     1     1    19     3     6    13     0     1   -17.0   24.178 -152.582     81.0   1010.8
     1     1    19     3     6    12     0     0   -18.0   24.356 -152.336     84.1   1010.3
     1     1    19     3     6    11     0     1   -19.0   24.529 -152.091     85.6   1010.3
     1     1    19     3     6    10     0     2   -20.0   24.701 -151.850     85.9   1010.7
     1     1    19     3     6     9     0     3   -21.0   24.874 -151.612     86.2   1010.9
     1     1    19     3     6     8     0     2   -22.0   25.053 -151.381     88.1   1010.9
     1     1    19     3     6     7     0     1   -23.0   25.244 -151.156     93.5   1010.1
     1     1    19     3     6     6     0     0   -24.0   25.450 -150.937    100.9   1009.0
     1     1    19     3     6     5     0     1   -25.0   25.672 -150.729    106.5   1007.9
     1     1    19     3     6     4     0     2   -26.0   25.913 -150.538    108.4   1007.9
     1     1    19     3     6     3     0     3   -27.0   26.172 -150.363    108.6   1008.2
     1     1    19     3     6     2     0     2   -28.0   26.439 -150.202    108.6   1008.1
     1     1    19     3     6     1     0     1   -29.0   26.707 -150.051    108.6   1008.1
     1     1    19     3     6     0     0     0   -30.0   26.976 -149.913    108.6   1008.4
     1     1    19     3     5    23     0     1   -31.0   27.243 -149.781    108.6   1008.7
     1     1    19     3     5    22     0     2   -32.0   27.504 -149.653    108.6   1009.0
     1     1    19     3     5    21     0     3   -33.0   27.761 -149.528    108.6   1009.3
     1     1    19     3     5    20     0     2   -34.0   28.022 -149.407    108.6   1009.4
     1     1    19     3     5    19     0     1   -35.0   28.290 -149.291    108.6   1009.4
     1     1    19     3     5    18     0     0   -36.0   28.564 -149.181    108.6   1009.5
     1     1    19     3     5    17     0     1   -37.0   28.849 -149.078    108.6   1008.8
     1     1    19     3     5    16     0     2   -38.0   29.148 -148.984    108.6   1008.0
     1     1    19     3     5    15     0     3   -39.0   29.460 -148.900    108.6   1007.2
     1     1    19     3     5    14     0     2   -40.0   29.776 -148.824    108.6   1007.3
     1     1    19     3     5    13     0     1   -41.0   30.097 -148.759    108.6   1007.5
     1     1    19     3     5    12     0     0   -42.0   30.423 -148.701    108.6   1007.7
     1     1    19     3     5    11     0     1   -43.0   30.760 -148.642    108.6   1007.7
     1     1    19     3     5    10     0     2   -44.0   31.109 -148.575    108.6   1007.8
     1     1    19     3     5     9     0     3   -45.0   31.468 -148.497    108.6   1007.8
     1     1    19     3     5     8     0     2   -46.0   31.838 -148.408    108.6   1007.6
     1     1    19     3     5     7     0     1   -47.0   32.217 -148.304    108.6   1007.4
     1     1    19     3     5     6     0     0   -48.0   32.605 -148.183    108.6   1007.3
     1     1    19     3     5     5     0     1   -49.0   33.005 -148.044    108.6   1006.9
     1     1    19     3     5     4     0     2   -50.0   33.413 -147.888    108.6   1006.6
     1     1    19     3     5     3     0     3   -51.0   33.826 -147.718    108.6   1006.3
     1     1    19     3     5     2     0     2   -52.0   34.242 -147.537    108.6   1006.3
     1     1    19     3     5     1     0     1   -53.0   34.664 -147.337    108.6   1006.2
     1     1    19     3     5     0     0     0   -54.0   35.094 -147.111    108.6   1006.2
     1     1    19     3     4    23     0     1   -55.0   35.515 -146.844    108.6   1006.1
     1     1    19     3     4    22     0     2   -56.0   35.910 -146.527    108.6   1006.1
     1     1    19     3     4    21     0     3   -57.0   36.281 -146.168    108.6   1006.6
     1     1    19     3     4    20     0     2   -58.0   36.630 -145.769    107.6   1006.4
     1     1    19     3     4    19     0     1   -59.0   36.955 -145.329    106.3   1006.4
     1     1    19     3     4    18     0     0   -60.0   37.263 -144.852    105.6   1006.4
     1     1    19     3     4    17     0     1   -61.0   37.556 -144.338    103.1   1006.0
     1     1    19     3     4    16     0     2   -62.0   37.827 -143.783    100.3   1006.2
     1     1    19     3     4    15     0     3   -63.0   38.068 -143.193     99.3   1006.5
     1     1    19     3     4    14     0     2   -64.0   38.261 -142.573     97.5   1006.8
     1     1    19     3     4    13     0     1   -65.0   38.402 -141.930     92.9   1007.9
     1     1    19     3     4    12     0     0   -66.0   38.502 -141.280     89.4   1009.2
     1     1    19     3     4    11     0     1   -67.0   38.577 -140.640     88.4   1009.5
     1     1    19     3     4    10     0     2   -68.0   38.641 -140.025     87.2   1009.9
     1     1    19     3     4     9     0     3   -69.0   38.687 -139.443     85.8   1011.0
     1     1    19     3     4     8     0     2   -70.0   38.713 -138.898     85.0   1011.6
     1     1    19     3     4     7     0     1   -71.0   38.727 -138.390     84.5   1011.9
     1     1    19     3     4     6     0     0   -72.0   38.736 -137.920     84.4   1012.2
     1     1    19     3     4     5     0     1   -73.0   38.747 -137.485     84.9   1012.3
     1     1    19     3     4     4     0     2   -74.0   38.766 -137.085     86.1   1012.4
     1     1    19     3     4     3     0     3   -75.0   38.795 -136.716     87.7   1012.3
     1     1    19     3     4     2     0     2   -76.0   38.833 -136.376     88.8   1012.2
     1     1    19     3     4     1     0     1   -77.0   38.883 -136.069     89.4   1012.3
     1     1    19     3     4     0     0     0   -78.0   38.948 -135.797     89.5   1012.4
     1     1    19     3     3    23     0     1   -79.0   39.024 -135.548     90.1   1013.3
     1     1    19     3     3    22     0     2   -80.0   39.107 -135.314     91.3   1013.9
     1     1    19     3     3    21     0     3   -81.0   39.195 -135.099     92.2   1014.5
     1     1    19     3     3    20     0     2   -82.0   39.290 -134.893     93.4   1014.6
     1     1    19     3     3    19     0     1   -83.0   39.398 -134.685     95.9   1014.3
     1     1    19     3     3    18     0     0   -84.0   39.521 -134.476     99.5   1013.9
     1     1    19     3     3    17     0     1   -85.0   39.657 -134.271    104.1   1012.9
     1     1    19     3     3    16     0     2   -86.0   39.804 -134.070    109.7   1012.1
     1     1    19     3     3    15     0     3   -87.0   39.962 -133.878    117.3   1011.2
     1     1    19     3     3    14     0     2   -88.0   40.133 -133.694    125.4   1009.6
     1     1    19     3     3    13     0     1   -89.0   40.317 -133.517    132.6   1008.6
     1     1    19     3     3    12     0     0   -90.0   40.511 -133.347    139.6   1007.8
     1     1    19     3     3    11     0     1   -91.0   40.712 -133.184    146.8   1007.2
     1     1    19     3     3    10     0     2   -92.0   40.917 -133.027    154.8   1006.3
     1     1    19     3     3     9     0     3   -93.0   41.130 -132.874    165.5   1004.9
     1     1    19     3     3     8     0     2   -94.0   41.354 -132.714    178.6   1002.7
     1     1    19     3     3     7     0     1   -95.0   41.591 -132.546    192.5   1000.8
     1     1    19     3     3     6     0     0   -96.0   41.840 -132.380    207.0    999.0
     1     1    19     3     3     5     0     1   -97.0   42.097 -132.214    220.0    996.7
     1     1    19     3     3     4     0     2   -98.0   42.362 -132.042    228.5    995.1
     1     1    19     3     3     3     0     3   -99.0   42.630 -131.864    231.6    994.3
     1     1    19     3     3     2     0     2  -100.0   42.901 -131.683    232.4    994.3
     1     1    19     3     3     1     0     1  -101.0   43.179 -131.500    233.3    993.9
     1     1    19     3     3     0     0     0  -102.0   43.465 -131.318    233.7    993.5
     1     1    19     3     2    23     0     1  -103.0   43.762 -131.138    235.2    993.6
     1     1    19     3     2    22     0     2  -104.0   44.068 -130.956    239.8    993.1
     1     1    19     3     2    21     0     3  -105.0   44.377 -130.777    248.1    992.4
     1     1    19     3     2    20     0     2  -106.0   44.681 -130.603    258.4    991.1
     1     1    19     3     2    19     0     1  -107.0   44.977 -130.436    265.9    989.8
     1     1    19     3     2    18     0     0  -108.0   45.271 -130.276    271.1    989.5
     1     1    19     3     2    17     0     1  -109.0   45.560 -130.123    280.3    988.4
     1     1    19     3     2    16     0     2  -110.0   45.837 -129.985    294.7    986.2
     1     1    19     3     2    15     0     3  -111.0   46.096 -129.867    309.7    983.8
     1     1    19     3     2    14     0     2  -112.0   46.338 -129.760    320.4    982.1
     1     1    19     3     2    13     0     1  -113.0   46.566 -129.650    325.6    981.5
     1     1    19     3     2    12     0     0  -114.0   46.780 -129.541    327.0    981.4
     1     1    19     3     2    11     0     1  -115.0   46.990 -129.438    328.3    981.7
     1     1    19     3     2    10     0     2  -116.0   47.201 -129.341    331.1    981.4
     1     1    19     3     2     9     0     3  -117.0   47.412 -129.252    333.9    981.1
     1     1    19     3     2     8     0     2  -118.0   47.621 -129.183    335.8    980.9
     1     1    19     3     2     7     0     1  -119.0   47.828 -129.144    336.6    981.0
     1     1    19     3     2     6     0     0  -120.0   48.032 -129.134    336.8    981.1
     1     1    19     3     2     5     0     1  -121.0   48.237 -129.147    338.1    981.0
     1     1    19     3     2     4     0     2  -122.0   48.441 -129.180    343.0    980.4
     1     1    19     3     2     3     0     3  -123.0   48.642 -129.238    354.1    979.1
     1     1    19     3     2     2     0     2  -124.0   48.831 -129.314    368.1    976.9
     1     1    19     3     2     1     0     1  -125.0   49.003 -129.399    378.6    975.6
     1     1    19     3     2     0     0     0  -126.0   49.158 -129.489    384.6    974.9
     1     1    19     3     1    23     0     1  -127.0   49.307 -129.575    389.4    974.7
     1     1    19     3     1    22     0     2  -128.0   49.457 -129.658    396.0    973.9
     1     1    19     3     1    21     0     3  -129.0   49.606 -129.742    403.1    973.0
     1     1    19     3     1    20     0     2  -130.0   49.755 -129.832    408.4    972.3
     1     1    19     3     1    19     0     1  -131.0   49.904 -129.935    410.8    972.1
     1     1    19     3     1    18     0     0  -132.0   50.052 -130.054    411.5    972.2
     1     1    19     3     1    17     0     1  -133.0   50.199 -130.183    412.4    972.1
     1     1    19     3     1    16     0     2  -134.0   50.345 -130.322    414.8    971.7
     1     1    19     3     1    15     0     3  -135.0   50.489 -130.475    419.0    971.1
     1     1    19     3     1    14     0     2  -136.0   50.625 -130.642    424.1    970.4
     1     1    19     3     1    13     0     1  -137.0   50.750 -130.817    428.9    969.9
     1     1    19     3     1    12     0     0  -138.0   50.865 -131.006    432.5    969.5
     1     1    19     3     1    11     0     1  -139.0   50.974 -131.208    432.2    969.2
     1     1    19     3     1    10     0     2  -140.0   51.074 -131.412    428.4    970.0
     1     1    19     3     1     9     0     3  -141.0   51.164 -131.607    425.0    970.5
     1     1    19     3     1     8     0     2  -142.0   51.242 -131.785    426.9    970.6
     1     1    19     3     1     7     0     1  -143.0   51.312 -131.945    436.8    969.2
     1     1    19     3     1     6     0     0  -144.0   51.377 -132.084    452.2    966.8
     1     1    19     3     1     5     0     1  -145.0   51.437 -132.216    468.7    964.2
     1     1    19     3     1     4     0     2  -146.0   51.490 -132.352    482.6    962.3
     1     1    19     3     1     3     0     3  -147.0   51.532 -132.496    493.3    960.8
     1     1    19     3     1     2     0     2  -148.0   51.564 -132.644    500.4    959.7
     1     1    19     3     1     1     0     1  -149.0   51.586 -132.789    502.9    959.1
     1     1    19     3     1     0     0     0  -150.0   51.600 -132.935    497.9    959.4
     1     1    19     2    28    23     0     1  -151.0   51.600 -133.065    491.5    961.0
     1     1    19     2    28    22     0     2  -152.0   51.583 -133.159    492.3    961.0
     1     1    19     2    28    21     0     3  -153.0   51.548 -133.214    501.4    959.7
     1     1    19     2    28    20     0     2  -154.0   51.504 -133.230    516.1    957.2
     1     1    19     2    28    19     0     1  -155.0   51.461 -133.212    534.1    954.7
     1     1    19     2    28    18     0     0  -156.0   51.418 -133.163    556.7    951.7
     1     1    19     2    28    17     0     1  -157.0   51.369 -133.090    582.7    948.1
     1     1    19     2    28    16     0     2  -158.0   51.308 -133.004    609.7    944.7
     1     1    19     2    28    15     0     3  -159.0   51.236 -132.905    637.9    941.2
     1     1    19     2    28    14     0     2  -160.0   51.161 -132.793    665.2    937.1
     1     1    19     2    28    13     0     1  -161.0   51.083 -132.670    688.6    933.8
     1     1    19     2    28    12     0     0  -162.0   51.002 -132.542    708.0    931.1
     1     1    19     2    28    11     0     1  -163.0   50.918 -132.400    726.1    928.8
     1     1    19     2    28    10     0     2  -164.0   50.834 -132.233    742.0    926.1
     1     1    19     2    28     9     0     3  -165.0   50.744 -132.040    748.1    924.7
     1     1    19     2    28     8     0     2  -166.0   50.648 -131.821    752.0    924.9
     1     1    19     2    28     7     0     1  -167.0   50.546 -131.577    768.7    922.8
     1     1    19     2    28     6     0     0  -168.0   50.437 -131.314    805.0    918.4
     1     1    19     2    28     5     0     1  -169.0   50.328 -131.031    857.0    911.5
     1     1    19     2    28     4     0     2  -170.0   50.226 -130.735    906.6    904.4
     1     1    19     2    28     3     0     3  -171.0   50.126 -130.432    937.2    899.7
     1     1    19     2    28     2     0     2  -172.0   50.024 -130.127    961.7    898.8
     1     1    19     2    28     1     0     1  -173.0   49.924 -129.833   1007.0    893.5
     1     1    19     2    28     0     0     0  -174.0   49.832 -129.570   1068.6    885.2
     1     1    19     2    27    23     0     1  -175.0   49.749 -129.342   1132.1    877.5
     1     1    19     2    27    22     0     2  -176.0   49.665 -129.138   1191.5    871.1
     1     1    19     2    27    21     0     3  -177.0   49.579 -128.945   1245.4    864.6
     1     1    19     2    27    20     0     2  -178.0   49.503 -128.735   1296.6    859.3
     1     1    19     2    27    19     0     1  -179.0   49.442 -128.489   1362.7    853.1
     1     1    19     2    27    18     0     0  -180.0   49.376 -128.210   1463.8    843.3
     1     1    19     2    27    17     0     1  -181.0   49.311 -127.881   1591.6    826.1
     1     1    19     2    27    16     0     2  -182.0   49.257 -127.458   1686.3    808.4
     1     1    19     2    27    15     0     3  -183.0   49.198 -126.932   1708.7    802.1
     1     1    19     2    27    14     0     2  -184.0   49.149 -126.311   1593.5    805.5
     1     1    19     2    27    13     0     1  -185.0   49.157 -125.626   1420.5    829.0
     1     1    19     2    27    12     0     0  -186.0   49.190 -124.830   1486.4    826.8
     1     1    19     2    27    11     0     1  -187.0   49.150 -124.068   1593.9    772.5
     1     1    19     2    27    10     0     2  -188.0   49.138 -123.397   1644.1    787.4
     1     1    19     2    27     9     0     3  -189.0   49.172 -122.834   1650.0    791.4
     1     1    19     2    27     8     0     2  -190.0   49.178 -122.324   1715.2    765.3
     1     1    19     2    27     7     0     1  -191.0   49.060 -121.850   1904.6    730.5
     1     1    19     2    27     6     0     0  -192.0   48.808 -121.405   2033.5    680.3
     1     1    19     2    27     5     0     1  -193.0   48.515 -120.915   2076.3    649.2
     1     1    19     2    27     4     0     2  -194.0   48.292 -120.444   2095.1    655.2
     1     1    19     2    27     3     0     3  -195.0   48.222 -119.999   1988.6    682.4
     1     1    19     2    27     2     0     2  -196.0   48.269 -119.576   1826.0    717.6
     1     1    19     2    27     1     0     1  -197.0   48.359 -119.186   1720.7    734.5
     1     1    19     2    27     0     0     0  -198.0   48.484 -118.833   1675.1    742.1
     1     1    19     2    26    23     0     1  -199.0   48.620 -118.531   1706.7    733.0
     1     1    19     2    26    22     0     2  -200.0   48.744 -118.281   1803.5    716.7
     1     1    19     2    26    21     0     3  -201.0   48.860 -118.079   1928.0    699.3
     1     1    19     2    26    20     0     2  -202.0   48.971 -117.918   2056.1    680.0
     1     1    19     2    26    19     0     1  -203.0   49.082 -117.791   2184.4    660.6
     1     1    19     2    26    18     0     0  -204.0   49.199 -117.690   2313.7    643.4
     1     1    19     2    26    17     0     1  -205.0   49.315 -117.605   2429.7    627.4
     1     1    19     2    26    16     0     2  -206.0   49.419 -117.536   2519.3    616.2
     1     1    19     2    26    15     0     3  -207.0   49.514 -117.493   2583.1    608.3
     1     1    19     2    26    14     0     2  -208.0   49.596 -117.472   2627.0    603.6
     1     1    19     2    26    13     0     1  -209.0   49.660 -117.471   2657.6    600.6
     1     1    19     2    26    12     0     0  -210.0   49.705 -117.494   2677.7    599.3
     1     1    19     2    26    11     0     1  -211.0   49.736 -117.522   2689.6    599.3
     1     1    19     2    26    10     0     2  -212.0   49.753 -117.535   2694.2    599.2
     1     1    19     2    26     9     0     3  -213.0   49.756 -117.535   2691.6    599.1
     1     1    19     2    26     8     0     2  -214.0   49.747 -117.525   2687.0    599.2
     1     1    19     2    26     7     0     1  -215.0   49.728 -117.512   2686.0    598.5
     1     1    19     2    26     6     0     0  -216.0   49.700 -117.497   2689.4    597.3
     1     1    19     2    26     5     0     1  -217.0   49.666 -117.482   2695.1    596.1
     1     1    19     2    26     4     0     2  -218.0   49.629 -117.467   2701.4    595.1
     1     1    19     2    26     3     0     3  -219.0   49.588 -117.455   2709.5    594.1
     1     1    19     2    26     2     0     2  -220.0   49.538 -117.451   2725.5    593.1
     1     1    19     2    26     1     0     1  -221.0   49.472 -117.465   2757.0    591.2
     1     1    19     2    26     0     0     0  -222.0   49.389 -117.508   2808.3    589.0
     1     1    19     2    25    23     0     1  -223.0   49.290 -117.582   2882.7    586.4
     1     1    19     2    25    22     0     2  -224.0   49.179 -117.677   2979.8    583.1
     1     1    19     2    25    21     0     3  -225.0   49.059 -117.787   3098.8    578.7
     1     1    19     2    25    20     0     2  -226.0   48.931 -117.908   3229.6    574.4
     1     1    19     2    25    19     0     1  -227.0   48.794 -118.037   3347.9    570.6
     1     1    19     2    25    18     0     0  -228.0   48.643 -118.190   3429.4    567.0
     1     1    19     2    25    17     0     1  -229.0   48.492 -118.381   3473.3    568.3
     1     1    19     2    25    16     0     2  -230.0   48.368 -118.589   3483.7    572.5
     1     1    19     2    25    15     0     3  -231.0   48.283 -118.774   3467.6    578.0
     1     1    19     2    25    14     0     2  -232.0   48.231 -118.920   3431.0    584.2
     1     1    19     2    25    13     0     1  -233.0   48.204 -119.033   3382.8    589.9
     1     1    19     2    25    12     0     0  -234.0   48.199 -119.124   3333.4    592.8
     1     1    19     2    25    11     0     1  -235.0   48.214 -119.183   3293.1    594.4
     1     1    19     2    25    10     0     2  -236.0   48.251 -119.190   3262.3    595.5
     1     1    19     2    25     9     0     3  -237.0   48.314 -119.153   3242.7    596.1
     1     1    19     2    25     8     0     2  -238.0   48.405 -119.104   3235.4    594.6
     1     1    19     2    25     7     0     1  -239.0   48.526 -119.071   3232.0    591.4
     1     1    19     2    25     6     0     0  -240.0   48.673 -119.046   3227.3    587.5
