     7     1
    GDAS    18    12     1     0     0
    GDAS    19     1     1     0     0
    GDAS    19     2     1     0     0
    GDAS    19     3     1     0     0
    GDAS    19     4     1     0     0
    GDAS    19     5     1     0     0
    GDAS    19     6     1     0     0
     1 BACKWARD OMEGA   
    19     3    25    12   21.319 -157.670    10.0
     1 PRESSURE
     1     1    19     3    25    12     0     0     0.0   21.319 -157.670     10.0   1016.1
     1     1    19     3    25    11     0     1    -1.0   21.376 -157.474     10.8   1015.6
     1     1    19     3    25    10     0     2    -2.0   21.431 -157.263     12.7   1014.9
     1     1    19     3    25     9     0     3    -3.0   21.483 -157.033     16.4   1014.1
     1     1    19     3    25     8     0     2    -4.0   21.520 -156.790     22.8   1014.3
     1     1    19     3    25     7     0     1    -5.0   21.529 -156.543     32.4   1014.1
     1     1    19     3    25     6     0     0    -6.0   21.507 -156.292     45.5   1013.7
     1     1    19     3    25     5     0     1    -7.0   21.449 -156.026     63.5   1013.0
     1     1    19     3    25     4     0     2    -8.0   21.370 -155.735     89.1   1009.4
     1     1    19     3    25     3     0     3    -9.0   21.298 -155.424    117.6   1005.5
     1     1    19     3    25     2     0     2   -10.0   21.237 -155.094    135.1   1002.9
     1     1    19     3    25     1     0     1   -11.0   21.186 -154.749    138.0   1003.3
     1     1    19     3    25     0     0     0   -12.0   21.143 -154.399    136.6   1004.0
     1     1    19     3    24    23     0     1   -13.0   21.111 -154.053    134.9   1004.6
     1     1    19     3    24    22     0     2   -14.0   21.097 -153.710    133.8   1005.1
     1     1    19     3    24    21     0     3   -15.0   21.101 -153.369    133.5   1005.5
     1     1    19     3    24    20     0     2   -16.0   21.121 -153.028    133.5   1005.6
     1     1    19     3    24    19     0     1   -17.0   21.155 -152.688    133.5   1005.7
     1     1    19     3    24    18     0     0   -18.0   21.202 -152.348    133.5   1005.9
     1     1    19     3    24    17     0     1   -19.0   21.262 -152.008    133.5   1005.6
     1     1    19     3    24    16     0     2   -20.0   21.338 -151.665    133.5   1005.4
     1     1    19     3    24    15     0     3   -21.0   21.429 -151.324    133.5   1005.1
     1     1    19     3    24    14     0     2   -22.0   21.535 -150.986    133.5   1004.8
     1     1    19     3    24    13     0     1   -23.0   21.656 -150.655    133.5   1004.6
     1     1    19     3    24    12     0     0   -24.0   21.788 -150.333    133.5   1004.3
     1     1    19     3    24    11     0     1   -25.0   21.926 -150.021    133.5   1004.9
     1     1    19     3    24    10     0     2   -26.0   22.064 -149.718    133.5   1005.6
     1     1    19     3    24     9     0     3   -27.0   22.202 -149.425    133.5   1006.1
     1     1    19     3    24     8     0     2   -28.0   22.342 -149.146    133.5   1006.0
     1     1    19     3    24     7     0     1   -29.0   22.485 -148.886    133.5   1005.9
     1     1    19     3    24     6     0     0   -30.0   22.627 -148.642    133.5   1005.9
     1     1    19     3    24     5     0     1   -31.0   22.763 -148.413    133.5   1005.7
     1     1    19     3    24     4     0     2   -32.0   22.888 -148.198    133.5   1005.4
     1     1    19     3    24     3     0     3   -33.0   23.006 -147.996    133.5   1005.1
     1     1    19     3    24     2     0     2   -34.0   23.118 -147.807    133.5   1005.2
     1     1    19     3    24     1     0     1   -35.0   23.224 -147.630    134.1   1005.2
     1     1    19     3    24     0     0     0   -36.0   23.323 -147.466    135.9   1005.1
     1     1    19     3    23    23     0     1   -37.0   23.407 -147.304    140.5   1005.3
     1     1    19     3    23    22     0     2   -38.0   23.470 -147.135    147.7   1004.7
     1     1    19     3    23    21     0     3   -39.0   23.511 -146.959    155.9   1004.0
     1     1    19     3    23    20     0     2   -40.0   23.534 -146.775    164.7   1002.9
     1     1    19     3    23    19     0     1   -41.0   23.543 -146.581    175.9   1001.6
     1     1    19     3    23    18     0     0   -42.0   23.537 -146.375    191.4    999.8
     1     1    19     3    23    17     0     1   -43.0   23.529 -146.157    210.4    997.0
     1     1    19     3    23    16     0     2   -44.0   23.533 -145.931    229.9    994.5
     1     1    19     3    23    15     0     3   -45.0   23.549 -145.697    247.4    992.1
     1     1    19     3    23    14     0     2   -46.0   23.576 -145.461    260.3    990.8
     1     1    19     3    23    13     0     1   -47.0   23.614 -145.227    268.0    989.9
     1     1    19     3    23    12     0     0   -48.0   23.662 -144.992    270.6    989.6
     1     1    19     3    23    11     0     1   -49.0   23.716 -144.755    270.6    990.3
     1     1    19     3    23    10     0     2   -50.0   23.774 -144.514    270.7    990.7
     1     1    19     3    23     9     0     3   -51.0   23.838 -144.268    270.7    991.0
     1     1    19     3    23     8     0     2   -52.0   23.905 -144.020    270.7    990.9
     1     1    19     3    23     7     0     1   -53.0   23.976 -143.775    270.6    990.8
     1     1    19     3    23     6     0     0   -54.0   24.050 -143.528    270.6    990.6
     1     1    19     3    23     5     0     1   -55.0   24.127 -143.286    270.7    990.3
     1     1    19     3    23     4     0     2   -56.0   24.204 -143.054    271.7    989.9
     1     1    19     3    23     3     0     3   -57.0   24.280 -142.835    274.0    989.3
     1     1    19     3    23     2     0     2   -58.0   24.351 -142.626    277.3    988.6
     1     1    19     3    23     1     0     1   -59.0   24.413 -142.425    281.3    988.0
     1     1    19     3    23     0     0     0   -60.0   24.466 -142.230    287.1    987.2
     1     1    19     3    22    23     0     1   -61.0   24.516 -142.040    295.5    986.9
     1     1    19     3    22    22     0     2   -62.0   24.567 -141.854    306.6    986.1
     1     1    19     3    22    21     0     3   -63.0   24.620 -141.671    320.1    985.2
     1     1    19     3    22    20     0     2   -64.0   24.672 -141.498    337.7    983.4
     1     1    19     3    22    19     0     1   -65.0   24.722 -141.337    362.1    980.8
     1     1    19     3    22    18     0     0   -66.0   24.773 -141.186    396.2    977.3
     1     1    19     3    22    17     0     1   -67.0   24.819 -141.044    434.3    972.0
     1     1    19     3    22    16     0     2   -68.0   24.860 -140.911    466.1    967.5
     1     1    19     3    22    15     0     3   -69.0   24.895 -140.791    487.9    964.3
     1     1    19     3    22    14     0     2   -70.0   24.929 -140.678    503.5    962.9
     1     1    19     3    22    13     0     1   -71.0   24.961 -140.567    518.7    960.9
     1     1    19     3    22    12     0     0   -72.0   24.990 -140.459    533.9    958.9
     1     1    19     3    22    11     0     1   -73.0   25.020 -140.354    552.2    957.6
     1     1    19     3    22    10     0     2   -74.0   25.057 -140.256    575.1    955.4
     1     1    19     3    22     9     0     3   -75.0   25.103 -140.167    600.0    953.1
     1     1    19     3    22     8     0     2   -76.0   25.155 -140.093    625.8    950.3
     1     1    19     3    22     7     0     1   -77.0   25.207 -140.039    652.8    947.3
     1     1    19     3    22     6     0     0   -78.0   25.260 -140.007    681.9    943.9
     1     1    19     3    22     5     0     1   -79.0   25.302 -139.992    708.8    939.8
     1     1    19     3    22     4     0     2   -80.0   25.323 -139.990    728.4    937.1
     1     1    19     3    22     3     0     3   -81.0   25.323 -139.998    740.8    935.2
     1     1    19     3    22     2     0     2   -82.0   25.296 -140.003    751.8    934.5
     1     1    19     3    22     1     0     1   -83.0   25.236 -139.991    768.0    932.5
     1     1    19     3    22     0     0     0   -84.0   25.144 -139.962    790.7    929.9
     1     1    19     3    21    23     0     1   -85.0   25.037 -139.910    818.3    927.3
     1     1    19     3    21    22     0     2   -86.0   24.934 -139.833    847.8    924.7
     1     1    19     3    21    21     0     3   -87.0   24.835 -139.732    878.7    922.1
     1     1    19     3    21    20     0     2   -88.0   24.743 -139.612    912.8    918.3
     1     1    19     3    21    19     0     1   -89.0   24.665 -139.479    951.5    913.9
     1     1    19     3    21    18     0     0   -90.0   24.600 -139.333    994.3    909.1
     1     1    19     3    21    17     0     1   -91.0   24.544 -139.180   1031.5    903.8
     1     1    19     3    21    16     0     2   -92.0   24.492 -139.027   1053.2    901.3
     1     1    19     3    21    15     0     3   -93.0   24.444 -138.874   1060.2    900.4
     1     1    19     3    21    14     0     2   -94.0   24.396 -138.716   1059.6    900.7
     1     1    19     3    21    13     0     1   -95.0   24.341 -138.544   1058.3    900.4
     1     1    19     3    21    12     0     0   -96.0   24.280 -138.359   1056.8    900.2
     1     1    19     3    21    11     0     1   -97.0   24.220 -138.164   1057.0    900.7
     1     1    19     3    21    10     0     2   -98.0   24.169 -137.962   1059.2    900.7
     1     1    19     3    21     9     0     3   -99.0   24.129 -137.756   1061.5    900.8
     1     1    19     3    21     8     0     2  -100.0   24.097 -137.546   1063.4    900.6
     1     1    19     3    21     7     0     1  -101.0   24.072 -137.334   1065.9    900.3
     1     1    19     3    21     6     0     0  -102.0   24.052 -137.121   1070.1    899.9
     1     1    19     3    21     5     0     1  -103.0   24.039 -136.914   1078.4    898.9
     1     1    19     3    21     4     0     2  -104.0   24.033 -136.719   1092.2    897.2
     1     1    19     3    21     3     0     3  -105.0   24.039 -136.537   1110.0    895.1
     1     1    19     3    21     2     0     2  -106.0   24.047 -136.366   1126.2    892.7
     1     1    19     3    21     1     0     1  -107.0   24.045 -136.200   1135.9    891.4
     1     1    19     3    21     0     0     0  -108.0   24.032 -136.039   1139.1    890.8
     1     1    19     3    20    23     0     1  -109.0   24.015 -135.873   1146.0    891.7
     1     1    19     3    20    22     0     2  -110.0   24.001 -135.692   1167.9    890.1
     1     1    19     3    20    21     0     3  -111.0   23.989 -135.503   1205.5    886.4
     1     1    19     3    20    20     0     2  -112.0   23.980 -135.315   1243.2    880.7
     1     1    19     3    20    19     0     1  -113.0   23.980 -135.126   1266.0    878.3
     1     1    19     3    20    18     0     0  -114.0   23.992 -134.930   1273.6    877.6
     1     1    19     3    20    17     0     1  -115.0   24.022 -134.733   1273.6    878.0
     1     1    19     3    20    16     0     2  -116.0   24.075 -134.546   1273.6    877.5
     1     1    19     3    20    15     0     3  -117.0   24.147 -134.369   1273.6    877.1
     1     1    19     3    20    14     0     2  -118.0   24.233 -134.205   1273.6    876.8
     1     1    19     3    20    13     0     1  -119.0   24.326 -134.055   1273.6    876.5
     1     1    19     3    20    12     0     0  -120.0   24.427 -133.922   1273.6    876.2
     1     1    19     3    20    11     0     1  -121.0   24.536 -133.806   1273.6    876.4
     1     1    19     3    20    10     0     2  -122.0   24.654 -133.711   1273.6    876.6
     1     1    19     3    20     9     0     3  -123.0   24.779 -133.636   1273.6    876.8
     1     1    19     3    20     8     0     2  -124.0   24.911 -133.578   1273.6    876.7
     1     1    19     3    20     7     0     1  -125.0   25.045 -133.537   1273.5    876.4
     1     1    19     3    20     6     0     0  -126.0   25.180 -133.514   1272.7    876.3
     1     1    19     3    20     5     0     1  -127.0   25.321 -133.513   1277.4    876.1
     1     1    19     3    20     4     0     2  -128.0   25.470 -133.535   1295.3    873.8
     1     1    19     3    20     3     0     3  -129.0   25.624 -133.580   1328.0    869.9
     1     1    19     3    20     2     0     2  -130.0   25.780 -133.646   1368.8    864.5
     1     1    19     3    20     1     0     1  -131.0   25.934 -133.732   1410.7    860.0
     1     1    19     3    20     0     0     0  -132.0   26.089 -133.836   1457.1    855.1
     1     1    19     3    19    23     0     1  -133.0   26.243 -133.958   1507.1    849.8
     1     1    19     3    19    22     0     2  -134.0   26.395 -134.099   1551.8    844.5
     1     1    19     3    19    21     0     3  -135.0   26.543 -134.260   1583.2    841.2
     1     1    19     3    19    20     0     2  -136.0   26.695 -134.439   1606.7    839.3
     1     1    19     3    19    19     0     1  -137.0   26.859 -134.637   1628.2    836.9
     1     1    19     3    19    18     0     0  -138.0   27.035 -134.853   1647.3    834.7
     1     1    19     3    19    17     0     1  -139.0   27.213 -135.086   1668.2    832.4
     1     1    19     3    19    16     0     2  -140.0   27.387 -135.336   1697.2    829.1
     1     1    19     3    19    15     0     3  -141.0   27.555 -135.601   1738.4    824.5
     1     1    19     3    19    14     0     2  -142.0   27.724 -135.886   1797.0    818.6
     1     1    19     3    19    13     0     1  -143.0   27.896 -136.197   1879.6    810.4
     1     1    19     3    19    12     0     0  -144.0   28.073 -136.538   1983.6    798.9
     1     1    19     3    19    11     0     1  -145.0   28.248 -136.914   2083.2    787.1
     1     1    19     3    19    10     0     2  -146.0   28.418 -137.314   2153.4    779.9
     1     1    19     3    19     9     0     3  -147.0   28.582 -137.729   2190.9    776.6
     1     1    19     3    19     8     0     2  -148.0   28.749 -138.155   2213.0    775.8
     1     1    19     3    19     7     0     1  -149.0   28.924 -138.591   2238.2    773.4
     1     1    19     3    19     6     0     0  -150.0   29.094 -139.030   2266.0    770.2
     1     1    19     3    19     5     0     1  -151.0   29.270 -139.478   2305.8    767.0
     1     1    19     3    19     4     0     2  -152.0   29.464 -139.941   2367.5    760.2
     1     1    19     3    19     3     0     3  -153.0   29.666 -140.416   2445.1    752.1
     1     1    19     3    19     2     0     2  -154.0   29.871 -140.898   2531.3    743.2
     1     1    19     3    19     1     0     1  -155.0   30.077 -141.383   2620.0    734.5
     1     1    19     3    19     0     0     0  -156.0   30.278 -141.859   2708.6    725.9
     1     1    19     3    18    23     0     1  -157.0   30.485 -142.337   2796.8    717.6
     1     1    19     3    18    22     0     2  -158.0   30.716 -142.822   2883.5    709.4
     1     1    19     3    18    21     0     3  -159.0   30.968 -143.294   2967.6    701.7
     1     1    19     3    18    20     0     2  -160.0   31.230 -143.763   3046.5    693.7
     1     1    19     3    18    19     0     1  -161.0   31.510 -144.234   3118.7    687.0
     1     1    19     3    18    18     0     0  -162.0   31.813 -144.686   3191.2    680.6
     1     1    19     3    18    17     0     1  -163.0   32.123 -145.132   3276.1    673.0
     1     1    19     3    18    16     0     2  -164.0   32.444 -145.602   3377.0    663.0
     1     1    19     3    18    15     0     3  -165.0   32.795 -146.079   3488.4    652.7
     1     1    19     3    18    14     0     2  -166.0   33.153 -146.556   3605.2    641.7
     1     1    19     3    18    13     0     1  -167.0   33.498 -147.035   3726.7    631.4
     1     1    19     3    18    12     0     0  -168.0   33.845 -147.511   3851.2    620.0
     1     1    19     3    18    11     0     1  -169.0   34.184 -147.989   3959.1    609.8
     1     1    19     3    18    10     0     2  -170.0   34.514 -148.459   4048.2    603.2
     1     1    19     3    18     9     0     3  -171.0   34.844 -148.898   4141.3    596.2
     1     1    19     3    18     8     0     2  -172.0   35.176 -149.321   4239.0    587.1
     1     1    19     3    18     7     0     1  -173.0   35.507 -149.748   4337.0    579.3
     1     1    19     3    18     6     0     0  -174.0   35.839 -150.152   4449.2    570.6
     1     1    19     3    18     5     0     1  -175.0   36.170 -150.551   4560.3    559.5
     1     1    19     3    18     4     0     2  -176.0   36.498 -150.973   4652.9    552.3
     1     1    19     3    18     3     0     3  -177.0   36.817 -151.396   4738.9    545.3
     1     1    19     3    18     2     0     2  -178.0   37.125 -151.819   4812.3    538.5
     1     1    19     3    18     1     0     1  -179.0   37.433 -152.260   4858.9    534.1
     1     1    19     3    18     0     0     0  -180.0   37.734 -152.710   4874.6    532.4
     1     1    19     3    17    23     0     1  -181.0   38.026 -153.144   4883.7    533.1
     1     1    19     3    17    22     0     2  -182.0   38.326 -153.567   4911.0    530.8
     1     1    19     3    17    21     0     3  -183.0   38.627 -153.970   4950.1    526.9
     1     1    19     3    17    20     0     2  -184.0   38.919 -154.352   4990.6    523.2
     1     1    19     3    17    19     0     1  -185.0   39.218 -154.742   5029.9    519.8
     1     1    19     3    17    18     0     0  -186.0   39.523 -155.137   5061.9    516.4
     1     1    19     3    17    17     0     1  -187.0   39.826 -155.526   5089.2    514.8
     1     1    19     3    17    16     0     2  -188.0   40.114 -155.908   5119.4    512.2
     1     1    19     3    17    15     0     3  -189.0   40.391 -156.298   5149.2    509.6
     1     1    19     3    17    14     0     2  -190.0   40.669 -156.696   5172.3    507.4
     1     1    19     3    17    13     0     1  -191.0   40.938 -157.079   5184.9    506.1
     1     1    19     3    17    12     0     0  -192.0   41.203 -157.456   5192.5    505.6
     1     1    19     3    17    11     0     1  -193.0   41.480 -157.830   5205.1    504.7
     1     1    19     3    17    10     0     2  -194.0   41.761 -158.183   5223.3    503.0
     1     1    19     3    17     9     0     3  -195.0   42.053 -158.516   5243.6    501.2
     1     1    19     3    17     8     0     2  -196.0   42.357 -158.839   5263.4    499.2
     1     1    19     3    17     7     0     1  -197.0   42.660 -159.152   5282.1    497.6
     1     1    19     3    17     6     0     0  -198.0   42.969 -159.456   5303.6    495.9
     1     1    19     3    17     5     0     1  -199.0   43.279 -159.752   5332.9    493.7
     1     1    19     3    17     4     0     2  -200.0   43.555 -160.034   5366.9    490.6
     1     1    19     3    17     3     0     3  -201.0   43.796 -160.302   5399.2    487.9
     1     1    19     3    17     2     0     2  -202.0   44.033 -160.569   5432.1    485.5
     1     1    19     3    17     1     0     1  -203.0   44.266 -160.850   5470.8    482.7
     1     1    19     3    17     0     0     0  -204.0   44.470 -161.146   5519.2    479.2
     1     1    19     3    16    23     0     1  -205.0   44.669 -161.444   5576.4    475.1
     1     1    19     3    16    22     0     2  -206.0   44.866 -161.732   5641.3    470.8
     1     1    19     3    16    21     0     3  -207.0   45.020 -162.022   5717.6    465.6
     1     1    19     3    16    20     0     2  -208.0   45.160 -162.321   5800.3    459.5
     1     1    19     3    16    19     0     1  -209.0   45.323 -162.631   5889.3    453.9
     1     1    19     3    16    18     0     0  -210.0   45.501 -162.957   5997.9    446.6
     1     1    19     3    16    17     0     1  -211.0   45.689 -163.297   6117.1    438.1
     1     1    19     3    16    16     0     2  -212.0   45.874 -163.669   6246.2    430.6
     1     1    19     3    16    15     0     3  -213.0   46.062 -164.088   6390.1    421.2
     1     1    19     3    16    14     0     2  -214.0   46.274 -164.512   6526.3    412.0
     1     1    19     3    16    13     0     1  -215.0   46.520 -164.902   6639.1    405.1
     1     1    19     3    16    12     0     0  -216.0   46.809 -165.250   6723.3    399.8
     1     1    19     3    16    11     0     1  -217.0   47.132 -165.567   6784.3    397.0
     1     1    19     3    16    10     0     2  -218.0   47.479 -165.863   6841.4    394.2
     1     1    19     3    16     9     0     3  -219.0   47.875 -166.152   6895.2    390.7
     1     1    19     3    16     8     0     2  -220.0   48.312 -166.445   6948.8    388.1
     1     1    19     3    16     7     0     1  -221.0   48.761 -166.759   7006.2    384.3
     1     1    19     3    16     6     0     0  -222.0   49.215 -167.122   7054.9    381.3
     1     1    19     3    16     5     0     1  -223.0   49.643 -167.517   7082.0    379.5
     1     1    19     3    16     4     0     2  -224.0   50.047 -167.942   7099.2    379.6
     1     1    19     3    16     3     0     3  -225.0   50.431 -168.423   7130.3    378.5
     1     1    19     3    16     2     0     2  -226.0   50.779 -168.938   7164.2    375.6
     1     1    19     3    16     1     0     1  -227.0   51.097 -169.467   7181.5    374.7
     1     1    19     3    16     0     0     0  -228.0   51.380 -170.014   7187.7    374.8
     1     1    19     3    15    23     0     1  -229.0   51.638 -170.587   7197.0    374.8
     1     1    19     3    15    22     0     2  -230.0   51.882 -171.210   7210.6    373.7
     1     1    19     3    15    21     0     3  -231.0   52.105 -171.909   7233.1    373.0
     1     1    19     3    15    20     0     2  -232.0   52.291 -172.663   7271.9    370.5
     1     1    19     3    15    19     0     1  -233.0   52.430 -173.456   7319.8    367.2
     1     1    19     3    15    18     0     0  -234.0   52.514 -174.281   7345.0    365.4
     1     1    19     3    15    17     0     1  -235.0   52.547 -175.121   7345.7    364.8
     1     1    19     3    15    16     0     2  -236.0   52.531 -175.960   7305.1    366.7
     1     1    19     3    15    15     0     3  -237.0   52.460 -176.788   7204.3    372.5
     1     1    19     3    15    14     0     2  -238.0   52.340 -177.612   7110.8    377.5
     1     1    19     3    15    13     0     1  -239.0   52.176 -178.455   7092.4    378.4
     1     1    19     3    15    12     0     0  -240.0   51.964 -179.295   7103.1    378.7
