     7     1
    GDAS    19     6     1     0     0
    GDAS    19     7     1     0     0
    GDAS    19     8     1     0     0
    GDAS    19     9     1     0     0
    GDAS    19    10     1     0     0
    GDAS    19    11     1     0     0
    GDAS    19    12     1     0     0
     1 BACKWARD OMEGA   
    19    11    13    12   21.319 -157.670    10.0
     1 PRESSURE
     1     1    19    11    13    12     0     0     0.0   21.319 -157.670     10.0   1010.1
     1     1    19    11    13    11     0     1    -1.0   21.374 -157.550     28.7   1008.8
     1     1    19    11    13    10     0     2    -2.0   21.425 -157.416     74.9   1004.6
     1     1    19    11    13     9     0     3    -3.0   21.472 -157.264    141.8    996.8
     1     1    19    11    13     8     0     2    -4.0   21.524 -157.110    224.6    987.0
     1     1    19    11    13     7     0     1    -5.0   21.588 -156.964    326.1    975.6
     1     1    19    11    13     6     0     0    -6.0   21.666 -156.828    437.9    963.6
     1     1    19    11    13     5     0     1    -7.0   21.745 -156.703    529.9    951.3
     1     1    19    11    13     4     0     2    -8.0   21.814 -156.590    583.4    946.0
     1     1    19    11    13     3     0     3    -9.0   21.879 -156.486    601.4    944.5
     1     1    19    11    13     2     0     2   -10.0   21.936 -156.384    609.0    946.0
     1     1    19    11    13     1     0     1   -11.0   21.976 -156.277    636.4    943.9
     1     1    19    11    13     0     0     0   -12.0   21.993 -156.166    704.5    937.2
     1     1    19    11    12    23     0     1   -13.0   21.995 -156.057    787.1    924.7
     1     1    19    11    12    22     0     2   -14.0   21.997 -155.947    825.6    920.6
     1     1    19    11    12    21     0     3   -15.0   22.004 -155.831    812.0    923.2
     1     1    19    11    12    20     0     2   -16.0   22.022 -155.714    791.4    929.3
     1     1    19    11    12    19     0     1   -17.0   22.055 -155.603    796.5    927.8
     1     1    19    11    12    18     0     0   -18.0   22.102 -155.501    814.9    925.0
     1     1    19    11    12    17     0     1   -19.0   22.153 -155.404    831.2    922.2
     1     1    19    11    12    16     0     2   -20.0   22.204 -155.309    833.5    921.8
     1     1    19    11    12    15     0     3   -21.0   22.255 -155.211    820.4    923.0
     1     1    19    11    12    14     0     2   -22.0   22.303 -155.106    800.7    925.8
     1     1    19    11    12    13     0     1   -23.0   22.348 -154.991    782.7    927.4
     1     1    19    11    12    12     0     0   -24.0   22.390 -154.865    764.5    929.1
     1     1    19    11    12    11     0     1   -25.0   22.433 -154.730    741.2    931.8
     1     1    19    11    12    10     0     2   -26.0   22.480 -154.588    706.3    936.0
     1     1    19    11    12     9     0     3   -27.0   22.528 -154.439    654.9    942.2
     1     1    19    11    12     8     0     2   -28.0   22.582 -154.288    602.4    949.5
     1     1    19    11    12     7     0     1   -29.0   22.645 -154.138    569.6    953.1
     1     1    19    11    12     6     0     0   -30.0   22.718 -153.991    566.3    953.7
     1     1    19    11    12     5     0     1   -31.0   22.802 -153.853    575.8    950.0
     1     1    19    11    12     4     0     2   -32.0   22.898 -153.730    577.3    949.8
     1     1    19    11    12     3     0     3   -33.0   23.009 -153.619    576.9    950.0
     1     1    19    11    12     2     0     2   -34.0   23.134 -153.518    581.7    949.5
     1     1    19    11    12     1     0     1   -35.0   23.267 -153.420    587.7    947.8
     1     1    19    11    12     0     0     0   -36.0   23.407 -153.320    580.5    947.6
     1     1    19    11    11    23     0     1   -37.0   23.548 -153.215    559.2    951.3
     1     1    19    11    11    22     0     2   -38.0   23.685 -153.106    536.2    955.3
     1     1    19    11    11    21     0     3   -39.0   23.822 -152.989    522.6    958.2
     1     1    19    11    11    20     0     2   -40.0   23.963 -152.875    504.5    958.0
     1     1    19    11    11    19     0     1   -41.0   24.112 -152.784    463.5    962.6
     1     1    19    11    11    18     0     0   -42.0   24.269 -152.722    408.9    969.7
     1     1    19    11    11    17     0     1   -43.0   24.430 -152.673    366.1    975.8
     1     1    19    11    11    16     0     2   -44.0   24.589 -152.624    343.6    977.2
     1     1    19    11    11    15     0     3   -45.0   24.750 -152.571    331.2    977.7
     1     1    19    11    11    14     0     2   -46.0   24.918 -152.503    329.5    978.3
     1     1    19    11    11    13     0     1   -47.0   25.091 -152.422    343.9    976.5
     1     1    19    11    11    12     0     0   -48.0   25.255 -152.349    371.6    972.8
     1     1    19    11    11    11     0     1   -49.0   25.411 -152.301    394.9    969.2
     1     1    19    11    11    10     0     2   -50.0   25.579 -152.264    398.8    969.4
     1     1    19    11    11     9     0     3   -51.0   25.779 -152.202    390.0    971.2
     1     1    19    11    11     8     0     2   -52.0   25.997 -152.115    373.0    972.4
     1     1    19    11    11     7     0     1   -53.0   26.192 -152.062    350.2    975.4
     1     1    19    11    11     6     0     0   -54.0   26.375 -152.048    337.8    977.8
     1     1    19    11    11     5     0     1   -55.0   26.567 -152.019    353.6    976.2
     1     1    19    11    11     4     0     2   -56.0   26.768 -151.949    395.1    970.3
     1     1    19    11    11     3     0     3   -57.0   26.970 -151.849    425.6    964.3
     1     1    19    11    11     2     0     2   -58.0   27.150 -151.751    416.2    964.4
     1     1    19    11    11     1     0     1   -59.0   27.294 -151.670    379.8    970.0
     1     1    19    11    11     0     0     0   -60.0   27.413 -151.599    338.4    975.0
     1     1    19    11    10    23     0     1   -61.0   27.526 -151.521    306.1    980.6
     1     1    19    11    10    22     0     2   -62.0   27.644 -151.425    286.2    983.2
     1     1    19    11    10    21     0     3   -63.0   27.766 -151.313    272.4    985.5
     1     1    19    11    10    20     0     2   -64.0   27.900 -151.198    269.3    986.4
     1     1    19    11    10    19     0     1   -65.0   28.061 -151.092    285.7    984.7
     1     1    19    11    10    18     0     0   -66.0   28.237 -151.012    326.0    979.8
     1     1    19    11    10    17     0     1   -67.0   28.412 -150.966    370.8    971.9
     1     1    19    11    10    16     0     2   -68.0   28.584 -150.945    397.8    968.7
     1     1    19    11    10    15     0     3   -69.0   28.754 -150.941    408.5    967.3
     1     1    19    11    10    14     0     2   -70.0   28.923 -150.959    411.1    967.3
     1     1    19    11    10    13     0     1   -71.0   29.088 -151.005    412.7    966.8
     1     1    19    11    10    12     0     0   -72.0   29.252 -151.085    416.9    966.2
     1     1    19    11    10    11     0     1   -73.0   29.411 -151.205    429.7    965.5
     1     1    19    11    10    10     0     2   -74.0   29.558 -151.358    450.2    962.8
     1     1    19    11    10     9     0     3   -75.0   29.698 -151.543    469.0    960.2
     1     1    19    11    10     8     0     2   -76.0   29.838 -151.759    483.7    958.1
     1     1    19    11    10     7     0     1   -77.0   29.985 -152.004    496.6    955.9
     1     1    19    11    10     6     0     0   -78.0   30.134 -152.272    510.6    953.8
     1     1    19    11    10     5     0     1   -79.0   30.274 -152.554    531.9    951.3
     1     1    19    11    10     4     0     2   -80.0   30.406 -152.855    558.9    947.2
     1     1    19    11    10     3     0     3   -81.0   30.535 -153.175    590.8    943.7
     1     1    19    11    10     2     0     2   -82.0   30.661 -153.527    633.6    938.5
     1     1    19    11    10     1     0     1   -83.0   30.783 -153.918    692.4    931.5
     1     1    19    11    10     0     0     0   -84.0   30.905 -154.343    749.5    922.0
     1     1    19    11     9    23     0     1   -85.0   31.020 -154.792    776.7    919.0
     1     1    19    11     9    22     0     2   -86.0   31.136 -155.253    784.5    919.6
     1     1    19    11     9    21     0     3   -87.0   31.276 -155.719    785.0    919.5
     1     1    19    11     9    20     0     2   -88.0   31.426 -156.193    785.6    919.8
     1     1    19    11     9    19     0     1   -89.0   31.564 -156.680    795.9    918.2
     1     1    19    11     9    18     0     0   -90.0   31.711 -157.192    810.1    915.6
     1     1    19    11     9    17     0     1   -91.0   31.877 -157.699    824.8    913.8
     1     1    19    11     9    16     0     2   -92.0   32.053 -158.164    812.1    911.7
     1     1    19    11     9    15     0     3   -93.0   32.244 -158.598    771.8    918.3
     1     1    19    11     9    14     0     2   -94.0   32.444 -159.033    778.4    922.1
     1     1    19    11     9    13     0     1   -95.0   32.640 -159.468    856.1    910.8
     1     1    19    11     9    12     0     0   -96.0   32.829 -159.897    945.3    896.4
     1     1    19    11     9    11     0     1   -97.0   33.028 -160.328   1018.0    890.1
     1     1    19    11     9    10     0     2   -98.0   33.241 -160.769   1156.0    883.2
     1     1    19    11     9     9     0     3   -99.0   33.457 -161.227   1360.0    854.7
     1     1    19    11     9     8     0     2  -100.0   33.664 -161.708   1533.2    833.2
     1     1    19    11     9     7     0     1  -101.0   33.866 -162.248   1776.0    820.5
     1     1    19    11     9     6     0     0  -102.0   34.046 -162.907   1985.8    783.2
     1     1    19    11     9     5     0     1  -103.0   34.252 -163.553   1974.7    775.1
     1     1    19    11     9     4     0     2  -104.0   34.500 -164.101   1659.8    807.6
     1     1    19    11     9     3     0     3  -105.0   34.793 -164.582   1341.7    870.1
     1     1    19    11     9     2     0     2  -106.0   35.073 -165.052   1089.8    875.7
     1     1    19    11     9     1     0     1  -107.0   35.317 -165.523    850.1    915.9
     1     1    19    11     9     0     0     0  -108.0   35.591 -165.990    828.6    927.6
     1     1    19    11     8    23     0     1  -109.0   35.875 -166.470    866.8    892.6
     1     1    19    11     8    22     0     2  -110.0   36.152 -166.933    865.6    915.3
     1     1    19    11     8    21     0     3  -111.0   36.448 -167.395    990.7    899.8
     1     1    19    11     8    20     0     2  -112.0   36.755 -167.888   1164.9    874.5
     1     1    19    11     8    19     0     1  -113.0   37.083 -168.436   1359.3    855.4
     1     1    19    11     8    18     0     0  -114.0   37.413 -169.057   1418.3    833.2
     1     1    19    11     8    17     0     1  -115.0   37.740 -169.699   1393.3    854.3
     1     1    19    11     8    16     0     2  -116.0   38.044 -170.399   1450.6    848.4
     1     1    19    11     8    15     0     3  -117.0   38.355 -171.128   1559.2    835.2
     1     1    19    11     8    14     0     2  -118.0   38.665 -171.858   1598.2    820.3
     1     1    19    11     8    13     0     1  -119.0   38.974 -172.574   1616.9    835.6
     1     1    19    11     8    12     0     0  -120.0   39.278 -173.300   1677.1    818.4
     1     1    19    11     8    11     0     1  -121.0   39.581 -174.014   1659.1    819.9
     1     1    19    11     8    10     0     2  -122.0   39.890 -174.692   1590.4    831.9
     1     1    19    11     8     9     0     3  -123.0   40.203 -175.316   1526.5    841.0
     1     1    19    11     8     8     0     2  -124.0   40.510 -175.925   1505.3    845.9
     1     1    19    11     8     7     0     1  -125.0   40.818 -176.553   1498.8    840.9
     1     1    19    11     8     6     0     0  -126.0   41.123 -177.163   1472.9    846.4
     1     1    19    11     8     5     0     1  -127.0   41.425 -177.784   1474.8    848.7
     1     1    19    11     8     4     0     2  -128.0   41.729 -178.447   1501.7    843.0
     1     1    19    11     8     3     0     3  -129.0   42.032 -179.137   1530.6    841.0
     1     1    19    11     8     2     0     2  -130.0   42.327 -179.840   1558.9    837.3
     1     1    19    11     8     1     0     1  -131.0   42.620  179.457   1577.1    835.7
     1     1    19    11     8     0     0     0  -132.0   42.920  178.758   1596.6    835.4
     1     1    19    11     7    23     0     1  -133.0   43.227  178.063   1629.0    832.2
     1     1    19    11     7    22     0     2  -134.0   43.530  177.368   1660.7    828.2
     1     1    19    11     7    21     0     3  -135.0   43.824  176.672   1686.3    826.6
     1     1    19    11     7    20     0     2  -136.0   44.120  175.965   1703.7    823.6
     1     1    19    11     7    19     0     1  -137.0   44.424  175.250   1730.1    823.2
     1     1    19    11     7    18     0     0  -138.0   44.738  174.520   1775.7    816.5
     1     1    19    11     7    17     0     1  -139.0   45.048  173.762   1836.5    811.6
     1     1    19    11     7    16     0     2  -140.0   45.327  172.958   1910.1    802.0
     1     1    19    11     7    15     0     3  -141.0   45.575  172.104   1974.2    795.5
     1     1    19    11     7    14     0     2  -142.0   45.805  171.231   2041.7    788.5
     1     1    19    11     7    13     0     1  -143.0   46.019  170.357   2108.5    781.7
     1     1    19    11     7    12     0     0  -144.0   46.207  169.474   2174.8    774.5
     1     1    19    11     7    11     0     1  -145.0   46.384  168.579   2223.0    770.2
     1     1    19    11     7    10     0     2  -146.0   46.545  167.678   2283.7    763.5
     1     1    19    11     7     9     0     3  -147.0   46.684  166.775   2347.8    757.0
     1     1    19    11     7     8     0     2  -148.0   46.804  165.870   2414.2    749.2
     1     1    19    11     7     7     0     1  -149.0   46.914  164.967   2448.5    744.9
     1     1    19    11     7     6     0     0  -150.0   47.013  164.083   2455.0    744.3
     1     1    19    11     7     5     0     1  -151.0   47.099  163.208   2492.4    740.2
     1     1    19    11     7     4     0     2  -152.0   47.167  162.317   2584.8    730.3
     1     1    19    11     7     3     0     3  -153.0   47.223  161.406   2699.4    717.1
     1     1    19    11     7     2     0     2  -154.0   47.269  160.513   2765.2    711.8
     1     1    19    11     7     1     0     1  -155.0   47.300  159.651   2844.4    703.7
     1     1    19    11     7     0     0     0  -156.0   47.321  158.805   2929.2    695.4
     1     1    19    11     6    23     0     1  -157.0   47.352  157.965   3026.6    685.6
     1     1    19    11     6    22     0     2  -158.0   47.402  157.113   3116.7    676.6
     1     1    19    11     6    21     0     3  -159.0   47.458  156.252   3188.0    669.2
     1     1    19    11     6    20     0     2  -160.0   47.512  155.398   3236.4    664.6
     1     1    19    11     6    19     0     1  -161.0   47.572  154.537   3299.5    658.2
     1     1    19    11     6    18     0     0  -162.0   47.633  153.662   3370.1    651.6
     1     1    19    11     6    17     0     1  -163.0   47.688  152.787   3450.4    643.6
     1     1    19    11     6    16     0     2  -164.0   47.742  151.908   3503.5    638.0
     1     1    19    11     6    15     0     3  -165.0   47.806  151.024   3503.8    637.3
     1     1    19    11     6    14     0     2  -166.0   47.868  150.171   3509.4    638.2
     1     1    19    11     6    13     0     1  -167.0   47.930  149.352   3561.1    632.6
     1     1    19    11     6    12     0     0  -168.0   47.994  148.556   3611.5    628.7
     1     1    19    11     6    11     0     1  -169.0   48.060  147.780   3674.4    622.4
     1     1    19    11     6    10     0     2  -170.0   48.132  147.033   3714.9    618.7
     1     1    19    11     6     9     0     3  -171.0   48.224  146.309   3727.8    616.6
     1     1    19    11     6     8     0     2  -172.0   48.330  145.628   3737.7    617.5
     1     1    19    11     6     7     0     1  -173.0   48.441  144.992   3759.5    614.9
     1     1    19    11     6     6     0     0  -174.0   48.560  144.382   3764.8    612.4
     1     1    19    11     6     5     0     1  -175.0   48.684  143.831   3752.6    615.2
     1     1    19    11     6     4     0     2  -176.0   48.814  143.342   3757.1    615.6
     1     1    19    11     6     3     0     3  -177.0   48.954  142.880   3791.3    612.7
     1     1    19    11     6     2     0     2  -178.0   49.103  142.440   3843.9    607.1
     1     1    19    11     6     1     0     1  -179.0   49.262  142.036   3897.3    602.2
     1     1    19    11     6     0     0     0  -180.0   49.430  141.672   3917.5    599.1
     1     1    19    11     5    23     0     1  -181.0   49.596  141.348   3905.8    601.6
     1     1    19    11     5    22     0     2  -182.0   49.753  141.060   3883.6    603.9
     1     1    19    11     5    21     0     3  -183.0   49.908  140.807   3849.0    601.2
     1     1    19    11     5    20     0     2  -184.0   50.062  140.594   3811.9    596.5
     1     1    19    11     5    19     0     1  -185.0   50.213  140.421   3772.1    593.3
     1     1    19    11     5    18     0     0  -186.0   50.366  140.286   3729.4    591.0
     1     1    19    11     5    17     0     1  -187.0   50.519  140.181   3685.2    589.9
     1     1    19    11     5    16     0     2  -188.0   50.667  140.098   3643.8    589.1
     1     1    19    11     5    15     0     3  -189.0   50.807  140.034   3607.8    588.3
     1     1    19    11     5    14     0     2  -190.0   50.941  139.982   3572.5    587.9
     1     1    19    11     5    13     0     1  -191.0   51.077  139.939   3539.1    592.6
     1     1    19    11     5    12     0     0  -192.0   51.217  139.903   3503.3    601.0
     1     1    19    11     5    11     0     1  -193.0   51.350  139.859   3471.9    609.8
     1     1    19    11     5    10     0     2  -194.0   51.467  139.791   3454.9    614.6
     1     1    19    11     5     9     0     3  -195.0   51.569  139.705   3446.4    617.4
     1     1    19    11     5     8     0     2  -196.0   51.656  139.612   3433.9    618.7
     1     1    19    11     5     7     0     1  -197.0   51.728  139.521   3412.5    621.3
     1     1    19    11     5     6     0     0  -198.0   51.781  139.428   3392.2    622.9
     1     1    19    11     5     5     0     1  -199.0   51.830  139.346   3372.3    623.5
     1     1    19    11     5     4     0     2  -200.0   51.883  139.287   3344.0    625.9
     1     1    19    11     5     3     0     3  -201.0   51.934  139.249   3299.0    630.2
     1     1    19    11     5     2     0     2  -202.0   51.988  139.241   3252.0    637.9
     1     1    19    11     5     1     0     1  -203.0   52.056  139.268   3224.5    643.2
     1     1    19    11     5     0     0     0  -204.0   52.140  139.331   3217.3    647.6
     1     1    19    11     4    23     0     1  -205.0   52.259  139.428   3233.9    651.2
     1     1    19    11     4    22     0     2  -206.0   52.428  139.563   3273.4    652.4
     1     1    19    11     4    21     0     3  -207.0   52.630  139.766   3331.8    651.7
     1     1    19    11     4    20     0     2  -208.0   52.862  140.031   3398.7    646.2
     1     1    19    11     4    19     0     1  -209.0   53.141  140.306   3453.6    638.1
     1     1    19    11     4    18     0     0  -210.0   53.444  140.597   3514.6    634.2
     1     1    19    11     4    17     0     1  -211.0   53.759  140.925   3569.7    632.8
     1     1    19    11     4    16     0     2  -212.0   54.110  141.287   3600.5    635.9
     1     1    19    11     4    15     0     3  -213.0   54.471  141.728   3628.3    633.1
     1     1    19    11     4    14     0     2  -214.0   54.816  142.272   3665.3    631.3
     1     1    19    11     4    13     0     1  -215.0   55.178  142.851   3730.9    625.5
     1     1    19    11     4    12     0     0  -216.0   55.529  143.496   3820.7    617.6
     1     1    19    11     4    11     0     1  -217.0   55.865  144.251   3932.2    608.1
     1     1    19    11     4    10     0     2  -218.0   56.181  145.054   4036.8    597.8
     1     1    19    11     4     9     0     3  -219.0   56.419  145.890   4080.9    594.9
     1     1    19    11     4     8     0     2  -220.0   56.622  146.847   4096.6    592.3
     1     1    19    11     4     7     0     1  -221.0   56.846  147.894   4098.5    593.9
     1     1    19    11     4     6     0     0  -222.0   57.089  148.943   4200.8    585.6
     1     1    19    11     4     5     0     1  -223.0   57.298  149.953   4279.8    576.8
     1     1    19    11     4     4     0     2  -224.0   57.474  150.984   4242.0    579.5
     1     1    19    11     4     3     0     3  -225.0   57.617  152.064   4144.9    588.8
     1     1    19    11     4     2     0     2  -226.0   57.715  153.187   4128.8    591.0
     1     1    19    11     4     1     0     1  -227.0   57.732  154.329   4197.3    585.2
     1     1    19    11     4     0     0     0  -228.0   57.667  155.457   4202.0    584.8
     1     1    19    11     3    23     0     1  -229.0   57.592  156.563   4156.5    587.2
     1     1    19    11     3    22     0     2  -230.0   57.470  157.541   4015.6    589.1
     1     1    19    11     3    21     0     3  -231.0   57.323  158.343   3579.6    608.4
     1     1    19    11     3    20     0     2  -232.0   57.118  158.967   2741.4    680.9
     1     1    19    11     3    19     0     1  -233.0   56.784  159.777   2596.3    734.0
     1     1    19    11     3    18     0     0  -234.0   56.350  160.697   3038.5    640.5
     1     1    19    11     3    17     0     1  -235.0   55.929  161.496   2667.2    697.3
     1     1    19    11     3    16     0     2  -236.0   55.559  162.174   2468.1    731.9
     1     1    19    11     3    15     0     3  -237.0   55.224  162.694   2319.4    748.9
     1     1    19    11     3    14     0     2  -238.0   54.939  163.062   2145.1    773.4
     1     1    19    11     3    13     0     1  -239.0   54.662  163.323   2012.0    794.7
     1     1    19    11     3    12     0     0  -240.0   54.380  163.457   2000.8    795.9
