     7     1
    GDAS    18    12     1     0     0
    GDAS    19     1     1     0     0
    GDAS    19     2     1     0     0
    GDAS    19     3     1     0     0
    GDAS    19     4     1     0     0
    GDAS    19     5     1     0     0
    GDAS    19     6     1     0     0
     1 BACKWARD OMEGA   
    19     2     3     6   21.319 -157.670    10.0
     1 PRESSURE
     1     1    19     2     3     6     0     0     0.0   21.319 -157.670     10.0   1011.4
     1     1    19     2     3     5     0     1    -1.0   21.442 -157.463     11.6   1010.3
     1     1    19     2     3     4     0     2    -2.0   21.546 -157.233     15.2   1009.1
     1     1    19     2     3     3     0     3    -3.0   21.630 -156.977     23.2   1008.0
     1     1    19     2     3     2     0     2    -4.0   21.709 -156.704     32.7   1008.0
     1     1    19     2     3     1     0     1    -5.0   21.797 -156.424     35.9   1008.7
     1     1    19     2     3     0     0     0    -6.0   21.897 -156.126     34.0   1009.6
     1     1    19     2     2    23     0     1    -7.0   22.009 -155.808     32.2   1011.0
     1     1    19     2     2    22     0     2    -8.0   22.134 -155.486     31.0   1012.0
     1     1    19     2     2    21     0     3    -9.0   22.266 -155.171     28.2   1013.4
     1     1    19     2     2    20     0     2   -10.0   22.405 -154.860     25.5   1013.2
     1     1    19     2     2    19     0     1   -11.0   22.547 -154.551     24.0   1013.1
     1     1    19     2     2    18     0     0   -12.0   22.688 -154.250     23.5   1013.0
     1     1    19     2     2    17     0     1   -13.0   22.817 -153.951     23.0   1012.5
     1     1    19     2     2    16     0     2   -14.0   22.931 -153.638     22.5   1011.8
     1     1    19     2     2    15     0     3   -15.0   23.035 -153.298     22.4   1010.8
     1     1    19     2     2    14     0     2   -16.0   23.143 -152.935     22.7   1011.1
     1     1    19     2     2    13     0     1   -17.0   23.268 -152.562     23.8   1011.4
     1     1    19     2     2    12     0     0   -18.0   23.412 -152.191     26.0   1011.7
     1     1    19     2     2    11     0     1   -19.0   23.566 -151.827     29.6   1011.9
     1     1    19     2     2    10     0     2   -20.0   23.720 -151.471     33.4   1012.1
     1     1    19     2     2     9     0     3   -21.0   23.872 -151.121     35.7   1012.4
     1     1    19     2     2     8     0     2   -22.0   24.026 -150.772     36.2   1012.8
     1     1    19     2     2     7     0     1   -23.0   24.185 -150.414     36.2   1012.9
     1     1    19     2     2     6     0     0   -24.0   24.353 -150.045     36.2   1012.9
     1     1    19     2     2     5     0     1   -25.0   24.536 -149.675     36.2   1012.4
     1     1    19     2     2     4     0     2   -26.0   24.742 -149.314     36.2   1012.3
     1     1    19     2     2     3     0     3   -27.0   24.972 -148.969     36.2   1012.6
     1     1    19     2     2     2     0     2   -28.0   25.213 -148.641     36.2   1012.0
     1     1    19     2     2     1     0     1   -29.0   25.448 -148.330     36.2   1011.8
     1     1    19     2     2     0     0     0   -30.0   25.671 -148.035     36.2   1012.1
     1     1    19     2     1    23     0     1   -31.0   25.882 -147.747     37.3   1012.9
     1     1    19     2     1    22     0     2   -32.0   26.089 -147.456     40.9   1013.0
     1     1    19     2     1    21     0     3   -33.0   26.295 -147.159     46.8   1012.5
     1     1    19     2     1    20     0     2   -34.0   26.512 -146.857     52.6   1011.9
     1     1    19     2     1    19     0     1   -35.0   26.748 -146.550     56.0   1011.4
     1     1    19     2     1    18     0     0   -36.0   26.999 -146.236     57.0   1011.4
     1     1    19     2     1    17     0     1   -37.0   27.272 -145.921     57.0   1011.5
     1     1    19     2     1    16     0     2   -38.0   27.574 -145.615     57.0   1011.2
     1     1    19     2     1    15     0     3   -39.0   27.901 -145.319     57.0   1011.3
     1     1    19     2     1    14     0     2   -40.0   28.252 -145.039     57.0   1011.0
     1     1    19     2     1    13     0     1   -41.0   28.626 -144.780     57.0   1010.8
     1     1    19     2     1    12     0     0   -42.0   29.026 -144.538     57.0   1010.7
     1     1    19     2     1    11     0     1   -43.0   29.438 -144.319     57.0   1010.5
     1     1    19     2     1    10     0     2   -44.0   29.854 -144.132     57.0   1010.4
     1     1    19     2     1     9     0     3   -45.0   30.269 -143.984     57.0   1010.2
     1     1    19     2     1     8     0     2   -46.0   30.678 -143.863     57.0   1011.1
     1     1    19     2     1     7     0     1   -47.0   31.078 -143.762     57.0   1011.7
     1     1    19     2     1     6     0     0   -48.0   31.469 -143.680     57.0   1011.6
     1     1    19     2     1     5     0     1   -49.0   31.863 -143.622     57.0   1010.9
     1     1    19     2     1     4     0     2   -50.0   32.269 -143.590     57.0   1010.3
     1     1    19     2     1     3     0     3   -51.0   32.686 -143.584     57.0   1009.9
     1     1    19     2     1     2     0     2   -52.0   33.106 -143.604     56.7   1010.1
     1     1    19     2     1     1     0     1   -53.0   33.526 -143.656     55.9   1010.6
     1     1    19     2     1     0     0     0   -54.0   33.940 -143.748     55.0   1010.6
     1     1    19     1    31    23     0     1   -55.0   34.343 -143.858     54.1   1011.6
     1     1    19     1    31    22     0     2   -56.0   34.731 -143.964     53.3   1012.8
     1     1    19     1    31    21     0     3   -57.0   35.101 -144.063     52.8   1014.0
     1     1    19     1    31    20     0     2   -58.0   35.465 -144.170     53.7   1013.7
     1     1    19     1    31    19     0     1   -59.0   35.836 -144.298     57.1   1013.7
     1     1    19     1    31    18     0     0   -60.0   36.216 -144.452     63.1   1012.8
     1     1    19     1    31    17     0     1   -61.0   36.596 -144.630     68.5   1011.2
     1     1    19     1    31    16     0     2   -62.0   36.964 -144.828     70.1   1011.3
     1     1    19     1    31    15     0     3   -63.0   37.316 -145.048     68.6   1012.1
     1     1    19     1    31    14     0     2   -64.0   37.648 -145.286     67.1   1012.0
     1     1    19     1    31    13     0     1   -65.0   37.957 -145.531     66.7   1011.2
     1     1    19     1    31    12     0     0   -66.0   38.241 -145.775     66.7   1010.4
     1     1    19     1    31    11     0     1   -67.0   38.514 -146.018     67.6   1011.3
     1     1    19     1    31    10     0     2   -68.0   38.790 -146.264     69.1   1012.0
     1     1    19     1    31     9     0     3   -69.0   39.069 -146.509     69.7   1012.4
     1     1    19     1    31     8     0     2   -70.0   39.351 -146.766     70.2   1012.5
     1     1    19     1    31     7     0     1   -71.0   39.641 -147.049     73.2   1012.3
     1     1    19     1    31     6     0     0   -72.0   39.941 -147.358     79.8   1011.3
     1     1    19     1    31     5     0     1   -73.0   40.244 -147.694     86.3   1009.5
     1     1    19     1    31     4     0     2   -74.0   40.532 -148.063     90.8   1008.8
     1     1    19     1    31     3     0     3   -75.0   40.812 -148.472     93.8   1008.0
     1     1    19     1    31     2     0     2   -76.0   41.082 -148.909     94.8   1007.1
     1     1    19     1    31     1     0     1   -77.0   41.332 -149.358     95.0   1006.5
     1     1    19     1    31     0     0     0   -78.0   41.554 -149.822     95.0   1006.2
     1     1    19     1    30    23     0     1   -79.0   41.764 -150.295     96.9   1006.0
     1     1    19     1    30    22     0     2   -80.0   41.975 -150.771    102.6   1005.1
     1     1    19     1    30    21     0     3   -81.0   42.171 -151.241    109.4   1003.8
     1     1    19     1    30    20     0     2   -82.0   42.357 -151.690    116.6   1002.9
     1     1    19     1    30    19     0     1   -83.0   42.543 -152.116    126.2   1001.3
     1     1    19     1    30    18     0     0   -84.0   42.724 -152.537    135.7    999.5
     1     1    19     1    30    17     0     1   -85.0   42.907 -152.982    140.1    997.8
     1     1    19     1    30    16     0     2   -86.0   43.088 -153.445    141.9    997.5
     1     1    19     1    30    15     0     3   -87.0   43.242 -153.911    143.4    996.1
     1     1    19     1    30    14     0     2   -88.0   43.375 -154.370    145.4    996.0
     1     1    19     1    30    13     0     1   -89.0   43.493 -154.811    150.8    995.2
     1     1    19     1    30    12     0     0   -90.0   43.571 -155.236    158.9    993.8
     1     1    19     1    30    11     0     1   -91.0   43.621 -155.644    167.4    992.3
     1     1    19     1    30    10     0     2   -92.0   43.658 -156.016    177.6    991.3
     1     1    19     1    30     9     0     3   -93.0   43.670 -156.342    188.2    989.2
     1     1    19     1    30     8     0     2   -94.0   43.664 -156.635    194.1    988.1
     1     1    19     1    30     7     0     1   -95.0   43.650 -156.920    195.7    988.0
     1     1    19     1    30     6     0     0   -96.0   43.623 -157.204    197.4    987.6
     1     1    19     1    30     5     0     1   -97.0   43.582 -157.496    200.1    986.6
     1     1    19     1    30     4     0     2   -98.0   43.534 -157.798    204.4    985.7
     1     1    19     1    30     3     0     3   -99.0   43.483 -158.103    213.4    984.3
     1     1    19     1    30     2     0     2  -100.0   43.426 -158.416    222.8    982.4
     1     1    19     1    30     1     0     1  -101.0   43.360 -158.745    228.1    981.9
     1     1    19     1    30     0     0     0  -102.0   43.297 -159.089    234.0    981.4
     1     1    19     1    29    23     0     1  -103.0   43.228 -159.443    245.6    980.2
     1     1    19     1    29    22     0     2  -104.0   43.148 -159.801    265.4    978.0
     1     1    19     1    29    21     0     3  -105.0   43.068 -160.160    290.7    974.4
     1     1    19     1    29    20     0     2  -106.0   42.992 -160.534    316.7    970.4
     1     1    19     1    29    19     0     1  -107.0   42.919 -160.941    344.2    967.0
     1     1    19     1    29    18     0     0  -108.0   42.855 -161.380    372.8    962.8
     1     1    19     1    29    17     0     1  -109.0   42.808 -161.857    398.5    959.1
     1     1    19     1    29    16     0     2  -110.0   42.781 -162.368    420.3    955.9
     1     1    19     1    29    15     0     3  -111.0   42.762 -162.906    434.0    953.3
     1     1    19     1    29    14     0     2  -112.0   42.743 -163.462    443.0    952.3
     1     1    19     1    29    13     0     1  -113.0   42.719 -164.032    449.3    950.6
     1     1    19     1    29    12     0     0  -114.0   42.682 -164.610    460.7    950.1
     1     1    19     1    29    11     0     1  -115.0   42.625 -165.173    482.3    946.3
     1     1    19     1    29    10     0     2  -116.0   42.553 -165.718    501.7    943.1
     1     1    19     1    29     9     0     3  -117.0   42.475 -166.263    514.1    941.5
     1     1    19     1    29     8     0     2  -118.0   42.382 -166.813    512.8    940.6
     1     1    19     1    29     7     0     1  -119.0   42.260 -167.372    494.9    942.8
     1     1    19     1    29     6     0     0  -120.0   42.099 -167.958    457.7    946.3
     1     1    19     1    29     5     0     1  -121.0   41.914 -168.523    422.5    953.4
     1     1    19     1    29     4     0     2  -122.0   41.725 -169.005    408.3    954.3
     1     1    19     1    29     3     0     3  -123.0   41.527 -169.415    399.4    953.8
     1     1    19     1    29     2     0     2  -124.0   41.325 -169.787    383.5    956.0
     1     1    19     1    29     1     0     1  -125.0   41.129 -170.138    354.5    958.9
     1     1    19     1    29     0     0     0  -126.0   40.948 -170.460    318.7    964.5
     1     1    19     1    28    23     0     1  -127.0   40.793 -170.775    296.1    968.9
     1     1    19     1    28    22     0     2  -128.0   40.660 -171.114    288.3    968.8
     1     1    19     1    28    21     0     3  -129.0   40.537 -171.477    284.5    969.1
     1     1    19     1    28    20     0     2  -130.0   40.425 -171.880    283.9    969.0
     1     1    19     1    28    19     0     1  -131.0   40.320 -172.333    285.7    968.3
     1     1    19     1    28    18     0     0  -132.0   40.227 -172.826    290.4    967.5
     1     1    19     1    28    17     0     1  -133.0   40.111 -173.359    293.4    966.0
     1     1    19     1    28    16     0     2  -134.0   39.947 -173.928    288.2    966.2
     1     1    19     1    28    15     0     3  -135.0   39.761 -174.548    282.5    967.5
     1     1    19     1    28    14     0     2  -136.0   39.547 -175.224    285.0    967.0
     1     1    19     1    28    13     0     1  -137.0   39.302 -175.913    299.3    965.6
     1     1    19     1    28    12     0     0  -138.0   39.046 -176.612    317.6    961.8
     1     1    19     1    28    11     0     1  -139.0   38.750 -177.312    320.5    960.5
     1     1    19     1    28    10     0     2  -140.0   38.418 -178.024    307.2    962.3
     1     1    19     1    28     9     0     3  -141.0   38.086 -178.766    293.1    965.0
     1     1    19     1    28     8     0     2  -142.0   37.731 -179.512    283.9    965.5
     1     1    19     1    28     7     0     1  -143.0   37.381  179.753    284.7    966.4
     1     1    19     1    28     6     0     0  -144.0   37.049  178.993    301.8    963.6
     1     1    19     1    28     5     0     1  -145.0   36.682  178.222    316.2    960.7
     1     1    19     1    28     4     0     2  -146.0   36.301  177.438    322.3    959.9
     1     1    19     1    28     3     0     3  -147.0   35.925  176.616    331.7    958.9
     1     1    19     1    28     2     0     2  -148.0   35.547  175.773    339.3    958.0
     1     1    19     1    28     1     0     1  -149.0   35.181  174.936    348.4    957.4
     1     1    19     1    28     0     0     0  -150.0   34.819  174.103    364.2    955.4
     1     1    19     1    27    23     0     1  -151.0   34.466  173.254    372.6    954.7
     1     1    19     1    27    22     0     2  -152.0   34.143  172.372    381.6    954.1
     1     1    19     1    27    21     0     3  -153.0   33.850  171.463    401.4    952.1
     1     1    19     1    27    20     0     2  -154.0   33.572  170.546    423.0    949.5
     1     1    19     1    27    19     0     1  -155.0   33.305  169.624    442.8    946.7
     1     1    19     1    27    18     0     0  -156.0   33.057  168.675    463.3    944.3
     1     1    19     1    27    17     0     1  -157.0   32.808  167.703    510.2    938.2
     1     1    19     1    27    16     0     2  -158.0   32.574  166.725    549.8    933.7
     1     1    19     1    27    15     0     3  -159.0   32.348  165.731    579.2    930.5
     1     1    19     1    27    14     0     2  -160.0   32.132  164.743    601.6    928.1
     1     1    19     1    27    13     0     1  -161.0   31.939  163.759    616.4    926.7
     1     1    19     1    27    12     0     0  -162.0   31.767  162.770    641.4    924.5
     1     1    19     1    27    11     0     1  -163.0   31.616  161.786    683.6    919.2
     1     1    19     1    27    10     0     2  -164.0   31.494  160.801    723.2    914.6
     1     1    19     1    27     9     0     3  -165.0   31.400  159.797    770.1    909.6
     1     1    19     1    27     8     0     2  -166.0   31.344  158.793    815.4    903.6
     1     1    19     1    27     7     0     1  -167.0   31.318  157.785    848.3    900.1
     1     1    19     1    27     6     0     0  -168.0   31.330  156.768    897.7    894.2
     1     1    19     1    27     5     0     1  -169.0   31.393  155.774    943.9    889.2
     1     1    19     1    27     4     0     2  -170.0   31.473  154.789   1004.4    882.8
     1     1    19     1    27     3     0     3  -171.0   31.575  153.809   1080.3    874.5
     1     1    19     1    27     2     0     2  -172.0   31.725  152.855   1157.3    866.7
     1     1    19     1    27     1     0     1  -173.0   31.918  151.944   1261.4    854.9
     1     1    19     1    27     0     0     0  -174.0   32.208  151.078   1337.0    843.9
     1     1    19     1    26    23     0     1  -175.0   32.611  150.217   1314.1    847.0
     1     1    19     1    26    22     0     2  -176.0   33.084  149.399   1276.2    852.8
     1     1    19     1    26    21     0     3  -177.0   33.704  148.567   1469.5    832.7
     1     1    19     1    26    20     0     2  -178.0   34.437  147.809   1656.8    803.8
     1     1    19     1    26    19     0     1  -179.0   35.258  147.243   1719.7    803.2
     1     1    19     1    26    18     0     0  -180.0   36.218  146.993   1681.5    800.3
     1     1    19     1    26    17     0     1  -181.0   37.158  147.060   1507.0    821.5
     1     1    19     1    26    16     0     2  -182.0   37.985  147.355   1400.5    840.6
     1     1    19     1    26    15     0     3  -183.0   38.656  147.759   1447.5    831.2
     1     1    19     1    26    14     0     2  -184.0   39.145  148.165   1506.6    827.2
     1     1    19     1    26    13     0     1  -185.0   39.502  148.536   1572.9    817.5
     1     1    19     1    26    12     0     0  -186.0   39.778  148.872   1637.6    814.2
     1     1    19     1    26    11     0     1  -187.0   39.991  149.128   1712.5    806.1
     1     1    19     1    26    10     0     2  -188.0   40.172  149.274   1787.4    799.2
     1     1    19     1    26     9     0     3  -189.0   40.333  149.322   1861.4    792.3
     1     1    19     1    26     8     0     2  -190.0   40.493  149.279   1926.0    784.6
     1     1    19     1    26     7     0     1  -191.0   40.665  149.139   1958.7    779.8
     1     1    19     1    26     6     0     0  -192.0   40.842  148.909   1930.7    781.1
     1     1    19     1    26     5     0     1  -193.0   41.009  148.628   1888.8    792.2
     1     1    19     1    26     4     0     2  -194.0   41.161  148.310   1917.1    791.4
     1     1    19     1    26     3     0     3  -195.0   41.296  147.943   2029.3    779.3
     1     1    19     1    26     2     0     2  -196.0   41.412  147.531   2170.9    760.5
     1     1    19     1    26     1     0     1  -197.0   41.517  147.107   2296.1    748.7
     1     1    19     1    26     0     0     0  -198.0   41.611  146.672   2405.3    737.7
     1     1    19     1    25    23     0     1  -199.0   41.697  146.226   2487.8    728.9
     1     1    19     1    25    22     0     2  -200.0   41.777  145.771   2544.4    724.1
     1     1    19     1    25    21     0     3  -201.0   41.845  145.312   2599.8    720.2
     1     1    19     1    25    20     0     2  -202.0   41.893  144.848   2670.0    713.5
     1     1    19     1    25    19     0     1  -203.0   41.921  144.386   2743.3    705.5
     1     1    19     1    25    18     0     0  -204.0   41.935  143.945   2806.5    699.3
     1     1    19     1    25    17     0     1  -205.0   41.947  143.533   2860.2    693.9
     1     1    19     1    25    16     0     2  -206.0   41.955  143.156   2913.1    688.9
     1     1    19     1    25    15     0     3  -207.0   41.951  142.809   2965.5    683.9
     1     1    19     1    25    14     0     2  -208.0   41.947  142.491   3016.6    680.4
     1     1    19     1    25    13     0     1  -209.0   41.949  142.208   3070.4    676.5
     1     1    19     1    25    12     0     0  -210.0   41.955  141.959   3125.4    671.5
     1     1    19     1    25    11     0     1  -211.0   41.968  141.733   3153.5    665.4
     1     1    19     1    25    10     0     2  -212.0   41.995  141.523   3134.0    666.0
     1     1    19     1    25     9     0     3  -213.0   42.035  141.334   3069.5    669.5
     1     1    19     1    25     8     0     2  -214.0   42.088  141.152   2991.3    675.0
     1     1    19     1    25     7     0     1  -215.0   42.148  140.968   2929.1    677.1
     1     1    19     1    25     6     0     0  -216.0   42.215  140.780   2907.4    680.6
     1     1    19     1    25     5     0     1  -217.0   42.291  140.600   2918.0    679.2
     1     1    19     1    25     4     0     2  -218.0   42.377  140.439   2937.5    679.0
     1     1    19     1    25     3     0     3  -219.0   42.478  140.302   2958.0    679.1
     1     1    19     1    25     2     0     2  -220.0   42.596  140.183   2980.7    680.1
     1     1    19     1    25     1     0     1  -221.0   42.735  140.080   3012.2    680.8
     1     1    19     1    25     0     0     0  -222.0   42.896  139.992   3058.3    680.5
     1     1    19     1    24    23     0     1  -223.0   43.085  139.907   3121.5    674.9
     1     1    19     1    24    22     0     2  -224.0   43.298  139.810   3195.1    667.1
     1     1    19     1    24    21     0     3  -225.0   43.528  139.701   3259.7    660.4
     1     1    19     1    24    20     0     2  -226.0   43.762  139.596   3302.8    656.0
     1     1    19     1    24    19     0     1  -227.0   44.000  139.509   3320.3    654.5
     1     1    19     1    24    18     0     0  -228.0   44.248  139.437   3322.3    655.1
     1     1    19     1    24    17     0     1  -229.0   44.507  139.379   3321.0    655.4
     1     1    19     1    24    16     0     2  -230.0   44.773  139.338   3319.5    655.3
     1     1    19     1    24    15     0     3  -231.0   45.046  139.313   3318.9    655.3
     1     1    19     1    24    14     0     2  -232.0   45.326  139.307   3316.3    655.0
     1     1    19     1    24    13     0     1  -233.0   45.613  139.320   3308.4    655.7
     1     1    19     1    24    12     0     0  -234.0   45.910  139.356   3295.3    656.7
     1     1    19     1    24    11     0     1  -235.0   46.208  139.408   3288.7    658.2
     1     1    19     1    24    10     0     2  -236.0   46.489  139.476   3297.9    657.0
     1     1    19     1    24     9     0     3  -237.0   46.752  139.567   3315.4    654.9
     1     1    19     1    24     8     0     2  -238.0   47.000  139.686   3330.0    652.6
     1     1    19     1    24     7     0     1  -239.0   47.238  139.834   3328.6    649.9
     1     1    19     1    24     6     0     0  -240.0   47.464  140.006   3326.4    652.7
