     7     1
    GDAS    19     6     1     0     0
    GDAS    19     7     1     0     0
    GDAS    19     8     1     0     0
    GDAS    19     9     1     0     0
    GDAS    19    10     1     0     0
    GDAS    19    11     1     0     0
    GDAS    19    12     1     0     0
     1 BACKWARD OMEGA   
    19     9     3     0   21.319 -157.670    10.0
     1 PRESSURE
     1     1    19     9     3     0     0     0     0.0   21.319 -157.670     10.0   1009.8
     1     1    19     9     2    23     0     1    -1.0   21.413 -157.450     76.0   1005.2
     1     1    19     9     2    22     0     2    -2.0   21.494 -157.215    194.8    988.4
     1     1    19     9     2    21     0     3    -3.0   21.559 -156.974    320.5    974.0
     1     1    19     9     2    20     0     2    -4.0   21.606 -156.729    424.1    961.8
     1     1    19     9     2    19     0     1    -5.0   21.638 -156.478    483.3    956.6
     1     1    19     9     2    18     0     0    -6.0   21.663 -156.222    499.6    956.0
     1     1    19     9     2    17     0     1    -7.0   21.680 -155.961    482.1    959.3
     1     1    19     9     2    16     0     2    -8.0   21.696 -155.702    459.3    963.7
     1     1    19     9     2    15     0     3    -9.0   21.718 -155.454    451.5    964.6
     1     1    19     9     2    14     0     2   -10.0   21.748 -155.216    449.1    963.7
     1     1    19     9     2    13     0     1   -11.0   21.784 -154.987    435.3    964.8
     1     1    19     9     2    12     0     0   -12.0   21.827 -154.759    404.6    968.3
     1     1    19     9     2    11     0     1   -13.0   21.877 -154.536    378.0    973.5
     1     1    19     9     2    10     0     2   -14.0   21.937 -154.321    374.7    974.3
     1     1    19     9     2     9     0     3   -15.0   22.012 -154.114    400.0    972.4
     1     1    19     9     2     8     0     2   -16.0   22.089 -153.912    435.6    966.0
     1     1    19     9     2     7     0     1   -17.0   22.159 -153.711    451.9    963.3
     1     1    19     9     2     6     0     0   -18.0   22.227 -153.509    446.4    964.1
     1     1    19     9     2     5     0     1   -19.0   22.299 -153.309    435.1    966.5
     1     1    19     9     2     4     0     2   -20.0   22.373 -153.119    434.5    966.5
     1     1    19     9     2     3     0     3   -21.0   22.447 -152.945    452.2    964.4
     1     1    19     9     2     2     0     2   -22.0   22.508 -152.781    478.1    959.9
     1     1    19     9     2     1     0     1   -23.0   22.545 -152.620    497.8    957.9
     1     1    19     9     2     0     0     0   -24.0   22.561 -152.462    513.3    956.4
     1     1    19     9     1    23     0     1   -25.0   22.564 -152.298    532.8    955.7
     1     1    19     9     1    22     0     2   -26.0   22.562 -152.121    567.7    953.0
     1     1    19     9     1    21     0     3   -27.0   22.557 -151.930    624.3    947.9
     1     1    19     9     1    20     0     2   -28.0   22.550 -151.728    680.1    939.1
     1     1    19     9     1    19     0     1   -29.0   22.542 -151.515    719.0    935.9
     1     1    19     9     1    18     0     0   -30.0   22.533 -151.287    763.9    932.4
     1     1    19     9     1    17     0     1   -31.0   22.532 -151.048    817.0    925.2
     1     1    19     9     1    16     0     2   -32.0   22.543 -150.800    853.5    919.9
     1     1    19     9     1    15     0     3   -33.0   22.567 -150.545    870.0    918.8
     1     1    19     9     1    14     0     2   -34.0   22.594 -150.288    889.1    918.3
     1     1    19     9     1    13     0     1   -35.0   22.620 -150.035    921.9    914.2
     1     1    19     9     1    12     0     0   -36.0   22.649 -149.782    955.9    909.2
     1     1    19     9     1    11     0     1   -37.0   22.686 -149.527    982.0    907.0
     1     1    19     9     1    10     0     2   -38.0   22.741 -149.270   1002.4    905.6
     1     1    19     9     1     9     0     3   -39.0   22.813 -149.011   1021.4    904.4
     1     1    19     9     1     8     0     2   -40.0   22.895 -148.756   1043.5    902.2
     1     1    19     9     1     7     0     1   -41.0   22.979 -148.505   1058.3    899.3
     1     1    19     9     1     6     0     0   -42.0   23.065 -148.255   1048.5    899.5
     1     1    19     9     1     5     0     1   -43.0   23.148 -148.011   1022.1    903.5
     1     1    19     9     1     4     0     2   -44.0   23.226 -147.776   1001.5    906.4
     1     1    19     9     1     3     0     3   -45.0   23.301 -147.552    988.3    906.7
     1     1    19     9     1     2     0     2   -46.0   23.374 -147.331    981.0    908.0
     1     1    19     9     1     1     0     1   -47.0   23.445 -147.105    983.7    907.5
     1     1    19     9     1     0     0     0   -48.0   23.512 -146.880   1002.2    906.3
     1     1    19     8    31    23     0     1   -49.0   23.578 -146.653   1035.8    902.4
     1     1    19     8    31    22     0     2   -50.0   23.646 -146.421   1074.4    898.7
     1     1    19     8    31    21     0     3   -51.0   23.717 -146.179   1113.1    894.9
     1     1    19     8    31    20     0     2   -52.0   23.790 -145.930   1150.6    891.4
     1     1    19     8    31    19     0     1   -53.0   23.860 -145.684   1189.1    887.6
     1     1    19     8    31    18     0     0   -54.0   23.929 -145.442   1255.4    883.5
     1     1    19     8    31    17     0     1   -55.0   24.012 -145.204   1349.9    870.7
     1     1    19     8    31    16     0     2   -56.0   24.113 -144.966   1427.3    861.1
     1     1    19     8    31    15     0     3   -57.0   24.224 -144.729   1457.8    856.7
     1     1    19     8    31    14     0     2   -58.0   24.333 -144.498   1461.4    859.3
     1     1    19     8    31    13     0     1   -59.0   24.441 -144.274   1470.4    858.5
     1     1    19     8    31    12     0     0   -60.0   24.550 -144.053   1487.3    856.8
     1     1    19     8    31    11     0     1   -61.0   24.659 -143.832   1500.2    854.7
     1     1    19     8    31    10     0     2   -62.0   24.762 -143.609   1506.3    855.7
     1     1    19     8    31     9     0     3   -63.0   24.862 -143.383   1527.8    855.3
     1     1    19     8    31     8     0     2   -64.0   24.966 -143.158   1567.5    850.3
     1     1    19     8    31     7     0     1   -65.0   25.077 -142.938   1601.6    845.4
     1     1    19     8    31     6     0     0   -66.0   25.196 -142.727   1621.9    844.0
     1     1    19     8    31     5     0     1   -67.0   25.324 -142.529   1641.3    842.4
     1     1    19     8    31     4     0     2   -68.0   25.461 -142.344   1659.8    839.5
     1     1    19     8    31     3     0     3   -69.0   25.605 -142.171   1668.2    838.1
     1     1    19     8    31     2     0     2   -70.0   25.748 -142.011   1675.3    838.3
     1     1    19     8    31     1     0     1   -71.0   25.885 -141.866   1688.2    836.8
     1     1    19     8    31     0     0     0   -72.0   26.014 -141.734   1699.4    835.0
     1     1    19     8    30    23     0     1   -73.0   26.136 -141.614   1708.7    835.0
     1     1    19     8    30    22     0     2   -74.0   26.251 -141.506   1721.5    834.2
     1     1    19     8    30    21     0     3   -75.0   26.357 -141.408   1738.6    833.0
     1     1    19     8    30    20     0     2   -76.0   26.455 -141.321   1756.9    831.0
     1     1    19     8    30    19     0     1   -77.0   26.542 -141.246   1772.4    829.5
     1     1    19     8    30    18     0     0   -78.0   26.619 -141.180   1782.8    828.5
     1     1    19     8    30    17     0     1   -79.0   26.686 -141.115   1787.6    827.8
     1     1    19     8    30    16     0     2   -80.0   26.743 -141.044   1787.1    827.6
     1     1    19     8    30    15     0     3   -81.0   26.789 -140.969   1782.8    827.9
     1     1    19     8    30    14     0     2   -82.0   26.830 -140.889   1778.8    828.4
     1     1    19     8    30    13     0     1   -83.0   26.867 -140.805   1777.0    828.2
     1     1    19     8    30    12     0     0   -84.0   26.901 -140.718   1775.1    828.1
     1     1    19     8    30    11     0     1   -85.0   26.928 -140.627   1774.1    828.6
     1     1    19     8    30    10     0     2   -86.0   26.947 -140.530   1775.0    828.7
     1     1    19     8    30     9     0     3   -87.0   26.957 -140.428   1776.4    828.7
     1     1    19     8    30     8     0     2   -88.0   26.967 -140.321   1772.5    828.5
     1     1    19     8    30     7     0     1   -89.0   26.985 -140.213   1755.1    829.8
     1     1    19     8    30     6     0     0   -90.0   27.010 -140.098   1717.5    833.0
     1     1    19     8    30     5     0     1   -91.0   27.043 -139.990   1679.8    838.6
     1     1    19     8    30     4     0     2   -92.0   27.083 -139.906   1668.3    839.8
     1     1    19     8    30     3     0     3   -93.0   27.129 -139.849   1683.4    837.5
     1     1    19     8    30     2     0     2   -94.0   27.171 -139.816   1711.8    833.5
     1     1    19     8    30     1     0     1   -95.0   27.199 -139.799   1743.9    830.3
     1     1    19     8    30     0     0     0   -96.0   27.216 -139.802   1782.0    826.5
     1     1    19     8    29    23     0     1   -97.0   27.214 -139.814   1822.8    822.6
     1     1    19     8    29    22     0     2   -98.0   27.185 -139.825   1861.8    819.1
     1     1    19     8    29    21     0     3   -99.0   27.126 -139.835   1897.3    815.8
     1     1    19     8    29    20     0     2  -100.0   27.052 -139.845   1921.8    812.8
     1     1    19     8    29    19     0     1  -101.0   26.979 -139.856   1929.1    812.0
     1     1    19     8    29    18     0     0  -102.0   26.905 -139.862   1919.0    813.0
     1     1    19     8    29    17     0     1  -103.0   26.831 -139.868   1906.7    815.2
     1     1    19     8    29    16     0     2  -104.0   26.754 -139.879   1906.6    814.8
     1     1    19     8    29    15     0     3  -105.0   26.673 -139.896   1917.3    813.3
     1     1    19     8    29    14     0     2  -106.0   26.589 -139.914   1935.1    810.8
     1     1    19     8    29    13     0     1  -107.0   26.504 -139.926   1957.6    808.1
     1     1    19     8    29    12     0     0  -108.0   26.419 -139.933   1985.6    805.0
     1     1    19     8    29    11     0     1  -109.0   26.337 -139.935   2013.8    802.1
     1     1    19     8    29    10     0     2  -110.0   26.261 -139.929   2036.6    800.3
     1     1    19     8    29     9     0     3  -111.0   26.189 -139.916   2054.9    799.0
     1     1    19     8    29     8     0     2  -112.0   26.125 -139.902   2073.3    797.6
     1     1    19     8    29     7     0     1  -113.0   26.072 -139.894   2096.4    795.5
     1     1    19     8    29     6     0     0  -114.0   26.030 -139.893   2125.3    792.8
     1     1    19     8    29     5     0     1  -115.0   25.995 -139.905   2148.3    789.2
     1     1    19     8    29     4     0     2  -116.0   25.962 -139.933   2152.0    788.4
     1     1    19     8    29     3     0     3  -117.0   25.934 -139.971   2135.4    789.6
     1     1    19     8    29     2     0     2  -118.0   25.908 -140.012   2111.8    793.0
     1     1    19     8    29     1     0     1  -119.0   25.884 -140.050   2096.3    794.5
     1     1    19     8    29     0     0     0  -120.0   25.859 -140.089   2088.9    795.1
     1     1    19     8    28    23     0     1  -121.0   25.834 -140.127   2089.6    795.4
     1     1    19     8    28    22     0     2  -122.0   25.807 -140.162   2099.5    794.9
     1     1    19     8    28    21     0     3  -123.0   25.777 -140.195   2119.4    793.5
     1     1    19     8    28    20     0     2  -124.0   25.748 -140.229   2146.7    790.5
     1     1    19     8    28    19     0     1  -125.0   25.724 -140.266   2177.8    787.5
     1     1    19     8    28    18     0     0  -126.0   25.706 -140.306   2212.2    784.2
     1     1    19     8    28    17     0     1  -127.0   25.689 -140.349   2243.3    780.4
     1     1    19     8    28    16     0     2  -128.0   25.670 -140.392   2265.2    778.0
     1     1    19     8    28    15     0     3  -129.0   25.652 -140.435   2278.7    776.4
     1     1    19     8    28    14     0     2  -130.0   25.637 -140.478   2290.2    775.7
     1     1    19     8    28    13     0     1  -131.0   25.625 -140.526   2305.3    774.1
     1     1    19     8    28    12     0     0  -132.0   25.615 -140.579   2321.8    772.3
     1     1    19     8    28    11     0     1  -133.0   25.609 -140.634   2334.1    771.1
     1     1    19     8    28    10     0     2  -134.0   25.604 -140.688   2338.3    771.2
     1     1    19     8    28     9     0     3  -135.0   25.603 -140.737   2335.4    772.0
     1     1    19     8    28     8     0     2  -136.0   25.609 -140.783   2335.4    773.0
     1     1    19     8    28     7     0     1  -137.0   25.627 -140.829   2349.0    771.8
     1     1    19     8    28     6     0     0  -138.0   25.655 -140.878   2377.1    769.3
     1     1    19     8    28     5     0     1  -139.0   25.693 -140.931   2406.9    764.9
     1     1    19     8    28     4     0     2  -140.0   25.744 -140.989   2425.1    762.8
     1     1    19     8    28     3     0     3  -141.0   25.808 -141.049   2432.1    761.8
     1     1    19     8    28     2     0     2  -142.0   25.879 -141.114   2440.0    762.1
     1     1    19     8    28     1     0     1  -143.0   25.950 -141.187   2460.4    760.2
     1     1    19     8    28     0     0     0  -144.0   26.019 -141.268   2491.9    757.2
     1     1    19     8    27    23     0     1  -145.0   26.078 -141.349   2526.8    753.9
     1     1    19     8    27    22     0     2  -146.0   26.120 -141.427   2560.9    751.5
     1     1    19     8    27    21     0     3  -147.0   26.147 -141.503   2597.2    748.8
     1     1    19     8    27    20     0     2  -148.0   26.169 -141.577   2631.9    745.2
     1     1    19     8    27    19     0     1  -149.0   26.195 -141.647   2659.2    742.6
     1     1    19     8    27    18     0     0  -150.0   26.228 -141.713   2677.4    740.9
     1     1    19     8    27    17     0     1  -151.0   26.260 -141.778   2689.1    739.9
     1     1    19     8    27    16     0     2  -152.0   26.282 -141.843   2698.2    738.9
     1     1    19     8    27    15     0     3  -153.0   26.295 -141.909   2705.0    738.1
     1     1    19     8    27    14     0     2  -154.0   26.298 -141.966   2712.3    737.7
     1     1    19     8    27    13     0     1  -155.0   26.292 -142.007   2723.2    736.9
     1     1    19     8    27    12     0     0  -156.0   26.277 -142.032   2739.4    735.6
     1     1    19     8    27    11     0     1  -157.0   26.256 -142.039   2755.6    733.9
     1     1    19     8    27    10     0     2  -158.0   26.231 -142.025   2762.7    733.5
     1     1    19     8    27     9     0     3  -159.0   26.204 -141.990   2757.7    734.1
     1     1    19     8    27     8     0     2  -160.0   26.184 -141.941   2747.4    735.8
     1     1    19     8    27     7     0     1  -161.0   26.179 -141.888   2740.7    736.4
     1     1    19     8    27     6     0     0  -162.0   26.189 -141.832   2738.5    736.7
     1     1    19     8    27     5     0     1  -163.0   26.212 -141.779   2738.3    736.3
     1     1    19     8    27     4     0     2  -164.0   26.242 -141.737   2738.0    736.2
     1     1    19     8    27     3     0     3  -165.0   26.282 -141.705   2738.6    736.0
     1     1    19     8    27     2     0     2  -166.0   26.322 -141.687   2745.2    735.9
     1     1    19     8    27     1     0     1  -167.0   26.356 -141.686   2761.1    734.3
     1     1    19     8    27     0     0     0  -168.0   26.382 -141.702   2784.2    732.2
     1     1    19     8    26    23     0     1  -169.0   26.397 -141.726   2804.5    729.9
     1     1    19     8    26    22     0     2  -170.0   26.402 -141.748   2813.5    729.5
     1     1    19     8    26    21     0     3  -171.0   26.397 -141.768   2811.4    730.0
     1     1    19     8    26    20     0     2  -172.0   26.384 -141.782   2799.6    731.2
     1     1    19     8    26    19     0     1  -173.0   26.363 -141.785   2779.8    732.8
     1     1    19     8    26    18     0     0  -174.0   26.336 -141.776   2750.5    735.3
     1     1    19     8    26    17     0     1  -175.0   26.306 -141.754   2720.0    738.7
     1     1    19     8    26    16     0     2  -176.0   26.275 -141.722   2699.2    740.4
     1     1    19     8    26    15     0     3  -177.0   26.243 -141.679   2689.3    741.1
     1     1    19     8    26    14     0     2  -178.0   26.213 -141.629   2684.2    740.9
     1     1    19     8    26    13     0     1  -179.0   26.189 -141.573   2677.9    741.4
     1     1    19     8    26    12     0     0  -180.0   26.170 -141.508   2671.1    742.0
     1     1    19     8    26    11     0     1  -181.0   26.159 -141.436   2662.3    742.9
     1     1    19     8    26    10     0     2  -182.0   26.158 -141.360   2650.2    744.3
     1     1    19     8    26     9     0     3  -183.0   26.169 -141.283   2636.4    745.8
     1     1    19     8    26     8     0     2  -184.0   26.188 -141.202   2625.5    747.2
     1     1    19     8    26     7     0     1  -185.0   26.216 -141.115   2617.8    747.8
     1     1    19     8    26     6     0     0  -186.0   26.250 -141.024   2607.4    748.5
     1     1    19     8    26     5     0     1  -187.0   26.289 -140.927   2595.5    749.8
     1     1    19     8    26     4     0     2  -188.0   26.334 -140.825   2587.6    750.4
     1     1    19     8    26     3     0     3  -189.0   26.384 -140.720   2584.1    750.5
     1     1    19     8    26     2     0     2  -190.0   26.442 -140.610   2586.3    750.3
     1     1    19     8    26     1     0     1  -191.0   26.507 -140.494   2595.8    749.5
     1     1    19     8    26     0     0     0  -192.0   26.579 -140.375   2613.7    747.9
     1     1    19     8    25    23     0     1  -193.0   26.658 -140.252   2633.4    746.0
     1     1    19     8    25    22     0     2  -194.0   26.746 -140.124   2646.6    745.3
     1     1    19     8    25    21     0     3  -195.0   26.844 -139.991   2651.9    745.2
     1     1    19     8    25    20     0     2  -196.0   26.954 -139.863   2652.1    745.5
     1     1    19     8    25    19     0     1  -197.0   27.075 -139.747   2648.4    745.5
     1     1    19     8    25    18     0     0  -198.0   27.208 -139.644   2637.5    746.3
     1     1    19     8    25    17     0     1  -199.0   27.347 -139.551   2626.1    747.9
     1     1    19     8    25    16     0     2  -200.0   27.484 -139.467   2622.1    748.2
     1     1    19     8    25    15     0     3  -201.0   27.619 -139.395   2626.2    747.7
     1     1    19     8    25    14     0     2  -202.0   27.752 -139.332   2633.7    746.7
     1     1    19     8    25    13     0     1  -203.0   27.882 -139.272   2640.8    746.2
     1     1    19     8    25    12     0     0  -204.0   28.013 -139.214   2648.9    745.6
     1     1    19     8    25    11     0     1  -205.0   28.140 -139.157   2657.4    745.1
     1     1    19     8    25    10     0     2  -206.0   28.263 -139.097   2667.6    744.8
     1     1    19     8    25     9     0     3  -207.0   28.383 -139.034   2686.4    743.8
     1     1    19     8    25     8     0     2  -208.0   28.503 -138.969   2711.9    741.2
     1     1    19     8    25     7     0     1  -209.0   28.630 -138.898   2733.5    739.0
     1     1    19     8    25     6     0     0  -210.0   28.765 -138.823   2743.6    738.1
     1     1    19     8    25     5     0     1  -211.0   28.905 -138.747   2745.7    738.3
     1     1    19     8    25     4     0     2  -212.0   29.050 -138.679   2746.5    738.2
     1     1    19     8    25     3     0     3  -213.0   29.199 -138.619   2748.0    737.9
     1     1    19     8    25     2     0     2  -214.0   29.349 -138.561   2754.9    737.7
     1     1    19     8    25     1     0     1  -215.0   29.498 -138.494   2771.6    736.4
     1     1    19     8    25     0     0     0  -216.0   29.649 -138.419   2800.5    734.0
     1     1    19     8    24    23     0     1  -217.0   29.806 -138.340   2837.1    730.5
     1     1    19     8    24    22     0     2  -218.0   29.967 -138.260   2872.9    727.4
     1     1    19     8    24    21     0     3  -219.0   30.130 -138.184   2904.6    724.8
     1     1    19     8    24    20     0     2  -220.0   30.298 -138.116   2930.0    722.5
     1     1    19     8    24    19     0     1  -221.0   30.473 -138.060   2946.8    720.9
     1     1    19     8    24    18     0     0  -222.0   30.650 -138.018   2953.0    720.2
     1     1    19     8    24    17     0     1  -223.0   30.826 -137.991   2959.2    720.7
     1     1    19     8    24    16     0     2  -224.0   31.004 -137.981   2978.4    719.0
     1     1    19     8    24    15     0     3  -225.0   31.186 -137.985   3012.8    716.1
     1     1    19     8    24    14     0     2  -226.0   31.369 -138.004   3057.6    711.8
     1     1    19     8    24    13     0     1  -227.0   31.545 -138.039   3099.9    707.8
     1     1    19     8    24    12     0     0  -228.0   31.715 -138.093   3128.8    705.0
     1     1    19     8    24    11     0     1  -229.0   31.876 -138.159   3143.0    704.4
     1     1    19     8    24    10     0     2  -230.0   32.023 -138.231   3150.3    704.5
     1     1    19     8    24     9     0     3  -231.0   32.156 -138.304   3156.7    704.4
     1     1    19     8    24     8     0     2  -232.0   32.283 -138.377   3164.2    704.0
     1     1    19     8    24     7     0     1  -233.0   32.404 -138.450   3174.1    703.3
     1     1    19     8    24     6     0     0  -234.0   32.516 -138.520   3187.4    702.4
     1     1    19     8    24     5     0     1  -235.0   32.626 -138.589   3198.7    700.8
     1     1    19     8    24     4     0     2  -236.0   32.739 -138.660   3198.6    700.3
     1     1    19     8    24     3     0     3  -237.0   32.857 -138.734   3179.6    701.3
     1     1    19     8    24     2     0     2  -238.0   32.972 -138.818   3144.2    704.8
     1     1    19     8    24     1     0     1  -239.0   33.077 -138.917   3104.3    708.6
     1     1    19     8    24     0     0     0  -240.0   33.172 -139.032   3067.1    712.0
