     7     1
    GDAS    19     6     1     0     0
    GDAS    19     7     1     0     0
    GDAS    19     8     1     0     0
    GDAS    19     9     1     0     0
    GDAS    19    10     1     0     0
    GDAS    19    11     1     0     0
    GDAS    19    12     1     0     0
     1 BACKWARD OMEGA   
    19     7    14    18   21.319 -157.670    10.0
     1 PRESSURE
     1     1    19     7    14    18     0     0     0.0   21.319 -157.670     10.0   1013.2
     1     1    19     7    14    17     0     1    -1.0   21.385 -157.457     35.6   1009.9
     1     1    19     7    14    16     0     2    -2.0   21.438 -157.223    113.7    999.8
     1     1    19     7    14    15     0     3    -3.0   21.479 -156.965    230.1    985.1
     1     1    19     7    14    14     0     2    -4.0   21.504 -156.688    341.7    970.1
     1     1    19     7    14    13     0     1    -5.0   21.503 -156.404    402.6    964.5
     1     1    19     7    14    12     0     0    -6.0   21.466 -156.122    414.1    964.9
     1     1    19     7    14    11     0     1    -7.0   21.408 -155.842    393.4    969.6
     1     1    19     7    14    10     0     2    -8.0   21.358 -155.554    359.9    974.4
     1     1    19     7    14     9     0     3    -9.0   21.323 -155.260    315.5    979.4
     1     1    19     7    14     8     0     2   -10.0   21.302 -154.970    269.2    986.3
     1     1    19     7    14     7     0     1   -11.0   21.295 -154.689    238.2    989.7
     1     1    19     7    14     6     0     0   -12.0   21.303 -154.414    220.2    990.5
     1     1    19     7    14     5     0     1   -13.0   21.325 -154.141    207.9    991.6
     1     1    19     7    14     4     0     2   -14.0   21.354 -153.871    203.0    992.1
     1     1    19     7    14     3     0     3   -15.0   21.386 -153.606    205.3    991.4
     1     1    19     7    14     2     0     2   -16.0   21.421 -153.347    206.1    990.5
     1     1    19     7    14     1     0     1   -17.0   21.458 -153.098    201.5    991.4
     1     1    19     7    14     0     0     0   -18.0   21.493 -152.859    195.9    992.2
     1     1    19     7    13    23     0     1   -19.0   21.517 -152.630    190.1    993.2
     1     1    19     7    13    22     0     2   -20.0   21.526 -152.407    181.3    994.5
     1     1    19     7    13    21     0     3   -21.0   21.526 -152.187    167.2    996.5
     1     1    19     7    13    20     0     2   -22.0   21.523 -151.971    151.4    999.1
     1     1    19     7    13    19     0     1   -23.0   21.521 -151.761    138.9   1000.7
     1     1    19     7    13    18     0     0   -24.0   21.520 -151.557    129.9   1001.5
     1     1    19     7    13    17     0     1   -25.0   21.522 -151.357    122.5   1001.7
     1     1    19     7    13    16     0     2   -26.0   21.524 -151.155    116.3   1001.9
     1     1    19     7    13    15     0     3   -27.0   21.525 -150.950    112.5   1001.9
     1     1    19     7    13    14     0     2   -28.0   21.520 -150.742    107.3   1002.2
     1     1    19     7    13    13     0     1   -29.0   21.505 -150.531     98.6   1003.5
     1     1    19     7    13    12     0     0   -30.0   21.482 -150.321     89.3   1005.1
     1     1    19     7    13    11     0     1   -31.0   21.460 -150.110     83.1   1006.4
     1     1    19     7    13    10     0     2   -32.0   21.443 -149.891     80.9   1006.8
     1     1    19     7    13     9     0     3   -33.0   21.429 -149.662     80.4   1007.0
     1     1    19     7    13     8     0     2   -34.0   21.423 -149.431     79.7   1006.7
     1     1    19     7    13     7     0     1   -35.0   21.429 -149.204     79.0   1006.7
     1     1    19     7    13     6     0     0   -36.0   21.442 -148.982     80.2   1006.5
     1     1    19     7    13     5     0     1   -37.0   21.460 -148.760     82.3   1005.7
     1     1    19     7    13     4     0     2   -38.0   21.478 -148.533     84.7   1005.1
     1     1    19     7    13     3     0     3   -39.0   21.496 -148.306     89.0   1004.4
     1     1    19     7    13     2     0     2   -40.0   21.513 -148.082     94.2   1003.6
     1     1    19     7    13     1     0     1   -41.0   21.531 -147.864     97.8   1003.2
     1     1    19     7    13     0     0     0   -42.0   21.549 -147.649     99.6   1003.1
     1     1    19     7    12    23     0     1   -43.0   21.568 -147.436    100.9   1003.4
     1     1    19     7    12    22     0     2   -44.0   21.585 -147.225    102.3   1003.5
     1     1    19     7    12    21     0     3   -45.0   21.596 -147.016    102.8   1003.7
     1     1    19     7    12    20     0     2   -46.0   21.597 -146.808    105.4   1003.9
     1     1    19     7    12    19     0     1   -47.0   21.587 -146.599    112.7   1003.1
     1     1    19     7    12    18     0     0   -48.0   21.564 -146.389    122.8   1002.2
     1     1    19     7    12    17     0     1   -49.0   21.537 -146.174    134.9   1000.9
     1     1    19     7    12    16     0     2   -50.0   21.515 -145.953    150.1    999.0
     1     1    19     7    12    15     0     3   -51.0   21.497 -145.725    168.4    996.4
     1     1    19     7    12    14     0     2   -52.0   21.487 -145.496    182.9    993.9
     1     1    19     7    12    13     0     1   -53.0   21.486 -145.275    186.5    993.4
     1     1    19     7    12    12     0     0   -54.0   21.493 -145.060    178.4    994.2
     1     1    19     7    12    11     0     1   -55.0   21.508 -144.841    167.9    997.1
     1     1    19     7    12    10     0     2   -56.0   21.527 -144.608    161.9    998.0
     1     1    19     7    12     9     0     3   -57.0   21.543 -144.364    155.4    998.9
     1     1    19     7    12     8     0     2   -58.0   21.559 -144.114    145.3   1000.2
     1     1    19     7    12     7     0     1   -59.0   21.584 -143.870    134.6   1001.7
     1     1    19     7    12     6     0     0   -60.0   21.622 -143.630    128.1   1002.5
     1     1    19     7    12     5     0     1   -61.0   21.665 -143.400    126.7   1002.3
     1     1    19     7    12     4     0     2   -62.0   21.702 -143.183    125.3   1001.9
     1     1    19     7    12     3     0     3   -63.0   21.732 -142.979    118.7   1002.0
     1     1    19     7    12     2     0     2   -64.0   21.760 -142.780    112.8   1003.5
     1     1    19     7    12     1     0     1   -65.0   21.793 -142.580    114.3   1003.2
     1     1    19     7    12     0     0     0   -66.0   21.823 -142.376    120.7   1002.4
     1     1    19     7    11    23     0     1   -67.0   21.844 -142.167    124.4   1001.8
     1     1    19     7    11    22     0     2   -68.0   21.855 -141.954    117.5   1002.8
     1     1    19     7    11    21     0     3   -69.0   21.864 -141.734    103.5   1005.1
     1     1    19     7    11    20     0     2   -70.0   21.877 -141.505     93.7   1007.1
     1     1    19     7    11    19     0     1   -71.0   21.890 -141.266     93.6   1007.2
     1     1    19     7    11    18     0     0   -72.0   21.896 -141.019    102.1   1006.4
     1     1    19     7    11    17     0     1   -73.0   21.907 -140.770    113.6   1004.5
     1     1    19     7    11    16     0     2   -74.0   21.942 -140.522    121.1   1003.5
     1     1    19     7    11    15     0     3   -75.0   21.998 -140.273    123.6   1003.1
     1     1    19     7    11    14     0     2   -76.0   22.068 -140.025    126.4   1003.1
     1     1    19     7    11    13     0     1   -77.0   22.142 -139.780    131.2   1002.0
     1     1    19     7    11    12     0     0   -78.0   22.218 -139.538    132.9   1001.3
     1     1    19     7    11    11     0     1   -79.0   22.293 -139.298    128.0   1002.1
     1     1    19     7    11    10     0     2   -80.0   22.369 -139.061    116.9   1004.0
     1     1    19     7    11     9     0     3   -81.0   22.448 -138.830    105.3   1006.0
     1     1    19     7    11     8     0     2   -82.0   22.532 -138.603     97.3   1007.1
     1     1    19     7    11     7     0     1   -83.0   22.619 -138.377     93.2   1007.6
     1     1    19     7    11     6     0     0   -84.0   22.706 -138.151     92.0   1007.7
     1     1    19     7    11     5     0     1   -85.0   22.786 -137.928     92.0   1007.4
     1     1    19     7    11     4     0     2   -86.0   22.861 -137.713     92.0   1007.2
     1     1    19     7    11     3     0     3   -87.0   22.932 -137.506     92.0   1007.1
     1     1    19     7    11     2     0     2   -88.0   23.004 -137.303     90.4   1006.8
     1     1    19     7    11     1     0     1   -89.0   23.078 -137.101     86.0   1006.9
     1     1    19     7    11     0     0     0   -90.0   23.149 -136.903     79.6   1007.4
     1     1    19     7    10    23     0     1   -91.0   23.218 -136.714     72.5   1009.4
     1     1    19     7    10    22     0     2   -92.0   23.290 -136.536     65.5   1011.4
     1     1    19     7    10    21     0     3   -93.0   23.361 -136.364     59.5   1013.3
     1     1    19     7    10    20     0     2   -94.0   23.436 -136.196     55.9   1014.0
     1     1    19     7    10    19     0     1   -95.0   23.519 -136.026     55.2   1013.9
     1     1    19     7    10    18     0     0   -96.0   23.606 -135.854     56.5   1013.7
     1     1    19     7    10    17     0     1   -97.0   23.695 -135.684     58.2   1012.6
     1     1    19     7    10    16     0     2   -98.0   23.788 -135.526     59.6   1011.8
     1     1    19     7    10    15     0     3   -99.0   23.894 -135.379     61.2   1011.0
     1     1    19     7    10    14     0     2  -100.0   24.006 -135.241     62.0   1010.5
     1     1    19     7    10    13     0     1  -101.0   24.111 -135.108     59.8   1010.6
     1     1    19     7    10    12     0     0  -102.0   24.206 -134.978     55.1   1011.1
     1     1    19     7    10    11     0     1  -103.0   24.294 -134.847     50.7   1012.0
     1     1    19     7    10    10     0     2  -104.0   24.378 -134.710     48.4   1012.6
     1     1    19     7    10     9     0     3  -105.0   24.461 -134.568     48.1   1013.3
     1     1    19     7    10     8     0     2  -106.0   24.543 -134.424     48.8   1013.6
     1     1    19     7    10     7     0     1  -107.0   24.629 -134.285     50.0   1013.8
     1     1    19     7    10     6     0     0  -108.0   24.717 -134.153     52.4   1013.8
     1     1    19     7    10     5     0     1  -109.0   24.808 -134.030     56.3   1012.9
     1     1    19     7    10     4     0     2  -110.0   24.901 -133.915     61.4   1011.4
     1     1    19     7    10     3     0     3  -111.0   25.001 -133.803     67.6   1009.8
     1     1    19     7    10     2     0     2  -112.0   25.102 -133.695     74.0   1008.9
     1     1    19     7    10     1     0     1  -113.0   25.197 -133.589     79.8   1008.1
     1     1    19     7    10     0     0     0  -114.0   25.286 -133.484     84.7   1007.5
     1     1    19     7     9    23     0     1  -115.0   25.368 -133.377     86.8   1007.8
     1     1    19     7     9    22     0     2  -116.0   25.444 -133.264     84.6   1008.7
     1     1    19     7     9    21     0     3  -117.0   25.514 -133.145     78.9   1010.1
     1     1    19     7     9    20     0     2  -118.0   25.580 -133.025     73.1   1011.2
     1     1    19     7     9    19     0     1  -119.0   25.643 -132.912     69.8   1011.5
     1     1    19     7     9    18     0     0  -120.0   25.705 -132.804     68.5   1011.5
     1     1    19     7     9    17     0     1  -121.0   25.767 -132.699     67.4   1011.3
     1     1    19     7     9    16     0     2  -122.0   25.837 -132.593     65.7   1011.4
     1     1    19     7     9    15     0     3  -123.0   25.915 -132.486     63.8   1011.6
     1     1    19     7     9    14     0     2  -124.0   25.996 -132.377     62.4   1011.5
     1     1    19     7     9    13     0     1  -125.0   26.075 -132.268     61.8   1011.2
     1     1    19     7     9    12     0     0  -126.0   26.149 -132.159     61.5   1010.9
     1     1    19     7     9    11     0     1  -127.0   26.227 -132.048     61.5   1011.0
     1     1    19     7     9    10     0     2  -128.0   26.315 -131.934     61.5   1011.1
     1     1    19     7     9     9     0     3  -129.0   26.410 -131.812     61.5   1011.2
     1     1    19     7     9     8     0     2  -130.0   26.509 -131.689     61.5   1011.6
     1     1    19     7     9     7     0     1  -131.0   26.608 -131.571     61.5   1012.2
     1     1    19     7     9     6     0     0  -132.0   26.712 -131.459     61.5   1012.9
     1     1    19     7     9     5     0     1  -133.0   26.817 -131.349     61.5   1013.0
     1     1    19     7     9     4     0     2  -134.0   26.921 -131.235     61.5   1013.0
     1     1    19     7     9     3     0     3  -135.0   27.020 -131.118     61.5   1012.7
     1     1    19     7     9     2     0     2  -136.0   27.117 -131.000     61.5   1012.6
     1     1    19     7     9     1     0     1  -137.0   27.216 -130.886     61.5   1012.5
     1     1    19     7     9     0     0     0  -138.0   27.316 -130.774     61.2   1012.4
     1     1    19     7     8    23     0     1  -139.0   27.418 -130.661     60.6   1012.6
     1     1    19     7     8    22     0     2  -140.0   27.525 -130.544     60.0   1012.8
     1     1    19     7     8    21     0     3  -141.0   27.637 -130.424     59.8   1012.9
     1     1    19     7     8    20     0     2  -142.0   27.751 -130.301     59.8   1013.0
     1     1    19     7     8    19     0     1  -143.0   27.864 -130.173     59.8   1013.0
     1     1    19     7     8    18     0     0  -144.0   27.978 -130.042     59.8   1013.1
     1     1    19     7     8    17     0     1  -145.0   28.094 -129.912     60.0   1013.1
     1     1    19     7     8    16     0     2  -146.0   28.215 -129.784     60.5   1013.1
     1     1    19     7     8    15     0     3  -147.0   28.340 -129.658     60.7   1013.1
     1     1    19     7     8    14     0     2  -148.0   28.467 -129.535     60.9   1012.6
     1     1    19     7     8    13     0     1  -149.0   28.596 -129.419     61.7   1012.0
     1     1    19     7     8    12     0     0  -150.0   28.728 -129.311     63.7   1011.2
     1     1    19     7     8    11     0     1  -151.0   28.866 -129.201     66.6   1011.5
     1     1    19     7     8    10     0     2  -152.0   29.008 -129.079     69.1   1012.0
     1     1    19     7     8     9     0     3  -153.0   29.154 -128.949     70.0   1012.7
     1     1    19     7     8     8     0     2  -154.0   29.308 -128.819     70.1   1012.3
     1     1    19     7     8     7     0     1  -155.0   29.478 -128.696     70.4   1012.2
     1     1    19     7     8     6     0     0  -156.0   29.667 -128.581     70.5   1012.3
     1     1    19     7     8     5     0     1  -157.0   29.868 -128.474     71.1   1012.0
     1     1    19     7     8     4     0     2  -158.0   30.075 -128.376     72.9   1011.4
     1     1    19     7     8     3     0     3  -159.0   30.286 -128.286     75.9   1010.7
     1     1    19     7     8     2     0     2  -160.0   30.500 -128.204     78.8   1010.3
     1     1    19     7     8     1     0     1  -161.0   30.720 -128.133     80.1   1010.2
     1     1    19     7     8     0     0     0  -162.0   30.949 -128.076     80.2   1010.4
     1     1    19     7     7    23     0     1  -163.0   31.177 -128.027     79.0   1010.6
     1     1    19     7     7    22     0     2  -164.0   31.394 -127.981     76.5   1011.1
     1     1    19     7     7    21     0     3  -165.0   31.601 -127.939     73.8   1011.7
     1     1    19     7     7    20     0     2  -166.0   31.810 -127.902     72.1   1012.1
     1     1    19     7     7    19     0     1  -167.0   32.027 -127.868     71.8   1012.1
     1     1    19     7     7    18     0     0  -168.0   32.252 -127.841     71.8   1012.1
     1     1    19     7     7    17     0     1  -169.0   32.484 -127.820     71.8   1012.0
     1     1    19     7     7    16     0     2  -170.0   32.726 -127.805     71.8   1011.8
     1     1    19     7     7    15     0     3  -171.0   32.984 -127.792     71.8   1011.6
     1     1    19     7     7    14     0     2  -172.0   33.251 -127.789     71.5   1011.5
     1     1    19     7     7    13     0     1  -173.0   33.521 -127.807     70.9   1011.4
     1     1    19     7     7    12     0     0  -174.0   33.799 -127.850     70.5   1011.4
     1     1    19     7     7    11     0     1  -175.0   34.086 -127.909     70.8   1012.3
     1     1    19     7     7    10     0     2  -176.0   34.373 -127.970     73.4   1012.9
     1     1    19     7     7     9     0     3  -177.0   34.655 -128.029     78.4   1013.0
     1     1    19     7     7     8     0     2  -178.0   34.929 -128.085     84.0   1012.3
     1     1    19     7     7     7     0     1  -179.0   35.200 -128.135     88.3   1011.8
     1     1    19     7     7     6     0     0  -180.0   35.472 -128.179     91.7   1011.7
     1     1    19     7     7     5     0     1  -181.0   35.752 -128.222     95.5   1011.1
     1     1    19     7     7     4     0     2  -182.0   36.042 -128.269     98.5   1010.4
     1     1    19     7     7     3     0     3  -183.0   36.333 -128.321     99.7   1010.1
     1     1    19     7     7     2     0     2  -184.0   36.620 -128.384    101.8   1010.5
     1     1    19     7     7     1     0     1  -185.0   36.901 -128.467    109.0   1010.2
     1     1    19     7     7     0     0     0  -186.0   37.177 -128.568    120.7   1009.0
     1     1    19     7     6    23     0     1  -187.0   37.438 -128.670    130.5   1008.1
     1     1    19     7     6    22     0     2  -188.0   37.686 -128.758    134.8   1008.3
     1     1    19     7     6    21     0     3  -189.0   37.929 -128.837    135.9   1008.9
     1     1    19     7     6    20     0     2  -190.0   38.173 -128.909    137.8   1009.0
     1     1    19     7     6    19     0     1  -191.0   38.411 -128.974    142.1   1008.4
     1     1    19     7     6    18     0     0  -192.0   38.640 -129.037    146.5   1007.7
     1     1    19     7     6    17     0     1  -193.0   38.866 -129.102    150.5   1007.1
     1     1    19     7     6    16     0     2  -194.0   39.103 -129.169    156.1   1006.4
     1     1    19     7     6    15     0     3  -195.0   39.351 -129.235    166.6   1005.1
     1     1    19     7     6    14     0     2  -196.0   39.603 -129.309    181.9   1002.7
     1     1    19     7     6    13     0     1  -197.0   39.850 -129.399    198.4   1000.6
     1     1    19     7     6    12     0     0  -198.0   40.092 -129.506    212.1    998.7
     1     1    19     7     6    11     0     1  -199.0   40.326 -129.627    221.2    997.9
     1     1    19     7     6    10     0     2  -200.0   40.549 -129.758    229.7    997.3
     1     1    19     7     6     9     0     3  -201.0   40.759 -129.898    242.7    996.3
     1     1    19     7     6     8     0     2  -202.0   40.959 -130.039    261.7    994.1
     1     1    19     7     6     7     0     1  -203.0   41.153 -130.175    281.6    991.1
     1     1    19     7     6     6     0     0  -204.0   41.339 -130.314    297.5    988.9
     1     1    19     7     6     5     0     1  -205.0   41.516 -130.456    310.0    987.7
     1     1    19     7     6     4     0     2  -206.0   41.685 -130.600    321.5    986.5
     1     1    19     7     6     3     0     3  -207.0   41.847 -130.741    333.1    985.2
     1     1    19     7     6     2     0     2  -208.0   42.003 -130.878    344.5    983.7
     1     1    19     7     6     1     0     1  -209.0   42.153 -131.015    355.0    982.2
     1     1    19     7     6     0     0     0  -210.0   42.299 -131.154    362.4    980.9
     1     1    19     7     5    23     0     1  -211.0   42.442 -131.303    367.2    980.7
     1     1    19     7     5    22     0     2  -212.0   42.579 -131.467    374.5    980.4
     1     1    19     7     5    21     0     3  -213.0   42.713 -131.644    389.0    979.2
     1     1    19     7     5    20     0     2  -214.0   42.845 -131.820    408.6    976.4
     1     1    19     7     5    19     0     1  -215.0   42.974 -131.985    428.6    974.1
     1     1    19     7     5    18     0     0  -216.0   43.098 -132.137    444.2    971.3
     1     1    19     7     5    17     0     1  -217.0   43.222 -132.288    453.0    970.3
     1     1    19     7     5    16     0     2  -218.0   43.350 -132.445    457.9    969.7
     1     1    19     7     5    15     0     3  -219.0   43.484 -132.605    460.9    969.2
     1     1    19     7     5    14     0     2  -220.0   43.616 -132.767    463.3    968.8
     1     1    19     7     5    13     0     1  -221.0   43.738 -132.930    466.9    968.2
     1     1    19     7     5    12     0     0  -222.0   43.850 -133.094    474.1    967.3
     1     1    19     7     5    11     0     1  -223.0   43.954 -133.246    483.1    965.9
     1     1    19     7     5    10     0     2  -224.0   44.058 -133.377    490.3    965.0
     1     1    19     7     5     9     0     3  -225.0   44.162 -133.489    494.3    964.6
     1     1    19     7     5     8     0     2  -226.0   44.271 -133.592    497.8    964.6
     1     1    19     7     5     7     0     1  -227.0   44.390 -133.696    502.4    964.1
     1     1    19     7     5     6     0     0  -228.0   44.522 -133.800    505.4    963.7
     1     1    19     7     5     5     0     1  -229.0   44.660 -133.910    506.2    963.5
     1     1    19     7     5     4     0     2  -230.0   44.794 -134.028    507.2    963.3
     1     1    19     7     5     3     0     3  -231.0   44.922 -134.154    508.9    962.9
     1     1    19     7     5     2     0     2  -232.0   45.045 -134.282    513.4    962.5
     1     1    19     7     5     1     0     1  -233.0   45.166 -134.408    524.1    961.3
     1     1    19     7     5     0     0     0  -234.0   45.285 -134.536    542.8    959.0
     1     1    19     7     4    23     0     1  -235.0   45.395 -134.668    563.6    956.0
     1     1    19     7     4    22     0     2  -236.0   45.489 -134.805    578.3    954.3
     1     1    19     7     4    21     0     3  -237.0   45.569 -134.944    583.3    953.6
     1     1    19     7     4    20     0     2  -238.0   45.647 -135.077    583.2    954.2
     1     1    19     7     4    19     0     1  -239.0   45.733 -135.197    583.9    954.3
     1     1    19     7     4    18     0     0  -240.0   45.830 -135.305    588.7    954.0
