     7     1
    GDAS    18    12     1     0     0
    GDAS    19     1     1     0     0
    GDAS    19     2     1     0     0
    GDAS    19     3     1     0     0
    GDAS    19     4     1     0     0
    GDAS    19     5     1     0     0
    GDAS    19     6     1     0     0
     1 BACKWARD OMEGA   
    19     1     7    12   21.319 -157.670    10.0
     1 PRESSURE
     1     1    19     1     7    12     0     0     0.0   21.319 -157.670     10.0   1015.7
     1     1    19     1     7    11     0     1    -1.0   21.424 -157.571     11.6   1016.1
     1     1    19     1     7    10     0     2    -2.0   21.529 -157.479     13.7   1016.5
     1     1    19     1     7     9     0     3    -3.0   21.635 -157.394     16.1   1017.1
     1     1    19     1     7     8     0     2    -4.0   21.748 -157.323     18.7   1017.2
     1     1    19     1     7     7     0     1    -5.0   21.871 -157.277     20.9   1017.5
     1     1    19     1     7     6     0     0    -6.0   22.002 -157.257     21.8   1018.0
     1     1    19     1     7     5     0     1    -7.0   22.129 -157.269     22.1   1018.1
     1     1    19     1     7     4     0     2    -8.0   22.244 -157.312     23.0   1017.8
     1     1    19     1     7     3     0     3    -9.0   22.350 -157.383     25.1   1017.5
     1     1    19     1     7     2     0     2   -10.0   22.429 -157.461     28.3   1016.8
     1     1    19     1     7     1     0     1   -11.0   22.464 -157.531     32.1   1016.2
     1     1    19     1     7     0     0     0   -12.0   22.467 -157.596     36.4   1015.7
     1     1    19     1     6    23     0     1   -13.0   22.453 -157.654     41.0   1015.6
     1     1    19     1     6    22     0     2   -14.0   22.435 -157.705     45.4   1015.5
     1     1    19     1     6    21     0     3   -15.0   22.416 -157.752     49.2   1015.4
     1     1    19     1     6    20     0     2   -16.0   22.389 -157.792     52.1   1014.5
     1     1    19     1     6    19     0     1   -17.0   22.346 -157.818     53.7   1013.6
     1     1    19     1     6    18     0     0   -18.0   22.289 -157.832     53.8   1012.6
     1     1    19     1     6    17     0     1   -19.0   22.225 -157.838     53.2   1012.4
     1     1    19     1     6    16     0     2   -20.0   22.162 -157.837     52.4   1012.2
     1     1    19     1     6    15     0     3   -21.0   22.098 -157.830     51.4   1012.2
     1     1    19     1     6    14     0     2   -22.0   22.026 -157.804     50.4   1012.3
     1     1    19     1     6    13     0     1   -23.0   21.939 -157.744     49.1   1012.3
     1     1    19     1     6    12     0     0   -24.0   21.838 -157.653     47.2   1012.2
     1     1    19     1     6    11     0     1   -25.0   21.736 -157.538     45.1   1012.0
     1     1    19     1     6    10     0     2   -26.0   21.643 -157.399     43.3   1011.6
     1     1    19     1     6     9     0     3   -27.0   21.563 -157.240     42.2   1011.0
     1     1    19     1     6     8     0     2   -28.0   21.497 -157.078     41.8   1010.1
     1     1    19     1     6     7     0     1   -29.0   21.441 -156.930     42.1   1009.8
     1     1    19     1     6     6     0     0   -30.0   21.384 -156.792     43.7   1010.2
     1     1    19     1     6     5     0     1   -31.0   21.320 -156.646     46.3   1010.3
     1     1    19     1     6     4     0     2   -32.0   21.243 -156.473     50.2   1010.5
     1     1    19     1     6     3     0     3   -33.0   21.149 -156.262     58.3   1010.5
     1     1    19     1     6     2     0     2   -34.0   21.028 -156.009     76.7   1010.0
     1     1    19     1     6     1     0     1   -35.0   20.899 -155.742    100.2   1006.3
     1     1    19     1     6     0     0     0   -36.0   20.789 -155.489    112.4   1005.0
     1     1    19     1     5    23     0     1   -37.0   20.698 -155.240    112.5   1005.6
     1     1    19     1     5    22     0     2   -38.0   20.624 -154.980    104.6   1007.0
     1     1    19     1     5    21     0     3   -39.0   20.582 -154.717     94.4   1008.9
     1     1    19     1     5    20     0     2   -40.0   20.574 -154.453     89.4   1009.9
     1     1    19     1     5    19     0     1   -41.0   20.594 -154.179     90.1   1009.5
     1     1    19     1     5    18     0     0   -42.0   20.642 -153.891     91.0   1009.3
     1     1    19     1     5    17     0     1   -43.0   20.710 -153.587     91.0   1008.7
     1     1    19     1     5    16     0     2   -44.0   20.792 -153.275     91.0   1008.1
     1     1    19     1     5    15     0     3   -45.0   20.888 -152.960     91.0   1007.8
     1     1    19     1     5    14     0     2   -46.0   20.993 -152.645     91.0   1007.8
     1     1    19     1     5    13     0     1   -47.0   21.104 -152.328     91.0   1007.8
     1     1    19     1     5    12     0     0   -48.0   21.221 -152.008     91.0   1007.9
     1     1    19     1     5    11     0     1   -49.0   21.347 -151.689     91.0   1008.6
     1     1    19     1     5    10     0     2   -50.0   21.485 -151.374     91.0   1009.3
     1     1    19     1     5     9     0     3   -51.0   21.634 -151.064     91.0   1010.1
     1     1    19     1     5     8     0     2   -52.0   21.791 -150.763     91.0   1010.1
     1     1    19     1     5     7     0     1   -53.0   21.955 -150.474     91.0   1010.1
     1     1    19     1     5     6     0     0   -54.0   22.129 -150.199     91.0   1010.1
     1     1    19     1     5     5     0     1   -55.0   22.316 -149.935     91.0   1009.9
     1     1    19     1     5     4     0     2   -56.0   22.518 -149.680     91.0   1009.7
     1     1    19     1     5     3     0     3   -57.0   22.733 -149.434     91.0   1009.4
     1     1    19     1     5     2     0     2   -58.0   22.960 -149.198     91.0   1009.4
     1     1    19     1     5     1     0     1   -59.0   23.199 -148.973     91.0   1009.3
     1     1    19     1     5     0     0     0   -60.0   23.451 -148.759     91.0   1009.2
     1     1    19     1     4    23     0     1   -61.0   23.709 -148.554     91.0   1009.2
     1     1    19     1     4    22     0     2   -62.0   23.971 -148.359     91.0   1009.2
     1     1    19     1     4    21     0     3   -63.0   24.240 -148.178     91.0   1009.3
     1     1    19     1     4    20     0     2   -64.0   24.516 -148.012     91.0   1009.5
     1     1    19     1     4    19     0     1   -65.0   24.802 -147.862     91.0   1010.0
     1     1    19     1     4    18     0     0   -66.0   25.097 -147.729     91.0   1010.8
     1     1    19     1     4    17     0     1   -67.0   25.403 -147.618     91.0   1010.0
     1     1    19     1     4    16     0     2   -68.0   25.718 -147.532     91.0   1009.5
     1     1    19     1     4    15     0     3   -69.0   26.044 -147.464     91.0   1009.0
     1     1    19     1     4    14     0     2   -70.0   26.372 -147.425     89.8   1009.0
     1     1    19     1     4    13     0     1   -71.0   26.696 -147.422     87.5   1009.7
     1     1    19     1     4    12     0     0   -72.0   27.019 -147.444     86.4   1010.5
     1     1    19     1     4    11     0     1   -73.0   27.340 -147.496     85.4   1010.3
     1     1    19     1     4    10     0     2   -74.0   27.661 -147.578     83.7   1010.6
     1     1    19     1     4     9     0     3   -75.0   27.983 -147.678     82.8   1010.8
     1     1    19     1     4     8     0     2   -76.0   28.299 -147.802     82.4   1010.6
     1     1    19     1     4     7     0     1   -77.0   28.606 -147.953     81.9   1010.6
     1     1    19     1     4     6     0     0   -78.0   28.909 -148.126     82.6   1010.5
     1     1    19     1     4     5     0     1   -79.0   29.211 -148.321     84.6   1010.1
     1     1    19     1     4     4     0     2   -80.0   29.512 -148.532     86.5   1009.5
     1     1    19     1     4     3     0     3   -81.0   29.809 -148.751     87.2   1009.2
     1     1    19     1     4     2     0     2   -82.0   30.098 -148.985     87.1   1009.2
     1     1    19     1     4     1     0     1   -83.0   30.377 -149.246     87.1   1009.1
     1     1    19     1     4     0     0     0   -84.0   30.646 -149.525     87.1   1009.0
     1     1    19     1     3    23     0     1   -85.0   30.897 -149.825     86.5   1009.2
     1     1    19     1     3    22     0     2   -86.0   31.139 -150.144     85.9   1009.6
     1     1    19     1     3    21     0     3   -87.0   31.381 -150.462     85.9   1009.7
     1     1    19     1     3    20     0     2   -88.0   31.599 -150.776     86.2   1009.6
     1     1    19     1     3    19     0     1   -89.0   31.785 -151.087     89.4   1009.5
     1     1    19     1     3    18     0     0   -90.0   31.950 -151.383     97.7   1008.5
     1     1    19     1     3    17     0     1   -91.0   32.101 -151.635    107.0   1006.7
     1     1    19     1     3    16     0     2   -92.0   32.246 -151.827    112.3   1005.8
     1     1    19     1     3    15     0     3   -93.0   32.386 -151.972    114.0   1005.5
     1     1    19     1     3    14     0     2   -94.0   32.524 -152.074    114.0   1005.7
     1     1    19     1     3    13     0     1   -95.0   32.660 -152.139    114.0   1005.7
     1     1    19     1     3    12     0     0   -96.0   32.792 -152.165    114.0   1005.7
     1     1    19     1     3    11     0     1   -97.0   32.925 -152.170    113.5   1005.9
     1     1    19     1     3    10     0     2   -98.0   33.067 -152.169    113.1   1006.1
     1     1    19     1     3     9     0     3   -99.0   33.222 -152.159    113.1   1006.2
     1     1    19     1     3     8     0     2  -100.0   33.387 -152.143    115.1   1006.2
     1     1    19     1     3     7     0     1  -101.0   33.560 -152.121    120.4   1005.5
     1     1    19     1     3     6     0     0  -102.0   33.740 -152.091    126.4   1004.8
     1     1    19     1     3     5     0     1  -103.0   33.918 -152.080    132.6   1004.1
     1     1    19     1     3     4     0     2  -104.0   34.096 -152.116    143.4   1003.2
     1     1    19     1     3     3     0     3  -105.0   34.278 -152.199    160.2   1000.4
     1     1    19     1     3     2     0     2  -106.0   34.465 -152.315    176.3    997.6
     1     1    19     1     3     1     0     1  -107.0   34.653 -152.448    189.3    996.0
     1     1    19     1     3     0     0     0  -108.0   34.830 -152.596    200.7    994.4
     1     1    19     1     2    23     0     1  -109.0   35.001 -152.771    209.4    993.1
     1     1    19     1     2    22     0     2  -110.0   35.187 -152.989    222.7    992.3
     1     1    19     1     2    21     0     3  -111.0   35.395 -153.253    245.5    989.2
     1     1    19     1     2    20     0     2  -112.0   35.603 -153.567    264.5    986.0
     1     1    19     1     2    19     0     1  -113.0   35.810 -153.924    283.3    984.6
     1     1    19     1     2    18     0     0  -114.0   36.027 -154.329    305.1    980.4
     1     1    19     1     2    17     0     1  -115.0   36.233 -154.791    324.1    977.6
     1     1    19     1     2    16     0     2  -116.0   36.417 -155.313    345.9    974.4
     1     1    19     1     2    15     0     3  -117.0   36.590 -155.903    369.2    970.7
     1     1    19     1     2    14     0     2  -118.0   36.739 -156.542    395.6    968.2
     1     1    19     1     2    13     0     1  -119.0   36.857 -157.212    431.0    964.2
     1     1    19     1     2    12     0     0  -120.0   36.956 -157.922    455.6    958.4
     1     1    19     1     2    11     0     1  -121.0   37.028 -158.652    469.7    959.2
     1     1    19     1     2    10     0     2  -122.0   37.065 -159.389    491.9    955.5
     1     1    19     1     2     9     0     3  -123.0   37.081 -160.153    518.2    952.4
     1     1    19     1     2     8     0     2  -124.0   37.088 -160.918    541.2    949.0
     1     1    19     1     2     7     0     1  -125.0   37.086 -161.677    557.0    946.9
     1     1    19     1     2     6     0     0  -126.0   37.084 -162.469    563.6    945.6
     1     1    19     1     2     5     0     1  -127.0   37.103 -163.266    565.3    945.3
     1     1    19     1     2     4     0     2  -128.0   37.120 -164.039    572.4    943.4
     1     1    19     1     2     3     0     3  -129.0   37.118 -164.814    572.2    942.6
     1     1    19     1     2     2     0     2  -130.0   37.105 -165.573    573.3    942.4
     1     1    19     1     2     1     0     1  -131.0   37.073 -166.307    573.3    941.9
     1     1    19     1     2     0     0     0  -132.0   37.013 -167.069    562.8    942.0
     1     1    19     1     1    23     0     1  -133.0   36.973 -167.794    548.4    944.8
     1     1    19     1     1    22     0     2  -134.0   36.954 -168.441    543.7    946.2
     1     1    19     1     1    21     0     3  -135.0   36.923 -169.055    551.2    945.5
     1     1    19     1     1    20     0     2  -136.0   36.902 -169.631    566.3    943.0
     1     1    19     1     1    19     0     1  -137.0   36.896 -170.159    585.7    940.5
     1     1    19     1     1    18     0     0  -138.0   36.890 -170.664    618.1    937.3
     1     1    19     1     1    17     0     1  -139.0   36.902 -171.139    664.6    930.9
     1     1    19     1     1    16     0     2  -140.0   36.937 -171.575    709.1    924.4
     1     1    19     1     1    15     0     3  -141.0   36.969 -171.988    743.6    920.1
     1     1    19     1     1    14     0     2  -142.0   36.993 -172.390    765.2    917.2
     1     1    19     1     1    13     0     1  -143.0   37.017 -172.786    767.2    916.2
     1     1    19     1     1    12     0     0  -144.0   37.034 -173.188    748.6    918.4
     1     1    19     1     1    11     0     1  -145.0   37.052 -173.557    743.2    922.1
     1     1    19     1     1    10     0     2  -146.0   37.062 -173.881    772.9    917.6
     1     1    19     1     1     9     0     3  -147.0   37.053 -174.190    823.3    911.0
     1     1    19     1     1     8     0     2  -148.0   37.036 -174.488    856.1    903.8
     1     1    19     1     1     7     0     1  -149.0   37.025 -174.761    841.0    905.2
     1     1    19     1     1     6     0     0  -150.0   37.012 -175.015    788.2    910.9
     1     1    19     1     1     5     0     1  -151.0   36.996 -175.244    724.0    919.9
     1     1    19     1     1     4     0     2  -152.0   36.981 -175.460    665.2    926.2
     1     1    19     1     1     3     0     3  -153.0   36.961 -175.682    610.0    932.0
     1     1    19     1     1     2     0     2  -154.0   36.940 -175.912    548.0    937.2
     1     1    19     1     1     1     0     1  -155.0   36.932 -176.134    473.7    945.7
     1     1    19     1     1     0     0     0  -156.0   36.942 -176.349    392.7    955.0
     1     1    18    12    31    23     0     1  -157.0   36.956 -176.568    327.9    964.5
     1     1    18    12    31    22     0     2  -158.0   36.953 -176.811    290.1    968.5
     1     1    18    12    31    21     0     3  -159.0   36.929 -177.092    272.3    970.1
     1     1    18    12    31    20     0     2  -160.0   36.890 -177.403    267.5    969.6
     1     1    18    12    31    19     0     1  -161.0   36.850 -177.722    271.4    968.5
     1     1    18    12    31    18     0     0  -162.0   36.810 -178.044    282.7    966.3
     1     1    18    12    31    17     0     1  -163.0   36.766 -178.385    288.8    963.5
     1     1    18    12    31    16     0     2  -164.0   36.722 -178.760    280.9    964.5
     1     1    18    12    31    15     0     3  -165.0   36.690 -179.159    266.4    966.4
     1     1    18    12    31    14     0     2  -166.0   36.666 -179.566    254.1    968.0
     1     1    18    12    31    13     0     1  -167.0   36.643 -179.983    249.8    968.3
     1     1    18    12    31    12     0     0  -168.0   36.628  179.586    254.0    967.6
     1     1    18    12    31    11     0     1  -169.0   36.622  179.146    259.7    966.1
     1     1    18    12    31    10     0     2  -170.0   36.615  178.706    258.3    965.8
     1     1    18    12    31     9     0     3  -171.0   36.597  178.262    247.6    966.7
     1     1    18    12    31     8     0     2  -172.0   36.577  177.807    234.1    968.7
     1     1    18    12    31     7     0     1  -173.0   36.565  177.341    223.0    969.7
     1     1    18    12    31     6     0     0  -174.0   36.557  176.869    213.2    970.9
     1     1    18    12    31     5     0     1  -175.0   36.549  176.395    206.7    971.4
     1     1    18    12    31     4     0     2  -176.0   36.538  175.923    205.5    971.2
     1     1    18    12    31     3     0     3  -177.0   36.528  175.463    211.0    970.3
     1     1    18    12    31     2     0     2  -178.0   36.525  175.007    219.4    969.0
     1     1    18    12    31     1     0     1  -179.0   36.539  174.543    223.5    968.4
     1     1    18    12    31     0     0     0  -180.0   36.576  174.068    221.5    968.7
     1     1    18    12    30    23     0     1  -181.0   36.636  173.572    216.9    969.6
     1     1    18    12    30    22     0     2  -182.0   36.719  173.047    215.5    969.8
     1     1    18    12    30    21     0     3  -183.0   36.826  172.505    220.5    969.4
     1     1    18    12    30    20     0     2  -184.0   36.944  171.942    229.8    967.5
     1     1    18    12    30    19     0     1  -185.0   37.065  171.350    237.8    966.3
     1     1    18    12    30    18     0     0  -186.0   37.199  170.727    241.2    965.3
     1     1    18    12    30    17     0     1  -187.0   37.335  170.091    238.1    965.5
     1     1    18    12    30    16     0     2  -188.0   37.462  169.464    233.4    966.5
     1     1    18    12    30    15     0     3  -189.0   37.588  168.862    231.6    966.7
     1     1    18    12    30    14     0     2  -190.0   37.708  168.310    231.7    966.5
     1     1    18    12    30    13     0     1  -191.0   37.811  167.811    228.7    966.4
     1     1    18    12    30    12     0     0  -192.0   37.895  167.340    215.3    967.4
     1     1    18    12    30    11     0     1  -193.0   37.977  166.874    192.2    970.8
     1     1    18    12    30    10     0     2  -194.0   38.068  166.410    168.6    974.6
     1     1    18    12    30     9     0     3  -195.0   38.165  165.949    148.9    977.3
     1     1    18    12    30     8     0     2  -196.0   38.263  165.482    135.9    979.1
     1     1    18    12    30     7     0     1  -197.0   38.354  164.996    129.7    979.3
     1     1    18    12    30     6     0     0  -198.0   38.434  164.502    127.7    979.5
     1     1    18    12    30     5     0     1  -199.0   38.520  163.996    127.6    979.3
     1     1    18    12    30     4     0     2  -200.0   38.621  163.487    123.6    979.2
     1     1    18    12    30     3     0     3  -201.0   38.728  162.980    112.5    980.3
     1     1    18    12    30     2     0     2  -202.0   38.840  162.472    100.1    982.7
     1     1    18    12    30     1     0     1  -203.0   38.956  161.959     89.6    984.6
     1     1    18    12    30     0     0     0  -204.0   39.078  161.440     78.6    986.5
     1     1    18    12    29    23     0     1  -205.0   39.203  160.915     69.2    988.1
     1     1    18    12    29    22     0     2  -206.0   39.333  160.381     63.8    988.8
     1     1    18    12    29    21     0     3  -207.0   39.464  159.845     62.1    989.6
     1     1    18    12    29    20     0     2  -208.0   39.598  159.286     61.8    988.9
     1     1    18    12    29    19     0     1  -209.0   39.738  158.683     61.9    989.0
     1     1    18    12    29    18     0     0  -210.0   39.891  158.047     64.1    988.7
     1     1    18    12    29    17     0     1  -211.0   40.048  157.396     67.1    987.6
     1     1    18    12    29    16     0     2  -212.0   40.197  156.746     68.2    987.1
     1     1    18    12    29    15     0     3  -213.0   40.346  156.096     68.4    986.7
     1     1    18    12    29    14     0     2  -214.0   40.499  155.434     68.9    987.1
     1     1    18    12    29    13     0     1  -215.0   40.658  154.747     70.6    987.3
     1     1    18    12    29    12     0     0  -216.0   40.824  154.035     74.1    986.8
     1     1    18    12    29    11     0     1  -217.0   41.007  153.316     80.0    985.8
     1     1    18    12    29    10     0     2  -218.0   41.204  152.599     89.0    984.5
     1     1    18    12    29     9     0     3  -219.0   41.407  151.876    101.9    982.9
     1     1    18    12    29     8     0     2  -220.0   41.615  151.149    116.6    981.1
     1     1    18    12    29     7     0     1  -221.0   41.824  150.430    129.9    979.9
     1     1    18    12    29     6     0     0  -222.0   42.029  149.732    138.9    978.7
     1     1    18    12    29     5     0     1  -223.0   42.238  149.045    146.4    978.4
     1     1    18    12    29     4     0     2  -224.0   42.461  148.358    153.3    977.1
     1     1    18    12    29     3     0     3  -225.0   42.691  147.685    149.9    977.3
     1     1    18    12    29     2     0     2  -226.0   42.921  147.050    135.2    980.8
     1     1    18    12    29     1     0     1  -227.0   43.153  146.466    129.5    983.3
     1     1    18    12    29     0     0     0  -228.0   43.410  145.930    155.8    979.5
     1     1    18    12    28    23     0     1  -229.0   43.710  145.398    191.9    955.0
     1     1    18    12    28    22     0     2  -230.0   44.021  144.822    160.8    939.6
     1     1    18    12    28    21     0     3  -231.0   44.289  144.294    119.1    972.8
     1     1    18    12    28    20     0     2  -232.0   44.555  143.781    110.5    972.0
     1     1    18    12    28    19     0     1  -233.0   44.831  143.250    103.1    973.7
     1     1    18    12    28    18     0     0  -234.0   45.114  142.730     91.5    984.1
     1     1    18    12    28    17     0     1  -235.0   45.378  142.294     79.0    982.7
     1     1    18    12    28    16     0     2  -236.0   45.624  141.933     72.6    983.8
     1     1    18    12    28    15     0     3  -237.0   45.906  141.548     78.5    987.0
     1     1    18    12    28    14     0     2  -238.0   46.257  141.113     87.7    987.4
     1     1    18    12    28    13     0     1  -239.0   46.624  140.715     89.4    989.0
     1     1    18    12    28    12     0     0  -240.0   46.976  140.357     85.3    989.2
