     7     1
    GDAS    19     6     1     0     0
    GDAS    19     7     1     0     0
    GDAS    19     8     1     0     0
    GDAS    19     9     1     0     0
    GDAS    19    10     1     0     0
    GDAS    19    11     1     0     0
    GDAS    19    12     1     0     0
     1 BACKWARD OMEGA   
    19     9    17    12   21.319 -157.670    10.0
     1 PRESSURE
     1     1    19     9    17    12     0     0     0.0   21.319 -157.670     10.0   1009.7
     1     1    19     9    17    11     0     1    -1.0   21.257 -157.476     23.8   1006.0
     1     1    19     9    17    10     0     2    -2.0   21.213 -157.323     41.7   1002.5
     1     1    19     9    17     9     0     3    -3.0   21.183 -157.195     60.6    999.4
     1     1    19     9    17     8     0     2    -4.0   21.180 -157.073     85.2    995.9
     1     1    19     9    17     7     0     1    -5.0   21.203 -156.932    117.0    992.3
     1     1    19     9    17     6     0     0    -6.0   21.225 -156.753    148.8    989.9
     1     1    19     9    17     5     0     1    -7.0   21.218 -156.538    170.8    987.7
     1     1    19     9    17     4     0     2    -8.0   21.169 -156.295    187.4    988.2
     1     1    19     9    17     3     0     3    -9.0   21.072 -156.011    214.8    987.9
     1     1    19     9    17     2     0     2   -10.0   20.948 -155.708    260.9    983.0
     1     1    19     9    17     1     0     1   -11.0   20.832 -155.427    319.7    976.0
     1     1    19     9    17     0     0     0   -12.0   20.717 -155.158    388.5    968.7
     1     1    19     9    16    23     0     1   -13.0   20.592 -154.889    448.9    960.6
     1     1    19     9    16    22     0     2   -14.0   20.466 -154.619    486.2    957.2
     1     1    19     9    16    21     0     3   -15.0   20.357 -154.339    510.3    955.5
     1     1    19     9    16    20     0     2   -16.0   20.283 -154.049    509.7    954.2
     1     1    19     9    16    19     0     1   -17.0   20.236 -153.762    488.6    958.7
     1     1    19     9    16    18     0     0   -18.0   20.207 -153.485    473.1    961.9
     1     1    19     9    16    17     0     1   -19.0   20.190 -153.215    467.1    961.6
     1     1    19     9    16    16     0     2   -20.0   20.173 -152.944    459.2    961.4
     1     1    19     9    16    15     0     3   -21.0   20.148 -152.673    437.9    962.9
     1     1    19     9    16    14     0     2   -22.0   20.125 -152.409    415.8    967.0
     1     1    19     9    16    13     0     1   -23.0   20.117 -152.148    412.8    967.6
     1     1    19     9    16    12     0     0   -24.0   20.123 -151.879    434.5    965.3
     1     1    19     9    16    11     0     1   -25.0   20.133 -151.609    457.4    960.6
     1     1    19     9    16    10     0     2   -26.0   20.143 -151.347    463.5    961.6
     1     1    19     9    16     9     0     3   -27.0   20.162 -151.091    467.8    963.0
     1     1    19     9    16     8     0     2   -28.0   20.187 -150.828    474.9    961.4
     1     1    19     9    16     7     0     1   -29.0   20.214 -150.550    480.4    960.3
     1     1    19     9    16     6     0     0   -30.0   20.246 -150.255    484.1    959.7
     1     1    19     9    16     5     0     1   -31.0   20.283 -149.951    492.7    959.1
     1     1    19     9    16     4     0     2   -32.0   20.320 -149.646    505.2    956.6
     1     1    19     9    16     3     0     3   -33.0   20.364 -149.345    509.7    955.3
     1     1    19     9    16     2     0     2   -34.0   20.416 -149.055    512.7    956.3
     1     1    19     9    16     1     0     1   -35.0   20.472 -148.779    525.7    954.8
     1     1    19     9    16     0     0     0   -36.0   20.528 -148.517    540.1    952.3
     1     1    19     9    15    23     0     1   -37.0   20.586 -148.260    539.9    952.3
     1     1    19     9    15    22     0     2   -38.0   20.652 -148.005    526.2    955.5
     1     1    19     9    15    21     0     3   -39.0   20.720 -147.747    521.6    958.2
     1     1    19     9    15    20     0     2   -40.0   20.786 -147.485    527.5    956.1
     1     1    19     9    15    19     0     1   -41.0   20.853 -147.215    534.3    955.5
     1     1    19     9    15    18     0     0   -42.0   20.927 -146.936    549.4    954.3
     1     1    19     9    15    17     0     1   -43.0   21.006 -146.655    559.0    951.1
     1     1    19     9    15    16     0     2   -44.0   21.083 -146.382    560.9    952.7
     1     1    19     9    15    15     0     3   -45.0   21.157 -146.124    589.8    951.4
     1     1    19     9    15    14     0     2   -46.0   21.228 -145.871    626.5    943.1
     1     1    19     9    15    13     0     1   -47.0   21.298 -145.616    632.5    941.9
     1     1    19     9    15    12     0     0   -48.0   21.362 -145.358    627.7    944.2
     1     1    19     9    15    11     0     1   -49.0   21.421 -145.102    626.8    944.4
     1     1    19     9    15    10     0     2   -50.0   21.481 -144.851    625.1    945.3
     1     1    19     9    15     9     0     3   -51.0   21.541 -144.601    627.9    946.0
     1     1    19     9    15     8     0     2   -52.0   21.601 -144.350    631.3    945.2
     1     1    19     9    15     7     0     1   -53.0   21.663 -144.098    633.8    945.9
     1     1    19     9    15     6     0     0   -54.0   21.732 -143.847    654.0    945.3
     1     1    19     9    15     5     0     1   -55.0   21.811 -143.596    689.5    939.0
     1     1    19     9    15     4     0     2   -56.0   21.903 -143.342    722.7    934.4
     1     1    19     9    15     3     0     3   -57.0   22.003 -143.086    750.5    931.0
     1     1    19     9    15     2     0     2   -58.0   22.109 -142.831    769.4    928.5
     1     1    19     9    15     1     0     1   -59.0   22.213 -142.586    783.0    927.8
     1     1    19     9    15     0     0     0   -60.0   22.306 -142.356    806.6    926.3
     1     1    19     9    14    23     0     1   -61.0   22.390 -142.135    832.4    922.5
     1     1    19     9    14    22     0     2   -62.0   22.469 -141.915    845.3    921.7
     1     1    19     9    14    21     0     3   -63.0   22.544 -141.696    855.0    922.1
     1     1    19     9    14    20     0     2   -64.0   22.621 -141.479    869.6    920.6
     1     1    19     9    14    19     0     1   -65.0   22.702 -141.253    877.5    918.7
     1     1    19     9    14    18     0     0   -66.0   22.783 -141.006    857.2    919.8
     1     1    19     9    14    17     0     1   -67.0   22.864 -140.749    830.9    925.5
     1     1    19     9    14    16     0     2   -68.0   22.951 -140.501    823.7    925.3
     1     1    19     9    14    15     0     3   -69.0   23.042 -140.265    826.0    924.3
     1     1    19     9    14    14     0     2   -70.0   23.127 -140.039    837.2    923.2
     1     1    19     9    14    13     0     1   -71.0   23.200 -139.820    860.7    920.7
     1     1    19     9    14    12     0     0   -72.0   23.264 -139.606    894.9    916.6
     1     1    19     9    14    11     0     1   -73.0   23.323 -139.395    925.8    912.2
     1     1    19     9    14    10     0     2   -74.0   23.376 -139.188    939.2    910.7
     1     1    19     9    14     9     0     3   -75.0   23.414 -138.988    928.1    911.9
     1     1    19     9    14     8     0     2   -76.0   23.445 -138.787    908.8    916.4
     1     1    19     9    14     7     0     1   -77.0   23.483 -138.577    901.3    917.2
     1     1    19     9    14     6     0     0   -78.0   23.532 -138.366    902.5    916.9
     1     1    19     9    14     5     0     1   -79.0   23.583 -138.159    907.7    915.8
     1     1    19     9    14     4     0     2   -80.0   23.622 -137.957    909.5    914.8
     1     1    19     9    14     3     0     3   -81.0   23.647 -137.757    905.8    915.2
     1     1    19     9    14     2     0     2   -82.0   23.673 -137.556    896.3    915.5
     1     1    19     9    14     1     0     1   -83.0   23.707 -137.345    877.5    917.3
     1     1    19     9    14     0     0     0   -84.0   23.742 -137.122    850.5    919.8
     1     1    19     9    13    23     0     1   -85.0   23.776 -136.887    822.4    923.7
     1     1    19     9    13    22     0     2   -86.0   23.807 -136.644    799.9    926.7
     1     1    19     9    13    21     0     3   -87.0   23.837 -136.403    784.2    928.9
     1     1    19     9    13    20     0     2   -88.0   23.862 -136.159    767.9    930.0
     1     1    19     9    13    19     0     1   -89.0   23.877 -135.905    736.3    932.8
     1     1    19     9    13    18     0     0   -90.0   23.885 -135.639    695.0    939.0
     1     1    19     9    13    17     0     1   -91.0   23.900 -135.369    671.2    942.9
     1     1    19     9    13    16     0     2   -92.0   23.930 -135.101    672.7    941.6
     1     1    19     9    13    15     0     3   -93.0   23.969 -134.833    686.2    938.7
     1     1    19     9    13    14     0     2   -94.0   24.015 -134.569    708.7    936.4
     1     1    19     9    13    13     0     1   -95.0   24.064 -134.314    738.3    932.1
     1     1    19     9    13    12     0     0   -96.0   24.112 -134.065    763.3    928.6
     1     1    19     9    13    11     0     1   -97.0   24.159 -133.822    783.2    927.4
     1     1    19     9    13    10     0     2   -98.0   24.204 -133.587    804.1    925.8
     1     1    19     9    13     9     0     3   -99.0   24.251 -133.355    827.4    923.7
     1     1    19     9    13     8     0     2  -100.0   24.300 -133.123    849.5    921.2
     1     1    19     9    13     7     0     1  -101.0   24.354 -132.892    866.8    919.5
     1     1    19     9    13     6     0     0  -102.0   24.413 -132.666    880.7    918.4
     1     1    19     9    13     5     0     1  -103.0   24.478 -132.447    886.7    916.9
     1     1    19     9    13     4     0     2  -104.0   24.548 -132.234    879.3    917.6
     1     1    19     9    13     3     0     3  -105.0   24.621 -132.023    859.0    919.5
     1     1    19     9    13     2     0     2  -106.0   24.696 -131.806    840.3    922.6
     1     1    19     9    13     1     0     1  -107.0   24.770 -131.582    832.9    922.6
     1     1    19     9    13     0     0     0  -108.0   24.842 -131.353    826.8    922.3
     1     1    19     9    12    23     0     1  -109.0   24.912 -131.121    829.8    923.9
     1     1    19     9    12    22     0     2  -110.0   24.983 -130.892    854.3    921.8
     1     1    19     9    12    21     0     3  -111.0   25.055 -130.665    894.8    917.7
     1     1    19     9    12    20     0     2  -112.0   25.126 -130.447    947.3    911.9
     1     1    19     9    12    19     0     1  -113.0   25.189 -130.249   1006.0    904.9
     1     1    19     9    12    18     0     0  -114.0   25.241 -130.076   1060.3    898.7
     1     1    19     9    12    17     0     1  -115.0   25.285 -129.919   1102.0    893.5
     1     1    19     9    12    16     0     2  -116.0   25.325 -129.762   1128.4    890.6
     1     1    19     9    12    15     0     3  -117.0   25.363 -129.607   1142.6    888.9
     1     1    19     9    12    14     0     2  -118.0   25.398 -129.456   1146.2    888.3
     1     1    19     9    12    13     0     1  -119.0   25.431 -129.307   1144.5    888.7
     1     1    19     9    12    12     0     0  -120.0   25.461 -129.155   1147.2    888.7
     1     1    19     9    12    11     0     1  -121.0   25.482 -128.996   1155.0    887.9
     1     1    19     9    12    10     0     2  -122.0   25.489 -128.829   1163.0    887.3
     1     1    19     9    12     9     0     3  -123.0   25.482 -128.656   1169.4    886.9
     1     1    19     9    12     8     0     2  -124.0   25.480 -128.473   1172.5    886.5
     1     1    19     9    12     7     0     1  -125.0   25.498 -128.272   1164.6    886.8
     1     1    19     9    12     6     0     0  -126.0   25.538 -128.051   1134.1    889.4
     1     1    19     9    12     5     0     1  -127.0   25.598 -127.821   1099.5    895.2
     1     1    19     9    12     4     0     2  -128.0   25.677 -127.597   1090.4    896.3
     1     1    19     9    12     3     0     3  -129.0   25.771 -127.377   1110.4    893.9
     1     1    19     9    12     2     0     2  -130.0   25.875 -127.165   1144.6    888.7
     1     1    19     9    12     1     0     1  -131.0   25.983 -126.969   1170.4    885.0
     1     1    19     9    12     0     0     0  -132.0   26.094 -126.795   1182.2    883.7
     1     1    19     9    11    23     0     1  -133.0   26.209 -126.642   1191.1    884.3
     1     1    19     9    11    22     0     2  -134.0   26.324 -126.510   1206.7    883.0
     1     1    19     9    11    21     0     3  -135.0   26.439 -126.389   1228.7    881.1
     1     1    19     9    11    20     0     2  -136.0   26.557 -126.267   1259.6    878.4
     1     1    19     9    11    19     0     1  -137.0   26.680 -126.137   1302.0    874.5
     1     1    19     9    11    18     0     0  -138.0   26.805 -126.003   1356.7    869.2
     1     1    19     9    11    17     0     1  -139.0   26.931 -125.879   1408.7    862.1
     1     1    19     9    11    16     0     2  -140.0   27.060 -125.777   1443.3    858.2
     1     1    19     9    11    15     0     3  -141.0   27.191 -125.693   1463.7    856.2
     1     1    19     9    11    14     0     2  -142.0   27.322 -125.617   1480.7    854.9
     1     1    19     9    11    13     0     1  -143.0   27.450 -125.543   1499.0    852.5
     1     1    19     9    11    12     0     0  -144.0   27.574 -125.470   1513.4    850.3
     1     1    19     9    11    11     0     1  -145.0   27.699 -125.396   1525.3    849.7
     1     1    19     9    11    10     0     2  -146.0   27.829 -125.320   1540.2    848.6
     1     1    19     9    11     9     0     3  -147.0   27.968 -125.243   1561.8    846.8
     1     1    19     9    11     8     0     2  -148.0   28.118 -125.172   1583.1    844.0
     1     1    19     9    11     7     0     1  -149.0   28.284 -125.111   1596.7    842.9
     1     1    19     9    11     6     0     0  -150.0   28.462 -125.057   1605.4    842.4
     1     1    19     9    11     5     0     1  -151.0   28.655 -125.014   1617.3    841.3
     1     1    19     9    11     4     0     2  -152.0   28.861 -124.988   1636.1    838.8
     1     1    19     9    11     3     0     3  -153.0   29.079 -124.981   1657.2    836.0
     1     1    19     9    11     2     0     2  -154.0   29.309 -124.992   1679.2    833.8
     1     1    19     9    11     1     0     1  -155.0   29.548 -125.024   1706.3    831.4
     1     1    19     9    11     0     0     0  -156.0   29.791 -125.077   1744.7    827.8
     1     1    19     9    10    23     0     1  -157.0   30.036 -125.148   1785.2    823.0
     1     1    19     9    10    22     0     2  -158.0   30.286 -125.233   1810.9    820.3
     1     1    19     9    10    21     0     3  -159.0   30.538 -125.331   1823.9    819.9
     1     1    19     9    10    20     0     2  -160.0   30.787 -125.434   1842.5    819.6
     1     1    19     9    10    19     0     1  -161.0   31.024 -125.546   1880.7    816.4
     1     1    19     9    10    18     0     0  -162.0   31.259 -125.670   1931.9    810.7
     1     1    19     9    10    17     0     1  -163.0   31.514 -125.811   1974.3    805.0
     1     1    19     9    10    16     0     2  -164.0   31.800 -125.975   1991.3    802.7
     1     1    19     9    10    15     0     3  -165.0   32.110 -126.168   1982.7    803.4
     1     1    19     9    10    14     0     2  -166.0   32.424 -126.382   1973.0    806.1
     1     1    19     9    10    13     0     1  -167.0   32.727 -126.616   1973.9    805.0
     1     1    19     9    10    12     0     0  -168.0   33.017 -126.881   1965.2    804.6
     1     1    19     9    10    11     0     1  -169.0   33.301 -127.147   1959.2    808.0
     1     1    19     9    10    10     0     2  -170.0   33.571 -127.396   1976.9    806.2
     1     1    19     9    10     9     0     3  -171.0   33.813 -127.643   2015.5    803.0
     1     1    19     9    10     8     0     2  -172.0   34.039 -127.891   2061.1    797.3
     1     1    19     9    10     7     0     1  -173.0   34.275 -128.129   2096.5    793.8
     1     1    19     9    10     6     0     0  -174.0   34.527 -128.355   2132.0    791.6
     1     1    19     9    10     5     0     1  -175.0   34.793 -128.589   2182.2    786.9
     1     1    19     9    10     4     0     2  -176.0   35.076 -128.847   2244.4    780.5
     1     1    19     9    10     3     0     3  -177.0   35.379 -129.132   2311.4    773.9
     1     1    19     9    10     2     0     2  -178.0   35.699 -129.439   2363.9    767.4
     1     1    19     9    10     1     0     1  -179.0   36.030 -129.769   2378.5    765.5
     1     1    19     9    10     0     0     0  -180.0   36.366 -130.118   2370.5    768.2
     1     1    19     9     9    23     0     1  -181.0   36.690 -130.472   2378.3    769.5
     1     1    19     9     9    22     0     2  -182.0   36.992 -130.830   2409.6    765.9
     1     1    19     9     9    21     0     3  -183.0   37.279 -131.200   2457.5    762.0
     1     1    19     9     9    20     0     2  -184.0   37.573 -131.577   2511.7    755.9
     1     1    19     9     9    19     0     1  -185.0   37.882 -131.957   2556.6    751.7
     1     1    19     9     9    18     0     0  -186.0   38.202 -132.344   2589.9    748.7
     1     1    19     9     9    17     0     1  -187.0   38.532 -132.737   2611.2    746.5
     1     1    19     9     9    16     0     2  -188.0   38.877 -133.144   2629.4    745.5
     1     1    19     9     9    15     0     3  -189.0   39.240 -133.575   2650.3    743.0
     1     1    19     9     9    14     0     2  -190.0   39.620 -134.024   2679.8    741.1
     1     1    19     9     9    13     0     1  -191.0   40.011 -134.502   2703.4    736.8
     1     1    19     9     9    12     0     0  -192.0   40.402 -134.993   2707.9    737.3
     1     1    19     9     9    11     0     1  -193.0   40.787 -135.484   2713.4    737.9
     1     1    19     9     9    10     0     2  -194.0   41.172 -135.979   2739.6    736.6
     1     1    19     9     9     9     0     3  -195.0   41.559 -136.469   2778.6    731.4
     1     1    19     9     9     8     0     2  -196.0   41.951 -136.955   2814.2    728.6
     1     1    19     9     9     7     0     1  -197.0   42.350 -137.440   2850.7    725.6
     1     1    19     9     9     6     0     0  -198.0   42.765 -137.930   2904.0    722.0
     1     1    19     9     9     5     0     1  -199.0   43.199 -138.447   2970.9    714.2
     1     1    19     9     9     4     0     2  -200.0   43.633 -138.989   3041.3    708.6
     1     1    19     9     9     3     0     3  -201.0   44.067 -139.565   3126.9    701.0
     1     1    19     9     9     2     0     2  -202.0   44.498 -140.164   3211.4    692.3
     1     1    19     9     9     1     0     1  -203.0   44.925 -140.767   3285.6    686.4
     1     1    19     9     9     0     0     0  -204.0   45.343 -141.366   3343.9    680.4
     1     1    19     9     8    23     0     1  -205.0   45.749 -141.962   3373.9    677.8
     1     1    19     9     8    22     0     2  -206.0   46.146 -142.545   3366.8    677.8
     1     1    19     9     8    21     0     3  -207.0   46.538 -143.087   3343.2    682.4
     1     1    19     9     8    20     0     2  -208.0   46.933 -143.610   3348.4    683.1
     1     1    19     9     8    19     0     1  -209.0   47.327 -144.135   3386.7    678.6
     1     1    19     9     8    18     0     0  -210.0   47.728 -144.657   3461.8    673.5
     1     1    19     9     8    17     0     1  -211.0   48.135 -145.184   3585.4    662.4
     1     1    19     9     8    16     0     2  -212.0   48.539 -145.722   3696.7    648.7
     1     1    19     9     8    15     0     3  -213.0   48.946 -146.280   3766.7    644.9
     1     1    19     9     8    14     0     2  -214.0   49.341 -146.855   3825.2    640.2
     1     1    19     9     8    13     0     1  -215.0   49.708 -147.437   3860.9    635.9
     1     1    19     9     8    12     0     0  -216.0   50.067 -148.029   3850.8    635.8
     1     1    19     9     8    11     0     1  -217.0   50.396 -148.614   3843.0    640.9
     1     1    19     9     8    10     0     2  -218.0   50.687 -149.209   3878.5    636.6
     1     1    19     9     8     9     0     3  -219.0   50.960 -149.827   3919.4    631.6
     1     1    19     9     8     8     0     2  -220.0   51.201 -150.451   3948.6    629.1
     1     1    19     9     8     7     0     1  -221.0   51.414 -151.076   3982.5    626.9
     1     1    19     9     8     6     0     0  -222.0   51.608 -151.717   4043.9    622.4
     1     1    19     9     8     5     0     1  -223.0   51.778 -152.378   4130.7    614.1
     1     1    19     9     8     4     0     2  -224.0   51.943 -153.048   4222.9    605.7
     1     1    19     9     8     3     0     3  -225.0   52.109 -153.734   4300.4    598.3
     1     1    19     9     8     2     0     2  -226.0   52.250 -154.441   4363.5    593.6
     1     1    19     9     8     1     0     1  -227.0   52.378 -155.195   4443.6    587.8
     1     1    19     9     8     0     0     0  -228.0   52.509 -156.020   4573.8    576.7
     1     1    19     9     7    23     0     1  -229.0   52.606 -156.882   4732.7    563.2
     1     1    19     9     7    22     0     2  -230.0   52.670 -157.784   4828.2    554.3
     1     1    19     9     7    21     0     3  -231.0   52.738 -158.763   4847.1    554.6
     1     1    19     9     7    20     0     2  -232.0   52.768 -159.767   4941.8    545.9
     1     1    19     9     7    19     0     1  -233.0   52.761 -160.792   5072.5    536.2
     1     1    19     9     7    18     0     0  -234.0   52.763 -161.897   5232.0    522.9
     1     1    19     9     7    17     0     1  -235.0   52.744 -163.020   5282.8    517.9
     1     1    19     9     7    16     0     2  -236.0   52.714 -164.121   5308.5    517.3
     1     1    19     9     7    15     0     3  -237.0   52.713 -165.270   5358.6    511.4
     1     1    19     9     7    14     0     2  -238.0   52.709 -166.414   5338.8    515.4
     1     1    19     9     7    13     0     1  -239.0   52.713 -167.546   5489.7    500.1
     1     1    19     9     7    12     0     0  -240.0   52.755 -168.673   5545.3    501.0
