     7     1
    GDAS    19     6     1     0     0
    GDAS    19     7     1     0     0
    GDAS    19     8     1     0     0
    GDAS    19     9     1     0     0
    GDAS    19    10     1     0     0
    GDAS    19    11     1     0     0
    GDAS    19    12     1     0     0
     1 BACKWARD OMEGA   
    19    11    13    18   21.319 -157.670    10.0
     1 PRESSURE
     1     1    19    11    13    18     0     0     0.0   21.319 -157.670     10.0   1011.3
     1     1    19    11    13    17     0     1    -1.0   21.362 -157.555     20.1   1009.9
     1     1    19    11    13    16     0     2    -2.0   21.401 -157.442     43.7   1007.0
     1     1    19    11    13    15     0     3    -3.0   21.437 -157.330     84.3   1001.7
     1     1    19    11    13    14     0     2    -4.0   21.468 -157.222    138.0    995.2
     1     1    19    11    13    13     0     1    -5.0   21.491 -157.117    208.0    986.6
     1     1    19    11    13    12     0     0    -6.0   21.510 -157.014    299.0    976.3
     1     1    19    11    13    11     0     1    -7.0   21.529 -156.898    396.6    964.9
     1     1    19    11    13    10     0     2    -8.0   21.548 -156.757    472.6    957.1
     1     1    19    11    13     9     0     3    -9.0   21.566 -156.598    519.7    953.3
     1     1    19    11    13     8     0     2   -10.0   21.588 -156.436    547.8    952.0
     1     1    19    11    13     7     0     1   -11.0   21.623 -156.288    566.6    950.3
     1     1    19    11    13     6     0     0   -12.0   21.668 -156.159    574.6    949.7
     1     1    19    11    13     5     0     1   -13.0   21.718 -156.046    565.1    950.0
     1     1    19    11    13     4     0     2   -14.0   21.765 -155.937    538.0    953.4
     1     1    19    11    13     3     0     3   -15.0   21.811 -155.829    505.6    957.0
     1     1    19    11    13     2     0     2   -16.0   21.850 -155.719    487.1    960.4
     1     1    19    11    13     1     0     1   -17.0   21.878 -155.607    494.7    959.0
     1     1    19    11    13     0     0     0   -18.0   21.898 -155.497    527.8    955.0
     1     1    19    11    12    23     0     1   -19.0   21.915 -155.386    567.8    949.6
     1     1    19    11    12    22     0     2   -20.0   21.934 -155.268    597.2    947.8
     1     1    19    11    12    21     0     3   -21.0   21.955 -155.139    626.3    946.4
     1     1    19    11    12    20     0     2   -22.0   21.984 -155.009    656.4    942.1
     1     1    19    11    12    19     0     1   -23.0   22.022 -154.891    672.6    939.1
     1     1    19    11    12    18     0     0   -24.0   22.070 -154.782    670.4    939.6
     1     1    19    11    12    17     0     1   -25.0   22.122 -154.678    666.6    941.4
     1     1    19    11    12    16     0     2   -26.0   22.176 -154.576    672.5    940.4
     1     1    19    11    12    15     0     3   -27.0   22.231 -154.475    685.7    938.7
     1     1    19    11    12    14     0     2   -28.0   22.288 -154.371    700.6    936.4
     1     1    19    11    12    13     0     1   -29.0   22.342 -154.257    709.0    934.8
     1     1    19    11    12    12     0     0   -30.0   22.393 -154.132    702.3    934.8
     1     1    19    11    12    11     0     1   -31.0   22.443 -153.998    680.4    938.3
     1     1    19    11    12    10     0     2   -32.0   22.493 -153.858    644.7    942.8
     1     1    19    11    12     9     0     3   -33.0   22.542 -153.713    589.6    948.9
     1     1    19    11    12     8     0     2   -34.0   22.598 -153.567    534.3    956.9
     1     1    19    11    12     7     0     1   -35.0   22.666 -153.422    495.8    960.8
     1     1    19    11    12     6     0     0   -36.0   22.738 -153.280    473.3    963.1
     1     1    19    11    12     5     0     1   -37.0   22.818 -153.148    458.0    963.6
     1     1    19    11    12     4     0     2   -38.0   22.911 -153.028    445.9    965.3
     1     1    19    11    12     3     0     3   -39.0   23.019 -152.924    445.1    965.5
     1     1    19    11    12     2     0     2   -40.0   23.141 -152.834    450.2    963.4
     1     1    19    11    12     1     0     1   -41.0   23.269 -152.753    448.6    963.1
     1     1    19    11    12     0     0     0   -42.0   23.401 -152.674    435.0    964.1
     1     1    19    11    11    23     0     1   -43.0   23.535 -152.588    415.0    968.0
     1     1    19    11    11    22     0     2   -44.0   23.675 -152.492    398.7    970.7
     1     1    19    11    11    21     0     3   -45.0   23.827 -152.379    388.3    972.7
     1     1    19    11    11    20     0     2   -46.0   23.986 -152.276    366.9    973.1
     1     1    19    11    11    19     0     1   -47.0   24.138 -152.219    326.4    978.3
     1     1    19    11    11    18     0     0   -48.0   24.285 -152.203    280.1    984.5
     1     1    19    11    11    17     0     1   -49.0   24.430 -152.195    243.6    989.2
     1     1    19    11    11    16     0     2   -50.0   24.573 -152.176    221.3    990.8
     1     1    19    11    11    15     0     3   -51.0   24.720 -152.148    207.4    991.7
     1     1    19    11    11    14     0     2   -52.0   24.879 -152.107    201.5    992.4
     1     1    19    11    11    13     0     1   -53.0   25.045 -152.051    205.3    991.7
     1     1    19    11    11    12     0     0   -54.0   25.202 -151.996    214.4    990.1
     1     1    19    11    11    11     0     1   -55.0   25.347 -151.967    219.5    989.4
     1     1    19    11    11    10     0     2   -56.0   25.501 -151.959    216.6    990.3
     1     1    19    11    11     9     0     3   -57.0   25.685 -151.937    210.5    991.7
     1     1    19    11    11     8     0     2   -58.0   25.879 -151.902    198.5    992.0
     1     1    19    11    11     7     0     1   -59.0   26.040 -151.903    174.5    994.5
     1     1    19    11    11     6     0     0   -60.0   26.172 -151.953    143.7    999.0
     1     1    19    11    11     5     0     1   -61.0   26.292 -152.003    123.1   1002.0
     1     1    19    11    11     4     0     2   -62.0   26.398 -152.022    118.3   1001.6
     1     1    19    11    11     3     0     3   -63.0   26.488 -152.020    122.7   1000.5
     1     1    19    11    11     2     0     2   -64.0   26.566 -152.005    122.7    999.1
     1     1    19    11    11     1     0     1   -65.0   26.634 -151.983    107.5   1000.3
     1     1    19    11    11     0     0     0   -66.0   26.681 -151.959     82.1   1003.0
     1     1    19    11    10    23     0     1   -67.0   26.719 -151.925     61.7   1008.2
     1     1    19    11    10    22     0     2   -68.0   26.765 -151.863     50.8   1010.0
     1     1    19    11    10    21     0     3   -69.0   26.818 -151.776     45.8   1011.6
     1     1    19    11    10    20     0     2   -70.0   26.877 -151.683     43.3   1010.8
     1     1    19    11    10    19     0     1   -71.0   26.945 -151.601     41.2   1010.2
     1     1    19    11    10    18     0     0   -72.0   27.022 -151.534     39.4   1009.6
     1     1    19    11    10    17     0     1   -73.0   27.111 -151.495     39.2   1010.0
     1     1    19    11    10    16     0     2   -74.0   27.212 -151.485     41.4   1009.8
     1     1    19    11    10    15     0     3   -75.0   27.331 -151.497     45.7   1009.2
     1     1    19    11    10    14     0     2   -76.0   27.458 -151.520     50.4   1008.0
     1     1    19    11    10    13     0     1   -77.0   27.584 -151.549     54.1   1007.1
     1     1    19    11    10    12     0     0   -78.0   27.711 -151.587     57.7   1006.1
     1     1    19    11    10    11     0     1   -79.0   27.839 -151.633     62.2   1006.2
     1     1    19    11    10    10     0     2   -80.0   27.966 -151.684     68.1   1006.1
     1     1    19    11    10     9     0     3   -81.0   28.087 -151.747     74.8   1005.9
     1     1    19    11    10     8     0     2   -82.0   28.209 -151.833     82.5   1004.5
     1     1    19    11    10     7     0     1   -83.0   28.341 -151.944     91.9   1002.8
     1     1    19    11    10     6     0     0   -84.0   28.480 -152.073    103.9   1000.8
     1     1    19    11    10     5     0     1   -85.0   28.612 -152.227    112.2    998.6
     1     1    19    11    10     4     0     2   -86.0   28.735 -152.416    111.5    998.2
     1     1    19    11    10     3     0     3   -87.0   28.865 -152.634    106.7    998.5
     1     1    19    11    10     2     0     2   -88.0   28.994 -152.871    101.6    998.5
     1     1    19    11    10     1     0     1   -89.0   29.099 -153.124     93.4    998.5
     1     1    19    11    10     0     0     0   -90.0   29.181 -153.404     80.6    999.5
     1     1    19    11     9    23     0     1   -91.0   29.254 -153.702     69.7   1001.8
     1     1    19    11     9    22     0     2   -92.0   29.324 -153.997     64.4   1002.4
     1     1    19    11     9    21     0     3   -93.0   29.385 -154.290     62.6   1002.7
     1     1    19    11     9    20     0     2   -94.0   29.438 -154.591     61.6   1002.3
     1     1    19    11     9    19     0     1   -95.0   29.488 -154.890     58.5   1002.3
     1     1    19    11     9    18     0     0   -96.0   29.531 -155.176     53.1   1002.7
     1     1    19    11     9    17     0     1   -97.0   29.578 -155.461     47.7   1003.0
     1     1    19    11     9    16     0     2   -98.0   29.648 -155.755     45.1   1002.9
     1     1    19    11     9    15     0     3   -99.0   29.741 -156.046     47.5   1002.5
     1     1    19    11     9    14     0     2  -100.0   29.831 -156.341     50.3   1000.8
     1     1    19    11     9    13     0     1  -101.0   29.907 -156.640     49.0   1000.4
     1     1    19    11     9    12     0     0  -102.0   30.002 -156.936     47.7   1000.1
     1     1    19    11     9    11     0     1  -103.0   30.111 -157.221     45.9   1000.8
     1     1    19    11     9    10     0     2  -104.0   30.210 -157.499     42.1   1002.1
     1     1    19    11     9     9     0     3  -105.0   30.306 -157.775     38.9   1003.4
     1     1    19    11     9     8     0     2  -106.0   30.396 -158.041     37.1   1003.1
     1     1    19    11     9     7     0     1  -107.0   30.471 -158.291     35.4   1002.5
     1     1    19    11     9     6     0     0  -108.0   30.534 -158.534     33.1   1002.1
     1     1    19    11     9     5     0     1  -109.0   30.602 -158.776     30.9   1002.3
     1     1    19    11     9     4     0     2  -110.0   30.680 -159.016     29.8   1002.3
     1     1    19    11     9     3     0     3  -111.0   30.762 -159.248     29.5   1002.3
     1     1    19    11     9     2     0     2  -112.0   30.845 -159.477     29.5   1002.4
     1     1    19    11     9     1     0     1  -113.0   30.938 -159.713     29.5   1002.6
     1     1    19    11     9     0     0     0  -114.0   31.055 -159.959     29.3   1002.7
     1     1    19    11     8    23     0     1  -115.0   31.180 -160.168     28.2   1003.8
     1     1    19    11     8    22     0     2  -116.0   31.289 -160.316     26.8   1005.1
     1     1    19    11     8    21     0     3  -117.0   31.381 -160.418     25.5   1006.3
     1     1    19    11     8    20     0     2  -118.0   31.471 -160.489     23.9   1006.6
     1     1    19    11     8    19     0     1  -119.0   31.571 -160.538     22.1   1007.0
     1     1    19    11     8    18     0     0  -120.0   31.672 -160.570     20.8   1007.3
     1     1    19    11     8    17     0     1  -121.0   31.775 -160.586     19.9   1007.3
     1     1    19    11     8    16     0     2  -122.0   31.879 -160.588     19.2   1007.4
     1     1    19    11     8    15     0     3  -123.0   31.987 -160.573     19.0   1007.5
     1     1    19    11     8    14     0     2  -124.0   32.103 -160.545     18.9   1007.4
     1     1    19    11     8    13     0     1  -125.0   32.231 -160.505     18.6   1007.3
     1     1    19    11     8    12     0     0  -126.0   32.369 -160.456     17.7   1007.4
     1     1    19    11     8    11     0     1  -127.0   32.515 -160.396     16.1   1008.3
     1     1    19    11     8    10     0     2  -128.0   32.673 -160.322     14.4   1009.2
     1     1    19    11     8     9     0     3  -129.0   32.846 -160.234     12.8   1009.9
     1     1    19    11     8     8     0     2  -130.0   33.027 -160.128     11.8   1010.1
     1     1    19    11     8     7     0     1  -131.0   33.210 -160.011     11.3   1010.3
     1     1    19    11     8     6     0     0  -132.0   33.395 -159.885     11.2   1010.3
     1     1    19    11     8     5     0     1  -133.0   33.587 -159.753     10.8   1010.2
     1     1    19    11     8     4     0     2  -134.0   33.785 -159.623     10.0   1010.2
     1     1    19    11     8     3     0     3  -135.0   33.988 -159.496      9.1   1010.1
     1     1    19    11     8     2     0     2  -136.0   34.201 -159.384      8.5   1010.3
     1     1    19    11     8     1     0     1  -137.0   34.428 -159.305      8.4   1010.6
     1     1    19    11     8     0     0     0  -138.0   34.662 -159.258      8.9   1010.8
     1     1    19    11     7    23     0     1  -139.0   34.899 -159.241      9.8   1010.9
     1     1    19    11     7    22     0     2  -140.0   35.135 -159.252     11.4   1010.8
     1     1    19    11     7    21     0     3  -141.0   35.371 -159.290     13.4   1010.4
     1     1    19    11     7    20     0     2  -142.0   35.609 -159.355     14.5   1010.2
     1     1    19    11     7    19     0     1  -143.0   35.854 -159.443     14.6   1010.3
     1     1    19    11     7    18     0     0  -144.0   36.108 -159.545     14.6   1010.5
     1     1    19    11     7    17     0     1  -145.0   36.359 -159.679     14.6   1010.1
     1     1    19    11     7    16     0     2  -146.0   36.606 -159.850     14.6   1010.1
     1     1    19    11     7    15     0     3  -147.0   36.862 -160.031     14.6   1010.4
     1     1    19    11     7    14     0     2  -148.0   37.125 -160.237     14.1   1009.5
     1     1    19    11     7    13     0     1  -149.0   37.380 -160.488     13.3   1009.7
     1     1    19    11     7    12     0     0  -150.0   37.632 -160.767     12.8   1010.6
     1     1    19    11     7    11     0     1  -151.0   37.883 -161.064     12.4   1010.2
     1     1    19    11     7    10     0     2  -152.0   38.134 -161.375     11.9   1009.6
     1     1    19    11     7     9     0     3  -153.0   38.385 -161.687     11.6   1009.2
     1     1    19    11     7     8     0     2  -154.0   38.632 -162.018     11.4   1008.6
     1     1    19    11     7     7     0     1  -155.0   38.877 -162.386     11.5   1008.4
     1     1    19    11     7     6     0     0  -156.0   39.128 -162.766     11.5   1007.7
     1     1    19    11     7     5     0     1  -157.0   39.390 -163.159     11.0   1007.6
     1     1    19    11     7     4     0     2  -158.0   39.666 -163.573     10.4   1007.7
     1     1    19    11     7     3     0     3  -159.0   39.957 -163.984     10.2   1007.3
     1     1    19    11     7     2     0     2  -160.0   40.252 -164.399     10.1   1006.5
     1     1    19    11     7     1     0     1  -161.0   40.545 -164.845     10.4   1006.8
     1     1    19    11     7     0     0     0  -162.0   40.839 -165.318     11.7   1006.9
     1     1    19    11     6    23     0     1  -163.0   41.125 -165.801     12.8   1005.8
     1     1    19    11     6    22     0     2  -164.0   41.410 -166.293     12.9   1005.9
     1     1    19    11     6    21     0     3  -165.0   41.701 -166.807     12.9   1005.7
     1     1    19    11     6    20     0     2  -166.0   41.951 -167.318     11.5   1004.9
     1     1    19    11     6    19     0     1  -167.0   42.175 -167.816     10.3   1005.3
     1     1    19    11     6    18     0     0  -168.0   42.428 -168.338     11.1   1004.9
     1     1    19    11     6    17     0     1  -169.0   42.671 -168.888     12.6   1003.8
     1     1    19    11     6    16     0     2  -170.0   42.906 -169.443     13.4   1002.7
     1     1    19    11     6    15     0     3  -171.0   43.163 -170.004     13.9   1001.4
     1     1    19    11     6    14     0     2  -172.0   43.368 -170.566     13.5   1002.0
     1     1    19    11     6    13     0     1  -173.0   43.526 -171.145     13.0   1002.3
     1     1    19    11     6    12     0     0  -174.0   43.716 -171.765     13.2   1002.4
     1     1    19    11     6    11     0     1  -175.0   43.864 -172.343     13.3   1002.3
     1     1    19    11     6    10     0     2  -176.0   43.902 -172.846     13.3   1001.7
     1     1    19    11     6     9     0     3  -177.0   43.918 -173.357     13.5   1000.7
     1     1    19    11     6     8     0     2  -178.0   43.951 -173.824     13.9   1001.2
     1     1    19    11     6     7     0     1  -179.0   43.885 -174.134     14.1   1001.1
     1     1    19    11     6     6     0     0  -180.0   43.655 -174.317     12.9   1000.8
     1     1    19    11     6     5     0     1  -181.0   43.371 -174.488     10.8   1001.9
     1     1    19    11     6     4     0     2  -182.0   43.100 -174.638      9.7   1002.2
     1     1    19    11     6     3     0     3  -183.0   42.766 -174.689     10.1   1002.3
     1     1    19    11     6     2     0     2  -184.0   42.391 -174.732     11.2   1003.9
     1     1    19    11     6     1     0     1  -185.0   42.032 -174.840     11.7   1005.5
     1     1    19    11     6     0     0     0  -186.0   41.701 -174.971     11.7   1007.3
     1     1    19    11     5    23     0     1  -187.0   41.405 -175.107     11.9   1008.5
     1     1    19    11     5    22     0     2  -188.0   41.139 -175.245     12.7   1009.4
     1     1    19    11     5    21     0     3  -189.0   40.898 -175.382     14.0   1009.9
     1     1    19    11     5    20     0     2  -190.0   40.679 -175.528     15.1   1010.2
     1     1    19    11     5    19     0     1  -191.0   40.476 -175.684     15.3   1010.9
     1     1    19    11     5    18     0     0  -192.0   40.285 -175.839     15.2   1011.5
     1     1    19    11     5    17     0     1  -193.0   40.114 -175.982     15.2   1011.7
     1     1    19    11     5    16     0     2  -194.0   39.980 -176.112     15.2   1011.8
     1     1    19    11     5    15     0     3  -195.0   39.887 -176.229     15.2   1011.9
     1     1    19    11     5    14     0     2  -196.0   39.827 -176.340     15.6   1012.4
     1     1    19    11     5    13     0     1  -197.0   39.788 -176.452     16.6   1012.8
     1     1    19    11     5    12     0     0  -198.0   39.773 -176.562     18.2   1013.1
     1     1    19    11     5    11     0     1  -199.0   39.778 -176.669     19.6   1013.8
     1     1    19    11     5    10     0     2  -200.0   39.803 -176.774     20.2   1014.7
     1     1    19    11     5     9     0     3  -201.0   39.849 -176.881     20.3   1015.8
     1     1    19    11     5     8     0     2  -202.0   39.913 -176.970     19.5   1014.9
     1     1    19    11     5     7     0     1  -203.0   39.994 -177.019     17.2   1014.4
     1     1    19    11     5     6     0     0  -204.0   40.096 -177.028     14.3   1014.4
     1     1    19    11     5     5     0     1  -205.0   40.223 -177.035     12.3   1016.2
     1     1    19    11     5     4     0     2  -206.0   40.369 -177.079     12.0   1017.1
     1     1    19    11     5     3     0     3  -207.0   40.528 -177.152     12.6   1017.5
     1     1    19    11     5     2     0     2  -208.0   40.693 -177.222     13.6   1017.5
     1     1    19    11     5     1     0     1  -209.0   40.862 -177.268     14.5   1017.6
     1     1    19    11     5     0     0     0  -210.0   41.042 -177.293     15.4   1017.8
     1     1    19    11     4    23     0     1  -211.0   41.235 -177.305     15.9   1017.4
     1     1    19    11     4    22     0     2  -212.0   41.448 -177.313     15.7   1017.2
     1     1    19    11     4    21     0     3  -213.0   41.683 -177.313     15.1   1017.1
     1     1    19    11     4    20     0     2  -214.0   41.935 -177.315     14.2   1017.3
     1     1    19    11     4    19     0     1  -215.0   42.196 -177.331     13.2   1017.6
     1     1    19    11     4    18     0     0  -216.0   42.461 -177.364     12.1   1017.9
     1     1    19    11     4    17     0     1  -217.0   42.725 -177.394     11.5   1017.8
     1     1    19    11     4    16     0     2  -218.0   42.986 -177.402     11.8   1017.5
     1     1    19    11     4    15     0     3  -219.0   43.243 -177.397     12.9   1017.0
     1     1    19    11     4    14     0     2  -220.0   43.507 -177.388     14.2   1017.5
     1     1    19    11     4    13     0     1  -221.0   43.787 -177.380     15.4   1018.0
     1     1    19    11     4    12     0     0  -222.0   44.081 -177.367     16.1   1018.6
     1     1    19    11     4    11     0     1  -223.0   44.382 -177.362     16.8   1019.1
     1     1    19    11     4    10     0     2  -224.0   44.688 -177.375     17.9   1019.4
     1     1    19    11     4     9     0     3  -225.0   45.002 -177.408     19.3   1019.7
     1     1    19    11     4     8     0     2  -226.0   45.313 -177.459     20.9   1018.7
     1     1    19    11     4     7     0     1  -227.0   45.611 -177.526     22.5   1017.7
     1     1    19    11     4     6     0     0  -228.0   45.901 -177.613     24.0   1016.7
     1     1    19    11     4     5     0     1  -229.0   46.172 -177.710     25.0   1016.4
     1     1    19    11     4     4     0     2  -230.0   46.415 -177.808     25.6   1016.2
     1     1    19    11     4     3     0     3  -231.0   46.635 -177.908     25.8   1016.0
     1     1    19    11     4     2     0     2  -232.0   46.840 -177.998     26.1   1016.5
     1     1    19    11     4     1     0     1  -233.0   47.033 -178.062     27.1   1016.8
     1     1    19    11     4     0     0     0  -234.0   47.215 -178.103     28.9   1017.1
     1     1    19    11     3    23     0     1  -235.0   47.395 -178.135     31.5   1016.7
     1     1    19    11     3    22     0     2  -236.0   47.577 -178.169     35.7   1016.2
     1     1    19    11     3    21     0     3  -237.0   47.761 -178.204     43.4   1015.4
     1     1    19    11     3    20     0     2  -238.0   47.943 -178.246     53.4   1014.6
     1     1    19    11     3    19     0     1  -239.0   48.123 -178.298     62.6   1013.6
     1     1    19    11     3    18     0     0  -240.0   48.302 -178.353     70.5   1012.7
