     7     1
    GDAS    18    12     1     0     0
    GDAS    19     1     1     0     0
    GDAS    19     2     1     0     0
    GDAS    19     3     1     0     0
    GDAS    19     4     1     0     0
    GDAS    19     5     1     0     0
    GDAS    19     6     1     0     0
     1 BACKWARD OMEGA   
    19     3    17    12   21.319 -157.670    10.0
     1 PRESSURE
     1     1    19     3    17    12     0     0     0.0   21.319 -157.670     10.0   1010.8
     1     1    19     3    17    11     0     1    -1.0   21.489 -157.780      8.5   1012.1
     1     1    19     3    17    10     0     2    -2.0   21.672 -157.920      7.9   1013.5
     1     1    19     3    17     9     0     3    -3.0   21.857 -158.099      7.9   1014.6
     1     1    19     3    17     8     0     2    -4.0   22.035 -158.297      8.3   1014.5
     1     1    19     3    17     7     0     1    -5.0   22.200 -158.489      9.0   1014.3
     1     1    19     3    17     6     0     0    -6.0   22.344 -158.676     10.0   1014.2
     1     1    19     3    17     5     0     1    -7.0   22.461 -158.859     10.8   1013.8
     1     1    19     3    17     4     0     2    -8.0   22.549 -159.042     10.8   1013.5
     1     1    19     3    17     3     0     3    -9.0   22.615 -159.235     10.2   1013.6
     1     1    19     3    17     2     0     2   -10.0   22.657 -159.440      9.2   1013.7
     1     1    19     3    17     1     0     1   -11.0   22.671 -159.647      8.1   1013.7
     1     1    19     3    17     0     0     0   -12.0   22.656 -159.852      6.4   1013.7
     1     1    19     3    16    23     0     1   -13.0   22.641 -160.046      4.4   1014.8
     1     1    19     3    16    22     0     2   -14.0   22.646 -160.218      3.0   1016.0
     1     1    19     3    16    21     0     3   -15.0   22.665 -160.365      2.3   1017.1
     1     1    19     3    16    20     0     2   -16.0   22.694 -160.495      2.0   1017.1
     1     1    19     3    16    19     0     1   -17.0   22.734 -160.613      1.7   1017.1
     1     1    19     3    16    18     0     0   -18.0   22.784 -160.721      1.6   1017.1
     1     1    19     3    16    17     0     1   -19.0   22.840 -160.818      1.5   1017.1
     1     1    19     3    16    16     0     2   -20.0   22.895 -160.905      1.5   1017.0
     1     1    19     3    16    15     0     3   -21.0   22.951 -160.983      1.5   1017.0
     1     1    19     3    16    14     0     2   -22.0   23.007 -161.049      1.5   1017.1
     1     1    19     3    16    13     0     1   -23.0   23.064 -161.099      1.5   1017.1
     1     1    19     3    16    12     0     0   -24.0   23.121 -161.134      1.5   1017.2
     1     1    19     3    16    11     0     1   -25.0   23.183 -161.156      1.5   1017.1
     1     1    19     3    16    10     0     2   -26.0   23.256 -161.169      1.5   1017.1
     1     1    19     3    16     9     0     3   -27.0   23.341 -161.175      1.5   1017.0
     1     1    19     3    16     8     0     2   -28.0   23.431 -161.179      1.5   1017.2
     1     1    19     3    16     7     0     1   -29.0   23.522 -161.185      1.5   1017.3
     1     1    19     3    16     6     0     0   -30.0   23.615 -161.193      1.5   1017.5
     1     1    19     3    16     5     0     1   -31.0   23.711 -161.202      1.5   1017.5
     1     1    19     3    16     4     0     2   -32.0   23.813 -161.209      1.5   1017.6
     1     1    19     3    16     3     0     3   -33.0   23.918 -161.214      1.5   1017.7
     1     1    19     3    16     2     0     2   -34.0   24.023 -161.220      1.5   1017.9
     1     1    19     3    16     1     0     1   -35.0   24.120 -161.231      1.5   1018.1
     1     1    19     3    16     0     0     0   -36.0   24.209 -161.249      1.5   1018.3
     1     1    19     3    15    23     0     1   -37.0   24.294 -161.264      1.5   1018.3
     1     1    19     3    15    22     0     2   -38.0   24.379 -161.272      1.5   1018.4
     1     1    19     3    15    21     0     3   -39.0   24.464 -161.272      1.5   1018.5
     1     1    19     3    15    20     0     2   -40.0   24.545 -161.264      1.5   1018.7
     1     1    19     3    15    19     0     1   -41.0   24.617 -161.249      1.5   1019.0
     1     1    19     3    15    18     0     0   -42.0   24.682 -161.226      1.5   1019.2
     1     1    19     3    15    17     0     1   -43.0   24.745 -161.195      1.5   1019.3
     1     1    19     3    15    16     0     2   -44.0   24.812 -161.159      1.5   1019.4
     1     1    19     3    15    15     0     3   -45.0   24.883 -161.117      1.5   1019.5
     1     1    19     3    15    14     0     2   -46.0   24.950 -161.070      1.6   1019.7
     1     1    19     3    15    13     0     1   -47.0   25.009 -161.018      2.1   1020.0
     1     1    19     3    15    12     0     0   -48.0   25.058 -160.959      2.8   1020.2
     1     1    19     3    15    11     0     1   -49.0   25.114 -160.899      3.7   1020.4
     1     1    19     3    15    10     0     2   -50.0   25.187 -160.846      4.5   1020.6
     1     1    19     3    15     9     0     3   -51.0   25.276 -160.801      5.2   1020.7
     1     1    19     3    15     8     0     2   -52.0   25.373 -160.770      6.0   1019.7
     1     1    19     3    15     7     0     1   -53.0   25.470 -160.757      6.9   1018.6
     1     1    19     3    15     6     0     0   -54.0   25.566 -160.761      8.0   1017.6
     1     1    19     3    15     5     0     1   -55.0   25.659 -160.780      9.0   1017.6
     1     1    19     3    15     4     0     2   -56.0   25.744 -160.808      9.8   1017.6
     1     1    19     3    15     3     0     3   -57.0   25.823 -160.844     10.3   1017.5
     1     1    19     3    15     2     0     2   -58.0   25.889 -160.882     10.6   1017.6
     1     1    19     3    15     1     0     1   -59.0   25.939 -160.915     10.7   1017.8
     1     1    19     3    15     0     0     0   -60.0   25.972 -160.941     10.7   1018.0
     1     1    19     3    14    23     0     1   -61.0   25.994 -160.957     10.7   1017.9
     1     1    19     3    14    22     0     2   -62.0   26.007 -160.962     10.7   1017.9
     1     1    19     3    14    21     0     3   -63.0   26.012 -160.954     10.7   1017.8
     1     1    19     3    14    20     0     2   -64.0   26.010 -160.934     11.0   1017.9
     1     1    19     3    14    19     0     1   -65.0   26.002 -160.905     11.7   1017.9
     1     1    19     3    14    18     0     0   -66.0   25.988 -160.864     13.0   1017.9
     1     1    19     3    14    17     0     1   -67.0   25.972 -160.816     14.6   1017.4
     1     1    19     3    14    16     0     2   -68.0   25.956 -160.760     15.8   1017.1
     1     1    19     3    14    15     0     3   -69.0   25.938 -160.697     16.7   1016.9
     1     1    19     3    14    14     0     2   -70.0   25.919 -160.626     17.6   1016.7
     1     1    19     3    14    13     0     1   -71.0   25.896 -160.544     18.2   1016.6
     1     1    19     3    14    12     0     0   -72.0   25.870 -160.451     18.4   1016.5
     1     1    19     3    14    11     0     1   -73.0   25.846 -160.339     18.4   1017.6
     1     1    19     3    14    10     0     2   -74.0   25.829 -160.204     18.4   1018.8
     1     1    19     3    14     9     0     3   -75.0   25.819 -160.046     18.4   1019.9
     1     1    19     3    14     8     0     2   -76.0   25.820 -159.877     18.4   1019.6
     1     1    19     3    14     7     0     1   -77.0   25.834 -159.710     18.4   1019.4
     1     1    19     3    14     6     0     0   -78.0   25.862 -159.544     18.4   1019.2
     1     1    19     3    14     5     0     1   -79.0   25.899 -159.381     18.4   1018.3
     1     1    19     3    14     4     0     2   -80.0   25.941 -159.221     18.4   1017.2
     1     1    19     3    14     3     0     3   -81.0   25.986 -159.063     18.4   1016.1
     1     1    19     3    14     2     0     2   -82.0   26.032 -158.907     18.4   1016.3
     1     1    19     3    14     1     0     1   -83.0   26.080 -158.755     18.4   1016.5
     1     1    19     3    14     0     0     0   -84.0   26.130 -158.609     18.4   1016.7
     1     1    19     3    13    23     0     1   -85.0   26.179 -158.461     18.4   1017.8
     1     1    19     3    13    22     0     2   -86.0   26.224 -158.306     18.4   1018.9
     1     1    19     3    13    21     0     3   -87.0   26.264 -158.145     18.4   1020.0
     1     1    19     3    13    20     0     2   -88.0   26.304 -157.977     18.8   1020.2
     1     1    19     3    13    19     0     1   -89.0   26.348 -157.804     19.8   1020.2
     1     1    19     3    13    18     0     0   -90.0   26.396 -157.626     21.7   1020.0
     1     1    19     3    13    17     0     1   -91.0   26.451 -157.451     24.1   1019.0
     1     1    19     3    13    16     0     2   -92.0   26.513 -157.286     26.8   1018.1
     1     1    19     3    13    15     0     3   -93.0   26.582 -157.130     29.6   1017.4
     1     1    19     3    13    14     0     2   -94.0   26.652 -156.973     32.2   1017.5
     1     1    19     3    13    13     0     1   -95.0   26.715 -156.808     33.8   1017.7
     1     1    19     3    13    12     0     0   -96.0   26.771 -156.636     34.4   1017.9
     1     1    19     3    13    11     0     1   -97.0   26.829 -156.458     34.4   1018.3
     1     1    19     3    13    10     0     2   -98.0   26.900 -156.278     34.4   1018.6
     1     1    19     3    13     9     0     3   -99.0   26.982 -156.097     34.4   1018.6
     1     1    19     3    13     8     0     2  -100.0   27.074 -155.914     34.4   1018.7
     1     1    19     3    13     7     0     1  -101.0   27.170 -155.734     34.4   1018.8
     1     1    19     3    13     6     0     0  -102.0   27.269 -155.555     34.4   1018.9
     1     1    19     3    13     5     0     1  -103.0   27.365 -155.384     34.4   1018.2
     1     1    19     3    13     4     0     2  -104.0   27.454 -155.224     34.4   1017.8
     1     1    19     3    13     3     0     3  -105.0   27.540 -155.072     34.4   1017.5
     1     1    19     3    13     2     0     2  -106.0   27.619 -154.925     34.4   1017.3
     1     1    19     3    13     1     0     1  -107.0   27.688 -154.776     34.4   1016.9
     1     1    19     3    13     0     0     0  -108.0   27.747 -154.628     34.4   1016.6
     1     1    19     3    12    23     0     1  -109.0   27.796 -154.476     34.4   1017.6
     1     1    19     3    12    22     0     2  -110.0   27.834 -154.316     34.4   1018.6
     1     1    19     3    12    21     0     3  -111.0   27.862 -154.146     34.4   1019.7
     1     1    19     3    12    20     0     2  -112.0   27.884 -153.969     35.3   1020.0
     1     1    19     3    12    19     0     1  -113.0   27.899 -153.788     37.7   1020.0
     1     1    19     3    12    18     0     0  -114.0   27.908 -153.604     41.1   1019.9
     1     1    19     3    12    17     0     1  -115.0   27.909 -153.414     43.9   1019.1
     1     1    19     3    12    16     0     2  -116.0   27.901 -153.214     45.1   1019.0
     1     1    19     3    12    15     0     3  -117.0   27.880 -153.003     45.3   1019.3
     1     1    19     3    12    14     0     2  -118.0   27.848 -152.779     45.3   1018.7
     1     1    19     3    12    13     0     1  -119.0   27.812 -152.539     45.3   1018.1
     1     1    19     3    12    12     0     0  -120.0   27.772 -152.282     45.3   1017.5
     1     1    19     3    12    11     0     1  -121.0   27.734 -152.008     45.3   1018.5
     1     1    19     3    12    10     0     2  -122.0   27.697 -151.724     45.3   1019.3
     1     1    19     3    12     9     0     3  -123.0   27.661 -151.432     45.3   1020.2
     1     1    19     3    12     8     0     2  -124.0   27.631 -151.129     45.3   1019.8
     1     1    19     3    12     7     0     1  -125.0   27.606 -150.814     45.5   1019.5
     1     1    19     3    12     6     0     0  -126.0   27.588 -150.485     46.7   1019.2
     1     1    19     3    12     5     0     1  -127.0   27.579 -150.146     48.6   1019.0
     1     1    19     3    12     4     0     2  -128.0   27.580 -149.806     50.2   1018.8
     1     1    19     3    12     3     0     3  -129.0   27.591 -149.471     50.7   1018.8
     1     1    19     3    12     2     0     2  -130.0   27.615 -149.137     50.6   1019.3
     1     1    19     3    12     1     0     1  -131.0   27.648 -148.800     50.5   1019.7
     1     1    19     3    12     0     0     0  -132.0   27.690 -148.464     50.5   1020.2
     1     1    19     3    11    23     0     1  -133.0   27.742 -148.133     50.5   1020.4
     1     1    19     3    11    22     0     2  -134.0   27.798 -147.806     50.5   1020.6
     1     1    19     3    11    21     0     3  -135.0   27.856 -147.482     50.5   1020.7
     1     1    19     3    11    20     0     2  -136.0   27.916 -147.162     50.5   1021.1
     1     1    19     3    11    19     0     1  -137.0   27.979 -146.843     50.4   1021.4
     1     1    19     3    11    18     0     0  -138.0   28.049 -146.526     50.2   1021.8
     1     1    19     3    11    17     0     1  -139.0   28.130 -146.219     50.5   1021.6
     1     1    19     3    11    16     0     2  -140.0   28.219 -145.920     50.9   1021.4
     1     1    19     3    11    15     0     3  -141.0   28.310 -145.628     51.1   1021.3
     1     1    19     3    11    14     0     2  -142.0   28.401 -145.346     51.1   1021.4
     1     1    19     3    11    13     0     1  -143.0   28.487 -145.068     51.1   1021.6
     1     1    19     3    11    12     0     0  -144.0   28.568 -144.791     51.1   1021.7
     1     1    19     3    11    11     0     1  -145.0   28.654 -144.509     51.1   1022.3
     1     1    19     3    11    10     0     2  -146.0   28.757 -144.222     51.1   1023.2
     1     1    19     3    11     9     0     3  -147.0   28.876 -143.928     51.1   1024.0
     1     1    19     3    11     8     0     2  -148.0   29.015 -143.635     51.1   1022.9
     1     1    19     3    11     7     0     1  -149.0   29.174 -143.352     51.4   1022.3
     1     1    19     3    11     6     0     0  -150.0   29.349 -143.077     52.5   1022.5
     1     1    19     3    11     5     0     1  -151.0   29.540 -142.807     54.1   1022.3
     1     1    19     3    11     4     0     2  -152.0   29.743 -142.544     55.2   1021.6
     1     1    19     3    11     3     0     3  -153.0   29.961 -142.291     55.6   1020.7
     1     1    19     3    11     2     0     2  -154.0   30.189 -142.048     56.0   1021.0
     1     1    19     3    11     1     0     1  -155.0   30.425 -141.820     56.8   1021.0
     1     1    19     3    11     0     0     0  -156.0   30.664 -141.608     57.2   1021.0
     1     1    19     3    10    23     0     1  -157.0   30.903 -141.414     57.2   1022.1
     1     1    19     3    10    22     0     2  -158.0   31.145 -141.233     57.2   1023.3
     1     1    19     3    10    21     0     3  -159.0   31.393 -141.056     57.2   1024.3
     1     1    19     3    10    20     0     2  -160.0   31.650 -140.884     57.2   1023.1
     1     1    19     3    10    19     0     1  -161.0   31.919 -140.725     57.2   1022.1
     1     1    19     3    10    18     0     0  -162.0   32.197 -140.583     57.2   1021.5
     1     1    19     3    10    17     0     1  -163.0   32.486 -140.458     57.8   1021.3
     1     1    19     3    10    16     0     2  -164.0   32.785 -140.349     59.7   1021.0
     1     1    19     3    10    15     0     3  -165.0   33.093 -140.256     63.6   1020.3
     1     1    19     3    10    14     0     2  -166.0   33.408 -140.178     69.4   1019.5
     1     1    19     3    10    13     0     1  -167.0   33.732 -140.113     76.3   1018.6
     1     1    19     3    10    12     0     0  -168.0   34.065 -140.055     84.2   1017.7
     1     1    19     3    10    11     0     1  -169.0   34.405 -140.007     93.1   1016.5
     1     1    19     3    10    10     0     2  -170.0   34.748 -139.973    103.0   1015.3
     1     1    19     3    10     9     0     3  -171.0   35.094 -139.952    113.7   1014.1
     1     1    19     3    10     8     0     2  -172.0   35.453 -139.947    125.2   1012.8
     1     1    19     3    10     7     0     1  -173.0   35.828 -139.957    137.2   1011.4
     1     1    19     3    10     6     0     0  -174.0   36.215 -139.979    149.9   1009.6
     1     1    19     3    10     5     0     1  -175.0   36.608 -140.022    163.4   1007.0
     1     1    19     3    10     4     0     2  -176.0   36.999 -140.091    178.3   1004.2
     1     1    19     3    10     3     0     3  -177.0   37.388 -140.182    194.6   1001.5
     1     1    19     3    10     2     0     2  -178.0   37.777 -140.297    211.5    999.2
     1     1    19     3    10     1     0     1  -179.0   38.166 -140.432    228.9    996.9
     1     1    19     3    10     0     0     0  -180.0   38.552 -140.581    245.6    994.6
     1     1    19     3     9    23     0     1  -181.0   38.937 -140.747    257.3    993.1
     1     1    19     3     9    22     0     2  -182.0   39.319 -140.929    264.6    992.5
     1     1    19     3     9    21     0     3  -183.0   39.704 -141.123    273.3    991.7
     1     1    19     3     9    20     0     2  -184.0   40.093 -141.334    285.2    989.4
     1     1    19     3     9    19     0     1  -185.0   40.488 -141.569    298.5    987.3
     1     1    19     3     9    18     0     0  -186.0   40.894 -141.820    313.9    985.0
     1     1    19     3     9    17     0     1  -187.0   41.295 -142.091    330.3    982.1
     1     1    19     3     9    16     0     2  -188.0   41.675 -142.396    345.9    979.5
     1     1    19     3     9    15     0     3  -189.0   42.049 -142.732    357.8    977.1
     1     1    19     3     9    14     0     2  -190.0   42.415 -143.092    365.8    976.1
     1     1    19     3     9    13     0     1  -191.0   42.765 -143.476    375.8    974.7
     1     1    19     3     9    12     0     0  -192.0   43.108 -143.887    383.9    972.7
     1     1    19     3     9    11     0     1  -193.0   43.438 -144.314    387.6    972.6
     1     1    19     3     9    10     0     2  -194.0   43.746 -144.748    391.4    972.0
     1     1    19     3     9     9     0     3  -195.0   44.041 -145.185    395.1    971.2
     1     1    19     3     9     8     0     2  -196.0   44.333 -145.642    397.8    970.5
     1     1    19     3     9     7     0     1  -197.0   44.626 -146.132    403.2    969.8
     1     1    19     3     9     6     0     0  -198.0   44.923 -146.656    417.5    968.1
     1     1    19     3     9     5     0     1  -199.0   45.215 -147.209    435.2    964.5
     1     1    19     3     9     4     0     2  -200.0   45.486 -147.788    449.6    962.1
     1     1    19     3     9     3     0     3  -201.0   45.744 -148.391    462.6    959.9
     1     1    19     3     9     2     0     2  -202.0   45.990 -149.009    477.9    957.9
     1     1    19     3     9     1     0     1  -203.0   46.225 -149.638    492.8    954.9
     1     1    19     3     9     0     0     0  -204.0   46.452 -150.278    501.8    953.3
     1     1    19     3     8    23     0     1  -205.0   46.668 -150.935    507.0    952.6
     1     1    19     3     8    22     0     2  -206.0   46.869 -151.616    514.5    952.0
     1     1    19     3     8    21     0     3  -207.0   47.057 -152.315    526.4    950.1
     1     1    19     3     8    20     0     2  -208.0   47.238 -153.027    535.8    947.7
     1     1    19     3     8    19     0     1  -209.0   47.414 -153.756    542.4    946.8
     1     1    19     3     8    18     0     0  -210.0   47.587 -154.500    548.5    945.1
     1     1    19     3     8    17     0     1  -211.0   47.750 -155.269    553.3    943.9
     1     1    19     3     8    16     0     2  -212.0   47.900 -156.066    564.6    941.9
     1     1    19     3     8    15     0     3  -213.0   48.036 -156.871    581.0    939.2
     1     1    19     3     8    14     0     2  -214.0   48.154 -157.689    595.1    937.0
     1     1    19     3     8    13     0     1  -215.0   48.254 -158.528    613.1    934.4
     1     1    19     3     8    12     0     0  -216.0   48.334 -159.375    629.8    932.1
     1     1    19     3     8    11     0     1  -217.0   48.401 -160.224    644.9    929.6
     1     1    19     3     8    10     0     2  -218.0   48.454 -161.067    652.8    927.9
     1     1    19     3     8     9     0     3  -219.0   48.483 -161.903    654.2    927.3
     1     1    19     3     8     8     0     2  -220.0   48.502 -162.741    659.0    926.3
     1     1    19     3     8     7     0     1  -221.0   48.520 -163.580    667.8    924.5
     1     1    19     3     8     6     0     0  -222.0   48.531 -164.416    676.1    922.8
     1     1    19     3     8     5     0     1  -223.0   48.541 -165.282    680.9    921.2
     1     1    19     3     8     4     0     2  -224.0   48.549 -166.197    688.1    919.3
     1     1    19     3     8     3     0     3  -225.0   48.549 -167.156    696.9    917.2
     1     1    19     3     8     2     0     2  -226.0   48.533 -168.139    704.4    916.0
     1     1    19     3     8     1     0     1  -227.0   48.493 -169.113    711.3    914.5
     1     1    19     3     8     0     0     0  -228.0   48.425 -170.074    703.3    914.7
     1     1    19     3     7    23     0     1  -229.0   48.341 -171.043    678.5    917.7
     1     1    19     3     7    22     0     2  -230.0   48.261 -172.038    651.7    920.8
     1     1    19     3     7    21     0     3  -231.0   48.182 -173.061    627.2    923.2
     1     1    19     3     7    20     0     2  -232.0   48.098 -174.105    600.8    925.8
     1     1    19     3     7    19     0     1  -233.0   48.011 -175.166    585.2    926.9
     1     1    19     3     7    18     0     0  -234.0   47.923 -176.256    566.2    928.0
     1     1    19     3     7    17     0     1  -235.0   47.826 -177.376    547.6    930.2
     1     1    19     3     7    16     0     2  -236.0   47.719 -178.516    541.4    930.5
     1     1    19     3     7    15     0     3  -237.0   47.599 -179.692    538.4    930.2
     1     1    19     3     7    14     0     2  -238.0   47.464  179.108    540.2    930.3
     1     1    19     3     7    13     0     1  -239.0   47.321  177.907    549.9    929.1
     1     1    19     3     7    12     0     0  -240.0   47.171  176.741    551.1    929.1
