     7     1
    GDAS    18    12     1     0     0
    GDAS    19     1     1     0     0
    GDAS    19     2     1     0     0
    GDAS    19     3     1     0     0
    GDAS    19     4     1     0     0
    GDAS    19     5     1     0     0
    GDAS    19     6     1     0     0
     1 BACKWARD OMEGA   
    19     4     6     0   21.319 -157.670    10.0
     1 PRESSURE
     1     1    19     4     6     0     0     0     0.0   21.319 -157.670     10.0   1016.2
     1     1    19     4     5    23     0     1    -1.0   21.304 -157.734     10.4   1016.4
     1     1    19     4     5    22     0     2    -2.0   21.295 -157.786     10.9   1016.3
     1     1    19     4     5    21     0     3    -3.0   21.293 -157.825     11.3   1016.1
     1     1    19     4     5    20     0     2    -4.0   21.297 -157.851     11.7   1016.9
     1     1    19     4     5    19     0     1    -5.0   21.307 -157.864     11.7   1017.7
     1     1    19     4     5    18     0     0    -6.0   21.323 -157.863     11.3   1018.5
     1     1    19     4     5    17     0     1    -7.0   21.341 -157.843     10.7   1017.9
     1     1    19     4     5    16     0     2    -8.0   21.356 -157.801     10.0   1017.3
     1     1    19     4     5    15     0     3    -9.0   21.366 -157.739      9.0   1016.4
     1     1    19     4     5    14     0     2   -10.0   21.371 -157.667      7.7   1015.6
     1     1    19     4     5    13     0     1   -11.0   21.372 -157.593      6.5   1014.9
     1     1    19     4     5    12     0     0   -12.0   21.371 -157.518      5.1   1014.0
     1     1    19     4     5    11     0     1   -13.0   21.370 -157.434      3.5   1014.3
     1     1    19     4     5    10     0     2   -14.0   21.370 -157.329      1.6   1014.4
     1     1    19     4     5     9     0     3   -15.0   21.367 -157.204      0.0   1014.3
     1     1    19     4     5     8     0     2   -16.0   21.362 -157.074      0.0   1013.3
     1     1    19     4     5     7     0     1   -17.0   21.356 -156.949      0.0   1012.9
     1     1    19     4     5     6     0     0   -18.0   21.349 -156.823      0.0   1013.4
     1     1    19     4     5     5     0     1   -19.0   21.341 -156.688      0.0   1014.6
     1     1    19     4     5     4     0     2   -20.0   21.333 -156.540      0.0   1015.8
     1     1    19     4     5     3     0     3   -21.0   21.326 -156.376      0.0   1017.2
     1     1    19     4     5     2     0     2   -22.0   21.313 -156.194      0.0   1018.5
     1     1    19     4     5     1     0     1   -23.0   21.285 -155.991      0.0   1019.7
     1     1    19     4     5     0     0     0   -24.0   21.251 -155.775      0.0   1019.5
     1     1    19     4     4    23     0     1   -25.0   21.221 -155.556      0.0   1020.6
     1     1    19     4     4    22     0     2   -26.0   21.194 -155.333      0.0   1021.7
     1     1    19     4     4    21     0     3   -27.0   21.174 -155.108      0.0   1022.8
     1     1    19     4     4    20     0     2   -28.0   21.167 -154.886      0.0   1022.6
     1     1    19     4     4    19     0     1   -29.0   21.178 -154.671      0.0   1022.4
     1     1    19     4     4    18     0     0   -30.0   21.206 -154.462      0.0   1022.2
     1     1    19     4     4    17     0     1   -31.0   21.244 -154.255      0.0   1022.2
     1     1    19     4     4    16     0     2   -32.0   21.289 -154.044      0.0   1022.2
     1     1    19     4     4    15     0     3   -33.0   21.340 -153.827      0.0   1022.2
     1     1    19     4     4    14     0     2   -34.0   21.396 -153.609      0.0   1022.1
     1     1    19     4     4    13     0     1   -35.0   21.455 -153.391      0.0   1022.1
     1     1    19     4     4    12     0     0   -36.0   21.519 -153.177      0.0   1022.0
     1     1    19     4     4    11     0     1   -37.0   21.590 -152.964      0.0   1022.2
     1     1    19     4     4    10     0     2   -38.0   21.668 -152.752      0.0   1022.3
     1     1    19     4     4     9     0     3   -39.0   21.754 -152.541      0.0   1022.5
     1     1    19     4     4     8     0     2   -40.0   21.848 -152.336      0.0   1022.4
     1     1    19     4     4     7     0     1   -41.0   21.954 -152.140      0.0   1022.4
     1     1    19     4     4     6     0     0   -42.0   22.070 -151.958      0.0   1022.3
     1     1    19     4     4     5     0     1   -43.0   22.194 -151.782      0.0   1021.2
     1     1    19     4     4     4     0     2   -44.0   22.325 -151.609      0.0   1020.0
     1     1    19     4     4     3     0     3   -45.0   22.465 -151.439      0.0   1018.8
     1     1    19     4     4     2     0     2   -46.0   22.610 -151.274      0.0   1018.9
     1     1    19     4     4     1     0     1   -47.0   22.759 -151.116      0.0   1019.0
     1     1    19     4     4     0     0     0   -48.0   22.907 -150.968      0.0   1019.1
     1     1    19     4     3    23     0     1   -49.0   23.055 -150.830      0.2   1020.3
     1     1    19     4     3    22     0     2   -50.0   23.208 -150.701      0.7   1021.5
     1     1    19     4     3    21     0     3   -51.0   23.365 -150.581      1.4   1022.7
     1     1    19     4     3    20     0     2   -52.0   23.525 -150.470      2.1   1022.6
     1     1    19     4     3    19     0     1   -53.0   23.689 -150.370      2.9   1022.5
     1     1    19     4     3    18     0     0   -54.0   23.856 -150.282      3.7   1022.4
     1     1    19     4     3    17     0     1   -55.0   24.019 -150.201      4.5   1021.2
     1     1    19     4     3    16     0     2   -56.0   24.173 -150.117      4.9   1020.4
     1     1    19     4     3    15     0     3   -57.0   24.318 -150.032      5.1   1019.9
     1     1    19     4     3    14     0     2   -58.0   24.465 -149.945      5.2   1019.9
     1     1    19     4     3    13     0     1   -59.0   24.623 -149.861      5.6   1019.6
     1     1    19     4     3    12     0     0   -60.0   24.791 -149.778      6.3   1019.0
     1     1    19     4     3    11     0     1   -61.0   24.968 -149.700      7.0   1020.2
     1     1    19     4     3    10     0     2   -62.0   25.159 -149.629      7.4   1021.4
     1     1    19     4     3     9     0     3   -63.0   25.367 -149.564      7.5   1022.7
     1     1    19     4     3     8     0     2   -64.0   25.585 -149.508      7.5   1021.8
     1     1    19     4     3     7     0     1   -65.0   25.807 -149.462      7.5   1021.2
     1     1    19     4     3     6     0     0   -66.0   26.028 -149.429      7.5   1020.7
     1     1    19     4     3     5     0     1   -67.0   26.252 -149.413      7.5   1020.4
     1     1    19     4     3     4     0     2   -68.0   26.480 -149.419      7.5   1019.8
     1     1    19     4     3     3     0     3   -69.0   26.708 -149.445      7.5   1018.9
     1     1    19     4     3     2     0     2   -70.0   26.933 -149.483      7.5   1019.0
     1     1    19     4     3     1     0     1   -71.0   27.155 -149.531      7.5   1019.1
     1     1    19     4     3     0     0     0   -72.0   27.377 -149.589      7.5   1019.2
     1     1    19     4     2    23     0     1   -73.0   27.593 -149.655      7.5   1019.2
     1     1    19     4     2    22     0     2   -74.0   27.796 -149.730      7.5   1019.3
     1     1    19     4     2    21     0     3   -75.0   27.987 -149.816      7.5   1019.4
     1     1    19     4     2    20     0     2   -76.0   28.171 -149.909      7.5   1019.6
     1     1    19     4     2    19     0     1   -77.0   28.351 -149.999      7.5   1019.7
     1     1    19     4     2    18     0     0   -78.0   28.523 -150.082      7.5   1019.8
     1     1    19     4     2    17     0     1   -79.0   28.691 -150.163      7.5   1018.9
     1     1    19     4     2    16     0     2   -80.0   28.861 -150.247      7.5   1018.2
     1     1    19     4     2    15     0     3   -81.0   29.036 -150.337      7.5   1017.7
     1     1    19     4     2    14     0     2   -82.0   29.209 -150.433      7.5   1017.6
     1     1    19     4     2    13     0     1   -83.0   29.375 -150.535      7.5   1017.2
     1     1    19     4     2    12     0     0   -84.0   29.537 -150.643      7.7   1016.6
     1     1    19     4     2    11     0     1   -85.0   29.697 -150.762      7.8   1017.5
     1     1    19     4     2    10     0     2   -86.0   29.857 -150.895      7.9   1018.8
     1     1    19     4     2     9     0     3   -87.0   30.013 -151.038      8.0   1020.2
     1     1    19     4     2     8     0     2   -88.0   30.160 -151.187      8.2   1019.0
     1     1    19     4     2     7     0     1   -89.0   30.295 -151.336      8.7   1017.8
     1     1    19     4     2     6     0     0   -90.0   30.421 -151.484      9.2   1016.6
     1     1    19     4     2     5     0     1   -91.0   30.532 -151.642      9.9   1016.4
     1     1    19     4     2     4     0     2   -92.0   30.628 -151.816     10.7   1016.2
     1     1    19     4     2     3     0     3   -93.0   30.723 -152.001     12.1   1015.8
     1     1    19     4     2     2     0     2   -94.0   30.801 -152.204     13.9   1015.5
     1     1    19     4     2     1     0     1   -95.0   30.854 -152.435     14.9   1015.4
     1     1    19     4     2     0     0     0   -96.0   30.900 -152.683     15.2   1015.5
     1     1    19     4     1    23     0     1   -97.0   30.936 -152.929     15.1   1015.5
     1     1    19     4     1    22     0     2   -98.0   30.948 -153.168     15.0   1015.5
     1     1    19     4     1    21     0     3   -99.0   30.939 -153.407     14.9   1015.5
     1     1    19     4     1    20     0     2  -100.0   30.908 -153.650     14.6   1014.4
     1     1    19     4     1    19     0     1  -101.0   30.860 -153.909     14.2   1013.3
     1     1    19     4     1    18     0     0  -102.0   30.805 -154.190     13.8   1012.3
     1     1    19     4     1    17     0     1  -103.0   30.728 -154.473     13.1   1012.3
     1     1    19     4     1    16     0     2  -104.0   30.615 -154.744     12.1   1012.5
     1     1    19     4     1    15     0     3  -105.0   30.467 -155.023     11.0   1012.8
     1     1    19     4     1    14     0     2  -106.0   30.302 -155.303      9.7   1011.9
     1     1    19     4     1    13     0     1  -107.0   30.127 -155.567      8.3   1010.9
     1     1    19     4     1    12     0     0  -108.0   29.928 -155.825      6.4   1010.1
     1     1    19     4     1    11     0     1  -109.0   29.701 -156.075      4.5   1010.9
     1     1    19     4     1    10     0     2  -110.0   29.455 -156.311      3.2   1011.4
     1     1    19     4     1     9     0     3  -111.0   29.183 -156.539      1.9   1011.5
     1     1    19     4     1     8     0     2  -112.0   28.897 -156.764      0.9   1011.1
     1     1    19     4     1     7     0     1  -113.0   28.623 -156.987      0.7   1011.0
     1     1    19     4     1     6     0     0  -114.0   28.362 -157.204      1.1   1010.8
     1     1    19     4     1     5     0     1  -115.0   28.104 -157.420      1.4   1010.9
     1     1    19     4     1     4     0     2  -116.0   27.838 -157.645      1.5   1011.2
     1     1    19     4     1     3     0     3  -117.0   27.569 -157.889      1.5   1011.2
     1     1    19     4     1     2     0     2  -118.0   27.297 -158.142      1.4   1011.4
     1     1    19     4     1     1     0     1  -119.0   27.024 -158.382      1.2   1011.9
     1     1    19     4     1     0     0     0  -120.0   26.745 -158.605      0.8   1012.2
     1     1    19     3    31    23     0     1  -121.0   26.464 -158.803      0.4   1012.3
     1     1    19     3    31    22     0     2  -122.0   26.186 -158.973      0.2   1012.5
     1     1    19     3    31    21     0     3  -123.0   25.908 -159.111      0.2   1012.6
     1     1    19     3    31    20     0     2  -124.0   25.634 -159.221      0.2   1012.9
     1     1    19     3    31    19     0     1  -125.0   25.370 -159.302      0.2   1013.2
     1     1    19     3    31    18     0     0  -126.0   25.119 -159.354      0.2   1013.5
     1     1    19     3    31    17     0     1  -127.0   24.894 -159.389      0.2   1013.6
     1     1    19     3    31    16     0     2  -128.0   24.706 -159.421      0.2   1013.7
     1     1    19     3    31    15     0     3  -129.0   24.554 -159.450      0.2   1013.7
     1     1    19     3    31    14     0     2  -130.0   24.430 -159.474      0.2   1014.1
     1     1    19     3    31    13     0     1  -131.0   24.324 -159.492      0.2   1014.4
     1     1    19     3    31    12     0     0  -132.0   24.237 -159.504      0.2   1014.7
     1     1    19     3    31    11     0     1  -133.0   24.167 -159.514      0.2   1014.7
     1     1    19     3    31    10     0     2  -134.0   24.114 -159.524      0.2   1014.7
     1     1    19     3    31     9     0     3  -135.0   24.077 -159.536      0.2   1014.7
     1     1    19     3    31     8     0     2  -136.0   24.054 -159.553      0.2   1014.9
     1     1    19     3    31     7     0     1  -137.0   24.044 -159.579      0.2   1015.2
     1     1    19     3    31     6     0     0  -138.0   24.046 -159.613      0.2   1015.4
     1     1    19     3    31     5     0     1  -139.0   24.062 -159.653      0.2   1015.3
     1     1    19     3    31     4     0     2  -140.0   24.092 -159.698      0.2   1015.2
     1     1    19     3    31     3     0     3  -141.0   24.137 -159.749      0.2   1015.1
     1     1    19     3    31     2     0     2  -142.0   24.188 -159.805      0.2   1015.4
     1     1    19     3    31     1     0     1  -143.0   24.235 -159.865      0.2   1015.6
     1     1    19     3    31     0     0     0  -144.0   24.279 -159.927      0.2   1015.9
     1     1    19     3    30    23     0     1  -145.0   24.327 -159.990      0.2   1015.8
     1     1    19     3    30    22     0     2  -146.0   24.383 -160.055      0.2   1015.8
     1     1    19     3    30    21     0     3  -147.0   24.448 -160.124      0.2   1015.7
     1     1    19     3    30    20     0     2  -148.0   24.527 -160.198      0.2   1015.8
     1     1    19     3    30    19     0     1  -149.0   24.621 -160.276      0.2   1015.9
     1     1    19     3    30    18     0     0  -150.0   24.733 -160.361      0.2   1016.0
     1     1    19     3    30    17     0     1  -151.0   24.855 -160.452      0.2   1015.8
     1     1    19     3    30    16     0     2  -152.0   24.983 -160.552      0.2   1015.7
     1     1    19     3    30    15     0     3  -153.0   25.116 -160.661      0.2   1015.6
     1     1    19     3    30    14     0     2  -154.0   25.250 -160.776      0.2   1015.7
     1     1    19     3    30    13     0     1  -155.0   25.382 -160.893      0.2   1015.9
     1     1    19     3    30    12     0     0  -156.0   25.515 -161.013      0.2   1016.0
     1     1    19     3    30    11     0     1  -157.0   25.655 -161.135      0.2   1015.9
     1     1    19     3    30    10     0     2  -158.0   25.808 -161.256      0.2   1015.8
     1     1    19     3    30     9     0     3  -159.0   25.975 -161.379      0.2   1015.7
     1     1    19     3    30     8     0     2  -160.0   26.155 -161.508      0.2   1015.6
     1     1    19     3    30     7     0     1  -161.0   26.344 -161.649      0.2   1015.6
     1     1    19     3    30     6     0     0  -162.0   26.546 -161.803      0.2   1015.5
     1     1    19     3    30     5     0     1  -163.0   26.757 -161.970      0.2   1015.5
     1     1    19     3    30     4     0     2  -164.0   26.976 -162.150      0.2   1015.4
     1     1    19     3    30     3     0     3  -165.0   27.200 -162.341      0.2   1015.3
     1     1    19     3    30     2     0     2  -166.0   27.417 -162.539      0.2   1015.5
     1     1    19     3    30     1     0     1  -167.0   27.624 -162.743      0.2   1015.7
     1     1    19     3    30     0     0     0  -168.0   27.827 -162.953      0.2   1015.8
     1     1    19     3    29    23     0     1  -169.0   28.031 -163.158      0.2   1015.9
     1     1    19     3    29    22     0     2  -170.0   28.239 -163.348      0.2   1016.0
     1     1    19     3    29    21     0     3  -171.0   28.453 -163.522      0.2   1016.1
     1     1    19     3    29    20     0     2  -172.0   28.679 -163.692      0.2   1016.1
     1     1    19     3    29    19     0     1  -173.0   28.923 -163.868      0.2   1016.2
     1     1    19     3    29    18     0     0  -174.0   29.186 -164.050      0.2   1016.2
     1     1    19     3    29    17     0     1  -175.0   29.460 -164.233      0.2   1015.4
     1     1    19     3    29    16     0     2  -176.0   29.738 -164.414      0.2   1015.0
     1     1    19     3    29    15     0     3  -177.0   30.024 -164.594      0.2   1015.0
     1     1    19     3    29    14     0     2  -178.0   30.316 -164.775      0.2   1015.6
     1     1    19     3    29    13     0     1  -179.0   30.611 -164.958      0.2   1016.2
     1     1    19     3    29    12     0     0  -180.0   30.912 -165.141      0.2   1016.3
     1     1    19     3    29    11     0     1  -181.0   31.215 -165.322      0.2   1015.9
     1     1    19     3    29    10     0     2  -182.0   31.520 -165.497      0.2   1015.9
     1     1    19     3    29     9     0     3  -183.0   31.832 -165.662      0.2   1016.2
     1     1    19     3    29     8     0     2  -184.0   32.157 -165.815      0.2   1015.9
     1     1    19     3    29     7     0     1  -185.0   32.496 -165.954      0.2   1015.9
     1     1    19     3    29     6     0     0  -186.0   32.851 -166.074      0.2   1016.0
     1     1    19     3    29     5     0     1  -187.0   33.216 -166.185      0.2   1015.9
     1     1    19     3    29     4     0     2  -188.0   33.584 -166.295      0.2   1015.8
     1     1    19     3    29     3     0     3  -189.0   33.956 -166.406      0.2   1015.8
     1     1    19     3    29     2     0     2  -190.0   34.334 -166.514      0.2   1015.9
     1     1    19     3    29     1     0     1  -191.0   34.719 -166.607      0.2   1016.0
     1     1    19     3    29     0     0     0  -192.0   35.114 -166.681      0.2   1016.0
     1     1    19     3    28    23     0     1  -193.0   35.518 -166.742      0.2   1016.1
     1     1    19     3    28    22     0     2  -194.0   35.934 -166.796      0.2   1016.1
     1     1    19     3    28    21     0     3  -195.0   36.365 -166.845      0.4   1016.1
     1     1    19     3    28    20     0     2  -196.0   36.806 -166.886      1.2   1016.0
     1     1    19     3    28    19     0     1  -197.0   37.252 -166.911      2.4   1016.0
     1     1    19     3    28    18     0     0  -198.0   37.698 -166.919      3.7   1015.9
     1     1    19     3    28    17     0     1  -199.0   38.144 -166.911      4.9   1015.9
     1     1    19     3    28    16     0     2  -200.0   38.578 -166.885      5.8   1015.8
     1     1    19     3    28    15     0     3  -201.0   38.995 -166.838      6.8   1015.7
     1     1    19     3    28    14     0     2  -202.0   39.404 -166.766      7.7   1016.9
     1     1    19     3    28    13     0     1  -203.0   39.819 -166.663      8.5   1017.7
     1     1    19     3    28    12     0     0  -204.0   40.238 -166.526      9.1   1017.6
     1     1    19     3    28    11     0     1  -205.0   40.663 -166.363      9.6   1017.0
     1     1    19     3    28    10     0     2  -206.0   41.092 -166.183      9.9   1016.6
     1     1    19     3    28     9     0     3  -207.0   41.530 -165.996     10.0   1017.5
     1     1    19     3    28     8     0     2  -208.0   41.970 -165.805     10.0   1018.5
     1     1    19     3    28     7     0     1  -209.0   42.399 -165.604     10.2   1018.4
     1     1    19     3    28     6     0     0  -210.0   42.809 -165.389     10.6   1018.7
     1     1    19     3    28     5     0     1  -211.0   43.206 -165.151     10.9   1018.1
     1     1    19     3    28     4     0     2  -212.0   43.597 -164.888     11.0   1017.6
     1     1    19     3    28     3     0     3  -213.0   43.983 -164.597     11.0   1017.2
     1     1    19     3    28     2     0     2  -214.0   44.363 -164.311     11.1   1017.6
     1     1    19     3    28     1     0     1  -215.0   44.741 -164.063     11.1   1018.3
     1     1    19     3    28     0     0     0  -216.0   45.112 -163.859     11.2   1018.9
     1     1    19     3    27    23     0     1  -217.0   45.462 -163.676     11.5   1019.6
     1     1    19     3    27    22     0     2  -218.0   45.790 -163.485     11.7   1019.8
     1     1    19     3    27    21     0     3  -219.0   46.109 -163.285     11.8   1019.6
     1     1    19     3    27    20     0     2  -220.0   46.424 -163.077     11.8   1019.9
     1     1    19     3    27    19     0     1  -221.0   46.736 -162.858     11.8   1020.4
     1     1    19     3    27    18     0     0  -222.0   47.047 -162.630     11.7   1020.4
     1     1    19     3    27    17     0     1  -223.0   47.344 -162.422     11.7   1020.0
     1     1    19     3    27    16     0     2  -224.0   47.622 -162.249     11.6   1020.5
     1     1    19     3    27    15     0     3  -225.0   47.897 -162.102     11.5   1021.5
     1     1    19     3    27    14     0     2  -226.0   48.168 -161.962     11.6   1020.8
     1     1    19     3    27    13     0     1  -227.0   48.419 -161.816     11.7   1020.4
     1     1    19     3    27    12     0     0  -228.0   48.649 -161.668     12.2   1020.7
     1     1    19     3    27    11     0     1  -229.0   48.871 -161.512     12.8   1021.1
     1     1    19     3    27    10     0     2  -230.0   49.094 -161.343     13.4   1020.7
     1     1    19     3    27     9     0     3  -231.0   49.314 -161.160     13.9   1020.1
     1     1    19     3    27     8     0     2  -232.0   49.529 -160.968     14.6   1020.5
     1     1    19     3    27     7     0     1  -233.0   49.742 -160.770     15.6   1020.6
     1     1    19     3    27     6     0     0  -234.0   49.956 -160.563     16.6   1020.4
     1     1    19     3    27     5     0     1  -235.0   50.166 -160.349     17.4   1020.2
     1     1    19     3    27     4     0     2  -236.0   50.367 -160.136     18.2   1020.3
     1     1    19     3    27     3     0     3  -237.0   50.561 -159.931     19.0   1020.7
     1     1    19     3    27     2     0     2  -238.0   50.753 -159.745     20.0   1021.6
     1     1    19     3    27     1     0     1  -239.0   50.948 -159.589     20.8   1022.2
     1     1    19     3    27     0     0     0  -240.0   51.142 -159.467     21.2   1022.5
