     7     1
    GDAS    18    12     1     0     0
    GDAS    19     1     1     0     0
    GDAS    19     2     1     0     0
    GDAS    19     3     1     0     0
    GDAS    19     4     1     0     0
    GDAS    19     5     1     0     0
    GDAS    19     6     1     0     0
     1 BACKWARD OMEGA   
    19     2    12    18   21.319 -157.670    10.0
     1 PRESSURE
     1     1    19     2    12    18     0     0     0.0   21.319 -157.670     10.0   1008.2
     1     1    19     2    12    17     0     1    -1.0   21.522 -157.588     18.5   1006.5
     1     1    19     2    12    16     0     2    -2.0   21.748 -157.492     29.0   1004.7
     1     1    19     2    12    15     0     3    -3.0   22.001 -157.375     34.3   1003.9
     1     1    19     2    12    14     0     2    -4.0   22.274 -157.250     34.3   1004.2
     1     1    19     2    12    13     0     1    -5.0   22.559 -157.131     34.3   1004.0
     1     1    19     2    12    12     0     0    -6.0   22.856 -157.011     34.3   1003.4
     1     1    19     2    12    11     0     1    -7.0   23.163 -156.883     34.4   1004.2
     1     1    19     2    12    10     0     2    -8.0   23.470 -156.748     35.2   1004.7
     1     1    19     2    12     9     0     3    -9.0   23.767 -156.607     37.8   1005.0
     1     1    19     2    12     8     0     2   -10.0   24.063 -156.453     41.3   1004.1
     1     1    19     2    12     7     0     1   -11.0   24.372 -156.277     43.5   1003.2
     1     1    19     2    12     6     0     0   -12.0   24.696 -156.081     44.1   1002.4
     1     1    19     2    12     5     0     1   -13.0   25.023 -155.874     44.8   1001.8
     1     1    19     2    12     4     0     2   -14.0   25.344 -155.668     46.0   1001.2
     1     1    19     2    12     3     0     3   -15.0   25.658 -155.470     46.6   1000.7
     1     1    19     2    12     2     0     2   -16.0   25.964 -155.275     46.7   1000.5
     1     1    19     2    12     1     0     1   -17.0   26.259 -155.070     46.7   1000.3
     1     1    19     2    12     0     0     0   -18.0   26.548 -154.853     46.8   1000.1
     1     1    19     2    11    23     0     1   -19.0   26.815 -154.624     46.8   1000.2
     1     1    19     2    11    22     0     2   -20.0   27.045 -154.386     47.0   1000.3
     1     1    19     2    11    21     0     3   -21.0   27.245 -154.144     47.0   1000.6
     1     1    19     2    11    20     0     2   -22.0   27.418 -153.894     47.0   1000.3
     1     1    19     2    11    19     0     1   -23.0   27.567 -153.623     47.2   1000.1
     1     1    19     2    11    18     0     0   -24.0   27.696 -153.329     47.5    999.9
     1     1    19     2    11    17     0     1   -25.0   27.792 -153.041     47.9    999.6
     1     1    19     2    11    16     0     2   -26.0   27.845 -152.788     48.0    999.3
     1     1    19     2    11    15     0     3   -27.0   27.850 -152.566     47.9    999.1
     1     1    19     2    11    14     0     2   -28.0   27.813 -152.363     47.7    999.4
     1     1    19     2    11    13     0     1   -29.0   27.737 -152.166     47.5    999.9
     1     1    19     2    11    12     0     0   -30.0   27.624 -151.973     47.4   1000.4
     1     1    19     2    11    11     0     1   -31.0   27.498 -151.792     47.4   1000.9
     1     1    19     2    11    10     0     2   -32.0   27.381 -151.627     47.4   1001.5
     1     1    19     2    11     9     0     3   -33.0   27.266 -151.474     47.4   1002.1
     1     1    19     2    11     8     0     2   -34.0   27.162 -151.335     47.4   1002.2
     1     1    19     2    11     7     0     1   -35.0   27.071 -151.213     47.4   1002.2
     1     1    19     2    11     6     0     0   -36.0   26.994 -151.107     47.4   1002.2
     1     1    19     2    11     5     0     1   -37.0   26.935 -151.031     47.2   1001.9
     1     1    19     2    11     4     0     2   -38.0   26.899 -150.993     46.3   1001.6
     1     1    19     2    11     3     0     3   -39.0   26.887 -150.994     44.9   1001.3
     1     1    19     2    11     2     0     2   -40.0   26.885 -151.021     45.6   1001.5
     1     1    19     2    11     1     0     1   -41.0   26.875 -151.063     51.3   1001.0
     1     1    19     2    11     0     0     0   -42.0   26.859 -151.119     62.9    999.8
     1     1    19     2    10    23     0     1   -43.0   26.835 -151.177     77.9    997.9
     1     1    19     2    10    22     0     2   -44.0   26.796 -151.226     92.6    996.7
     1     1    19     2    10    21     0     3   -45.0   26.741 -151.267    106.2    995.7
     1     1    19     2    10    20     0     2   -46.0   26.681 -151.301    119.5    994.1
     1     1    19     2    10    19     0     1   -47.0   26.628 -151.327    134.2    992.4
     1     1    19     2    10    18     0     0   -48.0   26.581 -151.346    150.7    990.1
     1     1    19     2    10    17     0     1   -49.0   26.541 -151.356    166.3    987.5
     1     1    19     2    10    16     0     2   -50.0   26.509 -151.351    178.9    985.8
     1     1    19     2    10    15     0     3   -51.0   26.488 -151.333    189.5    984.4
     1     1    19     2    10    14     0     2   -52.0   26.481 -151.315    198.7    983.3
     1     1    19     2    10    13     0     1   -53.0   26.491 -151.309    206.5    982.2
     1     1    19     2    10    12     0     0   -54.0   26.517 -151.315    212.5    981.4
     1     1    19     2    10    11     0     1   -55.0   26.545 -151.333    216.9    981.3
     1     1    19     2    10    10     0     2   -56.0   26.559 -151.371    219.5    981.3
     1     1    19     2    10     9     0     3   -57.0   26.561 -151.431    219.1    981.7
     1     1    19     2    10     8     0     2   -58.0   26.565 -151.514    218.8    982.1
     1     1    19     2    10     7     0     1   -59.0   26.580 -151.617    219.8    981.6
     1     1    19     2    10     6     0     0   -60.0   26.606 -151.737    217.6    981.5
     1     1    19     2    10     5     0     1   -61.0   26.644 -151.878    211.5    982.3
     1     1    19     2    10     4     0     2   -62.0   26.693 -152.041    207.0    983.1
     1     1    19     2    10     3     0     3   -63.0   26.752 -152.225    208.3    982.8
     1     1    19     2    10     2     0     2   -64.0   26.834 -152.433    208.1    982.1
     1     1    19     2    10     1     0     1   -65.0   26.949 -152.670    198.6    983.4
     1     1    19     2    10     0     0     0   -66.0   27.092 -152.938    182.7    985.9
     1     1    19     2     9    23     0     1   -67.0   27.261 -153.215    171.6    989.1
     1     1    19     2     9    22     0     2   -68.0   27.458 -153.481    169.5    990.1
     1     1    19     2     9    21     0     3   -69.0   27.677 -153.736    172.6    990.5
     1     1    19     2     9    20     0     2   -70.0   27.920 -153.996    180.0    989.7
     1     1    19     2     9    19     0     1   -71.0   28.190 -154.276    190.8    988.2
     1     1    19     2     9    18     0     0   -72.0   28.490 -154.574    200.2    986.9
     1     1    19     2     9    17     0     1   -73.0   28.821 -154.874    204.4    986.5
     1     1    19     2     9    16     0     2   -74.0   29.177 -155.163    205.3    987.0
     1     1    19     2     9    15     0     3   -75.0   29.555 -155.451    205.8    987.2
     1     1    19     2     9    14     0     2   -76.0   29.956 -155.737    205.8    987.7
     1     1    19     2     9    13     0     1   -77.0   30.383 -156.013    205.3    988.1
     1     1    19     2     9    12     0     0   -78.0   30.837 -156.273    204.7    988.9
     1     1    19     2     9    11     0     1   -79.0   31.314 -156.511    204.7    990.1
     1     1    19     2     9    10     0     2   -80.0   31.818 -156.722    204.7    991.5
     1     1    19     2     9     9     0     3   -81.0   32.343 -156.901    204.7    993.0
     1     1    19     2     9     8     0     2   -82.0   32.881 -157.052    204.7    993.4
     1     1    19     2     9     7     0     1   -83.0   33.428 -157.185    204.7    993.7
     1     1    19     2     9     6     0     0   -84.0   33.978 -157.311    204.7    994.0
     1     1    19     2     9     5     0     1   -85.0   34.525 -157.425    204.7    994.8
     1     1    19     2     9     4     0     2   -86.0   35.063 -157.525    204.7    995.5
     1     1    19     2     9     3     0     3   -87.0   35.587 -157.619    204.7    996.1
     1     1    19     2     9     2     0     2   -88.0   36.096 -157.717    204.7    996.4
     1     1    19     2     9     1     0     1   -89.0   36.593 -157.826    204.7    996.7
     1     1    19     2     9     0     0     0   -90.0   37.079 -157.946    204.7    996.8
     1     1    19     2     8    23     0     1   -91.0   37.547 -158.069    204.7    997.8
     1     1    19     2     8    22     0     2   -92.0   37.993 -158.191    204.7    998.7
     1     1    19     2     8    21     0     3   -93.0   38.414 -158.320    204.7    999.2
     1     1    19     2     8    20     0     2   -94.0   38.820 -158.466    205.1    999.0
     1     1    19     2     8    19     0     1   -95.0   39.222 -158.645    206.5    998.7
     1     1    19     2     8    18     0     0   -96.0   39.624 -158.859    208.6    998.2
     1     1    19     2     8    17     0     1   -97.0   40.010 -159.096    209.8    998.0
     1     1    19     2     8    16     0     2   -98.0   40.366 -159.352    210.3    997.9
     1     1    19     2     8    15     0     3   -99.0   40.703 -159.627    210.7    997.5
     1     1    19     2     8    14     0     2  -100.0   41.034 -159.935    210.7    997.3
     1     1    19     2     8    13     0     1  -101.0   41.363 -160.281    210.7    997.0
     1     1    19     2     8    12     0     0  -102.0   41.696 -160.663    210.7    996.6
     1     1    19     2     8    11     0     1  -103.0   42.032 -161.085    210.6    996.4
     1     1    19     2     8    10     0     2  -104.0   42.364 -161.546    210.0    995.9
     1     1    19     2     8     9     0     3  -105.0   42.704 -162.037    208.0    995.5
     1     1    19     2     8     8     0     2  -106.0   43.056 -162.553    207.3    995.4
     1     1    19     2     8     7     0     1  -107.0   43.421 -163.091    212.8    994.0
     1     1    19     2     8     6     0     0  -108.0   43.815 -163.642    227.0    991.6
     1     1    19     2     8     5     0     1  -109.0   44.247 -164.184    244.5    987.5
     1     1    19     2     8     4     0     2  -110.0   44.723 -164.708    254.2    984.9
     1     1    19     2     8     3     0     3  -111.0   45.237 -165.197    255.2    984.1
     1     1    19     2     8     2     0     2  -112.0   45.765 -165.637    253.4    984.3
     1     1    19     2     8     1     0     1  -113.0   46.296 -166.039    252.4    984.1
     1     1    19     2     8     0     0     0  -114.0   46.824 -166.415    255.2    983.8
     1     1    19     2     7    23     0     1  -115.0   47.319 -166.784    262.7    982.7
     1     1    19     2     7    22     0     2  -116.0   47.766 -167.175    273.2    981.2
     1     1    19     2     7    21     0     3  -117.0   48.168 -167.603    286.7    978.9
     1     1    19     2     7    20     0     2  -118.0   48.515 -168.088    301.0    975.8
     1     1    19     2     7    19     0     1  -119.0   48.801 -168.626    317.5    973.1
     1     1    19     2     7    18     0     0  -120.0   49.044 -169.203    342.9    969.3
     1     1    19     2     7    17     0     1  -121.0   49.225 -169.830    368.5    964.0
     1     1    19     2     7    16     0     2  -122.0   49.344 -170.514    391.4    961.1
     1     1    19     2     7    15     0     3  -123.0   49.446 -171.253    423.6    956.4
     1     1    19     2     7    14     0     2  -124.0   49.535 -172.022    457.3    950.4
     1     1    19     2     7    13     0     1  -125.0   49.607 -172.816    479.8    946.2
     1     1    19     2     7    12     0     0  -126.0   49.687 -173.670    490.0    943.7
     1     1    19     2     7    11     0     1  -127.0   49.769 -174.559    501.4    941.2
     1     1    19     2     7    10     0     2  -128.0   49.848 -175.449    519.6    937.5
     1     1    19     2     7     9     0     3  -129.0   49.960 -176.359    541.1    933.5
     1     1    19     2     7     8     0     2  -130.0   50.115 -177.280    559.1    929.5
     1     1    19     2     7     7     0     1  -131.0   50.321 -178.220    570.2    926.5
     1     1    19     2     7     6     0     0  -132.0   50.598 -179.159    589.1    923.2
     1     1    19     2     7     5     0     1  -133.0   50.901  179.923    622.8    917.5
     1     1    19     2     7     4     0     2  -134.0   51.223  179.026    652.7    912.4
     1     1    19     2     7     3     0     3  -135.0   51.577  178.183    686.2    907.7
     1     1    19     2     7     2     0     2  -136.0   51.942  177.428    730.2    900.9
     1     1    19     2     7     1     0     1  -137.0   52.300  176.765    772.2    895.5
     1     1    19     2     7     0     0     0  -138.0   52.648  176.171    810.7    889.8
     1     1    19     2     6    23     0     1  -139.0   52.988  175.630    840.7    885.8
     1     1    19     2     6    22     0     2  -140.0   53.320  175.133    866.1    882.6
     1     1    19     2     6    21     0     3  -141.0   53.648  174.678    893.5    879.2
     1     1    19     2     6    20     0     2  -142.0   53.975  174.259    925.3    874.9
     1     1    19     2     6    19     0     1  -143.0   54.305  173.866    962.7    870.3
     1     1    19     2     6    18     0     0  -144.0   54.639  173.501   1005.3    864.7
     1     1    19     2     6    17     0     1  -145.0   54.972  173.151   1049.8    859.0
     1     1    19     2     6    16     0     2  -146.0   55.299  172.818   1089.0    853.1
     1     1    19     2     6    15     0     3  -147.0   55.626  172.510   1127.1    849.6
     1     1    19     2     6    14     0     2  -148.0   55.959  172.232   1172.7    844.5
     1     1    19     2     6    13     0     1  -149.0   56.297  172.003   1209.7    838.8
     1     1    19     2     6    12     0     0  -150.0   56.639  171.839   1229.3    837.0
     1     1    19     2     6    11     0     1  -151.0   56.977  171.730   1243.6    836.6
     1     1    19     2     6    10     0     2  -152.0   57.303  171.673   1264.8    834.6
     1     1    19     2     6     9     0     3  -153.0   57.618  171.676   1293.3    831.4
     1     1    19     2     6     8     0     2  -154.0   57.923  171.734   1322.2    827.6
     1     1    19     2     6     7     0     1  -155.0   58.222  171.841   1345.8    825.0
     1     1    19     2     6     6     0     0  -156.0   58.521  171.988   1361.6    823.2
     1     1    19     2     6     5     0     1  -157.0   58.825  172.173   1364.3    822.9
     1     1    19     2     6     4     0     2  -158.0   59.127  172.386   1350.4    824.9
     1     1    19     2     6     3     0     3  -159.0   59.426  172.610   1320.2    828.5
     1     1    19     2     6     2     0     2  -160.0   59.707  172.832   1275.4    834.2
     1     1    19     2     6     1     0     1  -161.0   59.960  173.035   1223.1    841.0
     1     1    19     2     6     0     0     0  -162.0   60.195  173.244   1173.4    848.1
     1     1    19     2     5    23     0     1  -163.0   60.430  173.536   1132.2    852.7
     1     1    19     2     5    22     0     2  -164.0   60.676  173.942   1095.9    856.7
     1     1    19     2     5    21     0     3  -165.0   60.929  174.421   1059.2    860.3
     1     1    19     2     5    20     0     2  -166.0   61.202  174.948   1017.6    862.6
     1     1    19     2     5    19     0     1  -167.0   61.518  175.556    978.8    867.4
     1     1    19     2     5    18     0     0  -168.0   61.893  176.297    940.6    874.4
     1     1    19     2     5    17     0     1  -169.0   62.307  177.154    979.8    861.3
     1     1    19     2     5    16     0     2  -170.0   62.707  178.023   1154.8    832.1
     1     1    19     2     5    15     0     3  -171.0   63.064  178.857   1257.4    820.1
     1     1    19     2     5    14     0     2  -172.0   63.364  179.750   1109.6    856.0
     1     1    19     2     5    13     0     1  -173.0   63.620 -179.116    998.3    870.2
     1     1    19     2     5    12     0     0  -174.0   63.840 -177.787    904.9    880.9
     1     1    19     2     5    11     0     1  -175.0   63.989 -176.358    810.5    893.8
     1     1    19     2     5    10     0     2  -176.0   64.086 -174.824    815.8    889.4
     1     1    19     2     5     9     0     3  -177.0   64.166 -173.177    793.7    888.9
     1     1    19     2     5     8     0     2  -178.0   64.208 -171.647    665.0    912.7
     1     1    19     2     5     7     0     1  -179.0   64.157 -170.139    564.3    925.2
     1     1    19     2     5     6     0     0  -180.0   64.040 -168.587    512.3    932.2
     1     1    19     2     5     5     0     1  -181.0   63.881 -167.008    492.4    935.8
     1     1    19     2     5     4     0     2  -182.0   63.720 -165.453    437.8    944.5
     1     1    19     2     5     3     0     3  -183.0   63.567 -163.896    346.7    956.4
     1     1    19     2     5     2     0     2  -184.0   63.335 -162.314    484.6    925.9
     1     1    19     2     5     1     0     1  -185.0   63.003 -160.854    673.8    882.7
     1     1    19     2     5     0     0     0  -186.0   62.883 -159.614    469.7    940.0
     1     1    19     2     4    23     0     1  -187.0   62.868 -158.642    384.9    953.8
     1     1    19     2     4    22     0     2  -188.0   62.821 -157.787    352.5    952.4
     1     1    19     2     4    21     0     3  -189.0   62.759 -157.043    492.6    910.1
     1     1    19     2     4    20     0     2  -190.0   62.693 -156.415    643.1    897.8
     1     1    19     2     4    19     0     1  -191.0   62.651 -155.911    633.1    903.2
     1     1    19     2     4    18     0     0  -192.0   62.642 -155.523    555.8    916.5
     1     1    19     2     4    17     0     1  -193.0   62.655 -155.224    478.2    923.4
     1     1    19     2     4    16     0     2  -194.0   62.681 -154.973    405.1    932.2
     1     1    19     2     4    15     0     3  -195.0   62.710 -154.759    357.7    935.8
     1     1    19     2     4    14     0     2  -196.0   62.735 -154.606    340.7    933.9
     1     1    19     2     4    13     0     1  -197.0   62.758 -154.532    325.5    935.1
     1     1    19     2     4    12     0     0  -198.0   62.783 -154.527    299.6    940.0
     1     1    19     2     4    11     0     1  -199.0   62.804 -154.558    265.9    947.4
     1     1    19     2     4    10     0     2  -200.0   62.816 -154.603    232.0    952.4
     1     1    19     2     4     9     0     3  -201.0   62.815 -154.656    195.5    956.9
     1     1    19     2     4     8     0     2  -202.0   62.807 -154.721    151.9    962.4
     1     1    19     2     4     7     0     1  -203.0   62.799 -154.796    105.0    969.6
     1     1    19     2     4     6     0     0  -204.0   62.794 -154.870     67.4    976.7
     1     1    19     2     4     5     0     1  -205.0   62.788 -154.935     41.9    979.9
     1     1    19     2     4     4     0     2  -206.0   62.777 -154.991     26.7    981.2
     1     1    19     2     4     3     0     3  -207.0   62.760 -155.045     17.3    981.0
     1     1    19     2     4     2     0     2  -208.0   62.738 -155.078     10.9    981.0
     1     1    19     2     4     1     0     1  -209.0   62.713 -155.076      5.8    979.7
     1     1    19     2     4     0     0     0  -210.0   62.681 -155.045      1.2    977.9
     1     1    19     2     3    23     0     1  -211.0   62.641 -154.995      0.0    975.3
     1     1    19     2     3    22     0     2  -212.0   62.592 -154.938      0.0    970.4
     1     1    19     2     3    21     0     3  -213.0   62.533 -154.875      0.0    964.0
     1     1    19     2     3    20     0     2  -214.0   62.478 -154.795      0.0    956.6
     1     1    19     2     3    19     0     1  -215.0   62.449 -154.684      0.0    948.7
     1     1    19     2     3    18     0     0  -216.0   62.453 -154.534      0.0    941.1
     1     1    19     2     3    17     0     1  -217.0   62.475 -154.357      0.0    934.1
     1     1    19     2     3    16     0     2  -218.0   62.497 -154.168      0.0    927.3
     1     1    19     2     3    15     0     3  -219.0   62.515 -153.966      2.1    921.9
     1     1    19     2     3    14     0     2  -220.0   62.526 -153.764      5.2    925.0
     1     1    19     2     3    13     0     1  -221.0   62.528 -153.570      8.4    926.4
     1     1    19     2     3    12     0     0  -222.0   62.517 -153.381     12.1    925.8
     1     1    19     2     3    11     0     1  -223.0   62.499 -153.204     17.9    923.9
     1     1    19     2     3    10     0     2  -224.0   62.482 -153.048     27.1    922.1
     1     1    19     2     3     9     0     3  -225.0   62.466 -152.909     41.5    920.7
     1     1    19     2     3     8     0     2  -226.0   62.444 -152.778     64.4    919.2
     1     1    19     2     3     7     0     1  -227.0   62.413 -152.646    102.7    916.3
     1     1    19     2     3     6     0     0  -228.0   62.374 -152.514    159.5    912.5
     1     1    19     2     3     5     0     1  -229.0   62.337 -152.388    230.4    907.8
     1     1    19     2     3     4     0     2  -230.0   62.303 -152.262    322.9    903.0
     1     1    19     2     3     3     0     3  -231.0   62.270 -152.133    452.7    895.3
     1     1    19     2     3     2     0     2  -232.0   62.222 -152.008    571.6    884.6
     1     1    19     2     3     1     0     1  -233.0   62.162 -151.889    608.9    882.6
     1     1    19     2     3     0     0     0  -234.0   62.105 -151.768    560.8    895.8
     1     1    19     2     2    23     0     1  -235.0   62.071 -151.666    483.7    913.8
     1     1    19     2     2    22     0     2  -236.0   62.059 -151.584    409.1    926.5
     1     1    19     2     2    21     0     3  -237.0   62.061 -151.515    333.9    935.4
     1     1    19     2     2    20     0     2  -238.0   62.086 -151.477    268.3    941.5
     1     1    19     2     2    19     0     1  -239.0   62.125 -151.483    211.1    939.1
     1     1    19     2     2    18     0     0  -240.0   62.167 -151.523    157.2    937.7
