     7     1
    GDAS    19     6     1     0     0
    GDAS    19     7     1     0     0
    GDAS    19     8     1     0     0
    GDAS    19     9     1     0     0
    GDAS    19    10     1     0     0
    GDAS    19    11     1     0     0
    GDAS    19    12     1     0     0
     1 BACKWARD OMEGA   
    19    10     6     6   21.319 -157.670    10.0
     1 PRESSURE
     1     1    19    10     6     6     0     0     0.0   21.319 -157.670     10.0   1011.1
     1     1    19    10     6     5     0     1    -1.0   21.464 -157.544     37.8   1007.2
     1     1    19    10     6     4     0     2    -2.0   21.606 -157.419     87.0   1000.4
     1     1    19    10     6     3     0     3    -3.0   21.755 -157.288    137.0    994.6
     1     1    19    10     6     2     0     2    -4.0   21.913 -157.153    166.6    990.7
     1     1    19    10     6     1     0     1    -5.0   22.074 -157.017    167.0    991.9
     1     1    19    10     6     0     0     0    -6.0   22.224 -156.895    155.1    995.2
     1     1    19    10     5    23     0     1    -7.0   22.348 -156.784    143.8    997.5
     1     1    19    10     5    22     0     2    -8.0   22.443 -156.673    134.2    999.1
     1     1    19    10     5    21     0     3    -9.0   22.516 -156.552    126.9   1000.3
     1     1    19    10     5    20     0     2   -10.0   22.582 -156.419    124.7   1000.9
     1     1    19    10     5    19     0     1   -11.0   22.652 -156.276    130.6   1000.5
     1     1    19    10     5    18     0     0   -12.0   22.723 -156.118    146.8    999.3
     1     1    19    10     5    17     0     1   -13.0   22.790 -155.949    167.3    995.4
     1     1    19    10     5    16     0     2   -14.0   22.856 -155.770    182.3    993.1
     1     1    19    10     5    15     0     3   -15.0   22.930 -155.575    192.8    991.9
     1     1    19    10     5    14     0     2   -16.0   23.020 -155.365    195.7    991.0
     1     1    19    10     5    13     0     1   -17.0   23.114 -155.152    182.5    992.3
     1     1    19    10     5    12     0     0   -18.0   23.204 -154.946    154.6    996.3
     1     1    19    10     5    11     0     1   -19.0   23.282 -154.745    132.7   1001.3
     1     1    19    10     5    10     0     2   -20.0   23.349 -154.541    126.6   1001.7
     1     1    19    10     5     9     0     3   -21.0   23.413 -154.340    129.2   1001.8
     1     1    19    10     5     8     0     2   -22.0   23.475 -154.137    136.2   1000.8
     1     1    19    10     5     7     0     1   -23.0   23.532 -153.927    144.9    999.7
     1     1    19    10     5     6     0     0   -24.0   23.582 -153.705    155.5    998.2
     1     1    19    10     5     5     0     1   -25.0   23.625 -153.474    165.7    996.5
     1     1    19    10     5     4     0     2   -26.0   23.663 -153.242    173.4    995.5
     1     1    19    10     5     3     0     3   -27.0   23.694 -153.009    180.0    994.7
     1     1    19    10     5     2     0     2   -28.0   23.725 -152.769    182.5    993.9
     1     1    19    10     5     1     0     1   -29.0   23.763 -152.516    178.9    994.5
     1     1    19    10     5     0     0     0   -30.0   23.802 -152.254    174.6    995.3
     1     1    19    10     4    23     0     1   -31.0   23.840 -151.987    173.1    996.4
     1     1    19    10     4    22     0     2   -32.0   23.881 -151.715    174.3    996.9
     1     1    19    10     4    21     0     3   -33.0   23.934 -151.441    176.8    997.4
     1     1    19    10     4    20     0     2   -34.0   23.997 -151.162    182.7    997.0
     1     1    19    10     4    19     0     1   -35.0   24.059 -150.873    195.2    995.6
     1     1    19    10     4    18     0     0   -36.0   24.118 -150.572    210.4    993.5
     1     1    19    10     4    17     0     1   -37.0   24.181 -150.268    219.8    991.8
     1     1    19    10     4    16     0     2   -38.0   24.248 -149.965    227.2    991.7
     1     1    19    10     4    15     0     3   -39.0   24.316 -149.665    237.9    990.1
     1     1    19    10     4    14     0     2   -40.0   24.381 -149.364    247.8    988.7
     1     1    19    10     4    13     0     1   -41.0   24.447 -149.064    260.1    987.7
     1     1    19    10     4    12     0     0   -42.0   24.511 -148.764    278.8    985.3
     1     1    19    10     4    11     0     1   -43.0   24.569 -148.452    296.4    982.9
     1     1    19    10     4    10     0     2   -44.0   24.616 -148.123    310.8    982.3
     1     1    19    10     4     9     0     3   -45.0   24.656 -147.781    328.2    981.0
     1     1    19    10     4     8     0     2   -46.0   24.704 -147.422    343.8    978.5
     1     1    19    10     4     7     0     1   -47.0   24.770 -147.052    357.7    977.5
     1     1    19    10     4     6     0     0   -48.0   24.854 -146.669    376.1    975.5
     1     1    19    10     4     5     0     1   -49.0   24.955 -146.278    393.8    972.9
     1     1    19    10     4     4     0     2   -50.0   25.060 -145.890    407.4    971.6
     1     1    19    10     4     3     0     3   -51.0   25.159 -145.514    409.3    970.2
     1     1    19    10     4     2     0     2   -52.0   25.255 -145.144    401.1    972.0
     1     1    19    10     4     1     0     1   -53.0   25.351 -144.772    405.1    972.6
     1     1    19    10     4     0     0     0   -54.0   25.446 -144.402    431.2    969.4
     1     1    19    10     3    23     0     1   -55.0   25.537 -144.029    469.3    964.4
     1     1    19    10     3    22     0     2   -56.0   25.626 -143.645    508.2    960.1
     1     1    19    10     3    21     0     3   -57.0   25.720 -143.254    544.2    956.4
     1     1    19    10     3    20     0     2   -58.0   25.822 -142.861    570.5    952.9
     1     1    19    10     3    19     0     1   -59.0   25.938 -142.465    583.3    951.9
     1     1    19    10     3    18     0     0   -60.0   26.076 -142.070    605.7    951.8
     1     1    19    10     3    17     0     1   -61.0   26.218 -141.678    628.1    946.1
     1     1    19    10     3    16     0     2   -62.0   26.349 -141.289    624.7    946.9
     1     1    19    10     3    15     0     3   -63.0   26.474 -140.912    612.6    949.2
     1     1    19    10     3    14     0     2   -64.0   26.597 -140.540    617.5    949.8
     1     1    19    10     3    13     0     1   -65.0   26.726 -140.167    657.0    945.6
     1     1    19    10     3    12     0     0   -66.0   26.870 -139.800    737.9    936.4
     1     1    19    10     3    11     0     1   -67.0   27.022 -139.443    830.4    923.2
     1     1    19    10     3    10     0     2   -68.0   27.170 -139.091    883.5    917.0
     1     1    19    10     3     9     0     3   -69.0   27.311 -138.742    892.0    917.0
     1     1    19    10     3     8     0     2   -70.0   27.447 -138.402    870.8    920.8
     1     1    19    10     3     7     0     1   -71.0   27.582 -138.073    830.1    924.7
     1     1    19    10     3     6     0     0   -72.0   27.714 -137.752    781.1    931.3
     1     1    19    10     3     5     0     1   -73.0   27.848 -137.436    754.7    935.8
     1     1    19    10     3     4     0     2   -74.0   27.986 -137.127    760.6    933.9
     1     1    19    10     3     3     0     3   -75.0   28.128 -136.833    781.5    930.3
     1     1    19    10     3     2     0     2   -76.0   28.268 -136.556    808.0    927.2
     1     1    19    10     3     1     0     1   -77.0   28.399 -136.291    829.7    923.7
     1     1    19    10     3     0     0     0   -78.0   28.509 -136.031    825.3    922.7
     1     1    19    10     2    23     0     1   -79.0   28.617 -135.772    810.0    927.4
     1     1    19    10     2    22     0     2   -80.0   28.741 -135.516    812.1    928.1
     1     1    19    10     2    21     0     3   -81.0   28.874 -135.265    844.7    925.7
     1     1    19    10     2    20     0     2   -82.0   29.011 -135.021    867.7    918.4
     1     1    19    10     2    19     0     1   -83.0   29.148 -134.777    841.0    922.6
     1     1    19    10     2    18     0     0   -84.0   29.290 -134.537    792.7    929.9
     1     1    19    10     2    17     0     1   -85.0   29.430 -134.306    755.3    935.2
     1     1    19    10     2    16     0     2   -86.0   29.557 -134.095    733.2    936.1
     1     1    19    10     2    15     0     3   -87.0   29.670 -133.900    714.1    937.4
     1     1    19    10     2    14     0     2   -88.0   29.788 -133.713    708.2    939.3
     1     1    19    10     2    13     0     1   -89.0   29.934 -133.530    730.5    936.5
     1     1    19    10     2    12     0     0   -90.0   30.099 -133.361    778.0    930.5
     1     1    19    10     2    11     0     1   -91.0   30.263 -133.207    813.7    923.4
     1     1    19    10     2    10     0     2   -92.0   30.416 -133.055    798.4    924.9
     1     1    19    10     2     9     0     3   -93.0   30.558 -132.896    734.8    932.6
     1     1    19    10     2     8     0     2   -94.0   30.696 -132.728    672.5    944.8
     1     1    19    10     2     7     0     1   -95.0   30.839 -132.555    640.4    947.1
     1     1    19    10     2     6     0     0   -96.0   30.994 -132.375    618.5    948.8
     1     1    19    10     2     5     0     1   -97.0   31.158 -132.200    606.8    950.5
     1     1    19    10     2     4     0     2   -98.0   31.327 -132.039    615.2    949.6
     1     1    19    10     2     3     0     3   -99.0   31.497 -131.892    639.9    946.0
     1     1    19    10     2     2     0     2  -100.0   31.665 -131.754    659.3    941.9
     1     1    19    10     2     1     0     1  -101.0   31.838 -131.614    659.3    942.3
     1     1    19    10     2     0     0     0  -102.0   32.027 -131.462    641.6    944.5
     1     1    19    10     1    23     0     1  -103.0   32.225 -131.314    618.1    948.5
     1     1    19    10     1    22     0     2  -104.0   32.426 -131.192    610.3    950.4
     1     1    19    10     1    21     0     3  -105.0   32.637 -131.096    637.6    948.7
     1     1    19    10     1    20     0     2  -106.0   32.850 -131.008    681.2    940.5
     1     1    19    10     1    19     0     1  -107.0   33.051 -130.913    696.5    937.5
     1     1    19    10     1    18     0     0  -108.0   33.238 -130.813    683.6    940.9
     1     1    19    10     1    17     0     1  -109.0   33.420 -130.721    676.0    943.9
     1     1    19    10     1    16     0     2  -110.0   33.601 -130.643    682.5    941.3
     1     1    19    10     1    15     0     3  -111.0   33.778 -130.576    682.7    940.0
     1     1    19    10     1    14     0     2  -112.0   33.956 -130.516    677.5    941.4
     1     1    19    10     1    13     0     1  -113.0   34.143 -130.464    680.1    941.1
     1     1    19    10     1    12     0     0  -114.0   34.334 -130.419    685.1    939.1
     1     1    19    10     1    11     0     1  -115.0   34.530 -130.378    680.2    939.5
     1     1    19    10     1    10     0     2  -116.0   34.730 -130.339    665.5    941.9
     1     1    19    10     1     9     0     3  -117.0   34.937 -130.302    648.2    944.6
     1     1    19    10     1     8     0     2  -118.0   35.148 -130.269    628.2    946.6
     1     1    19    10     1     7     0     1  -119.0   35.359 -130.245    599.6    949.5
     1     1    19    10     1     6     0     0  -120.0   35.563 -130.229    561.9    953.8
     1     1    19    10     1     5     0     1  -121.0   35.769 -130.217    519.0    958.7
     1     1    19    10     1     4     0     2  -122.0   35.989 -130.205    474.6    963.7
     1     1    19    10     1     3     0     3  -123.0   36.222 -130.188    434.5    969.0
     1     1    19    10     1     2     0     2  -124.0   36.454 -130.173    412.8    972.2
     1     1    19    10     1     1     0     1  -125.0   36.677 -130.167    413.4    971.4
     1     1    19    10     1     0     0     0  -126.0   36.892 -130.168    428.2    969.3
     1     1    19     9    30    23     0     1  -127.0   37.108 -130.183    441.9    966.6
     1     1    19     9    30    22     0     2  -128.0   37.331 -130.215    443.8    966.9
     1     1    19     9    30    21     0     3  -129.0   37.559 -130.255    434.4    968.3
     1     1    19     9    30    20     0     2  -130.0   37.791 -130.299    416.5    970.6
     1     1    19     9    30    19     0     1  -131.0   38.032 -130.353    392.3    972.9
     1     1    19     9    30    18     0     0  -132.0   38.285 -130.419    372.6    976.2
     1     1    19     9    30    17     0     1  -133.0   38.550 -130.495    370.8    976.4
     1     1    19     9    30    16     0     2  -134.0   38.828 -130.573    381.2    974.0
     1     1    19     9    30    15     0     3  -135.0   39.119 -130.654    386.9    972.2
     1     1    19     9    30    14     0     2  -136.0   39.418 -130.745    386.1    972.6
     1     1    19     9    30    13     0     1  -137.0   39.721 -130.845    382.6    972.4
     1     1    19     9    30    12     0     0  -138.0   40.036 -130.951    369.8    972.9
     1     1    19     9    30    11     0     1  -139.0   40.359 -131.054    344.7    976.1
     1     1    19     9    30    10     0     2  -140.0   40.684 -131.149    315.1    980.3
     1     1    19     9    30     9     0     3  -141.0   41.011 -131.239    287.3    984.0
     1     1    19     9    30     8     0     2  -142.0   41.342 -131.328    269.0    987.3
     1     1    19     9    30     7     0     1  -143.0   41.682 -131.411    263.2    987.7
     1     1    19     9    30     6     0     0  -144.0   42.034 -131.485    262.8    987.4
     1     1    19     9    30     5     0     1  -145.0   42.402 -131.554    265.2    987.3
     1     1    19     9    30     4     0     2  -146.0   42.785 -131.631    271.3    986.5
     1     1    19     9    30     3     0     3  -147.0   43.179 -131.713    278.1    985.4
     1     1    19     9    30     2     0     2  -148.0   43.578 -131.801    283.3    984.6
     1     1    19     9    30     1     0     1  -149.0   43.979 -131.898    290.7    983.9
     1     1    19     9    30     0     0     0  -150.0   44.384 -132.005    300.4    982.2
     1     1    19     9    29    23     0     1  -151.0   44.792 -132.115    309.2    981.4
     1     1    19     9    29    22     0     2  -152.0   45.200 -132.219    319.2    980.7
     1     1    19     9    29    21     0     3  -153.0   45.602 -132.317    325.9    979.4
     1     1    19     9    29    20     0     2  -154.0   46.002 -132.411    325.5    979.8
     1     1    19     9    29    19     0     1  -155.0   46.413 -132.506    323.3    980.6
     1     1    19     9    29    18     0     0  -156.0   46.833 -132.599    318.9    980.7
     1     1    19     9    29    17     0     1  -157.0   47.264 -132.688    312.5    982.2
     1     1    19     9    29    16     0     2  -158.0   47.711 -132.775    311.6    983.0
     1     1    19     9    29    15     0     3  -159.0   48.174 -132.853    318.1    982.1
     1     1    19     9    29    14     0     2  -160.0   48.645 -132.936    324.9    980.8
     1     1    19     9    29    13     0     1  -161.0   49.116 -133.043    325.4    981.0
     1     1    19     9    29    12     0     0  -162.0   49.583 -133.169    323.8    982.1
     1     1    19     9    29    11     0     1  -163.0   50.048 -133.308    327.2    982.6
     1     1    19     9    29    10     0     2  -164.0   50.510 -133.460    336.6    981.8
     1     1    19     9    29     9     0     3  -165.0   50.961 -133.627    350.7    980.6
     1     1    19     9    29     8     0     2  -166.0   51.390 -133.809    367.1    978.8
     1     1    19     9    29     7     0     1  -167.0   51.790 -134.008    379.4    977.5
     1     1    19     9    29     6     0     0  -168.0   52.165 -134.234    385.4    977.3
     1     1    19     9    29     5     0     1  -169.0   52.519 -134.475    395.9    977.7
     1     1    19     9    29     4     0     2  -170.0   52.851 -134.726    419.1    975.5
     1     1    19     9    29     3     0     3  -171.0   53.152 -135.002    447.1    972.0
     1     1    19     9    29     2     0     2  -172.0   53.423 -135.288    466.0    969.0
     1     1    19     9    29     1     0     1  -173.0   53.668 -135.582    472.4    969.1
     1     1    19     9    29     0     0     0  -174.0   53.874 -135.906    474.9    969.6
     1     1    19     9    28    23     0     1  -175.0   54.057 -136.242    484.7    969.8
     1     1    19     9    28    22     0     2  -176.0   54.231 -136.556    505.7    967.4
     1     1    19     9    28    21     0     3  -177.0   54.385 -136.844    531.0    964.4
     1     1    19     9    28    20     0     2  -178.0   54.521 -137.113    546.5    961.7
     1     1    19     9    28    19     0     1  -179.0   54.645 -137.373    541.1    962.7
     1     1    19     9    28    18     0     0  -180.0   54.759 -137.641    514.4    966.1
     1     1    19     9    28    17     0     1  -181.0   54.863 -137.916    483.6    971.9
     1     1    19     9    28    16     0     2  -182.0   54.958 -138.202    468.9    974.5
     1     1    19     9    28    15     0     3  -183.0   55.046 -138.504    473.2    974.0
     1     1    19     9    28    14     0     2  -184.0   55.131 -138.803    489.6    971.8
     1     1    19     9    28    13     0     1  -185.0   55.210 -139.081    519.7    969.3
     1     1    19     9    28    12     0     0  -186.0   55.274 -139.337    563.3    963.7
     1     1    19     9    28    11     0     1  -187.0   55.319 -139.578    589.6    958.1
     1     1    19     9    28    10     0     2  -188.0   55.346 -139.818    577.3    959.7
     1     1    19     9    28     9     0     3  -189.0   55.358 -140.076    538.6    965.1
     1     1    19     9    28     8     0     2  -190.0   55.369 -140.322    509.8    972.0
     1     1    19     9    28     7     0     1  -191.0   55.384 -140.511    501.0    971.3
     1     1    19     9    28     6     0     0  -192.0   55.399 -140.640    489.7    971.8
     1     1    19     9    28     5     0     1  -193.0   55.428 -140.743    465.9    974.3
     1     1    19     9    28     4     0     2  -194.0   55.478 -140.857    425.5    979.8
     1     1    19     9    28     3     0     3  -195.0   55.543 -140.985    373.8    985.9
     1     1    19     9    28     2     0     2  -196.0   55.618 -141.120    333.4    993.2
     1     1    19     9    28     1     0     1  -197.0   55.704 -141.245    316.8    994.6
     1     1    19     9    28     0     0     0  -198.0   55.800 -141.356    314.7    994.4
     1     1    19     9    27    23     0     1  -199.0   55.899 -141.473    315.8    993.1
     1     1    19     9    27    22     0     2  -200.0   55.992 -141.620    312.8    993.3
     1     1    19     9    27    21     0     3  -201.0   56.078 -141.803    305.9    994.2
     1     1    19     9    27    20     0     2  -202.0   56.160 -141.991    303.5    995.1
     1     1    19     9    27    19     0     1  -203.0   56.243 -142.153    312.8    993.3
     1     1    19     9    27    18     0     0  -204.0   56.327 -142.289    330.2    990.5
     1     1    19     9    27    17     0     1  -205.0   56.417 -142.415    346.9    987.4
     1     1    19     9    27    16     0     2  -206.0   56.516 -142.548    357.7    986.0
     1     1    19     9    27    15     0     3  -207.0   56.628 -142.679    366.5    984.8
     1     1    19     9    27    14     0     2  -208.0   56.743 -142.801    374.5    983.3
     1     1    19     9    27    13     0     1  -209.0   56.856 -142.914    380.3    982.1
     1     1    19     9    27    12     0     0  -210.0   56.967 -143.019    382.3    981.4
     1     1    19     9    27    11     0     1  -211.0   57.089 -143.140    381.3    981.0
     1     1    19     9    27    10     0     2  -212.0   57.229 -143.297    379.7    980.6
     1     1    19     9    27     9     0     3  -213.0   57.381 -143.479    378.1    980.1
     1     1    19     9    27     8     0     2  -214.0   57.535 -143.671    375.4    979.8
     1     1    19     9    27     7     0     1  -215.0   57.682 -143.867    365.3    980.0
     1     1    19     9    27     6     0     0  -216.0   57.827 -144.064    344.1    981.8
     1     1    19     9    27     5     0     1  -217.0   57.976 -144.279    324.3    985.0
     1     1    19     9    27     4     0     2  -218.0   58.141 -144.521    315.0    985.1
     1     1    19     9    27     3     0     3  -219.0   58.324 -144.758    313.0    984.5
     1     1    19     9    27     2     0     2  -220.0   58.510 -144.970    317.2    983.4
     1     1    19     9    27     1     0     1  -221.0   58.690 -145.171    320.6    981.9
     1     1    19     9    27     0     0     0  -222.0   58.879 -145.373    315.4    981.8
     1     1    19     9    26    23     0     1  -223.0   59.097 -145.586    302.2    983.0
     1     1    19     9    26    22     0     2  -224.0   59.344 -145.809    290.6    984.6
     1     1    19     9    26    21     0     3  -225.0   59.608 -146.028    287.5    984.5
     1     1    19     9    26    20     0     2  -226.0   59.886 -146.259    304.6    982.8
     1     1    19     9    26    19     0     1  -227.0   60.178 -146.510    369.4    966.0
     1     1    19     9    26    18     0     0  -228.0   60.467 -146.716    477.8    940.8
     1     1    19     9    26    17     0     1  -229.0   60.718 -146.810    562.2    919.0
     1     1    19     9    26    16     0     2  -230.0   60.918 -146.796    604.9    905.9
     1     1    19     9    26    15     0     3  -231.0   61.092 -146.726    635.1    891.9
     1     1    19     9    26    14     0     2  -232.0   61.267 -146.702    664.3    879.2
     1     1    19     9    26    13     0     1  -233.0   61.452 -146.798    672.6    869.6
     1     1    19     9    26    12     0     0  -234.0   61.648 -147.035    678.7    859.9
     1     1    19     9    26    11     0     1  -235.0   61.840 -147.351    677.8    826.6
     1     1    19     9    26    10     0     2  -236.0   61.989 -147.646    661.7    800.5
     1     1    19     9    26     9     0     3  -237.0   62.095 -147.895    671.9    791.9
     1     1    19     9    26     8     0     2  -238.0   62.193 -148.119    699.6    783.3
     1     1    19     9    26     7     0     1  -239.0   62.294 -148.334    710.0    784.3
     1     1    19     9    26     6     0     0  -240.0   62.390 -148.533    699.4    788.2
