     7     1
    GDAS    19     6     1     0     0
    GDAS    19     7     1     0     0
    GDAS    19     8     1     0     0
    GDAS    19     9     1     0     0
    GDAS    19    10     1     0     0
    GDAS    19    11     1     0     0
    GDAS    19    12     1     0     0
     1 BACKWARD OMEGA   
    19     9    28     6   21.319 -157.670    10.0
     1 PRESSURE
     1     1    19     9    28     6     0     0     0.0   21.319 -157.670     10.0   1011.0
     1     1    19     9    28     5     0     1    -1.0   21.387 -157.448     47.1   1005.8
     1     1    19     9    28     4     0     2    -2.0   21.448 -157.220    124.3    994.4
     1     1    19     9    28     3     0     3    -3.0   21.497 -156.994    208.4    982.5
     1     1    19     9    28     2     0     2    -4.0   21.537 -156.763    271.1    975.3
     1     1    19     9    28     1     0     1    -5.0   21.570 -156.516    308.4    973.9
     1     1    19     9    28     0     0     0    -6.0   21.593 -156.257    341.9    972.9
     1     1    19     9    27    23     0     1    -7.0   21.588 -155.997    384.7    969.9
     1     1    19     9    27    22     0     2    -8.0   21.549 -155.758    431.2    964.8
     1     1    19     9    27    21     0     3    -9.0   21.489 -155.548    475.4    960.2
     1     1    19     9    27    20     0     2   -10.0   21.418 -155.351    505.3    955.3
     1     1    19     9    27    19     0     1   -11.0   21.337 -155.150    496.0    955.4
     1     1    19     9    27    18     0     0   -12.0   21.239 -154.945    438.7    961.8
     1     1    19     9    27    17     0     1   -13.0   21.125 -154.745    380.0    972.5
     1     1    19     9    27    16     0     2   -14.0   21.008 -154.556    347.0    974.2
     1     1    19     9    27    15     0     3   -15.0   20.891 -154.379    323.1    975.5
     1     1    19     9    27    14     0     2   -16.0   20.779 -154.207    304.7    977.8
     1     1    19     9    27    13     0     1   -17.0   20.671 -154.033    298.2    979.0
     1     1    19     9    27    12     0     0   -18.0   20.561 -153.854    312.5    977.5
     1     1    19     9    27    11     0     1   -19.0   20.457 -153.667    337.8    973.4
     1     1    19     9    27    10     0     2   -20.0   20.369 -153.479    355.8    971.5
     1     1    19     9    27     9     0     3   -21.0   20.294 -153.291    363.3    971.2
     1     1    19     9    27     8     0     2   -22.0   20.230 -153.113    361.1    971.3
     1     1    19     9    27     7     0     1   -23.0   20.178 -152.954    353.6    972.4
     1     1    19     9    27     6     0     0   -24.0   20.133 -152.812    348.6    973.3
     1     1    19     9    27     5     0     1   -25.0   20.087 -152.677    352.9    972.6
     1     1    19     9    27     4     0     2   -26.0   20.032 -152.544    369.4    970.2
     1     1    19     9    27     3     0     3   -27.0   19.968 -152.418    397.4    966.7
     1     1    19     9    27     2     0     2   -28.0   19.905 -152.296    430.7    962.5
     1     1    19     9    27     1     0     1   -29.0   19.850 -152.177    464.3    958.4
     1     1    19     9    27     0     0     0   -30.0   19.803 -152.060    499.8    954.3
     1     1    19     9    26    23     0     1   -31.0   19.754 -151.942    534.0    950.6
     1     1    19     9    26    22     0     2   -32.0   19.696 -151.823    560.0    948.3
     1     1    19     9    26    21     0     3   -33.0   19.631 -151.702    582.6    947.2
     1     1    19     9    26    20     0     2   -34.0   19.565 -151.580    602.9    944.8
     1     1    19     9    26    19     0     1   -35.0   19.497 -151.456    616.4    943.7
     1     1    19     9    26    18     0     0   -36.0   19.426 -151.332    625.0    943.1
     1     1    19     9    26    17     0     1   -37.0   19.351 -151.215    622.9    942.2
     1     1    19     9    26    16     0     2   -38.0   19.274 -151.110    601.8    943.7
     1     1    19     9    26    15     0     3   -39.0   19.195 -151.011    558.5    947.6
     1     1    19     9    26    14     0     2   -40.0   19.111 -150.914    497.2    954.7
     1     1    19     9    26    13     0     1   -41.0   19.018 -150.816    429.3    962.9
     1     1    19     9    26    12     0     0   -42.0   18.917 -150.720    365.0    970.0
     1     1    19     9    26    11     0     1   -43.0   18.819 -150.625    320.2    976.7
     1     1    19     9    26    10     0     2   -44.0   18.729 -150.526    298.6    979.0
     1     1    19     9    26     9     0     3   -45.0   18.646 -150.419    291.9    980.0
     1     1    19     9    26     8     0     2   -46.0   18.572 -150.307    293.4    979.4
     1     1    19     9    26     7     0     1   -47.0   18.517 -150.196    294.8    978.9
     1     1    19     9    26     6     0     0   -48.0   18.484 -150.085    289.5    979.2
     1     1    19     9    26     5     0     1   -49.0   18.465 -149.984    282.0    980.5
     1     1    19     9    26     4     0     2   -50.0   18.449 -149.905    281.4    980.1
     1     1    19     9    26     3     0     3   -51.0   18.434 -149.847    289.0    978.5
     1     1    19     9    26     2     0     2   -52.0   18.418 -149.804    297.3    976.6
     1     1    19     9    26     1     0     1   -53.0   18.399 -149.772    298.3    976.5
     1     1    19     9    26     0     0     0   -54.0   18.377 -149.752    292.1    977.2
     1     1    19     9    25    23     0     1   -55.0   18.352 -149.739    279.7    979.5
     1     1    19     9    25    22     0     2   -56.0   18.319 -149.724    262.8    982.2
     1     1    19     9    25    21     0     3   -57.0   18.279 -149.708    242.5    985.0
     1     1    19     9    25    20     0     2   -58.0   18.235 -149.693    220.4    987.4
     1     1    19     9    25    19     0     1   -59.0   18.191 -149.679    197.8    990.0
     1     1    19     9    25    18     0     0   -60.0   18.145 -149.666    175.0    992.7
     1     1    19     9    25    17     0     1   -61.0   18.101 -149.646    156.2    995.2
     1     1    19     9    25    16     0     2   -62.0   18.060 -149.610    144.6    996.2
     1     1    19     9    25    15     0     3   -63.0   18.018 -149.560    138.3    996.3
     1     1    19     9    25    14     0     2   -64.0   17.979 -149.501    133.0    996.2
     1     1    19     9    25    13     0     1   -65.0   17.946 -149.440    125.6    996.7
     1     1    19     9    25    12     0     0   -66.0   17.916 -149.376    116.4    997.4
     1     1    19     9    25    11     0     1   -67.0   17.885 -149.307    108.0    999.0
     1     1    19     9    25    10     0     2   -68.0   17.848 -149.233    102.3   1000.1
     1     1    19     9    25     9     0     3   -69.0   17.802 -149.156     99.4   1000.9
     1     1    19     9    25     8     0     2   -70.0   17.754 -149.070     99.6   1001.0
     1     1    19     9    25     7     0     1   -71.0   17.716 -148.972    102.8   1000.8
     1     1    19     9    25     6     0     0   -72.0   17.691 -148.860    107.9   1000.3
     1     1    19     9    25     5     0     1   -73.0   17.679 -148.731    109.2    999.2
     1     1    19     9    25     4     0     2   -74.0   17.682 -148.587    101.1    999.5
     1     1    19     9    25     3     0     3   -75.0   17.697 -148.430     83.6   1000.9
     1     1    19     9    25     2     0     2   -76.0   17.723 -148.266     63.8   1004.2
     1     1    19     9    25     1     0     1   -77.0   17.762 -148.093     46.1   1006.3
     1     1    19     9    25     0     0     0   -78.0   17.820 -147.906     31.2   1008.3
     1     1    19     9    24    23     0     1   -79.0   17.883 -147.710     22.4   1010.3
     1     1    19     9    24    22     0     2   -80.0   17.948 -147.511     19.4   1010.8
     1     1    19     9    24    21     0     3   -81.0   18.026 -147.303     19.7   1011.0
     1     1    19     9    24    20     0     2   -82.0   18.116 -147.082     20.7   1010.8
     1     1    19     9    24    19     0     1   -83.0   18.208 -146.854     20.2   1011.1
     1     1    19     9    24    18     0     0   -84.0   18.303 -146.627     18.2   1011.7
     1     1    19     9    24    17     0     1   -85.0   18.400 -146.397     15.9   1012.0
     1     1    19     9    24    16     0     2   -86.0   18.492 -146.163     13.9   1012.1
     1     1    19     9    24    15     0     3   -87.0   18.583 -145.923     12.2   1012.3
     1     1    19     9    24    14     0     2   -88.0   18.677 -145.681     11.4   1012.2
     1     1    19     9    24    13     0     1   -89.0   18.776 -145.436     11.8   1012.0
     1     1    19     9    24    12     0     0   -90.0   18.883 -145.183     12.9   1011.9
     1     1    19     9    24    11     0     1   -91.0   18.998 -144.926     14.5   1011.9
     1     1    19     9    24    10     0     2   -92.0   19.115 -144.668     15.5   1011.6
     1     1    19     9    24     9     0     3   -93.0   19.227 -144.406     15.5   1011.6
     1     1    19     9    24     8     0     2   -94.0   19.335 -144.133     15.3   1011.5
     1     1    19     9    24     7     0     1   -95.0   19.436 -143.845     15.6   1011.4
     1     1    19     9    24     6     0     0   -96.0   19.529 -143.542     16.6   1011.1
     1     1    19     9    24     5     0     1   -97.0   19.620 -143.230     18.2   1010.5
     1     1    19     9    24     4     0     2   -98.0   19.713 -142.912     19.7   1009.9
     1     1    19     9    24     3     0     3   -99.0   19.807 -142.584     20.7   1009.5
     1     1    19     9    24     2     0     2  -100.0   19.910 -142.253     22.3   1009.4
     1     1    19     9    24     1     0     1  -101.0   20.025 -141.922     24.9   1009.0
     1     1    19     9    24     0     0     0  -102.0   20.154 -141.587     27.7   1008.6
     1     1    19     9    23    23     0     1  -103.0   20.291 -141.246     29.8   1009.3
     1     1    19     9    23    22     0     2  -104.0   20.429 -140.900     30.9   1010.1
     1     1    19     9    23    21     0     3  -105.0   20.561 -140.555     30.5   1011.1
     1     1    19     9    23    20     0     2  -106.0   20.690 -140.211     29.7   1011.4
     1     1    19     9    23    19     0     1  -107.0   20.825 -139.867     30.5   1011.5
     1     1    19     9    23    18     0     0  -108.0   20.969 -139.518     35.8   1011.3
     1     1    19     9    23    17     0     1  -109.0   21.115 -139.164     43.9   1010.0
     1     1    19     9    23    16     0     2  -110.0   21.258 -138.811     48.5   1009.2
     1     1    19     9    23    15     0     3  -111.0   21.399 -138.461     47.1   1009.1
     1     1    19     9    23    14     0     2  -112.0   21.540 -138.112     43.3   1009.6
     1     1    19     9    23    13     0     1  -113.0   21.671 -137.759     40.5   1009.8
     1     1    19     9    23    12     0     0  -114.0   21.788 -137.408     39.5   1009.8
     1     1    19     9    23    11     0     1  -115.0   21.902 -137.061     39.5   1009.9
     1     1    19     9    23    10     0     2  -116.0   22.023 -136.717     39.4   1010.2
     1     1    19     9    23     9     0     3  -117.0   22.154 -136.377     39.2   1010.8
     1     1    19     9    23     8     0     2  -118.0   22.298 -136.041     38.9   1011.0
     1     1    19     9    23     7     0     1  -119.0   22.450 -135.708     38.9   1010.8
     1     1    19     9    23     6     0     0  -120.0   22.606 -135.380     38.5   1010.4
     1     1    19     9    23     5     0     1  -121.0   22.769 -135.064     37.0   1010.4
     1     1    19     9    23     4     0     2  -122.0   22.941 -134.767     35.3   1010.6
     1     1    19     9    23     3     0     3  -123.0   23.121 -134.492     33.6   1010.9
     1     1    19     9    23     2     0     2  -124.0   23.305 -134.229     32.0   1011.2
     1     1    19     9    23     1     0     1  -125.0   23.484 -133.974     31.2   1011.3
     1     1    19     9    23     0     0     0  -126.0   23.657 -133.724     30.6   1011.4
     1     1    19     9    22    23     0     1  -127.0   23.827 -133.481     29.8   1012.1
     1     1    19     9    22    22     0     2  -128.0   24.002 -133.247     29.3   1012.4
     1     1    19     9    22    21     0     3  -129.0   24.182 -133.024     29.1   1012.7
     1     1    19     9    22    20     0     2  -130.0   24.367 -132.812     28.8   1013.4
     1     1    19     9    22    19     0     1  -131.0   24.559 -132.618     27.8   1014.5
     1     1    19     9    22    18     0     0  -132.0   24.760 -132.443     25.5   1016.0
     1     1    19     9    22    17     0     1  -133.0   24.961 -132.281     23.0   1016.1
     1     1    19     9    22    16     0     2  -134.0   25.156 -132.124     21.4   1015.4
     1     1    19     9    22    15     0     3  -135.0   25.345 -131.973     20.9   1014.3
     1     1    19     9    22    14     0     2  -136.0   25.525 -131.827     21.0   1014.5
     1     1    19     9    22    13     0     1  -137.0   25.694 -131.688     21.2   1014.7
     1     1    19     9    22    12     0     0  -138.0   25.845 -131.557     21.1   1014.9
     1     1    19     9    22    11     0     1  -139.0   25.982 -131.427     21.6   1014.9
     1     1    19     9    22    10     0     2  -140.0   26.120 -131.292     22.9   1014.6
     1     1    19     9    22     9     0     3  -141.0   26.265 -131.148     24.5   1014.3
     1     1    19     9    22     8     0     2  -142.0   26.422 -130.997     25.4   1014.4
     1     1    19     9    22     7     0     1  -143.0   26.588 -130.844     25.7   1014.7
     1     1    19     9    22     6     0     0  -144.0   26.761 -130.692     26.4   1014.9
     1     1    19     9    22     5     0     1  -145.0   26.938 -130.547     27.0   1014.4
     1     1    19     9    22     4     0     2  -146.0   27.123 -130.408     27.0   1014.1
     1     1    19     9    22     3     0     3  -147.0   27.319 -130.271     26.7   1013.8
     1     1    19     9    22     2     0     2  -148.0   27.526 -130.139     26.4   1013.9
     1     1    19     9    22     1     0     1  -149.0   27.741 -130.017     26.9   1014.0
     1     1    19     9    22     0     0     0  -150.0   27.956 -129.913     29.1   1013.8
     1     1    19     9    21    23     0     1  -151.0   28.172 -129.822     32.2   1013.3
     1     1    19     9    21    22     0     2  -152.0   28.389 -129.741     34.5   1012.9
     1     1    19     9    21    21     0     3  -153.0   28.603 -129.669     35.8   1012.8
     1     1    19     9    21    20     0     2  -154.0   28.814 -129.596     35.9   1013.8
     1     1    19     9    21    19     0     1  -155.0   29.027 -129.514     35.4   1014.9
     1     1    19     9    21    18     0     0  -156.0   29.246 -129.421     35.1   1016.0
     1     1    19     9    21    17     0     1  -157.0   29.470 -129.327     35.5   1015.6
     1     1    19     9    21    16     0     2  -158.0   29.694 -129.248     36.3   1015.2
     1     1    19     9    21    15     0     3  -159.0   29.918 -129.186     37.1   1014.8
     1     1    19     9    21    14     0     2  -160.0   30.139 -129.136     36.6   1014.7
     1     1    19     9    21    13     0     1  -161.0   30.353 -129.094     34.2   1015.0
     1     1    19     9    21    12     0     0  -162.0   30.564 -129.060     31.2   1015.4
     1     1    19     9    21    11     0     1  -163.0   30.774 -129.025     29.2   1015.3
     1     1    19     9    21    10     0     2  -164.0   30.989 -128.983     28.7   1014.8
     1     1    19     9    21     9     0     3  -165.0   31.207 -128.936     28.6   1014.4
     1     1    19     9    21     8     0     2  -166.0   31.423 -128.881     28.8   1015.3
     1     1    19     9    21     7     0     1  -167.0   31.637 -128.819     29.2   1016.3
     1     1    19     9    21     6     0     0  -168.0   31.847 -128.749     29.6   1017.2
     1     1    19     9    21     5     0     1  -169.0   32.064 -128.675     29.9   1016.5
     1     1    19     9    21     4     0     2  -170.0   32.299 -128.601     30.3   1015.9
     1     1    19     9    21     3     0     3  -171.0   32.551 -128.527     31.1   1015.2
     1     1    19     9    21     2     0     2  -172.0   32.807 -128.460     32.1   1015.0
     1     1    19     9    21     1     0     1  -173.0   33.053 -128.409     32.8   1014.8
     1     1    19     9    21     0     0     0  -174.0   33.293 -128.370     33.0   1014.7
     1     1    19     9    20    23     0     1  -175.0   33.544 -128.328     33.1   1015.4
     1     1    19     9    20    22     0     2  -176.0   33.810 -128.274     33.7   1016.0
     1     1    19     9    20    21     0     3  -177.0   34.082 -128.214     35.0   1016.6
     1     1    19     9    20    20     0     2  -178.0   34.356 -128.160     36.7   1016.3
     1     1    19     9    20    19     0     1  -179.0   34.632 -128.119     38.7   1016.0
     1     1    19     9    20    18     0     0  -180.0   34.911 -128.088     41.5   1015.7
     1     1    19     9    20    17     0     1  -181.0   35.192 -128.068     44.4   1015.0
     1     1    19     9    20    16     0     2  -182.0   35.475 -128.054     46.0   1014.5
     1     1    19     9    20    15     0     3  -183.0   35.765 -128.046     46.6   1014.0
     1     1    19     9    20    14     0     2  -184.0   36.060 -128.036     46.5   1014.0
     1     1    19     9    20    13     0     1  -185.0   36.357 -128.018     46.5   1013.8
     1     1    19     9    20    12     0     0  -186.0   36.660 -127.996     46.5   1013.7
     1     1    19     9    20    11     0     1  -187.0   36.975 -127.969     46.5   1014.5
     1     1    19     9    20    10     0     2  -188.0   37.304 -127.936     46.5   1015.3
     1     1    19     9    20     9     0     3  -189.0   37.640 -127.898     46.7   1016.0
     1     1    19     9    20     8     0     2  -190.0   37.977 -127.862     47.1   1015.7
     1     1    19     9    20     7     0     1  -191.0   38.311 -127.836     47.4   1015.5
     1     1    19     9    20     6     0     0  -192.0   38.646 -127.819     47.5   1015.3
     1     1    19     9    20     5     0     1  -193.0   38.985 -127.805     47.5   1014.6
     1     1    19     9    20     4     0     2  -194.0   39.328 -127.788     47.5   1014.4
     1     1    19     9    20     3     0     3  -195.0   39.673 -127.772     47.5   1014.7
     1     1    19     9    20     2     0     2  -196.0   40.019 -127.764     47.5   1014.9
     1     1    19     9    20     1     0     1  -197.0   40.359 -127.767     47.7   1014.8
     1     1    19     9    20     0     0     0  -198.0   40.680 -127.779     47.9   1015.3
     1     1    19     9    19    23     0     1  -199.0   40.984 -127.793     47.9   1016.1
     1     1    19     9    19    22     0     2  -200.0   41.277 -127.801     47.9   1016.1
     1     1    19     9    19    21     0     3  -201.0   41.561 -127.807     47.9   1016.1
     1     1    19     9    19    20     0     2  -202.0   41.838 -127.816     47.9   1016.1
     1     1    19     9    19    19     0     1  -203.0   42.114 -127.825     47.9   1016.2
     1     1    19     9    19    18     0     0  -204.0   42.391 -127.832     47.9   1016.2
     1     1    19     9    19    17     0     1  -205.0   42.668 -127.835     48.5   1016.0
     1     1    19     9    19    16     0     2  -206.0   42.943 -127.834     50.8   1015.5
     1     1    19     9    19    15     0     3  -207.0   43.216 -127.833     54.5   1014.8
     1     1    19     9    19    14     0     2  -208.0   43.490 -127.844     57.0   1013.5
     1     1    19     9    19    13     0     1  -209.0   43.770 -127.873     57.7   1012.8
     1     1    19     9    19    12     0     0  -210.0   44.057 -127.913     57.9   1012.1
     1     1    19     9    19    11     0     1  -211.0   44.340 -127.962     58.2   1011.9
     1     1    19     9    19    10     0     2  -212.0   44.613 -128.018     58.3   1011.8
     1     1    19     9    19     9     0     3  -213.0   44.881 -128.084     58.1   1011.7
     1     1    19     9    19     8     0     2  -214.0   45.148 -128.150     57.7   1011.7
     1     1    19     9    19     7     0     1  -215.0   45.420 -128.207     57.5   1011.7
     1     1    19     9    19     6     0     0  -216.0   45.693 -128.259     57.4   1011.7
     1     1    19     9    19     5     0     1  -217.0   45.974 -128.322     57.4   1011.4
     1     1    19     9    19     4     0     2  -218.0   46.268 -128.416     57.4   1011.2
     1     1    19     9    19     3     0     3  -219.0   46.576 -128.536     57.4   1011.0
     1     1    19     9    19     2     0     2  -220.0   46.885 -128.669     57.4   1011.0
     1     1    19     9    19     1     0     1  -221.0   47.187 -128.813     57.4   1011.0
     1     1    19     9    19     0     0     0  -222.0   47.486 -128.973     57.4   1011.1
     1     1    19     9    18    23     0     1  -223.0   47.784 -129.139     57.4   1010.8
     1     1    19     9    18    22     0     2  -224.0   48.078 -129.296     57.4   1010.4
     1     1    19     9    18    21     0     3  -225.0   48.368 -129.441     57.4   1010.0
     1     1    19     9    18    20     0     2  -226.0   48.651 -129.571     57.4   1009.2
     1     1    19     9    18    19     0     1  -227.0   48.929 -129.691     57.4   1008.5
     1     1    19     9    18    18     0     0  -228.0   49.200 -129.807     57.4   1007.7
     1     1    19     9    18    17     0     1  -229.0   49.464 -129.910     57.8   1007.4
     1     1    19     9    18    16     0     2  -230.0   49.729 -129.999     59.5   1007.0
     1     1    19     9    18    15     0     3  -231.0   50.007 -130.078     64.0   1006.2
     1     1    19     9    18    14     0     2  -232.0   50.280 -130.150     69.1   1004.7
     1     1    19     9    18    13     0     1  -233.0   50.531 -130.211     72.5   1004.1
     1     1    19     9    18    12     0     0  -234.0   50.777 -130.267     75.8   1003.5
     1     1    19     9    18    11     0     1  -235.0   51.018 -130.312     79.6   1002.2
     1     1    19     9    18    10     0     2  -236.0   51.245 -130.343     84.2   1000.9
     1     1    19     9    18     9     0     3  -237.0   51.462 -130.371     90.4    999.3
     1     1    19     9    18     8     0     2  -238.0   51.677 -130.405    100.3    998.0
     1     1    19     9    18     7     0     1  -239.0   51.895 -130.442    116.9    996.1
     1     1    19     9    18     6     0     0  -240.0   52.121 -130.475    139.8    993.5
