     7     1
    GDAS    18    12     1     0     0
    GDAS    19     1     1     0     0
    GDAS    19     2     1     0     0
    GDAS    19     3     1     0     0
    GDAS    19     4     1     0     0
    GDAS    19     5     1     0     0
    GDAS    19     6     1     0     0
     1 BACKWARD OMEGA   
    19     6     9    12   21.319 -157.670    10.0
     1 PRESSURE
     1     1    19     6     9    12     0     0     0.0   21.319 -157.670     10.0   1014.7
     1     1    19     6     9    11     0     1    -1.0   21.286 -157.564      9.9   1013.8
     1     1    19     6     9    10     0     2    -2.0   21.260 -157.454      9.0   1013.0
     1     1    19     6     9     9     0     3    -3.0   21.236 -157.338      7.0   1012.0
     1     1    19     6     9     8     0     2    -4.0   21.212 -157.228      4.1   1011.2
     1     1    19     6     9     7     0     1    -5.0   21.187 -157.133      0.4   1010.6
     1     1    19     6     9     6     0     0    -6.0   21.158 -157.056      0.0   1010.2
     1     1    19     6     9     5     0     1    -7.0   21.126 -156.991      0.0   1008.6
     1     1    19     6     9     4     0     2    -8.0   21.099 -156.929      0.0   1007.7
     1     1    19     6     9     3     0     3    -9.0   21.077 -156.863      0.0   1007.0
     1     1    19     6     9     2     0     2   -10.0   21.065 -156.787      0.0   1007.7
     1     1    19     6     9     1     0     1   -11.0   21.067 -156.694      0.0   1008.7
     1     1    19     6     9     0     0     0   -12.0   21.080 -156.580      0.0   1010.0
     1     1    19     6     8    23     0     1   -13.0   21.090 -156.445      0.0   1011.9
     1     1    19     6     8    22     0     2   -14.0   21.079 -156.297      0.0   1013.5
     1     1    19     6     8    21     0     3   -15.0   21.044 -156.145      0.0   1014.8
     1     1    19     6     8    20     0     2   -16.0   20.991 -155.989      0.0   1015.8
     1     1    19     6     8    19     0     1   -17.0   20.941 -155.829      0.0   1015.9
     1     1    19     6     8    18     0     0   -18.0   20.905 -155.664      0.0   1015.9
     1     1    19     6     8    17     0     1   -19.0   20.881 -155.494      0.0   1015.7
     1     1    19     6     8    16     0     2   -20.0   20.871 -155.320      0.0   1015.5
     1     1    19     6     8    15     0     3   -21.0   20.873 -155.143      0.0   1015.3
     1     1    19     6     8    14     0     2   -22.0   20.886 -154.962      0.0   1015.2
     1     1    19     6     8    13     0     1   -23.0   20.911 -154.778      0.1   1015.0
     1     1    19     6     8    12     0     0   -24.0   20.948 -154.593      0.1   1014.7
     1     1    19     6     8    11     0     1   -25.0   20.990 -154.405      0.2   1015.5
     1     1    19     6     8    10     0     2   -26.0   21.031 -154.218      0.4   1016.3
     1     1    19     6     8     9     0     3   -27.0   21.071 -154.037      0.5   1017.2
     1     1    19     6     8     8     0     2   -28.0   21.112 -153.858      0.5   1016.9
     1     1    19     6     8     7     0     1   -29.0   21.154 -153.677      0.5   1016.6
     1     1    19     6     8     6     0     0   -30.0   21.197 -153.496      0.5   1016.3
     1     1    19     6     8     5     0     1   -31.0   21.240 -153.317      0.5   1016.0
     1     1    19     6     8     4     0     2   -32.0   21.282 -153.140      0.5   1015.8
     1     1    19     6     8     3     0     3   -33.0   21.324 -152.967      0.5   1015.5
     1     1    19     6     8     2     0     2   -34.0   21.363 -152.796      0.5   1015.5
     1     1    19     6     8     1     0     1   -35.0   21.393 -152.625      0.5   1015.6
     1     1    19     6     8     0     0     0   -36.0   21.415 -152.456      0.5   1015.6
     1     1    19     6     7    23     0     1   -37.0   21.430 -152.283      0.6   1016.0
     1     1    19     6     7    22     0     2   -38.0   21.442 -152.102      0.8   1016.4
     1     1    19     6     7    21     0     3   -39.0   21.449 -151.911      1.0   1016.8
     1     1    19     6     7    20     0     2   -40.0   21.459 -151.713      1.4   1016.3
     1     1    19     6     7    19     0     1   -41.0   21.480 -151.512      1.8   1015.8
     1     1    19     6     7    18     0     0   -42.0   21.511 -151.307      2.3   1015.3
     1     1    19     6     7    17     0     1   -43.0   21.551 -151.101      2.7   1015.2
     1     1    19     6     7    16     0     2   -44.0   21.595 -150.892      3.0   1015.1
     1     1    19     6     7    15     0     3   -45.0   21.643 -150.681      3.1   1015.1
     1     1    19     6     7    14     0     2   -46.0   21.697 -150.468      3.1   1016.0
     1     1    19     6     7    13     0     1   -47.0   21.759 -150.254      3.0   1017.0
     1     1    19     6     7    12     0     0   -48.0   21.828 -150.043      2.9   1018.3
     1     1    19     6     7    11     0     1   -49.0   21.898 -149.836      2.9   1018.6
     1     1    19     6     7    10     0     2   -50.0   21.966 -149.631      3.0   1018.8
     1     1    19     6     7     9     0     3   -51.0   22.032 -149.432      3.2   1018.8
     1     1    19     6     7     8     0     2   -52.0   22.097 -149.234      3.4   1018.8
     1     1    19     6     7     7     0     1   -53.0   22.159 -149.035      3.4   1018.9
     1     1    19     6     7     6     0     0   -54.0   22.220 -148.835      3.3   1018.9
     1     1    19     6     7     5     0     1   -55.0   22.280 -148.632      3.1   1018.9
     1     1    19     6     7     4     0     2   -56.0   22.337 -148.425      3.0   1018.8
     1     1    19     6     7     3     0     3   -57.0   22.390 -148.215      2.8   1018.8
     1     1    19     6     7     2     0     2   -58.0   22.443 -147.999      2.6   1018.7
     1     1    19     6     7     1     0     1   -59.0   22.502 -147.772      2.5   1018.7
     1     1    19     6     7     0     0     0   -60.0   22.570 -147.534      2.5   1018.7
     1     1    19     6     6    23     0     1   -61.0   22.652 -147.294      2.5   1018.5
     1     1    19     6     6    22     0     2   -62.0   22.755 -147.057      2.9   1018.2
     1     1    19     6     6    21     0     3   -63.0   22.877 -146.826      3.6   1018.0
     1     1    19     6     6    20     0     2   -64.0   23.008 -146.604      4.5   1019.3
     1     1    19     6     6    19     0     1   -65.0   23.139 -146.394      5.4   1020.6
     1     1    19     6     6    18     0     0   -66.0   23.269 -146.195      6.1   1021.7
     1     1    19     6     6    17     0     1   -67.0   23.397 -146.002      6.7   1020.8
     1     1    19     6     6    16     0     2   -68.0   23.518 -145.811      7.0   1020.1
     1     1    19     6     6    15     0     3   -69.0   23.630 -145.622      7.1   1019.8
     1     1    19     6     6    14     0     2   -70.0   23.733 -145.432      7.1   1020.3
     1     1    19     6     6    13     0     1   -71.0   23.826 -145.238      7.1   1020.6
     1     1    19     6     6    12     0     0   -72.0   23.910 -145.039      7.0   1020.6
     1     1    19     6     6    11     0     1   -73.0   23.994 -144.832      7.0   1020.5
     1     1    19     6     6    10     0     2   -74.0   24.086 -144.618      7.0   1020.4
     1     1    19     6     6     9     0     3   -75.0   24.187 -144.399      7.0   1020.3
     1     1    19     6     6     8     0     2   -76.0   24.299 -144.179      7.1   1020.2
     1     1    19     6     6     7     0     1   -77.0   24.425 -143.966      7.3   1020.2
     1     1    19     6     6     6     0     0   -78.0   24.565 -143.757      7.5   1020.1
     1     1    19     6     6     5     0     1   -79.0   24.711 -143.555      7.6   1020.1
     1     1    19     6     6     4     0     2   -80.0   24.852 -143.363      7.7   1020.1
     1     1    19     6     6     3     0     3   -81.0   24.990 -143.180      7.7   1020.1
     1     1    19     6     6     2     0     2   -82.0   25.123 -143.002      7.8   1020.3
     1     1    19     6     6     1     0     1   -83.0   25.249 -142.829      8.0   1020.4
     1     1    19     6     6     0     0     0   -84.0   25.365 -142.662      8.4   1020.5
     1     1    19     6     5    23     0     1   -85.0   25.475 -142.498      8.8   1020.6
     1     1    19     6     5    22     0     2   -86.0   25.580 -142.331      9.0   1020.7
     1     1    19     6     5    21     0     3   -87.0   25.679 -142.163      9.3   1020.4
     1     1    19     6     5    20     0     2   -88.0   25.775 -141.994      9.4   1020.1
     1     1    19     6     5    19     0     1   -89.0   25.870 -141.825      9.5   1020.1
     1     1    19     6     5    18     0     0   -90.0   25.964 -141.656      9.5   1020.2
     1     1    19     6     5    17     0     1   -91.0   26.058 -141.487      9.6   1020.4
     1     1    19     6     5    16     0     2   -92.0   26.153 -141.315      9.7   1020.6
     1     1    19     6     5    15     0     3   -93.0   26.249 -141.142      9.8   1020.5
     1     1    19     6     5    14     0     2   -94.0   26.349 -140.970      9.9   1020.4
     1     1    19     6     5    13     0     1   -95.0   26.452 -140.801      9.9   1020.4
     1     1    19     6     5    12     0     0   -96.0   26.558 -140.636      9.9   1020.3
     1     1    19     6     5    11     0     1   -97.0   26.662 -140.474      9.9   1020.3
     1     1    19     6     5    10     0     2   -98.0   26.755 -140.311      9.9   1020.2
     1     1    19     6     5     9     0     3   -99.0   26.837 -140.147      9.9   1020.2
     1     1    19     6     5     8     0     2  -100.0   26.912 -139.976      9.9   1020.1
     1     1    19     6     5     7     0     1  -101.0   26.986 -139.797      9.9   1020.1
     1     1    19     6     5     6     0     0  -102.0   27.059 -139.608      9.9   1020.2
     1     1    19     6     5     5     0     1  -103.0   27.132 -139.415      9.9   1020.3
     1     1    19     6     5     4     0     2  -104.0   27.207 -139.224      9.9   1020.2
     1     1    19     6     5     3     0     3  -105.0   27.284 -139.038      9.9   1019.9
     1     1    19     6     5     2     0     2  -106.0   27.363 -138.854      9.9   1019.9
     1     1    19     6     5     1     0     1  -107.0   27.442 -138.671      9.9   1019.9
     1     1    19     6     5     0     0     0  -108.0   27.520 -138.490      9.9   1019.9
     1     1    19     6     4    23     0     1  -109.0   27.596 -138.312      9.9   1020.9
     1     1    19     6     4    22     0     2  -110.0   27.672 -138.138      9.8   1021.8
     1     1    19     6     4    21     0     3  -111.0   27.748 -137.965      9.8   1022.8
     1     1    19     6     4    20     0     2  -112.0   27.823 -137.791      9.8   1022.7
     1     1    19     6     4    19     0     1  -113.0   27.897 -137.611      9.8   1022.7
     1     1    19     6     4    18     0     0  -114.0   27.969 -137.425      9.8   1022.7
     1     1    19     6     4    17     0     1  -115.0   28.038 -137.234      9.8   1022.5
     1     1    19     6     4    16     0     2  -116.0   28.101 -137.039      9.8   1022.3
     1     1    19     6     4    15     0     3  -117.0   28.161 -136.842      9.8   1022.1
     1     1    19     6     4    14     0     2  -118.0   28.223 -136.645      9.8   1021.9
     1     1    19     6     4    13     0     1  -119.0   28.289 -136.450      9.8   1021.7
     1     1    19     6     4    12     0     0  -120.0   28.358 -136.257      9.8   1021.5
     1     1    19     6     4    11     0     1  -121.0   28.430 -136.062      9.8   1021.2
     1     1    19     6     4    10     0     2  -122.0   28.506 -135.865      9.6   1021.0
     1     1    19     6     4     9     0     3  -123.0   28.585 -135.666      9.2   1020.7
     1     1    19     6     4     8     0     2  -124.0   28.673 -135.467      8.8   1020.6
     1     1    19     6     4     7     0     1  -125.0   28.776 -135.269      8.6   1020.4
     1     1    19     6     4     6     0     0  -126.0   28.892 -135.071      8.7   1020.2
     1     1    19     6     4     5     0     1  -127.0   29.017 -134.879      8.7   1020.2
     1     1    19     6     4     4     0     2  -128.0   29.150 -134.695      8.7   1020.2
     1     1    19     6     4     3     0     3  -129.0   29.291 -134.517      8.7   1020.2
     1     1    19     6     4     2     0     2  -130.0   29.439 -134.343      8.7   1020.4
     1     1    19     6     4     1     0     1  -131.0   29.593 -134.173      8.7   1020.5
     1     1    19     6     4     0     0     0  -132.0   29.754 -134.009      8.7   1020.6
     1     1    19     6     3    23     0     1  -133.0   29.922 -133.849      8.7   1020.7
     1     1    19     6     3    22     0     2  -134.0   30.094 -133.690      8.7   1020.7
     1     1    19     6     3    21     0     3  -135.0   30.265 -133.537      8.7   1020.7
     1     1    19     6     3    20     0     2  -136.0   30.439 -133.388      8.7   1021.0
     1     1    19     6     3    19     0     1  -137.0   30.616 -133.242      8.7   1021.4
     1     1    19     6     3    18     0     0  -138.0   30.797 -133.102      8.7   1021.7
     1     1    19     6     3    17     0     1  -139.0   30.982 -132.968      8.7   1020.9
     1     1    19     6     3    16     0     2  -140.0   31.169 -132.841      8.7   1020.2
     1     1    19     6     3    15     0     3  -141.0   31.359 -132.718      8.7   1019.4
     1     1    19     6     3    14     0     2  -142.0   31.555 -132.596      8.7   1019.6
     1     1    19     6     3    13     0     1  -143.0   31.760 -132.468      8.7   1019.9
     1     1    19     6     3    12     0     0  -144.0   31.975 -132.334      8.7   1020.6
     1     1    19     6     3    11     0     1  -145.0   32.199 -132.199      8.7   1020.3
     1     1    19     6     3    10     0     2  -146.0   32.431 -132.068      8.7   1020.2
     1     1    19     6     3     9     0     3  -147.0   32.670 -131.945      8.7   1020.5
     1     1    19     6     3     8     0     2  -148.0   32.918 -131.829      8.7   1020.4
     1     1    19     6     3     7     0     1  -149.0   33.179 -131.721      8.7   1019.8
     1     1    19     6     3     6     0     0  -150.0   33.454 -131.622      8.7   1019.2
     1     1    19     6     3     5     0     1  -151.0   33.737 -131.533      8.9   1019.5
     1     1    19     6     3     4     0     2  -152.0   34.026 -131.460      9.4   1019.7
     1     1    19     6     3     3     0     3  -153.0   34.318 -131.404     10.1   1020.0
     1     1    19     6     3     2     0     2  -154.0   34.612 -131.359     11.3   1019.4
     1     1    19     6     3     1     0     1  -155.0   34.905 -131.323     12.5   1018.7
     1     1    19     6     3     0     0     0  -156.0   35.199 -131.299     13.7   1018.6
     1     1    19     6     2    23     0     1  -157.0   35.488 -131.281     14.9   1018.8
     1     1    19     6     2    22     0     2  -158.0   35.772 -131.260     15.8   1018.6
     1     1    19     6     2    21     0     3  -159.0   36.054 -131.233     16.2   1018.1
     1     1    19     6     2    20     0     2  -160.0   36.334 -131.210     16.2   1018.6
     1     1    19     6     2    19     0     1  -161.0   36.613 -131.200     16.2   1018.7
     1     1    19     6     2    18     0     0  -162.0   36.896 -131.202     16.2   1018.2
     1     1    19     6     2    17     0     1  -163.0   37.179 -131.217     16.2   1018.2
     1     1    19     6     2    16     0     2  -164.0   37.456 -131.247     16.2   1018.2
     1     1    19     6     2    15     0     3  -165.0   37.728 -131.292     16.2   1018.2
     1     1    19     6     2    14     0     2  -166.0   37.994 -131.343     16.2   1018.5
     1     1    19     6     2    13     0     1  -167.0   38.253 -131.392     16.2   1018.7
     1     1    19     6     2    12     0     0  -168.0   38.504 -131.439     16.2   1019.0
     1     1    19     6     2    11     0     1  -169.0   38.747 -131.473     16.2   1019.0
     1     1    19     6     2    10     0     2  -170.0   38.983 -131.483     16.2   1019.0
     1     1    19     6     2     9     0     3  -171.0   39.210 -131.468     16.2   1019.0
     1     1    19     6     2     8     0     2  -172.0   39.433 -131.436     16.4   1019.2
     1     1    19     6     2     7     0     1  -173.0   39.659 -131.393     17.1   1019.3
     1     1    19     6     2     6     0     0  -174.0   39.891 -131.335     18.7   1019.2
     1     1    19     6     2     5     0     1  -175.0   40.128 -131.272     21.2   1018.6
     1     1    19     6     2     4     0     2  -176.0   40.372 -131.215     23.9   1018.1
     1     1    19     6     2     3     0     3  -177.0   40.627 -131.158     26.6   1017.6
     1     1    19     6     2     2     0     2  -178.0   40.890 -131.098     29.7   1017.6
     1     1    19     6     2     1     0     1  -179.0   41.157 -131.035     32.8   1017.5
     1     1    19     6     2     0     0     0  -180.0   41.427 -130.972     35.3   1017.4
     1     1    19     6     1    23     0     1  -181.0   41.695 -130.903     36.6   1017.2
     1     1    19     6     1    22     0     2  -182.0   41.956 -130.824     37.0   1017.1
     1     1    19     6     1    21     0     3  -183.0   42.213 -130.738     37.0   1017.0
     1     1    19     6     1    20     0     2  -184.0   42.473 -130.653     37.0   1017.4
     1     1    19     6     1    19     0     1  -185.0   42.742 -130.574     37.0   1017.7
     1     1    19     6     1    18     0     0  -186.0   43.019 -130.497     37.1   1018.1
     1     1    19     6     1    17     0     1  -187.0   43.299 -130.437     37.6   1018.2
     1     1    19     6     1    16     0     2  -188.0   43.578 -130.409     38.5   1018.1
     1     1    19     6     1    15     0     3  -189.0   43.861 -130.404     39.0   1018.2
     1     1    19     6     1    14     0     2  -190.0   44.140 -130.417     38.7   1017.7
     1     1    19     6     1    13     0     1  -191.0   44.404 -130.447     38.3   1017.2
     1     1    19     6     1    12     0     0  -192.0   44.664 -130.495     38.8   1016.6
     1     1    19     6     1    11     0     1  -193.0   44.916 -130.558     40.2   1016.5
     1     1    19     6     1    10     0     2  -194.0   45.154 -130.632     40.9   1016.5
     1     1    19     6     1     9     0     3  -195.0   45.373 -130.720     40.4   1016.6
     1     1    19     6     1     8     0     2  -196.0   45.577 -130.818     39.7   1017.2
     1     1    19     6     1     7     0     1  -197.0   45.767 -130.920     39.6   1017.6
     1     1    19     6     1     6     0     0  -198.0   45.948 -131.018     39.6   1018.0
     1     1    19     6     1     5     0     1  -199.0   46.118 -131.126     39.6   1017.3
     1     1    19     6     1     4     0     2  -200.0   46.279 -131.256     39.6   1016.8
     1     1    19     6     1     3     0     3  -201.0   46.435 -131.403     39.6   1016.6
     1     1    19     6     1     2     0     2  -202.0   46.577 -131.565     39.6   1017.0
     1     1    19     6     1     1     0     1  -203.0   46.700 -131.739     39.6   1017.1
     1     1    19     6     1     0     0     0  -204.0   46.809 -131.924     39.6   1016.8
     1     1    19     5    31    23     0     1  -205.0   46.900 -132.110     39.7   1016.9
     1     1    19     5    31    22     0     2  -206.0   46.969 -132.288     40.1   1017.0
     1     1    19     5    31    21     0     3  -207.0   47.016 -132.453     40.4   1017.0
     1     1    19     5    31    20     0     2  -208.0   47.051 -132.610     40.4   1017.3
     1     1    19     5    31    19     0     1  -209.0   47.078 -132.766     40.4   1017.5
     1     1    19     5    31    18     0     0  -210.0   47.100 -132.925     40.4   1017.6
     1     1    19     5    31    17     0     1  -211.0   47.117 -133.094     40.4   1016.6
     1     1    19     5    31    16     0     2  -212.0   47.129 -133.275     40.4   1015.6
     1     1    19     5    31    15     0     3  -213.0   47.135 -133.468     40.4   1014.7
     1     1    19     5    31    14     0     2  -214.0   47.125 -133.673     40.4   1014.9
     1     1    19     5    31    13     0     1  -215.0   47.088 -133.891     40.4   1015.1
     1     1    19     5    31    12     0     0  -216.0   47.025 -134.125     40.4   1015.4
     1     1    19     5    31    11     0     1  -217.0   46.943 -134.360     40.4   1015.1
     1     1    19     5    31    10     0     2  -218.0   46.843 -134.589     40.4   1015.0
     1     1    19     5    31     9     0     3  -219.0   46.721 -134.826     40.4   1014.7
     1     1    19     5    31     8     0     2  -220.0   46.580 -135.067     40.4   1014.8
     1     1    19     5    31     7     0     1  -221.0   46.423 -135.294     40.6   1015.0
     1     1    19     5    31     6     0     0  -222.0   46.248 -135.510     40.7   1015.2
     1     1    19     5    31     5     0     1  -223.0   46.059 -135.722     40.7   1015.1
     1     1    19     5    31     4     0     2  -224.0   45.859 -135.926     40.9   1015.1
     1     1    19     5    31     3     0     3  -225.0   45.647 -136.121     41.8   1015.0
     1     1    19     5    31     2     0     2  -226.0   45.427 -136.313     43.3   1015.0
     1     1    19     5    31     1     0     1  -227.0   45.202 -136.507     44.3   1015.2
     1     1    19     5    31     0     0     0  -228.0   44.969 -136.695     44.7   1015.7
     1     1    19     5    30    23     0     1  -229.0   44.731 -136.882     44.7   1015.9
     1     1    19     5    30    22     0     2  -230.0   44.489 -137.069     44.7   1016.0
     1     1    19     5    30    21     0     3  -231.0   44.244 -137.256     44.7   1016.1
     1     1    19     5    30    20     0     2  -232.0   43.996 -137.433     45.4   1015.6
     1     1    19     5    30    19     0     1  -233.0   43.747 -137.596     47.1   1015.0
     1     1    19     5    30    18     0     0  -234.0   43.498 -137.740     48.5   1014.4
     1     1    19     5    30    17     0     1  -235.0   43.254 -137.878     49.1   1014.3
     1     1    19     5    30    16     0     2  -236.0   43.019 -138.023     49.2   1014.2
     1     1    19     5    30    15     0     3  -237.0   42.795 -138.176     49.2   1014.4
     1     1    19     5    30    14     0     2  -238.0   42.580 -138.336     49.2   1014.8
     1     1    19     5    30    13     0     1  -239.0   42.371 -138.494     49.2   1015.2
     1     1    19     5    30    12     0     0  -240.0   42.168 -138.649     49.2   1015.5
