     7     1
    GDAS    19     6     1     0     0
    GDAS    19     7     1     0     0
    GDAS    19     8     1     0     0
    GDAS    19     9     1     0     0
    GDAS    19    10     1     0     0
    GDAS    19    11     1     0     0
    GDAS    19    12     1     0     0
     1 BACKWARD OMEGA   
    19     8    10    18   21.319 -157.670    10.0
     1 PRESSURE
     1     1    19     8    10    18     0     0     0.0   21.319 -157.670     10.0   1012.4
     1     1    19     8    10    17     0     1    -1.0   21.340 -157.556     18.2   1010.3
     1     1    19     8    10    16     0     2    -2.0   21.362 -157.426     40.7   1006.5
     1     1    19     8    10    15     0     3    -3.0   21.386 -157.281     90.6   1000.1
     1     1    19     8    10    14     0     2    -4.0   21.407 -157.123    163.3    990.9
     1     1    19     8    10    13     0     1    -5.0   21.417 -156.954    250.1    980.5
     1     1    19     8    10    12     0     0    -6.0   21.412 -156.769    337.1    970.3
     1     1    19     8    10    11     0     1    -7.0   21.393 -156.561    412.7    964.0
     1     1    19     8    10    10     0     2    -8.0   21.359 -156.331    471.2    958.6
     1     1    19     8    10     9     0     3    -9.0   21.300 -156.077    512.0    956.5
     1     1    19     8    10     8     0     2   -10.0   21.227 -155.807    531.8    954.1
     1     1    19     8    10     7     0     1   -11.0   21.166 -155.536    531.5    954.1
     1     1    19     8    10     6     0     0   -12.0   21.131 -155.265    515.3    955.5
     1     1    19     8    10     5     0     1   -13.0   21.114 -155.011    495.0    959.0
     1     1    19     8    10     4     0     2   -14.0   21.099 -154.794    482.7    960.6
     1     1    19     8    10     3     0     3   -15.0   21.083 -154.613    483.7    960.9
     1     1    19     8    10     2     0     2   -16.0   21.057 -154.451    490.0    958.8
     1     1    19     8    10     1     0     1   -17.0   21.013 -154.293    488.2    958.9
     1     1    19     8    10     0     0     0   -18.0   20.953 -154.144    476.5    960.1
     1     1    19     8     9    23     0     1   -19.0   20.890 -153.994    461.6    963.4
     1     1    19     8     9    22     0     2   -20.0   20.830 -153.825    451.5    965.0
     1     1    19     8     9    21     0     3   -21.0   20.766 -153.636    442.4    966.3
     1     1    19     8     9    20     0     2   -22.0   20.702 -153.430    434.2    967.3
     1     1    19     8     9    19     0     1   -23.0   20.639 -153.212    432.3    967.5
     1     1    19     8     9    18     0     0   -24.0   20.582 -152.981    442.2    966.4
     1     1    19     8     9    17     0     1   -25.0   20.527 -152.746    461.2    963.2
     1     1    19     8     9    16     0     2   -26.0   20.474 -152.516    479.5    960.5
     1     1    19     8     9    15     0     3   -27.0   20.430 -152.295    487.5    958.8
     1     1    19     8     9    14     0     2   -28.0   20.392 -152.079    484.5    959.7
     1     1    19     8     9    13     0     1   -29.0   20.354 -151.865    484.5    960.7
     1     1    19     8     9    12     0     0   -30.0   20.311 -151.651    497.7    959.3
     1     1    19     8     9    11     0     1   -31.0   20.271 -151.433    515.7    956.8
     1     1    19     8     9    10     0     2   -32.0   20.240 -151.209    526.0    956.0
     1     1    19     8     9     9     0     3   -33.0   20.208 -150.978    524.5    956.6
     1     1    19     8     9     8     0     2   -34.0   20.176 -150.737    515.4    958.1
     1     1    19     8     9     7     0     1   -35.0   20.151 -150.485    504.0    959.2
     1     1    19     8     9     6     0     0   -36.0   20.128 -150.222    489.9    960.5
     1     1    19     8     9     5     0     1   -37.0   20.114 -149.951    469.1    962.0
     1     1    19     8     9     4     0     2   -38.0   20.117 -149.672    448.1    965.1
     1     1    19     8     9     3     0     3   -39.0   20.132 -149.385    438.1    966.0
     1     1    19     8     9     2     0     2   -40.0   20.151 -149.096    444.0    965.7
     1     1    19     8     9     1     0     1   -41.0   20.173 -148.818    459.7    962.6
     1     1    19     8     9     0     0     0   -42.0   20.199 -148.549    471.4    960.8
     1     1    19     8     8    23     0     1   -43.0   20.222 -148.277    482.6    961.0
     1     1    19     8     8    22     0     2   -44.0   20.237 -147.993    503.6    959.5
     1     1    19     8     8    21     0     3   -45.0   20.242 -147.706    533.9    956.5
     1     1    19     8     8    20     0     2   -46.0   20.239 -147.422    560.9    952.4
     1     1    19     8     8    19     0     1   -47.0   20.231 -147.145    580.8    950.9
     1     1    19     8     8    18     0     0   -48.0   20.223 -146.870    598.5    948.9
     1     1    19     8     8    17     0     1   -49.0   20.217 -146.595    606.3    947.2
     1     1    19     8     8    16     0     2   -50.0   20.216 -146.318    603.1    947.9
     1     1    19     8     8    15     0     3   -51.0   20.223 -146.042    599.6    948.6
     1     1    19     8     8    14     0     2   -52.0   20.230 -145.762    596.2    948.4
     1     1    19     8     8    13     0     1   -53.0   20.235 -145.475    593.9    949.3
     1     1    19     8     8    12     0     0   -54.0   20.239 -145.185    605.3    948.8
     1     1    19     8     8    11     0     1   -55.0   20.243 -144.888    635.3    946.1
     1     1    19     8     8    10     0     2   -56.0   20.240 -144.583    673.0    941.4
     1     1    19     8     8     9     0     3   -57.0   20.221 -144.276    708.5    937.9
     1     1    19     8     8     8     0     2   -58.0   20.201 -143.969    741.2    934.0
     1     1    19     8     8     7     0     1   -59.0   20.197 -143.667    772.6    930.6
     1     1    19     8     8     6     0     0   -60.0   20.207 -143.367    803.5    927.1
     1     1    19     8     8     5     0     1   -61.0   20.218 -143.079    832.6    923.6
     1     1    19     8     8     4     0     2   -62.0   20.226 -142.812    857.9    920.3
     1     1    19     8     8     3     0     3   -63.0   20.241 -142.560    872.5    917.8
     1     1    19     8     8     2     0     2   -64.0   20.263 -142.306    872.8    917.9
     1     1    19     8     8     1     0     1   -65.0   20.285 -142.041    862.2    919.3
     1     1    19     8     8     0     0     0   -66.0   20.302 -141.772    852.6    921.1
     1     1    19     8     7    23     0     1   -67.0   20.324 -141.497    859.0    921.6
     1     1    19     8     7    22     0     2   -68.0   20.359 -141.216    881.2    919.2
     1     1    19     8     7    21     0     3   -69.0   20.400 -140.928    908.2    916.1
     1     1    19     8     7    20     0     2   -70.0   20.447 -140.646    931.7    913.2
     1     1    19     8     7    19     0     1   -71.0   20.502 -140.375    949.1    911.4
     1     1    19     8     7    18     0     0   -72.0   20.569 -140.114    958.3    910.2
     1     1    19     8     7    17     0     1   -73.0   20.638 -139.862    966.4    909.9
     1     1    19     8     7    16     0     2   -74.0   20.696 -139.624    981.4    907.8
     1     1    19     8     7    15     0     3   -75.0   20.744 -139.400    996.2    905.2
     1     1    19     8     7    14     0     2   -76.0   20.784 -139.184   1008.3    904.3
     1     1    19     8     7    13     0     1   -77.0   20.817 -138.969   1024.7    903.0
     1     1    19     8     7    12     0     0   -78.0   20.844 -138.756   1046.0    900.5
     1     1    19     8     7    11     0     1   -79.0   20.866 -138.537   1064.1    898.4
     1     1    19     8     7    10     0     2   -80.0   20.882 -138.309   1081.0    897.7
     1     1    19     8     7     9     0     3   -81.0   20.893 -138.076   1110.8    895.7
     1     1    19     8     7     8     0     2   -82.0   20.905 -137.850   1141.4    890.7
     1     1    19     8     7     7     0     1   -83.0   20.928 -137.630   1153.3    889.6
     1     1    19     8     7     6     0     0   -84.0   20.959 -137.412   1150.3    890.4
     1     1    19     8     7     5     0     1   -85.0   20.996 -137.201   1148.9    891.5
     1     1    19     8     7     4     0     2   -86.0   21.037 -137.010   1162.0    889.9
     1     1    19     8     7     3     0     3   -87.0   21.084 -136.837   1181.2    886.7
     1     1    19     8     7     2     0     2   -88.0   21.132 -136.677   1192.2    884.7
     1     1    19     8     7     1     0     1   -89.0   21.176 -136.523   1191.9    885.0
     1     1    19     8     7     0     0     0   -90.0   21.218 -136.378   1184.7    885.9
     1     1    19     8     6    23     0     1   -91.0   21.249 -136.235   1178.3    887.6
     1     1    19     8     6    22     0     2   -92.0   21.260 -136.092   1178.7    887.9
     1     1    19     8     6    21     0     3   -93.0   21.252 -135.949   1185.4    887.5
     1     1    19     8     6    20     0     2   -94.0   21.232 -135.803   1197.1    886.1
     1     1    19     8     6    19     0     1   -95.0   21.212 -135.653   1213.1    884.5
     1     1    19     8     6    18     0     0   -96.0   21.188 -135.499   1234.5    882.3
     1     1    19     8     6    17     0     1   -97.0   21.162 -135.342   1262.5    878.9
     1     1    19     8     6    16     0     2   -98.0   21.133 -135.180   1295.6    875.0
     1     1    19     8     6    15     0     3   -99.0   21.102 -135.009   1332.6    870.8
     1     1    19     8     6    14     0     2  -100.0   21.077 -134.838   1363.6    866.6
     1     1    19     8     6    13     0     1  -101.0   21.062 -134.674   1374.8    865.0
     1     1    19     8     6    12     0     0  -102.0   21.057 -134.516   1361.1    866.1
     1     1    19     8     6    11     0     1  -103.0   21.055 -134.354   1341.9    870.3
     1     1    19     8     6    10     0     2  -104.0   21.048 -134.181   1333.9    871.4
     1     1    19     8     6     9     0     3  -105.0   21.035 -133.999   1336.9    871.3
     1     1    19     8     6     8     0     2  -106.0   21.020 -133.811   1349.3    870.0
     1     1    19     8     6     7     0     1  -107.0   21.005 -133.623   1373.8    868.2
     1     1    19     8     6     6     0     0  -108.0   20.997 -133.435   1418.1    864.3
     1     1    19     8     6     5     0     1  -109.0   20.993 -133.255   1469.9    857.3
     1     1    19     8     6     4     0     2  -110.0   20.988 -133.087   1511.3    852.5
     1     1    19     8     6     3     0     3  -111.0   20.984 -132.935   1538.4    849.2
     1     1    19     8     6     2     0     2  -112.0   20.977 -132.788   1554.6    847.9
     1     1    19     8     6     1     0     1  -113.0   20.967 -132.636   1564.7    846.8
     1     1    19     8     6     0     0     0  -114.0   20.951 -132.479   1569.1    846.4
     1     1    19     8     5    23     0     1  -115.0   20.935 -132.320   1581.8    846.8
     1     1    19     8     5    22     0     2  -116.0   20.919 -132.168   1614.0    843.8
     1     1    19     8     5    21     0     3  -117.0   20.905 -132.026   1662.1    839.3
     1     1    19     8     5    20     0     2  -118.0   20.890 -131.894   1708.5    833.4
     1     1    19     8     5    19     0     1  -119.0   20.876 -131.771   1739.4    830.8
     1     1    19     8     5    18     0     0  -120.0   20.861 -131.654   1759.3    829.2
     1     1    19     8     5    17     0     1  -121.0   20.843 -131.541   1765.6    827.6
     1     1    19     8     5    16     0     2  -122.0   20.820 -131.434   1754.4    828.2
     1     1    19     8     5    15     0     3  -123.0   20.795 -131.334   1726.1    830.3
     1     1    19     8     5    14     0     2  -124.0   20.765 -131.236   1701.2    834.5
     1     1    19     8     5    13     0     1  -125.0   20.725 -131.137   1700.4    834.1
     1     1    19     8     5    12     0     0  -126.0   20.672 -131.037   1721.1    831.7
     1     1    19     8     5    11     0     1  -127.0   20.613 -130.928   1753.2    828.1
     1     1    19     8     5    10     0     2  -128.0   20.553 -130.798   1786.0    825.2
     1     1    19     8     5     9     0     3  -129.0   20.494 -130.646   1818.3    822.5
     1     1    19     8     5     8     0     2  -130.0   20.436 -130.479   1845.2    819.6
     1     1    19     8     5     7     0     1  -131.0   20.382 -130.305   1865.8    817.9
     1     1    19     8     5     6     0     0  -132.0   20.334 -130.121   1886.9    816.2
     1     1    19     8     5     5     0     1  -133.0   20.295 -129.934   1898.3    813.5
     1     1    19     8     5     4     0     2  -134.0   20.265 -129.752   1891.7    814.2
     1     1    19     8     5     3     0     3  -135.0   20.244 -129.580   1872.4    815.9
     1     1    19     8     5     2     0     2  -136.0   20.224 -129.417   1853.8    818.7
     1     1    19     8     5     1     0     1  -137.0   20.196 -129.263   1843.0    819.0
     1     1    19     8     5     0     0     0  -138.0   20.156 -129.119   1831.6    819.4
     1     1    19     8     4    23     0     1  -139.0   20.105 -128.971   1820.6    821.2
     1     1    19     8     4    22     0     2  -140.0   20.047 -128.801   1817.5    822.2
     1     1    19     8     4    21     0     3  -141.0   19.985 -128.615   1828.9    821.8
     1     1    19     8     4    20     0     2  -142.0   19.932 -128.417   1847.4    819.1
     1     1    19     8     4    19     0     1  -143.0   19.891 -128.209   1859.4    817.7
     1     1    19     8     4    18     0     0  -144.0   19.857 -127.998   1858.2    817.7
     1     1    19     8     4    17     0     1  -145.0   19.838 -127.788   1863.5    819.0
     1     1    19     8     4    16     0     2  -146.0   19.839 -127.583   1891.3    815.0
     1     1    19     8     4    15     0     3  -147.0   19.848 -127.389   1923.6    810.6
     1     1    19     8     4    14     0     2  -148.0   19.848 -127.205   1945.1    807.8
     1     1    19     8     4    13     0     1  -149.0   19.830 -127.027   1959.8    807.3
     1     1    19     8     4    12     0     0  -150.0   19.795 -126.850   1983.3    805.4
     1     1    19     8     4    11     0     1  -151.0   19.754 -126.665   2015.5    802.1
     1     1    19     8     4    10     0     2  -152.0   19.716 -126.469   2055.6    799.1
     1     1    19     8     4     9     0     3  -153.0   19.673 -126.266   2111.2    794.5
     1     1    19     8     4     8     0     2  -154.0   19.633 -126.056   2180.3    787.9
     1     1    19     8     4     7     0     1  -155.0   19.605 -125.835   2245.5    781.1
     1     1    19     8     4     6     0     0  -156.0   19.585 -125.601   2276.6    777.0
     1     1    19     8     4     5     0     1  -157.0   19.569 -125.364   2262.9    778.2
     1     1    19     8     4     4     0     2  -158.0   19.554 -125.135   2225.0    782.5
     1     1    19     8     4     3     0     3  -159.0   19.545 -124.917   2193.4    786.4
     1     1    19     8     4     2     0     2  -160.0   19.537 -124.698   2174.6    787.1
     1     1    19     8     4     1     0     1  -161.0   19.526 -124.473   2154.0    788.1
     1     1    19     8     4     0     0     0  -162.0   19.509 -124.250   2118.2    790.5
     1     1    19     8     3    23     0     1  -163.0   19.487 -124.028   2071.2    796.1
     1     1    19     8     3    22     0     2  -164.0   19.459 -123.800   2029.1    801.0
     1     1    19     8     3    21     0     3  -165.0   19.421 -123.564   1996.8    804.3
     1     1    19     8     3    20     0     2  -166.0   19.373 -123.325   1976.2    806.7
     1     1    19     8     3    19     0     1  -167.0   19.321 -123.092   1969.4    807.4
     1     1    19     8     3    18     0     0  -168.0   19.265 -122.865   1977.1    807.0
     1     1    19     8     3    17     0     1  -169.0   19.210 -122.637   1992.2    804.5
     1     1    19     8     3    16     0     2  -170.0   19.155 -122.404   2004.7    802.8
     1     1    19     8     3    15     0     3  -171.0   19.103 -122.176   2009.9    801.8
     1     1    19     8     3    14     0     2  -172.0   19.046 -121.959   2015.1    802.0
     1     1    19     8     3    13     0     1  -173.0   18.977 -121.749   2038.2    800.4
     1     1    19     8     3    12     0     0  -174.0   18.901 -121.541   2092.3    795.5
     1     1    19     8     3    11     0     1  -175.0   18.824 -121.328   2153.9    787.6
     1     1    19     8     3    10     0     2  -176.0   18.743 -121.110   2185.7    784.2
     1     1    19     8     3     9     0     3  -177.0   18.650 -120.891   2172.7    785.3
     1     1    19     8     3     8     0     2  -178.0   18.547 -120.666   2152.0    791.1
     1     1    19     8     3     7     0     1  -179.0   18.443 -120.425   2152.5    790.4
     1     1    19     8     3     6     0     0  -180.0   18.335 -120.166   2150.0    789.5
     1     1    19     8     3     5     0     1  -181.0   18.219 -119.902   2135.6    791.1
     1     1    19     8     3     4     0     2  -182.0   18.091 -119.653   2118.7    792.6
     1     1    19     8     3     3     0     3  -183.0   17.946 -119.432   2094.7    793.9
     1     1    19     8     3     2     0     2  -184.0   17.784 -119.231   2067.7    797.0
     1     1    19     8     3     1     0     1  -185.0   17.608 -119.035   2058.4    798.4
     1     1    19     8     3     0     0     0  -186.0   17.421 -118.834   2083.7    796.2
     1     1    19     8     2    23     0     1  -187.0   17.229 -118.608   2105.9    790.6
     1     1    19     8     2    22     0     2  -188.0   17.020 -118.356   2086.2    793.0
     1     1    19     8     2    21     0     3  -189.0   16.779 -118.099   2025.8    799.2
     1     1    19     8     2    20     0     2  -190.0   16.535 -117.842   1962.5    808.9
     1     1    19     8     2    19     0     1  -191.0   16.304 -117.585   1940.4    811.7
     1     1    19     8     2    18     0     0  -192.0   16.054 -117.330   1959.6    809.4
     1     1    19     8     2    17     0     1  -193.0   15.785 -117.065   1974.2    803.7
     1     1    19     8     2    16     0     2  -194.0   15.526 -116.808   1950.4    806.9
     1     1    19     8     2    15     0     3  -195.0   15.279 -116.571   1928.2    811.6
     1     1    19     8     2    14     0     2  -196.0   15.034 -116.345   1943.5    810.4
     1     1    19     8     2    13     0     1  -197.0   14.758 -116.124   1976.8    803.9
     1     1    19     8     2    12     0     0  -198.0   14.424 -115.913   1994.7    801.4
     1     1    19     8     2    11     0     1  -199.0   14.073 -115.710   2029.0    801.7
     1     1    19     8     2    10     0     2  -200.0   13.739 -115.523   2118.9    794.1
     1     1    19     8     2     9     0     3  -201.0   13.398 -115.344   2267.0    780.7
     1     1    19     8     2     8     0     2  -202.0   13.028 -115.158   2396.3    762.3
     1     1    19     8     2     7     0     1  -203.0   12.618 -115.009   2497.0    758.0
     1     1    19     8     2     6     0     0  -204.0   12.164 -114.919   2628.0    748.0
     1     1    19     8     2     5     0     1  -205.0   11.692 -114.838   2819.8    732.2
     1     1    19     8     2     4     0     2  -206.0   11.227 -114.753   3022.3    708.9
     1     1    19     8     2     3     0     3  -207.0   10.762 -114.682   3200.1    695.5
     1     1    19     8     2     2     0     2  -208.0   10.291 -114.632   3397.4    680.1
     1     1    19     8     2     1     0     1  -209.0    9.818 -114.602   3557.8    660.2
     1     1    19     8     2     0     0     0  -210.0    9.346 -114.572   3613.1    655.2
     1     1    19     8     1    23     0     1  -211.0    8.896 -114.541   3681.4    659.3
     1     1    19     8     1    22     0     2  -212.0    8.498 -114.505   3807.4    645.6
     1     1    19     8     1    21     0     3  -213.0    8.171 -114.449   3935.7    635.5
     1     1    19     8     1    20     0     2  -214.0    7.896 -114.375   4057.6    626.2
     1     1    19     8     1    19     0     1  -215.0    7.642 -114.272   4209.2    618.1
     1     1    19     8     1    18     0     0  -216.0    7.396 -114.143   4460.3    601.3
     1     1    19     8     1    17     0     1  -217.0    7.181 -114.025   4755.2    574.2
     1     1    19     8     1    16     0     2  -218.0    7.008 -113.931   4945.7    555.2
     1     1    19     8     1    15     0     3  -219.0    6.853 -113.839   4991.3    552.8
     1     1    19     8     1    14     0     2  -220.0    6.672 -113.713   5021.2    559.6
     1     1    19     8     1    13     0     1  -221.0    6.487 -113.559   5118.8    549.0
     1     1    19     8     1    12     0     0  -222.0    6.305 -113.383   5190.8    540.5
     1     1    19     8     1    11     0     1  -223.0    6.129 -113.182   5185.5    540.8
     1     1    19     8     1    10     0     2  -224.0    5.956 -112.953   5138.9    547.0
     1     1    19     8     1     9     0     3  -225.0    5.781 -112.698   5131.1    550.5
     1     1    19     8     1     8     0     2  -226.0    5.623 -112.430   5149.9    546.1
     1     1    19     8     1     7     0     1  -227.0    5.475 -112.151   5142.6    546.6
     1     1    19     8     1     6     0     0  -228.0    5.326 -111.861   5112.3    549.4
     1     1    19     8     1     5     0     1  -229.0    5.174 -111.548   5083.9    552.5
     1     1    19     8     1     4     0     2  -230.0    5.023 -111.207   5061.6    553.1
     1     1    19     8     1     3     0     3  -231.0    4.869 -110.838   5031.8    555.0
     1     1    19     8     1     2     0     2  -232.0    4.721 -110.453   5007.1    557.0
     1     1    19     8     1     1     0     1  -233.0    4.583 -110.065   4992.1    557.0
     1     1    19     8     1     0     0     0  -234.0    4.447 -109.670   4992.3    557.3
     1     1    19     7    31    23     0     1  -235.0    4.326 -109.266   5006.4    555.7
     1     1    19     7    31    22     0     2  -236.0    4.228 -108.851   5018.9    555.2
     1     1    19     7    31    21     0     3  -237.0    4.150 -108.422   5032.2    554.9
     1     1    19     7    31    20     0     2  -238.0    4.079 -107.983   5059.9    553.8
     1     1    19     7    31    19     0     1  -239.0    4.012 -107.537   5096.0    550.4
     1     1    19     7    31    18     0     0  -240.0    3.946 -107.083   5117.8    548.6
