     7     1
    GDAS    19     6     1     0     0
    GDAS    19     7     1     0     0
    GDAS    19     8     1     0     0
    GDAS    19     9     1     0     0
    GDAS    19    10     1     0     0
    GDAS    19    11     1     0     0
    GDAS    19    12     1     0     0
     1 BACKWARD OMEGA   
    19    10     2     0   21.319 -157.670    10.0
     1 PRESSURE
     1     1    19    10     2     0     0     0     0.0   21.319 -157.670     10.0   1010.5
     1     1    19    10     1    23     0     1    -1.0   21.447 -157.408    101.3   1002.0
     1     1    19    10     1    22     0     2    -2.0   21.557 -157.096    248.7    982.7
     1     1    19    10     1    21     0     3    -3.0   21.631 -156.746    391.9    964.4
     1     1    19    10     1    20     0     2    -4.0   21.680 -156.387    469.1    955.5
     1     1    19    10     1    19     0     1    -5.0   21.729 -156.030    474.6    957.6
     1     1    19    10     1    18     0     0    -6.0   21.789 -155.675    454.5    963.8
     1     1    19    10     1    17     0     1    -7.0   21.859 -155.333    439.9    965.1
     1     1    19    10     1    16     0     2    -8.0   21.923 -155.009    430.9    966.1
     1     1    19    10     1    15     0     3    -9.0   21.976 -154.707    427.1    965.8
     1     1    19    10     1    14     0     2   -10.0   22.028 -154.411    422.9    965.9
     1     1    19    10     1    13     0     1   -11.0   22.088 -154.107    423.0    966.8
     1     1    19    10     1    12     0     0   -12.0   22.150 -153.794    431.7    965.7
     1     1    19    10     1    11     0     1   -13.0   22.216 -153.481    441.5    964.4
     1     1    19    10     1    10     0     2   -14.0   22.287 -153.164    452.5    963.9
     1     1    19    10     1     9     0     3   -15.0   22.363 -152.840    471.5    962.3
     1     1    19    10     1     8     0     2   -16.0   22.445 -152.515    496.9    958.8
     1     1    19    10     1     7     0     1   -17.0   22.536 -152.190    514.9    955.8
     1     1    19    10     1     6     0     0   -18.0   22.636 -151.855    509.5    955.7
     1     1    19    10     1     5     0     1   -19.0   22.745 -151.517    490.0    959.2
     1     1    19    10     1     4     0     2   -20.0   22.863 -151.183    477.3    960.8
     1     1    19    10     1     3     0     3   -21.0   22.988 -150.856    473.3    960.5
     1     1    19    10     1     2     0     2   -22.0   23.105 -150.537    457.8    960.2
     1     1    19    10     1     1     0     1   -23.0   23.220 -150.226    433.5    965.6
     1     1    19    10     1     0     0     0   -24.0   23.352 -149.925    427.4    967.0
     1     1    19     9    30    23     0     1   -25.0   23.485 -149.622    421.9    965.6
     1     1    19     9    30    22     0     2   -26.0   23.602 -149.316    404.0    969.4
     1     1    19     9    30    21     0     3   -27.0   23.718 -149.010    391.5    972.0
     1     1    19     9    30    20     0     2   -28.0   23.835 -148.695    386.7    972.1
     1     1    19     9    30    19     0     1   -29.0   23.961 -148.360    372.7    972.2
     1     1    19     9    30    18     0     0   -30.0   24.106 -148.004    325.2    976.2
     1     1    19     9    30    17     0     1   -31.0   24.241 -147.659    280.3    986.1
     1     1    19     9    30    16     0     2   -32.0   24.346 -147.339    254.0    986.5
     1     1    19     9    30    15     0     3   -33.0   24.427 -147.036    223.3    988.7
     1     1    19     9    30    14     0     2   -34.0   24.498 -146.740    196.7    993.2
     1     1    19     9    30    13     0     1   -35.0   24.568 -146.442    183.0    994.1
     1     1    19     9    30    12     0     0   -36.0   24.635 -146.141    173.4    994.9
     1     1    19     9    30    11     0     1   -37.0   24.702 -145.833    166.6    996.2
     1     1    19     9    30    10     0     2   -38.0   24.773 -145.515    164.1    996.8
     1     1    19     9    30     9     0     3   -39.0   24.849 -145.190    165.9    996.8
     1     1    19     9    30     8     0     2   -40.0   24.935 -144.860    170.6    996.3
     1     1    19     9    30     7     0     1   -41.0   25.036 -144.525    175.6    995.8
     1     1    19     9    30     6     0     0   -42.0   25.152 -144.182    177.7    995.7
     1     1    19     9    30     5     0     1   -43.0   25.273 -143.845    176.4    995.5
     1     1    19     9    30     4     0     2   -44.0   25.395 -143.521    173.0    995.6
     1     1    19     9    30     3     0     3   -45.0   25.519 -143.212    169.5    995.9
     1     1    19     9    30     2     0     2   -46.0   25.641 -142.910    167.9    996.1
     1     1    19     9    30     1     0     1   -47.0   25.758 -142.607    166.1    996.0
     1     1    19     9    30     0     0     0   -48.0   25.876 -142.303    163.9    996.3
     1     1    19     9    29    23     0     1   -49.0   25.998 -141.996    160.5    996.9
     1     1    19     9    29    22     0     2   -50.0   26.120 -141.690    152.8    998.3
     1     1    19     9    29    21     0     3   -51.0   26.238 -141.385    140.7   1000.5
     1     1    19     9    29    20     0     2   -52.0   26.355 -141.077    127.9   1002.3
     1     1    19     9    29    19     0     1   -53.0   26.477 -140.765    117.7   1003.4
     1     1    19     9    29    18     0     0   -54.0   26.606 -140.450    110.4   1004.2
     1     1    19     9    29    17     0     1   -55.0   26.740 -140.133    106.3   1004.4
     1     1    19     9    29    16     0     2   -56.0   26.880 -139.813    108.9   1004.2
     1     1    19     9    29    15     0     3   -57.0   27.028 -139.493    121.2   1002.8
     1     1    19     9    29    14     0     2   -58.0   27.177 -139.180    134.4   1000.7
     1     1    19     9    29    13     0     1   -59.0   27.322 -138.870    140.9    999.9
     1     1    19     9    29    12     0     0   -60.0   27.465 -138.555    147.9    999.4
     1     1    19     9    29    11     0     1   -61.0   27.607 -138.230    156.9    998.2
     1     1    19     9    29    10     0     2   -62.0   27.755 -137.894    158.6    997.8
     1     1    19     9    29     9     0     3   -63.0   27.911 -137.550    153.1    999.5
     1     1    19     9    29     8     0     2   -64.0   28.070 -137.203    148.0   1000.5
     1     1    19     9    29     7     0     1   -65.0   28.233 -136.854    145.5   1000.6
     1     1    19     9    29     6     0     0   -66.0   28.407 -136.500    143.3   1000.7
     1     1    19     9    29     5     0     1   -67.0   28.603 -136.143    141.7   1000.8
     1     1    19     9    29     4     0     2   -68.0   28.822 -135.792    141.2   1000.5
     1     1    19     9    29     3     0     3   -69.0   29.058 -135.456    140.7   1000.4
     1     1    19     9    29     2     0     2   -70.0   29.301 -135.140    141.0   1000.3
     1     1    19     9    29     1     0     1   -71.0   29.541 -134.839    143.6   1000.0
     1     1    19     9    29     0     0     0   -72.0   29.780 -134.547    148.6    999.0
     1     1    19     9    28    23     0     1   -73.0   30.016 -134.258    152.1    998.6
     1     1    19     9    28    22     0     2   -74.0   30.248 -133.967    153.4    999.1
     1     1    19     9    28    21     0     3   -75.0   30.473 -133.679    153.1    999.3
     1     1    19     9    28    20     0     2   -76.0   30.697 -133.396    150.4   1000.2
     1     1    19     9    28    19     0     1   -77.0   30.926 -133.117    146.3   1001.0
     1     1    19     9    28    18     0     0   -78.0   31.162 -132.839    140.3   1002.1
     1     1    19     9    28    17     0     1   -79.0   31.408 -132.567    135.9   1002.6
     1     1    19     9    28    16     0     2   -80.0   31.669 -132.305    136.4   1002.2
     1     1    19     9    28    15     0     3   -81.0   31.938 -132.052    141.5   1001.3
     1     1    19     9    28    14     0     2   -82.0   32.209 -131.809    149.1    999.6
     1     1    19     9    28    13     0     1   -83.0   32.479 -131.571    155.6    998.4
     1     1    19     9    28    12     0     0   -84.0   32.755 -131.341    160.1    997.4
     1     1    19     9    28    11     0     1   -85.0   33.035 -131.120    158.3    997.6
     1     1    19     9    28    10     0     2   -86.0   33.321 -130.910    151.8    999.4
     1     1    19     9    28     9     0     3   -87.0   33.611 -130.713    147.0   1000.8
     1     1    19     9    28     8     0     2   -88.0   33.906 -130.522    145.5   1001.0
     1     1    19     9    28     7     0     1   -89.0   34.208 -130.336    145.4   1000.9
     1     1    19     9    28     6     0     0   -90.0   34.516 -130.154    144.7   1001.0
     1     1    19     9    28     5     0     1   -91.0   34.835 -129.976    146.0   1001.1
     1     1    19     9    28     4     0     2   -92.0   35.164 -129.807    151.9   1000.1
     1     1    19     9    28     3     0     3   -93.0   35.497 -129.652    159.4    998.5
     1     1    19     9    28     2     0     2   -94.0   35.835 -129.511    163.7    997.7
     1     1    19     9    28     1     0     1   -95.0   36.179 -129.383    165.6    997.7
     1     1    19     9    28     0     0     0   -96.0   36.530 -129.267    167.1    997.5
     1     1    19     9    27    23     0     1   -97.0   36.881 -129.164    167.5    997.8
     1     1    19     9    27    22     0     2   -98.0   37.229 -129.076    167.2    998.2
     1     1    19     9    27    21     0     3   -99.0   37.573 -129.001    167.1    998.5
     1     1    19     9    27    20     0     2  -100.0   37.915 -128.937    167.6    998.9
     1     1    19     9    27    19     0     1  -101.0   38.255 -128.877    168.9    999.1
     1     1    19     9    27    18     0     0  -102.0   38.587 -128.815    170.0    999.2
     1     1    19     9    27    17     0     1  -103.0   38.913 -128.751    171.5    999.0
     1     1    19     9    27    16     0     2  -104.0   39.246 -128.684    173.3    998.7
     1     1    19     9    27    15     0     3  -105.0   39.591 -128.621    172.5    998.5
     1     1    19     9    27    14     0     2  -106.0   39.949 -128.564    167.5    999.1
     1     1    19     9    27    13     0     1  -107.0   40.315 -128.506    164.6   1000.1
     1     1    19     9    27    12     0     0  -108.0   40.681 -128.445    171.1    999.5
     1     1    19     9    27    11     0     1  -109.0   41.041 -128.385    186.9    997.4
     1     1    19     9    27    10     0     2  -110.0   41.401 -128.325    202.5    994.8
     1     1    19     9    27     9     0     3  -111.0   41.761 -128.263    210.8    994.0
     1     1    19     9    27     8     0     2  -112.0   42.119 -128.199    211.2    993.8
     1     1    19     9    27     7     0     1  -113.0   42.471 -128.138    206.8    995.0
     1     1    19     9    27     6     0     0  -114.0   42.823 -128.087    203.8    995.6
     1     1    19     9    27     5     0     1  -115.0   43.176 -128.045    203.5    995.6
     1     1    19     9    27     4     0     2  -116.0   43.528 -128.007    206.6    995.4
     1     1    19     9    27     3     0     3  -117.0   43.878 -127.979    216.0    994.5
     1     1    19     9    27     2     0     2  -118.0   44.233 -127.959    226.9    992.4
     1     1    19     9    27     1     0     1  -119.0   44.594 -127.945    231.7    991.7
     1     1    19     9    27     0     0     0  -120.0   44.954 -127.937    232.3    991.9
     1     1    19     9    26    23     0     1  -121.0   45.314 -127.945    230.7    991.8
     1     1    19     9    26    22     0     2  -122.0   45.688 -127.982    231.5    992.1
     1     1    19     9    26    21     0     3  -123.0   46.085 -128.051    244.4    991.1
     1     1    19     9    26    20     0     2  -124.0   46.508 -128.155    261.2    988.2
     1     1    19     9    26    19     0     1  -125.0   46.951 -128.286    273.8    987.1
     1     1    19     9    26    18     0     0  -126.0   47.408 -128.437    291.6    985.8
     1     1    19     9    26    17     0     1  -127.0   47.869 -128.608    318.5    981.7
     1     1    19     9    26    16     0     2  -128.0   48.324 -128.791    347.4    977.3
     1     1    19     9    26    15     0     3  -129.0   48.774 -128.976    367.8    973.7
     1     1    19     9    26    14     0     2  -130.0   49.231 -129.166    381.1    973.1
     1     1    19     9    26    13     0     1  -131.0   49.692 -129.365    403.7    971.4
     1     1    19     9    26    12     0     0  -132.0   50.136 -129.575    443.6    967.0
     1     1    19     9    26    11     0     1  -133.0   50.551 -129.799    488.8    959.4
     1     1    19     9    26    10     0     2  -134.0   50.953 -130.038    526.4    955.1
     1     1    19     9    26     9     0     3  -135.0   51.369 -130.313    559.1    951.1
     1     1    19     9    26     8     0     2  -136.0   51.768 -130.606    615.3    947.3
     1     1    19     9    26     7     0     1  -137.0   52.142 -130.888    731.5    934.8
     1     1    19     9    26     6     0     0  -138.0   52.529 -131.204    877.4    909.8
     1     1    19     9    26     5     0     1  -139.0   52.903 -131.545    976.8    883.8
     1     1    19     9    26     4     0     2  -140.0   53.230 -131.876   1027.4    874.1
     1     1    19     9    26     3     0     3  -141.0   53.525 -132.224   1044.0    879.8
     1     1    19     9    26     2     0     2  -142.0   53.785 -132.605    991.3    885.0
     1     1    19     9    26     1     0     1  -143.0   53.994 -132.985    786.1    896.7
     1     1    19     9    26     0     0     0  -144.0   54.152 -133.347    525.4    949.3
     1     1    19     9    25    23     0     1  -145.0   54.264 -133.710    389.7    971.9
     1     1    19     9    25    22     0     2  -146.0   54.337 -134.083    345.0    979.2
     1     1    19     9    25    21     0     3  -147.0   54.388 -134.470    349.5    976.9
     1     1    19     9    25    20     0     2  -148.0   54.421 -134.862    374.2    972.7
     1     1    19     9    25    19     0     1  -149.0   54.430 -135.250    388.4    969.8
     1     1    19     9    25    18     0     0  -150.0   54.418 -135.645    400.8    971.3
     1     1    19     9    25    17     0     1  -151.0   54.403 -136.076    434.2    967.4
     1     1    19     9    25    16     0     2  -152.0   54.391 -136.548    462.2    961.8
     1     1    19     9    25    15     0     3  -153.0   54.383 -137.049    501.3    961.3
     1     1    19     9    25    14     0     2  -154.0   54.370 -137.564    556.2    952.0
     1     1    19     9    25    13     0     1  -155.0   54.342 -138.079    599.3    947.5
     1     1    19     9    25    12     0     0  -156.0   54.312 -138.588    652.5    944.4
     1     1    19     9    25    11     0     1  -157.0   54.279 -139.076    717.1    934.1
     1     1    19     9    25    10     0     2  -158.0   54.229 -139.544    760.9    928.4
     1     1    19     9    25     9     0     3  -159.0   54.154 -140.006    810.1    927.0
     1     1    19     9    25     8     0     2  -160.0   54.082 -140.456    866.6    917.3
     1     1    19     9    25     7     0     1  -161.0   54.036 -140.888    899.3    914.5
     1     1    19     9    25     6     0     0  -162.0   54.002 -141.317    914.8    912.6
     1     1    19     9    25     5     0     1  -163.0   54.001 -141.776    915.5    912.8
     1     1    19     9    25     4     0     2  -164.0   54.038 -142.265    907.0    913.7
     1     1    19     9    25     3     0     3  -165.0   54.094 -142.772    888.4    915.2
     1     1    19     9    25     2     0     2  -166.0   54.162 -143.321    862.9    918.4
     1     1    19     9    25     1     0     1  -167.0   54.235 -143.917    861.6    920.8
     1     1    19     9    25     0     0     0  -168.0   54.312 -144.553    881.9    915.3
     1     1    19     9    24    23     0     1  -169.0   54.393 -145.232    880.7    913.6
     1     1    19     9    24    22     0     2  -170.0   54.474 -145.955    863.9    917.1
     1     1    19     9    24    21     0     3  -171.0   54.559 -146.714    864.6    918.4
     1     1    19     9    24    20     0     2  -172.0   54.656 -147.492    891.0    912.9
     1     1    19     9    24    19     0     1  -173.0   54.764 -148.273    922.4    908.8
     1     1    19     9    24    18     0     0  -174.0   54.866 -149.079    974.8    902.1
     1     1    19     9    24    17     0     1  -175.0   54.994 -149.920   1000.2    897.1
     1     1    19     9    24    16     0     2  -176.0   55.146 -150.767    997.2    898.0
     1     1    19     9    24    15     0     3  -177.0   55.299 -151.598   1025.1    893.9
     1     1    19     9    24    14     0     2  -178.0   55.460 -152.425   1073.3    887.6
     1     1    19     9    24    13     0     1  -179.0   55.623 -153.197   1106.3    883.3
     1     1    19     9    24    12     0     0  -180.0   55.798 -153.907   1129.4    880.7
     1     1    19     9    24    11     0     1  -181.0   56.000 -154.569   1159.5    876.7
     1     1    19     9    24    10     0     2  -182.0   56.240 -155.226   1206.0    872.5
     1     1    19     9    24     9     0     3  -183.0   56.512 -155.888   1284.5    862.7
     1     1    19     9    24     8     0     2  -184.0   56.804 -156.536   1541.8    836.2
     1     1    19     9    24     7     0     1  -185.0   57.083 -157.161   2053.2    758.9
     1     1    19     9    24     6     0     0  -186.0   57.282 -157.691   2454.1    700.8
     1     1    19     9    24     5     0     1  -187.0   57.427 -158.146   2600.7    704.5
     1     1    19     9    24     4     0     2  -188.0   57.546 -158.567   2616.0    716.5
     1     1    19     9    24     3     0     3  -189.0   57.645 -158.967   2553.0    726.7
     1     1    19     9    24     2     0     2  -190.0   57.740 -159.335   2452.0    739.9
     1     1    19     9    24     1     0     1  -191.0   57.851 -159.670   2352.9    749.0
     1     1    19     9    24     0     0     0  -192.0   57.978 -159.994   2225.6    757.9
     1     1    19     9    23    23     0     1  -193.0   58.128 -160.299   2113.1    774.7
     1     1    19     9    23    22     0     2  -194.0   58.278 -160.539   2084.0    773.8
     1     1    19     9    23    21     0     3  -195.0   58.412 -160.694   2105.5    767.3
     1     1    19     9    23    20     0     2  -196.0   58.535 -160.797   2109.4    759.2
     1     1    19     9    23    19     0     1  -197.0   58.661 -160.883   2042.3    763.5
     1     1    19     9    23    18     0     0  -198.0   58.787 -160.960   1906.8    774.0
     1     1    19     9    23    17     0     1  -199.0   58.908 -160.996   1712.8    791.9
     1     1    19     9    23    16     0     2  -200.0   59.007 -160.930   1464.8    815.3
     1     1    19     9    23    15     0     3  -201.0   59.084 -160.745   1234.5    843.1
     1     1    19     9    23    14     0     2  -202.0   59.156 -160.465   1105.2    859.3
     1     1    19     9    23    13     0     1  -203.0   59.218 -160.109   1014.8    858.3
     1     1    19     9    23    12     0     0  -204.0   59.276 -159.585    885.6    871.4
     1     1    19     9    23    11     0     1  -205.0   59.348 -158.914    799.7    892.8
     1     1    19     9    23    10     0     2  -206.0   59.398 -158.218    725.0    895.7
     1     1    19     9    23     9     0     3  -207.0   59.401 -157.446    637.6    913.5
     1     1    19     9    23     8     0     2  -208.0   59.368 -156.576    654.0    906.9
     1     1    19     9    23     7     0     1  -209.0   59.285 -155.629    948.8    855.1
     1     1    19     9    23     6     0     0  -210.0   59.130 -154.533   1660.6    752.8
     1     1    19     9    23     5     0     1  -211.0   58.993 -153.536   1766.9    783.7
     1     1    19     9    23     4     0     2  -212.0   58.850 -152.684   1614.8    816.6
     1     1    19     9    23     3     0     3  -213.0   58.688 -151.914   1614.7    816.9
     1     1    19     9    23     2     0     2  -214.0   58.523 -151.284   1658.9    812.8
     1     1    19     9    23     1     0     1  -215.0   58.355 -150.814   1715.0    808.8
     1     1    19     9    23     0     0     0  -216.0   58.170 -150.505   1763.8    802.6
     1     1    19     9    22    23     0     1  -217.0   57.966 -150.316   1800.3    801.9
     1     1    19     9    22    22     0     2  -218.0   57.744 -150.201   1822.8    798.6
     1     1    19     9    22    21     0     3  -219.0   57.506 -150.161   1815.4    800.4
     1     1    19     9    22    20     0     2  -220.0   57.262 -150.173   1794.6    804.1
     1     1    19     9    22    19     0     1  -221.0   57.024 -150.198   1779.7    806.7
     1     1    19     9    22    18     0     0  -222.0   56.795 -150.232   1776.7    807.3
     1     1    19     9    22    17     0     1  -223.0   56.587 -150.316   1775.7    807.0
     1     1    19     9    22    16     0     2  -224.0   56.406 -150.472   1772.1    808.4
     1     1    19     9    22    15     0     3  -225.0   56.254 -150.682   1769.0    809.3
     1     1    19     9    22    14     0     2  -226.0   56.125 -150.927   1773.1    810.3
     1     1    19     9    22    13     0     1  -227.0   56.010 -151.198   1811.5    808.3
     1     1    19     9    22    12     0     0  -228.0   55.899 -151.511   1906.5    799.7
     1     1    19     9    22    11     0     1  -229.0   55.785 -151.871   2005.4    784.5
     1     1    19     9    22    10     0     2  -230.0   55.670 -152.246   2070.0    779.3
     1     1    19     9    22     9     0     3  -231.0   55.546 -152.610   2119.7    775.7
     1     1    19     9    22     8     0     2  -232.0   55.423 -152.980   2142.6    771.5
     1     1    19     9    22     7     0     1  -233.0   55.313 -153.375   2143.2    774.4
     1     1    19     9    22     6     0     0  -234.0   55.221 -153.777   2138.7    773.9
     1     1    19     9    22     5     0     1  -235.0   55.147 -154.183   2127.6    776.0
     1     1    19     9    22     4     0     2  -236.0   55.092 -154.608   2134.8    776.8
     1     1    19     9    22     3     0     3  -237.0   55.055 -155.062   2172.8    773.1
     1     1    19     9    22     2     0     2  -238.0   55.037 -155.552   2200.8    766.9
     1     1    19     9    22     1     0     1  -239.0   55.033 -156.075   2172.5    769.0
     1     1    19     9    22     0     0     0  -240.0   55.037 -156.620   2106.2    777.7
