     7     1
    GDAS    18    12     1     0     0
    GDAS    19     1     1     0     0
    GDAS    19     2     1     0     0
    GDAS    19     3     1     0     0
    GDAS    19     4     1     0     0
    GDAS    19     5     1     0     0
    GDAS    19     6     1     0     0
     1 BACKWARD OMEGA   
    19     6    16    12   21.319 -157.670    10.0
     1 PRESSURE
     1     1    19     6    16    12     0     0     0.0   21.319 -157.670     10.0   1013.1
     1     1    19     6    16    11     0     1    -1.0   21.378 -157.434     29.0   1010.5
     1     1    19     6    16    10     0     2    -2.0   21.438 -157.170    104.5   1002.8
     1     1    19     6    16     9     0     3    -3.0   21.494 -156.866    228.0    987.3
     1     1    19     6    16     8     0     2    -4.0   21.539 -156.531    338.0    973.0
     1     1    19     6    16     7     0     1    -5.0   21.574 -156.180    395.5    968.0
     1     1    19     6    16     6     0     0    -6.0   21.604 -155.829    412.2    968.4
     1     1    19     6    16     5     0     1    -7.0   21.631 -155.484    418.0    969.0
     1     1    19     6    16     4     0     2    -8.0   21.651 -155.144    425.0    967.9
     1     1    19     6    16     3     0     3    -9.0   21.667 -154.811    433.0    967.0
     1     1    19     6    16     2     0     2   -10.0   21.685 -154.488    446.6    965.9
     1     1    19     6    16     1     0     1   -11.0   21.703 -154.177    461.8    963.3
     1     1    19     6    16     0     0     0   -12.0   21.714 -153.870    466.9    962.2
     1     1    19     6    15    23     0     1   -13.0   21.728 -153.569    465.4    963.9
     1     1    19     6    15    22     0     2   -14.0   21.750 -153.273    464.5    964.7
     1     1    19     6    15    21     0     3   -15.0   21.773 -152.976    463.2    965.5
     1     1    19     6    15    20     0     2   -16.0   21.798 -152.684    465.9    965.6
     1     1    19     6    15    19     0     1   -17.0   21.830 -152.401    473.2    964.1
     1     1    19     6    15    18     0     0   -18.0   21.862 -152.123    477.9    963.1
     1     1    19     6    15    17     0     1   -19.0   21.894 -151.853    476.3    963.1
     1     1    19     6    15    16     0     2   -20.0   21.930 -151.592    467.3    963.9
     1     1    19     6    15    15     0     3   -21.0   21.973 -151.334    449.4    965.8
     1     1    19     6    15    14     0     2   -22.0   22.017 -151.076    427.4    968.9
     1     1    19     6    15    13     0     1   -23.0   22.053 -150.825    413.5    970.8
     1     1    19     6    15    12     0     0   -24.0   22.085 -150.583    411.4    970.6
     1     1    19     6    15    11     0     1   -25.0   22.120 -150.343    415.0    970.4
     1     1    19     6    15    10     0     2   -26.0   22.158 -150.098    419.0    970.4
     1     1    19     6    15     9     0     3   -27.0   22.190 -149.850    423.6    970.5
     1     1    19     6    15     8     0     2   -28.0   22.222 -149.597    430.2    969.6
     1     1    19     6    15     7     0     1   -29.0   22.261 -149.340    433.1    968.4
     1     1    19     6    15     6     0     0   -30.0   22.309 -149.077    423.5    969.0
     1     1    19     6    15     5     0     1   -31.0   22.365 -148.818    409.2    971.2
     1     1    19     6    15     4     0     2   -32.0   22.422 -148.576    400.8    971.6
     1     1    19     6    15     3     0     3   -33.0   22.480 -148.349    396.0    971.6
     1     1    19     6    15     2     0     2   -34.0   22.533 -148.129    395.0    971.8
     1     1    19     6    15     1     0     1   -35.0   22.578 -147.910    399.0    971.3
     1     1    19     6    15     0     0     0   -36.0   22.613 -147.691    408.5    970.4
     1     1    19     6    14    23     0     1   -37.0   22.644 -147.470    424.3    969.4
     1     1    19     6    14    22     0     2   -38.0   22.677 -147.244    449.0    967.4
     1     1    19     6    14    21     0     3   -39.0   22.711 -147.017    488.1    963.7
     1     1    19     6    14    20     0     2   -40.0   22.746 -146.793    529.3    957.2
     1     1    19     6    14    19     0     1   -41.0   22.782 -146.571    557.4    954.2
     1     1    19     6    14    18     0     0   -42.0   22.820 -146.352    575.5    952.3
     1     1    19     6    14    17     0     1   -43.0   22.858 -146.138    585.8    950.9
     1     1    19     6    14    16     0     2   -44.0   22.892 -145.929    593.0    950.2
     1     1    19     6    14    15     0     3   -45.0   22.921 -145.724    606.5    949.0
     1     1    19     6    14    14     0     2   -46.0   22.947 -145.522    623.2    946.2
     1     1    19     6    14    13     0     1   -47.0   22.968 -145.325    634.1    944.7
     1     1    19     6    14    12     0     0   -48.0   22.982 -145.132    636.9    944.0
     1     1    19     6    14    11     0     1   -49.0   22.997 -144.931    628.7    945.3
     1     1    19     6    14    10     0     2   -50.0   23.018 -144.712    611.1    948.2
     1     1    19     6    14     9     0     3   -51.0   23.051 -144.479    595.5    951.2
     1     1    19     6    14     8     0     2   -52.0   23.095 -144.244    589.6    951.6
     1     1    19     6    14     7     0     1   -53.0   23.152 -144.015    585.7    951.0
     1     1    19     6    14     6     0     0   -54.0   23.220 -143.792    567.6    951.8
     1     1    19     6    14     5     0     1   -55.0   23.293 -143.580    547.1    956.2
     1     1    19     6    14     4     0     2   -56.0   23.367 -143.382    543.7    956.4
     1     1    19     6    14     3     0     3   -57.0   23.440 -143.195    555.3    954.7
     1     1    19     6    14     2     0     2   -58.0   23.507 -143.015    571.2    951.9
     1     1    19     6    14     1     0     1   -59.0   23.567 -142.841    583.4    950.4
     1     1    19     6    14     0     0     0   -60.0   23.618 -142.675    592.9    949.3
     1     1    19     6    13    23     0     1   -61.0   23.661 -142.508    605.7    949.3
     1     1    19     6    13    22     0     2   -62.0   23.694 -142.335    628.7    947.9
     1     1    19     6    13    21     0     3   -63.0   23.713 -142.153    663.8    944.7
     1     1    19     6    13    20     0     2   -64.0   23.726 -141.965    701.7    939.0
     1     1    19     6    13    19     0     1   -65.0   23.741 -141.770    733.4    935.4
     1     1    19     6    13    18     0     0   -66.0   23.760 -141.571    759.8    932.5
     1     1    19     6    13    17     0     1   -67.0   23.783 -141.370    778.4    929.9
     1     1    19     6    13    16     0     2   -68.0   23.805 -141.172    785.9    928.8
     1     1    19     6    13    15     0     3   -69.0   23.828 -140.978    780.9    929.0
     1     1    19     6    13    14     0     2   -70.0   23.857 -140.792    768.0    930.6
     1     1    19     6    13    13     0     1   -71.0   23.897 -140.617    752.3    931.9
     1     1    19     6    13    12     0     0   -72.0   23.947 -140.454    733.0    933.6
     1     1    19     6    13    11     0     1   -73.0   24.002 -140.294    715.0    936.8
     1     1    19     6    13    10     0     2   -74.0   24.060 -140.128    704.0    938.7
     1     1    19     6    13     9     0     3   -75.0   24.122 -139.952    700.2    939.8
     1     1    19     6    13     8     0     2   -76.0   24.189 -139.772    697.1    939.3
     1     1    19     6    13     7     0     1   -77.0   24.260 -139.595    689.2    940.4
     1     1    19     6    13     6     0     0   -78.0   24.336 -139.424    679.5    941.8
     1     1    19     6    13     5     0     1   -79.0   24.423 -139.269    678.1    942.8
     1     1    19     6    13     4     0     2   -80.0   24.521 -139.137    694.7    940.9
     1     1    19     6    13     3     0     3   -81.0   24.630 -139.029    730.3    936.7
     1     1    19     6    13     2     0     2   -82.0   24.732 -138.937    762.0    930.6
     1     1    19     6    13     1     0     1   -83.0   24.812 -138.853    767.0    930.3
     1     1    19     6    13     0     0     0   -84.0   24.871 -138.777    747.7    932.6
     1     1    19     6    12    23     0     1   -85.0   24.917 -138.703    723.8    937.7
     1     1    19     6    12    22     0     2   -86.0   24.955 -138.623    716.5    938.8
     1     1    19     6    12    21     0     3   -87.0   24.985 -138.539    723.5    938.1
     1     1    19     6    12    20     0     2   -88.0   25.004 -138.446    740.2    936.0
     1     1    19     6    12    19     0     1   -89.0   25.015 -138.341    762.8    933.5
     1     1    19     6    12    18     0     0   -90.0   25.018 -138.224    790.3    930.6
     1     1    19     6    12    17     0     1   -91.0   25.023 -138.098    821.5    926.7
     1     1    19     6    12    16     0     2   -92.0   25.039 -137.969    853.2    922.9
     1     1    19     6    12    15     0     3   -93.0   25.067 -137.837    880.0    919.2
     1     1    19     6    12    14     0     2   -94.0   25.103 -137.703    896.8    916.8
     1     1    19     6    12    13     0     1   -95.0   25.148 -137.571    902.8    915.9
     1     1    19     6    12    12     0     0   -96.0   25.204 -137.444    898.2    916.2
     1     1    19     6    12    11     0     1   -97.0   25.270 -137.324    889.2    918.2
     1     1    19     6    12    10     0     2   -98.0   25.345 -137.212    883.3    919.3
     1     1    19     6    12     9     0     3   -99.0   25.429 -137.106    882.4    919.7
     1     1    19     6    12     8     0     2  -100.0   25.517 -137.007    884.0    919.1
     1     1    19     6    12     7     0     1  -101.0   25.607 -136.912    887.3    918.9
     1     1    19     6    12     6     0     0  -102.0   25.698 -136.822    895.2    918.1
     1     1    19     6    12     5     0     1  -103.0   25.794 -136.744    910.8    916.3
     1     1    19     6    12     4     0     2  -104.0   25.897 -136.687    937.2    913.2
     1     1    19     6    12     3     0     3  -105.0   26.009 -136.645    975.4    908.7
     1     1    19     6    12     2     0     2  -106.0   26.115 -136.609   1011.2    903.3
     1     1    19     6    12     1     0     1  -107.0   26.205 -136.571   1029.6    901.4
     1     1    19     6    12     0     0     0  -108.0   26.283 -136.536   1030.9    901.4
     1     1    19     6    11    23     0     1  -109.0   26.351 -136.501   1023.2    903.3
     1     1    19     6    11    22     0     2  -110.0   26.413 -136.465   1015.3    904.4
     1     1    19     6    11    21     0     3  -111.0   26.469 -136.428   1008.8    905.5
     1     1    19     6    11    20     0     2  -112.0   26.522 -136.387   1004.8    905.9
     1     1    19     6    11    19     0     1  -113.0   26.576 -136.336   1003.5    906.1
     1     1    19     6    11    18     0     0  -114.0   26.629 -136.276   1005.1    905.9
     1     1    19     6    11    17     0     1  -115.0   26.687 -136.208   1008.5    905.1
     1     1    19     6    11    16     0     2  -116.0   26.751 -136.138   1012.9    904.3
     1     1    19     6    11    15     0     3  -117.0   26.822 -136.064   1017.9    903.4
     1     1    19     6    11    14     0     2  -118.0   26.901 -135.988   1022.2    902.7
     1     1    19     6    11    13     0     1  -119.0   26.991 -135.912   1025.2    902.4
     1     1    19     6    11    12     0     0  -120.0   27.091 -135.836   1029.9    902.0
     1     1    19     6    11    11     0     1  -121.0   27.200 -135.758   1039.8    901.3
     1     1    19     6    11    10     0     2  -122.0   27.317 -135.676   1055.0    899.7
     1     1    19     6    11     9     0     3  -123.0   27.442 -135.591   1072.9    897.9
     1     1    19     6    11     8     0     2  -124.0   27.576 -135.504   1091.7    896.0
     1     1    19     6    11     7     0     1  -125.0   27.719 -135.417   1109.9    894.1
     1     1    19     6    11     6     0     0  -126.0   27.869 -135.330   1125.8    892.5
     1     1    19     6    11     5     0     1  -127.0   28.022 -135.248   1136.3    891.1
     1     1    19     6    11     4     0     2  -128.0   28.173 -135.177   1141.2    890.6
     1     1    19     6    11     3     0     3  -129.0   28.323 -135.114   1142.6    890.5
     1     1    19     6    11     2     0     2  -130.0   28.468 -135.055   1144.0    890.8
     1     1    19     6    11     1     0     1  -131.0   28.608 -134.992   1147.8    890.5
     1     1    19     6    11     0     0     0  -132.0   28.743 -134.925   1153.8    890.1
     1     1    19     6    10    23     0     1  -133.0   28.876 -134.847   1159.8    889.4
     1     1    19     6    10    22     0     2  -134.0   29.012 -134.753   1163.4    889.1
     1     1    19     6    10    21     0     3  -135.0   29.149 -134.643   1164.6    889.1
     1     1    19     6    10    20     0     2  -136.0   29.290 -134.518   1164.6    889.4
     1     1    19     6    10    19     0     1  -137.0   29.436 -134.379   1164.6    889.6
     1     1    19     6    10    18     0     0  -138.0   29.587 -134.228   1164.6    889.7
     1     1    19     6    10    17     0     1  -139.0   29.748 -134.060   1164.6    889.6
     1     1    19     6    10    16     0     2  -140.0   29.923 -133.873   1164.6    889.4
     1     1    19     6    10    15     0     3  -141.0   30.110 -133.666   1164.7    889.3
     1     1    19     6    10    14     0     2  -142.0   30.310 -133.447   1164.7    889.3
     1     1    19     6    10    13     0     1  -143.0   30.522 -133.221   1164.7    889.4
     1     1    19     6    10    12     0     0  -144.0   30.748 -132.985   1164.6    889.4
     1     1    19     6    10    11     0     1  -145.0   30.989 -132.743   1162.7    889.7
     1     1    19     6    10    10     0     2  -146.0   31.247 -132.499   1158.5    890.4
     1     1    19     6    10     9     0     3  -147.0   31.524 -132.253   1156.2    891.1
     1     1    19     6    10     8     0     2  -148.0   31.819 -132.008   1156.7    891.0
     1     1    19     6    10     7     0     1  -149.0   32.124 -131.769   1159.0    891.0
     1     1    19     6    10     6     0     0  -150.0   32.437 -131.539   1166.0    890.7
     1     1    19     6    10     5     0     1  -151.0   32.752 -131.319   1177.1    889.2
     1     1    19     6    10     4     0     2  -152.0   33.066 -131.106   1186.5    887.9
     1     1    19     6    10     3     0     3  -153.0   33.379 -130.900   1190.5    887.3
     1     1    19     6    10     2     0     2  -154.0   33.692 -130.695   1190.9    887.7
     1     1    19     6    10     1     0     1  -155.0   34.005 -130.487   1191.1    887.8
     1     1    19     6    10     0     0     0  -156.0   34.318 -130.280   1194.3    887.9
     1     1    19     6     9    23     0     1  -157.0   34.635 -130.068   1204.3    887.1
     1     1    19     6     9    22     0     2  -158.0   34.958 -129.846   1217.8    885.5
     1     1    19     6     9    21     0     3  -159.0   35.290 -129.619   1228.4    884.3
     1     1    19     6     9    20     0     2  -160.0   35.633 -129.391   1238.0    883.8
     1     1    19     6     9    19     0     1  -161.0   35.996 -129.164   1250.8    882.4
     1     1    19     6     9    18     0     0  -162.0   36.379 -128.941   1266.8    880.8
     1     1    19     6     9    17     0     1  -163.0   36.778 -128.722   1284.6    878.6
     1     1    19     6     9    16     0     2  -164.0   37.190 -128.509   1302.1    876.5
     1     1    19     6     9    15     0     3  -165.0   37.618 -128.302   1319.8    874.6
     1     1    19     6     9    14     0     2  -166.0   38.066 -128.106   1339.4    872.5
     1     1    19     6     9    13     0     1  -167.0   38.530 -127.924   1365.4    870.2
     1     1    19     6     9    12     0     0  -168.0   39.003 -127.759   1407.3    866.5
     1     1    19     6     9    11     0     1  -169.0   39.463 -127.619   1459.4    860.4
     1     1    19     6     9    10     0     2  -170.0   39.894 -127.500   1510.4    855.5
     1     1    19     6     9     9     0     3  -171.0   40.296 -127.396   1557.1    850.5
     1     1    19     6     9     8     0     2  -172.0   40.674 -127.302   1603.8    846.8
     1     1    19     6     9     7     0     1  -173.0   41.031 -127.208   1660.4    841.5
     1     1    19     6     9     6     0     0  -174.0   41.364 -127.112   1739.7    834.9
     1     1    19     6     9     5     0     1  -175.0   41.668 -127.010   1843.8    823.8
     1     1    19     6     9     4     0     2  -176.0   41.939 -126.905   1954.8    811.7
     1     1    19     6     9     3     0     3  -177.0   42.180 -126.809   2062.5    800.8
     1     1    19     6     9     2     0     2  -178.0   42.396 -126.723   2165.3    790.9
     1     1    19     6     9     1     0     1  -179.0   42.595 -126.648   2263.0    781.6
     1     1    19     6     9     0     0     0  -180.0   42.784 -126.580   2353.8    772.6
     1     1    19     6     8    23     0     1  -181.0   42.970 -126.524   2445.6    764.6
     1     1    19     6     8    22     0     2  -182.0   43.159 -126.483   2546.6    754.9
     1     1    19     6     8    21     0     3  -183.0   43.352 -126.460   2657.0    744.6
     1     1    19     6     8    20     0     2  -184.0   43.557 -126.462   2768.7    733.2
     1     1    19     6     8    19     0     1  -185.0   43.779 -126.495   2869.6    723.4
     1     1    19     6     8    18     0     0  -186.0   44.021 -126.560   2953.1    715.3
     1     1    19     6     8    17     0     1  -187.0   44.272 -126.660   3028.7    709.3
     1     1    19     6     8    16     0     2  -188.0   44.527 -126.804   3111.3    701.7
     1     1    19     6     8    15     0     3  -189.0   44.792 -126.993   3199.5    693.5
     1     1    19     6     8    14     0     2  -190.0   45.058 -127.220   3285.7    685.2
     1     1    19     6     8    13     0     1  -191.0   45.310 -127.465   3367.2    678.0
     1     1    19     6     8    12     0     0  -192.0   45.552 -127.726   3444.1    671.0
     1     1    19     6     8    11     0     1  -193.0   45.791 -128.001   3516.9    664.8
     1     1    19     6     8    10     0     2  -194.0   46.019 -128.282   3585.9    658.6
     1     1    19     6     8     9     0     3  -195.0   46.235 -128.557   3650.5    653.2
     1     1    19     6     8     8     0     2  -196.0   46.449 -128.826   3713.1    647.8
     1     1    19     6     8     7     0     1  -197.0   46.672 -129.089   3773.7    642.3
     1     1    19     6     8     6     0     0  -198.0   46.903 -129.344   3833.4    637.2
     1     1    19     6     8     5     0     1  -199.0   47.147 -129.594   3897.1    631.9
     1     1    19     6     8     4     0     2  -200.0   47.413 -129.842   3969.5    625.9
     1     1    19     6     8     3     0     3  -201.0   47.703 -130.087   4055.6    618.9
     1     1    19     6     8     2     0     2  -202.0   48.009 -130.331   4146.9    610.2
     1     1    19     6     8     1     0     1  -203.0   48.321 -130.568   4233.0    603.2
     1     1    19     6     8     0     0     0  -204.0   48.643 -130.793   4316.6    596.2
     1     1    19     6     7    23     0     1  -205.0   48.979 -131.012   4398.8    589.3
     1     1    19     6     7    22     0     2  -206.0   49.322 -131.224   4480.4    582.4
     1     1    19     6     7    21     0     3  -207.0   49.672 -131.421   4557.4    575.7
     1     1    19     6     7    20     0     2  -208.0   50.033 -131.598   4618.1    570.0
     1     1    19     6     7    19     0     1  -209.0   50.396 -131.752   4658.8    566.8
     1     1    19     6     7    18     0     0  -210.0   50.763 -131.881   4687.2    564.5
     1     1    19     6     7    17     0     1  -211.0   51.131 -131.993   4714.6    562.6
     1     1    19     6     7    16     0     2  -212.0   51.487 -132.101   4745.3    559.7
     1     1    19     6     7    15     0     3  -213.0   51.827 -132.192   4776.1    557.0
     1     1    19     6     7    14     0     2  -214.0   52.151 -132.258   4797.3    552.3
     1     1    19     6     7    13     0     1  -215.0   52.455 -132.292   4808.3    546.5
     1     1    19     6     7    12     0     0  -216.0   52.740 -132.281   4816.8    540.8
     1     1    19     6     7    11     0     1  -217.0   53.003 -132.211   4818.1    534.7
     1     1    19     6     7    10     0     2  -218.0   53.240 -132.092   4832.6    534.7
     1     1    19     6     7     9     0     3  -219.0   53.455 -131.933   4860.3    536.6
     1     1    19     6     7     8     0     2  -220.0   53.659 -131.724   4900.3    538.5
     1     1    19     6     7     7     0     1  -221.0   53.863 -131.450   4932.7    540.2
     1     1    19     6     7     6     0     0  -222.0   54.069 -131.093   4941.8    540.7
     1     1    19     6     7     5     0     1  -223.0   54.278 -130.688   4898.8    535.2
     1     1    19     6     7     4     0     2  -224.0   54.485 -130.275   4843.9    529.8
     1     1    19     6     7     3     0     3  -225.0   54.685 -129.834   4785.4    524.1
     1     1    19     6     7     2     0     2  -226.0   54.878 -129.378   4712.5    512.8
     1     1    19     6     7     1     0     1  -227.0   55.062 -128.926   4638.3    501.8
     1     1    19     6     7     0     0     0  -228.0   55.234 -128.480   4539.1    501.2
     1     1    19     6     6    23     0     1  -229.0   55.390 -128.039   4333.9    508.3
     1     1    19     6     6    22     0     2  -230.0   55.515 -127.599   4081.7    522.4
     1     1    19     6     6    21     0     3  -231.0   55.591 -127.158   3873.7    528.5
     1     1    19     6     6    20     0     2  -232.0   55.636 -126.704   3698.2    534.8
     1     1    19     6     6    19     0     1  -233.0   55.649 -126.215   3517.3    550.8
     1     1    19     6     6    18     0     0  -234.0   55.622 -125.666   3361.6    566.1
     1     1    19     6     6    17     0     1  -235.0   55.579 -125.074   3250.5    578.9
     1     1    19     6     6    16     0     2  -236.0   55.537 -124.475   3136.7    595.1
     1     1    19     6     6    15     0     3  -237.0   55.489 -123.846   2967.5    618.3
     1     1    19     6     6    14     0     2  -238.0   55.433 -123.196   2814.5    633.4
     1     1    19     6     6    13     0     1  -239.0   55.392 -122.549   2612.1    638.1
     1     1    19     6     6    12     0     0  -240.0   55.385 -121.863   2360.8    661.8
