     7     1
    GDAS    18    12     1     0     0
    GDAS    19     1     1     0     0
    GDAS    19     2     1     0     0
    GDAS    19     3     1     0     0
    GDAS    19     4     1     0     0
    GDAS    19     5     1     0     0
    GDAS    19     6     1     0     0
     1 BACKWARD OMEGA   
    19     3    12    18   21.319 -157.670    10.0
     1 PRESSURE
     1     1    19     3    12    18     0     0     0.0   21.319 -157.670     10.0   1015.0
     1     1    19     3    12    17     0     1    -1.0   21.415 -157.500     13.6   1014.0
     1     1    19     3    12    16     0     2    -2.0   21.499 -157.314     20.8   1012.7
     1     1    19     3    12    15     0     3    -3.0   21.574 -157.113     34.0   1011.1
     1     1    19     3    12    14     0     2    -4.0   21.637 -156.900     53.4   1010.0
     1     1    19     3    12    13     0     1    -5.0   21.683 -156.673     75.5   1008.0
     1     1    19     3    12    12     0     0    -6.0   21.711 -156.431     97.8   1006.0
     1     1    19     3    12    11     0     1    -7.0   21.725 -156.169    119.3   1004.7
     1     1    19     3    12    10     0     2    -8.0   21.726 -155.887    139.0   1003.4
     1     1    19     3    12     9     0     3    -9.0   21.724 -155.594    155.1   1001.6
     1     1    19     3    12     8     0     2   -10.0   21.726 -155.293    165.4   1000.1
     1     1    19     3    12     7     0     1   -11.0   21.735 -154.987    168.8    999.6
     1     1    19     3    12     6     0     0   -12.0   21.750 -154.675    168.8    999.9
     1     1    19     3    12     5     0     1   -13.0   21.769 -154.350    168.9    999.7
     1     1    19     3    12     4     0     2   -14.0   21.794 -154.012    168.9    999.5
     1     1    19     3    12     3     0     3   -15.0   21.824 -153.665    168.9    999.4
     1     1    19     3    12     2     0     2   -16.0   21.857 -153.314    168.6    999.8
     1     1    19     3    12     1     0     1   -17.0   21.897 -152.963    167.4   1000.3
     1     1    19     3    12     0     0     0   -18.0   21.950 -152.608    165.8   1000.7
     1     1    19     3    11    23     0     1   -19.0   22.011 -152.244    164.4   1001.2
     1     1    19     3    11    22     0     2   -20.0   22.075 -151.867    163.1   1001.8
     1     1    19     3    11    21     0     3   -21.0   22.140 -151.477    161.8   1002.6
     1     1    19     3    11    20     0     2   -22.0   22.212 -151.074    161.2   1002.7
     1     1    19     3    11    19     0     1   -23.0   22.296 -150.663    161.1   1002.7
     1     1    19     3    11    18     0     0   -24.0   22.394 -150.247    161.1   1002.8
     1     1    19     3    11    17     0     1   -25.0   22.502 -149.831    161.1   1002.8
     1     1    19     3    11    16     0     2   -26.0   22.618 -149.419    161.4   1002.9
     1     1    19     3    11    15     0     3   -27.0   22.740 -149.016    162.3   1002.9
     1     1    19     3    11    14     0     2   -28.0   22.868 -148.620    163.3   1003.0
     1     1    19     3    11    13     0     1   -29.0   23.004 -148.221    163.8   1003.2
     1     1    19     3    11    12     0     0   -30.0   23.149 -147.815    163.9   1003.3
     1     1    19     3    11    11     0     1   -31.0   23.305 -147.406    163.9   1003.7
     1     1    19     3    11    10     0     2   -32.0   23.471 -146.999    163.9   1004.1
     1     1    19     3    11     9     0     3   -33.0   23.649 -146.593    163.9   1004.6
     1     1    19     3    11     8     0     2   -34.0   23.837 -146.189    163.9   1004.7
     1     1    19     3    11     7     0     1   -35.0   24.037 -145.787    164.0   1004.8
     1     1    19     3    11     6     0     0   -36.0   24.248 -145.389    164.5   1005.1
     1     1    19     3    11     5     0     1   -37.0   24.473 -144.997    165.1   1004.9
     1     1    19     3    11     4     0     2   -38.0   24.714 -144.615    165.4   1004.5
     1     1    19     3    11     3     0     3   -39.0   24.978 -144.243    165.4   1004.0
     1     1    19     3    11     2     0     2   -40.0   25.267 -143.880    165.4   1004.1
     1     1    19     3    11     1     0     1   -41.0   25.577 -143.530    165.4   1004.3
     1     1    19     3    11     0     0     0   -42.0   25.911 -143.191    165.4   1004.4
     1     1    19     3    10    23     0     1   -43.0   26.255 -142.869    165.4   1005.2
     1     1    19     3    10    22     0     2   -44.0   26.598 -142.571    165.4   1005.9
     1     1    19     3    10    21     0     3   -45.0   26.944 -142.298    165.4   1006.7
     1     1    19     3    10    20     0     2   -46.0   27.298 -142.042    165.4   1006.9
     1     1    19     3    10    19     0     1   -47.0   27.663 -141.803    165.5   1007.1
     1     1    19     3    10    18     0     0   -48.0   28.043 -141.587    166.1   1007.2
     1     1    19     3    10    17     0     1   -49.0   28.429 -141.395    168.0   1007.0
     1     1    19     3    10    16     0     2   -50.0   28.816 -141.229    170.9   1006.4
     1     1    19     3    10    15     0     3   -51.0   29.208 -141.087    172.9   1005.9
     1     1    19     3    10    14     0     2   -52.0   29.608 -140.964    173.8   1005.5
     1     1    19     3    10    13     0     1   -53.0   30.022 -140.858    174.5   1005.1
     1     1    19     3    10    12     0     0   -54.0   30.451 -140.774    175.0   1004.9
     1     1    19     3    10    11     0     1   -55.0   30.890 -140.711    175.3   1005.7
     1     1    19     3    10    10     0     2   -56.0   31.331 -140.669    176.2   1006.1
     1     1    19     3    10     9     0     3   -57.0   31.775 -140.650    177.1   1006.2
     1     1    19     3    10     8     0     2   -58.0   32.226 -140.657    179.6   1006.0
     1     1    19     3    10     7     0     1   -59.0   32.686 -140.694    186.0   1005.1
     1     1    19     3    10     6     0     0   -60.0   33.160 -140.760    195.5   1003.8
     1     1    19     3    10     5     0     1   -61.0   33.630 -140.860    203.2   1002.0
     1     1    19     3    10     4     0     2   -62.0   34.078 -140.999    205.3   1001.3
     1     1    19     3    10     3     0     3   -63.0   34.508 -141.176    205.6   1001.2
     1     1    19     3    10     2     0     2   -64.0   34.924 -141.378    208.5   1001.3
     1     1    19     3    10     1     0     1   -65.0   35.325 -141.598    213.9   1000.7
     1     1    19     3    10     0     0     0   -66.0   35.712 -141.838    218.7    999.8
     1     1    19     3     9    23     0     1   -67.0   36.085 -142.102    221.8    999.9
     1     1    19     3     9    22     0     2   -68.0   36.451 -142.383    224.7   1000.1
     1     1    19     3     9    21     0     3   -69.0   36.814 -142.681    229.2    999.9
     1     1    19     3     9    20     0     2   -70.0   37.167 -143.010    236.8    999.1
     1     1    19     3     9    19     0     1   -71.0   37.509 -143.365    246.3    997.6
     1     1    19     3     9    18     0     0   -72.0   37.844 -143.742    260.2    996.4
     1     1    19     3     9    17     0     1   -73.0   38.159 -144.141    279.2    993.3
     1     1    19     3     9    16     0     2   -74.0   38.447 -144.551    297.0    990.2
     1     1    19     3     9    15     0     3   -75.0   38.710 -144.970    314.9    988.1
     1     1    19     3     9    14     0     2   -76.0   38.955 -145.399    334.9    985.3
     1     1    19     3     9    13     0     1   -77.0   39.191 -145.838    353.6    983.0
     1     1    19     3     9    12     0     0   -78.0   39.420 -146.286    370.8    981.0
     1     1    19     3     9    11     0     1   -79.0   39.640 -146.742    388.1    979.4
     1     1    19     3     9    10     0     2   -80.0   39.850 -147.201    408.8    977.6
     1     1    19     3     9     9     0     3   -81.0   40.058 -147.666    430.8    974.9
     1     1    19     3     9     8     0     2   -82.0   40.269 -148.149    449.6    972.3
     1     1    19     3     9     7     0     1   -83.0   40.486 -148.662    466.1    970.3
     1     1    19     3     9     6     0     0   -84.0   40.709 -149.203    485.5    968.3
     1     1    19     3     9     5     0     1   -85.0   40.920 -149.780    503.0    964.8
     1     1    19     3     9     4     0     2   -86.0   41.096 -150.392    512.2    963.5
     1     1    19     3     9     3     0     3   -87.0   41.245 -151.033    517.5    962.9
     1     1    19     3     9     2     0     2   -88.0   41.366 -151.691    523.3    962.5
     1     1    19     3     9     1     0     1   -89.0   41.465 -152.360    532.1    961.5
     1     1    19     3     9     0     0     0   -90.0   41.549 -153.038    543.8    960.3
     1     1    19     3     8    23     0     1   -91.0   41.624 -153.723    560.8    958.9
     1     1    19     3     8    22     0     2   -92.0   41.694 -154.414    581.7    956.4
     1     1    19     3     8    21     0     3   -93.0   41.761 -155.113    603.6    954.3
     1     1    19     3     8    20     0     2   -94.0   41.822 -155.828    622.9    951.6
     1     1    19     3     8    19     0     1   -95.0   41.867 -156.567    633.7    950.1
     1     1    19     3     8    18     0     0   -96.0   41.899 -157.337    636.6    950.4
     1     1    19     3     8    17     0     1   -97.0   41.908 -158.133    647.1    948.7
     1     1    19     3     8    16     0     2   -98.0   41.877 -158.933    667.0    946.1
     1     1    19     3     8    15     0     3   -99.0   41.812 -159.722    691.2    942.8
     1     1    19     3     8    14     0     2  -100.0   41.728 -160.498    716.3    940.1
     1     1    19     3     8    13     0     1  -101.0   41.637 -161.268    746.3    936.8
     1     1    19     3     8    12     0     0  -102.0   41.543 -162.019    781.5    932.9
     1     1    19     3     8    11     0     1  -103.0   41.442 -162.744    812.9    929.2
     1     1    19     3     8    10     0     2  -104.0   41.331 -163.448    832.2    926.7
     1     1    19     3     8     9     0     3  -105.0   41.215 -164.134    842.1    926.3
     1     1    19     3     8     8     0     2  -106.0   41.096 -164.795    846.9    926.0
     1     1    19     3     8     7     0     1  -107.0   40.975 -165.431    849.9    926.0
     1     1    19     3     8     6     0     0  -108.0   40.864 -166.059    857.0    925.7
     1     1    19     3     8     5     0     1  -109.0   40.749 -166.677    864.2    923.6
     1     1    19     3     8     4     0     2  -110.0   40.616 -167.279    866.8    923.3
     1     1    19     3     8     3     0     3  -111.0   40.465 -167.877    868.2    922.9
     1     1    19     3     8     2     0     2  -112.0   40.303 -168.456    870.5    923.0
     1     1    19     3     8     1     0     1  -113.0   40.136 -168.999    872.9    922.7
     1     1    19     3     8     0     0     0  -114.0   39.963 -169.511    873.9    923.0
     1     1    19     3     7    23     0     1  -115.0   39.790 -169.994    879.0    923.2
     1     1    19     3     7    22     0     2  -116.0   39.631 -170.454    891.2    921.7
     1     1    19     3     7    21     0     3  -117.0   39.485 -170.892    910.0    919.9
     1     1    19     3     7    20     0     2  -118.0   39.355 -171.314    934.6    916.4
     1     1    19     3     7    19     0     1  -119.0   39.247 -171.724    962.1    912.8
     1     1    19     3     7    18     0     0  -120.0   39.157 -172.124    990.5    909.0
     1     1    19     3     7    17     0     1  -121.0   39.088 -172.516   1021.7    905.7
     1     1    19     3     7    16     0     2  -122.0   39.038 -172.899   1059.3    901.3
     1     1    19     3     7    15     0     3  -123.0   39.011 -173.273   1103.2    896.1
     1     1    19     3     7    14     0     2  -124.0   39.011 -173.654   1151.3    890.6
     1     1    19     3     7    13     0     1  -125.0   39.043 -174.058   1201.3    884.9
     1     1    19     3     7    12     0     0  -126.0   39.106 -174.485   1252.5    878.8
     1     1    19     3     7    11     0     1  -127.0   39.190 -174.956   1315.8    872.6
     1     1    19     3     7    10     0     2  -128.0   39.294 -175.488   1408.4    862.5
     1     1    19     3     7     9     0     3  -129.0   39.425 -176.075   1530.5    848.5
     1     1    19     3     7     8     0     2  -130.0   39.573 -176.728   1664.8    831.6
     1     1    19     3     7     7     0     1  -131.0   39.730 -177.453   1795.3    816.9
     1     1    19     3     7     6     0     0  -132.0   39.917 -178.238   1919.6    803.2
     1     1    19     3     7     5     0     1  -133.0   40.116 -179.086   2025.4    791.3
     1     1    19     3     7     4     0     2  -134.0   40.302 -179.998   2134.4    779.5
     1     1    19     3     7     3     0     3  -135.0   40.507  179.021   2261.6    765.6
     1     1    19     3     7     2     0     2  -136.0   40.720  177.973   2398.6    750.8
     1     1    19     3     7     1     0     1  -137.0   40.940  176.869   2538.7    736.3
     1     1    19     3     7     0     0     0  -138.0   41.203  175.711   2701.2    719.8
     1     1    19     3     6    23     0     1  -139.0   41.469  174.501   2845.6    704.4
     1     1    19     3     6    22     0     2  -140.0   41.737  173.256   2975.0    691.8
     1     1    19     3     6    21     0     3  -141.0   42.042  171.975   3120.7    677.2
     1     1    19     3     6    20     0     2  -142.0   42.372  170.650   3248.0    663.9
     1     1    19     3     6    19     0     1  -143.0   42.723  169.282   3351.7    653.9
     1     1    19     3     6    18     0     0  -144.0   43.093  167.880   3461.7    643.0
     1     1    19     3     6    17     0     1  -145.0   43.449  166.466   3566.2    633.4
     1     1    19     3     6    16     0     2  -146.0   43.794  165.037   3683.1    622.6
     1     1    19     3     6    15     0     3  -147.0   44.137  163.615   3802.8    612.2
     1     1    19     3     6    14     0     2  -148.0   44.462  162.209   3926.6    600.8
     1     1    19     3     6    13     0     1  -149.0   44.767  160.811   4012.7    593.5
     1     1    19     3     6    12     0     0  -150.0   45.056  159.423   4082.0    588.9
     1     1    19     3     6    11     0     1  -151.0   45.305  158.052   4190.5    578.8
     1     1    19     3     6    10     0     2  -152.0   45.539  156.676   4296.6    570.4
     1     1    19     3     6     9     0     3  -153.0   45.765  155.276   4425.7    559.8
     1     1    19     3     6     8     0     2  -154.0   45.955  153.888   4517.4    551.5
     1     1    19     3     6     7     0     1  -155.0   46.113  152.522   4519.9    551.4
     1     1    19     3     6     6     0     0  -156.0   46.236  151.176   4464.6    557.4
     1     1    19     3     6     5     0     1  -157.0   46.328  149.861   4427.5    549.2
     1     1    19     3     6     4     0     2  -158.0   46.405  148.570   4463.7    556.6
     1     1    19     3     6     3     0     3  -159.0   46.466  147.327   4405.0    562.9
     1     1    19     3     6     2     0     2  -160.0   46.509  146.140   4373.0    565.3
     1     1    19     3     6     1     0     1  -161.0   46.549  144.990   4356.5    567.1
     1     1    19     3     6     0     0     0  -162.0   46.599  143.877   4339.7    567.3
     1     1    19     3     5    23     0     1  -163.0   46.640  142.797   4274.3    562.8
     1     1    19     3     5    22     0     2  -164.0   46.669  141.753   4240.4    571.7
     1     1    19     3     5    21     0     3  -165.0   46.709  140.748   4177.5    583.6
     1     1    19     3     5    20     0     2  -166.0   46.751  139.780   4175.7    584.5
     1     1    19     3     5    19     0     1  -167.0   46.792  138.857   4148.9    578.1
     1     1    19     3     5    18     0     0  -168.0   46.841  137.976   3892.6    554.7
     1     1    19     3     5    17     0     1  -169.0   46.922  137.092   3740.5    541.5
     1     1    19     3     5    16     0     2  -170.0   47.048  136.206   3884.7    566.9
     1     1    19     3     5    15     0     3  -171.0   47.201  135.380   3950.6    583.6
     1     1    19     3     5    14     0     2  -172.0   47.346  134.618   3906.9    598.5
     1     1    19     3     5    13     0     1  -173.0   47.494  133.892   3869.4    605.6
     1     1    19     3     5    12     0     0  -174.0   47.650  133.189   3835.8    608.5
     1     1    19     3     5    11     0     1  -175.0   47.801  132.492   3815.7    610.8
     1     1    19     3     5    10     0     2  -176.0   47.929  131.806   3814.5    610.1
     1     1    19     3     5     9     0     3  -177.0   48.018  131.148   3792.7    602.0
     1     1    19     3     5     8     0     2  -178.0   48.065  130.524   3773.4    599.0
     1     1    19     3     5     7     0     1  -179.0   48.093  129.930   3779.3    589.9
     1     1    19     3     5     6     0     0  -180.0   48.102  129.389   3759.4    588.2
     1     1    19     3     5     5     0     1  -181.0   48.101  128.910   3704.2    595.6
     1     1    19     3     5     4     0     2  -182.0   48.096  128.469   3647.2    599.4
     1     1    19     3     5     3     0     3  -183.0   48.095  128.049   3545.9    605.7
     1     1    19     3     5     2     0     2  -184.0   48.096  127.641   3405.1    622.9
     1     1    19     3     5     1     0     1  -185.0   48.093  127.232   3247.2    640.7
     1     1    19     3     5     0     0     0  -186.0   48.076  126.806   3093.0    659.0
     1     1    19     3     4    23     0     1  -187.0   48.036  126.371   2971.2    672.2
     1     1    19     3     4    22     0     2  -188.0   47.969  125.915   2890.2    680.7
     1     1    19     3     4    21     0     3  -189.0   47.880  125.441   2812.0    686.4
     1     1    19     3     4    20     0     2  -190.0   47.771  124.968   2696.2    698.7
     1     1    19     3     4    19     0     1  -191.0   47.660  124.514   2583.1    716.4
     1     1    19     3     4    18     0     0  -192.0   47.553  124.071   2506.5    725.2
     1     1    19     3     4    17     0     1  -193.0   47.467  123.647   2452.5    727.8
     1     1    19     3     4    16     0     2  -194.0   47.410  123.248   2417.8    727.7
     1     1    19     3     4    15     0     3  -195.0   47.362  122.859   2385.3    724.5
     1     1    19     3     4    14     0     2  -196.0   47.327  122.475   2332.0    718.0
     1     1    19     3     4    13     0     1  -197.0   47.306  122.103   2251.0    715.5
     1     1    19     3     4    12     0     0  -198.0   47.288  121.743   2157.8    714.2
     1     1    19     3     4    11     0     1  -199.0   47.293  121.372   2083.3    709.0
     1     1    19     3     4    10     0     2  -200.0   47.329  120.975   2046.9    698.0
     1     1    19     3     4     9     0     3  -201.0   47.378  120.545   2047.9    688.9
     1     1    19     3     4     8     0     2  -202.0   47.436  120.070   2069.6    679.7
     1     1    19     3     4     7     0     1  -203.0   47.489  119.577   2091.6    684.4
     1     1    19     3     4     6     0     0  -204.0   47.533  119.104   2073.6    696.8
     1     1    19     3     4     5     0     1  -205.0   47.575  118.659   2041.3    710.9
     1     1    19     3     4     4     0     2  -206.0   47.625  118.242   2027.6    720.5
     1     1    19     3     4     3     0     3  -207.0   47.689  117.856   2030.2    725.1
     1     1    19     3     4     2     0     2  -208.0   47.764  117.492   2031.2    725.5
     1     1    19     3     4     1     0     1  -209.0   47.846  117.142   2023.2    727.8
     1     1    19     3     4     0     0     0  -210.0   47.936  116.802   2005.7    728.3
     1     1    19     3     3    23     0     1  -211.0   48.024  116.468   1983.5    727.0
     1     1    19     3     3    22     0     2  -212.0   48.103  116.134   1962.7    724.9
     1     1    19     3     3    21     0     3  -213.0   48.173  115.801   1946.1    723.6
     1     1    19     3     3    20     0     2  -214.0   48.236  115.474   1931.1    722.9
     1     1    19     3     3    19     0     1  -215.0   48.293  115.151   1916.4    722.8
     1     1    19     3     3    18     0     0  -216.0   48.347  114.836   1905.8    722.4
     1     1    19     3     3    17     0     1  -217.0   48.400  114.537   1899.3    721.6
     1     1    19     3     3    16     0     2  -218.0   48.453  114.263   1895.3    720.1
     1     1    19     3     3    15     0     3  -219.0   48.504  114.013   1891.2    718.5
     1     1    19     3     3    14     0     2  -220.0   48.556  113.783   1888.4    716.1
     1     1    19     3     3    13     0     1  -221.0   48.614  113.567   1891.8    712.8
     1     1    19     3     3    12     0     0  -222.0   48.678  113.362   1903.8    708.7
     1     1    19     3     3    11     0     1  -223.0   48.750  113.169   1921.3    703.3
     1     1    19     3     3    10     0     2  -224.0   48.830  112.987   1940.8    698.0
     1     1    19     3     3     9     0     3  -225.0   48.921  112.817   1959.8    692.8
     1     1    19     3     3     8     0     2  -226.0   49.022  112.656   1981.4    688.8
     1     1    19     3     3     7     0     1  -227.0   49.135  112.496   2012.8    683.9
     1     1    19     3     3     6     0     0  -228.0   49.262  112.334   2051.1    677.1
     1     1    19     3     3     5     0     1  -229.0   49.395  112.165   2090.6    668.9
     1     1    19     3     3     4     0     2  -230.0   49.529  111.986   2127.3    660.2
     1     1    19     3     3     3     0     3  -231.0   49.665  111.795   2174.4    652.2
     1     1    19     3     3     2     0     2  -232.0   49.806  111.599   2232.6    640.2
     1     1    19     3     3     1     0     1  -233.0   49.954  111.409   2287.1    627.8
     1     1    19     3     3     0     0     0  -234.0   50.104  111.228   2337.3    622.1
     1     1    19     3     2    23     0     1  -235.0   50.255  111.048   2380.2    620.4
     1     1    19     3     2    22     0     2  -236.0   50.412  110.860   2417.3    621.9
     1     1    19     3     2    21     0     3  -237.0   50.579  110.658   2439.2    625.1
     1     1    19     3     2    20     0     2  -238.0   50.751  110.445   2428.8    630.7
     1     1    19     3     2    19     0     1  -239.0   50.924  110.227   2373.4    640.0
     1     1    19     3     2    18     0     0  -240.0   51.101  110.001   2284.6    653.8
