     7     1
    GDAS    18    12     1     0     0
    GDAS    19     1     1     0     0
    GDAS    19     2     1     0     0
    GDAS    19     3     1     0     0
    GDAS    19     4     1     0     0
    GDAS    19     5     1     0     0
    GDAS    19     6     1     0     0
     1 BACKWARD OMEGA   
    19     6    21     0   21.319 -157.670    10.0
     1 PRESSURE
     1     1    19     6    21     0     0     0     0.0   21.319 -157.670     10.0   1009.2
     1     1    19     6    20    23     0     1    -1.0   21.404 -157.471     51.2   1005.7
     1     1    19     6    20    22     0     2    -2.0   21.477 -157.252    127.3    995.8
     1     1    19     6    20    21     0     3    -3.0   21.541 -157.023    210.8    985.2
     1     1    19     6    20    20     0     2    -4.0   21.593 -156.791    274.5    977.4
     1     1    19     6    20    19     0     1    -5.0   21.630 -156.557    308.5    975.4
     1     1    19     6    20    18     0     0    -6.0   21.660 -156.321    319.4    975.6
     1     1    19     6    20    17     0     1    -7.0   21.684 -156.077    312.7    977.4
     1     1    19     6    20    16     0     2    -8.0   21.700 -155.827    297.9    979.8
     1     1    19     6    20    15     0     3    -9.0   21.718 -155.578    284.1    981.5
     1     1    19     6    20    14     0     2   -10.0   21.747 -155.337    274.1    983.2
     1     1    19     6    20    13     0     1   -11.0   21.781 -155.109    262.7    984.3
     1     1    19     6    20    12     0     0   -12.0   21.810 -154.904    242.5    986.4
     1     1    19     6    20    11     0     1   -13.0   21.843 -154.705    226.0    990.5
     1     1    19     6    20    10     0     2   -14.0   21.891 -154.493    226.5    991.2
     1     1    19     6    20     9     0     3   -15.0   21.950 -154.270    246.2    990.0
     1     1    19     6    20     8     0     2   -16.0   22.021 -154.039    277.7    985.2
     1     1    19     6    20     7     0     1   -17.0   22.105 -153.795    307.4    980.9
     1     1    19     6    20     6     0     0   -18.0   22.203 -153.539    335.3    977.7
     1     1    19     6    20     5     0     1   -19.0   22.305 -153.284    358.2    974.2
     1     1    19     6    20     4     0     2   -20.0   22.404 -153.034    372.0    972.9
     1     1    19     6    20     3     0     3   -21.0   22.495 -152.790    380.2    971.9
     1     1    19     6    20     2     0     2   -22.0   22.578 -152.546    389.4    971.6
     1     1    19     6    20     1     0     1   -23.0   22.654 -152.293    404.7    969.8
     1     1    19     6    20     0     0     0   -24.0   22.727 -152.028    424.1    967.6
     1     1    19     6    19    23     0     1   -25.0   22.797 -151.750    444.5    965.8
     1     1    19     6    19    22     0     2   -26.0   22.863 -151.464    462.5    964.2
     1     1    19     6    19    21     0     3   -27.0   22.919 -151.181    475.9    963.2
     1     1    19     6    19    20     0     2   -28.0   22.972 -150.892    474.0    962.3
     1     1    19     6    19    19     0     1   -29.0   23.027 -150.590    465.1    965.4
     1     1    19     6    19    18     0     0   -30.0   23.082 -150.281    484.9    964.9
     1     1    19     6    19    17     0     1   -31.0   23.136 -149.970    521.3    957.0
     1     1    19     6    19    16     0     2   -32.0   23.192 -149.650    526.3    954.4
     1     1    19     6    19    15     0     3   -33.0   23.247 -149.321    509.4    958.6
     1     1    19     6    19    14     0     2   -34.0   23.298 -148.983    496.7    960.3
     1     1    19     6    19    13     0     1   -35.0   23.349 -148.636    476.3    961.0
     1     1    19     6    19    12     0     0   -36.0   23.403 -148.275    451.7    965.7
     1     1    19     6    19    11     0     1   -37.0   23.466 -147.901    440.0    968.1
     1     1    19     6    19    10     0     2   -38.0   23.540 -147.527    433.8    968.5
     1     1    19     6    19     9     0     3   -39.0   23.621 -147.150    428.3    970.3
     1     1    19     6    19     8     0     2   -40.0   23.706 -146.769    429.2    970.3
     1     1    19     6    19     7     0     1   -41.0   23.794 -146.387    434.5    969.1
     1     1    19     6    19     6     0     0   -42.0   23.887 -146.008    421.3    968.5
     1     1    19     6    19     5     0     1   -43.0   23.989 -145.635    400.5    973.6
     1     1    19     6    19     4     0     2   -44.0   24.097 -145.271    400.7    973.6
     1     1    19     6    19     3     0     3   -45.0   24.206 -144.916    421.2    970.9
     1     1    19     6    19     2     0     2   -46.0   24.321 -144.565    440.5    966.6
     1     1    19     6    19     1     0     1   -47.0   24.442 -144.213    443.7    967.2
     1     1    19     6    19     0     0     0   -48.0   24.562 -143.860    445.0    968.3
     1     1    19     6    18    23     0     1   -49.0   24.674 -143.514    457.5    967.8
     1     1    19     6    18    22     0     2   -50.0   24.776 -143.177    474.4    964.9
     1     1    19     6    18    21     0     3   -51.0   24.872 -142.850    468.7    964.2
     1     1    19     6    18    20     0     2   -52.0   24.971 -142.521    446.9    969.3
     1     1    19     6    18    19     0     1   -53.0   25.075 -142.183    436.4    971.4
     1     1    19     6    18    18     0     0   -54.0   25.183 -141.838    443.9    970.5
     1     1    19     6    18    17     0     1   -55.0   25.296 -141.496    457.3    967.2
     1     1    19     6    18    16     0     2   -56.0   25.415 -141.168    470.8    966.4
     1     1    19     6    18    15     0     3   -57.0   25.534 -140.853    494.3    964.0
     1     1    19     6    18    14     0     2   -58.0   25.655 -140.541    519.0    959.5
     1     1    19     6    18    13     0     1   -59.0   25.781 -140.226    532.6    957.7
     1     1    19     6    18    12     0     0   -60.0   25.913 -139.912    536.9    957.1
     1     1    19     6    18    11     0     1   -61.0   26.049 -139.603    543.7    958.0
     1     1    19     6    18    10     0     2   -62.0   26.189 -139.296    555.6    956.3
     1     1    19     6    18     9     0     3   -63.0   26.335 -138.990    563.3    955.7
     1     1    19     6    18     8     0     2   -64.0   26.489 -138.683    565.3    955.5
     1     1    19     6    18     7     0     1   -65.0   26.648 -138.377    563.7    956.1
     1     1    19     6    18     6     0     0   -66.0   26.806 -138.076    562.8    956.5
     1     1    19     6    18     5     0     1   -67.0   26.968 -137.781    573.3    956.2
     1     1    19     6    18     4     0     2   -68.0   27.145 -137.489    591.7    952.4
     1     1    19     6    18     3     0     3   -69.0   27.344 -137.191    592.9    950.7
     1     1    19     6    18     2     0     2   -70.0   27.553 -136.893    580.2    953.6
     1     1    19     6    18     1     0     1   -71.0   27.762 -136.607    573.8    955.2
     1     1    19     6    18     0     0     0   -72.0   27.969 -136.337    574.1    954.5
     1     1    19     6    17    23     0     1   -73.0   28.176 -136.069    572.2    954.7
     1     1    19     6    17    22     0     2   -74.0   28.383 -135.791    570.2    955.8
     1     1    19     6    17    21     0     3   -75.0   28.594 -135.507    578.7    955.6
     1     1    19     6    17    20     0     2   -76.0   28.807 -135.228    596.9    953.1
     1     1    19     6    17    19     0     1   -77.0   29.019 -134.966    613.2    950.8
     1     1    19     6    17    18     0     0   -78.0   29.230 -134.716    615.3    949.9
     1     1    19     6    17    17     0     1   -79.0   29.445 -134.466    603.6    951.6
     1     1    19     6    17    16     0     2   -80.0   29.669 -134.207    586.5    953.2
     1     1    19     6    17    15     0     3   -81.0   29.904 -133.938    568.9    955.1
     1     1    19     6    17    14     0     2   -82.0   30.148 -133.672    563.9    956.5
     1     1    19     6    17    13     0     1   -83.0   30.396 -133.420    575.2    954.4
     1     1    19     6    17    12     0     0   -84.0   30.648 -133.185    596.2    951.7
     1     1    19     6    17    11     0     1   -85.0   30.902 -132.954    619.3    949.0
     1     1    19     6    17    10     0     2   -86.0   31.154 -132.715    634.9    947.4
     1     1    19     6    17     9     0     3   -87.0   31.411 -132.471    641.4    947.1
     1     1    19     6    17     8     0     2   -88.0   31.680 -132.223    642.8    947.4
     1     1    19     6    17     7     0     1   -89.0   31.963 -131.965    640.8    947.5
     1     1    19     6    17     6     0     0   -90.0   32.262 -131.699    637.3    948.2
     1     1    19     6    17     5     0     1   -91.0   32.584 -131.430    636.9    948.1
     1     1    19     6    17     4     0     2   -92.0   32.934 -131.158    644.9    947.3
     1     1    19     6    17     3     0     3   -93.0   33.305 -130.883    657.2    944.6
     1     1    19     6    17     2     0     2   -94.0   33.686 -130.629    657.0    943.5
     1     1    19     6    17     1     0     1   -95.0   34.069 -130.399    638.7    945.8
     1     1    19     6    17     0     0     0   -96.0   34.461 -130.189    617.1    949.5
     1     1    19     6    16    23     0     1   -97.0   34.866 -129.990    610.6    951.0
     1     1    19     6    16    22     0     2   -98.0   35.286 -129.795    620.2    949.5
     1     1    19     6    16    21     0     3   -99.0   35.715 -129.593    631.4    947.7
     1     1    19     6    16    20     0     2  -100.0   36.156 -129.395    633.8    946.9
     1     1    19     6    16    19     0     1  -101.0   36.616 -129.216    629.7    947.8
     1     1    19     6    16    18     0     0  -102.0   37.106 -129.049    629.6    948.3
     1     1    19     6    16    17     0     1  -103.0   37.622 -128.896    645.2    946.9
     1     1    19     6    16    16     0     2  -104.0   38.150 -128.768    669.2    942.4
     1     1    19     6    16    15     0     3  -105.0   38.695 -128.661    692.5    939.9
     1     1    19     6    16    14     0     2  -106.0   39.241 -128.571    714.4    936.8
     1     1    19     6    16    13     0     1  -107.0   39.776 -128.488    726.0    934.6
     1     1    19     6    16    12     0     0  -108.0   40.299 -128.416    736.3    934.9
     1     1    19     6    16    11     0     1  -109.0   40.807 -128.354    757.6    932.7
     1     1    19     6    16    10     0     2  -110.0   41.294 -128.296    776.4    929.2
     1     1    19     6    16     9     0     3  -111.0   41.756 -128.242    789.2    929.0
     1     1    19     6    16     8     0     2  -112.0   42.194 -128.191    804.8    927.5
     1     1    19     6    16     7     0     1  -113.0   42.614 -128.153    825.9    925.7
     1     1    19     6    16     6     0     0  -114.0   43.009 -128.146    858.2    922.9
     1     1    19     6    16     5     0     1  -115.0   43.380 -128.169    899.3    918.0
     1     1    19     6    16     4     0     2  -116.0   43.721 -128.212    944.6    913.0
     1     1    19     6    16     3     0     3  -117.0   44.025 -128.272    996.1    907.6
     1     1    19     6    16     2     0     2  -118.0   44.297 -128.343   1046.6    901.0
     1     1    19     6    16     1     0     1  -119.0   44.544 -128.423   1087.8    897.0
     1     1    19     6    16     0     0     0  -120.0   44.763 -128.513   1126.1    893.5
     1     1    19     6    15    23     0     1  -121.0   44.956 -128.607   1167.0    889.7
     1     1    19     6    15    22     0     2  -122.0   45.129 -128.699   1209.5    884.8
     1     1    19     6    15    21     0     3  -123.0   45.281 -128.790   1251.8    880.4
     1     1    19     6    15    20     0     2  -124.0   45.418 -128.888   1292.3    875.8
     1     1    19     6    15    19     0     1  -125.0   45.539 -128.999   1326.0    872.0
     1     1    19     6    15    18     0     0  -126.0   45.646 -129.126   1349.6    869.4
     1     1    19     6    15    17     0     1  -127.0   45.748 -129.262   1364.7    867.9
     1     1    19     6    15    16     0     2  -128.0   45.851 -129.402   1372.6    866.9
     1     1    19     6    15    15     0     3  -129.0   45.950 -129.548   1370.8    866.7
     1     1    19     6    15    14     0     2  -130.0   46.046 -129.705   1365.8    868.0
     1     1    19     6    15    13     0     1  -131.0   46.137 -129.877   1368.0    867.9
     1     1    19     6    15    12     0     0  -132.0   46.218 -130.058   1380.9    866.6
     1     1    19     6    15    11     0     1  -133.0   46.295 -130.251   1400.4    864.3
     1     1    19     6    15    10     0     2  -134.0   46.375 -130.462   1417.4    862.3
     1     1    19     6    15     9     0     3  -135.0   46.453 -130.690   1423.3    861.4
     1     1    19     6    15     8     0     2  -136.0   46.520 -130.931   1425.6    862.5
     1     1    19     6    15     7     0     1  -137.0   46.568 -131.177   1446.3    861.4
     1     1    19     6    15     6     0     0  -138.0   46.597 -131.432   1496.6    856.6
     1     1    19     6    15     5     0     1  -139.0   46.613 -131.708   1554.0    848.2
     1     1    19     6    15     4     0     2  -140.0   46.617 -132.007   1599.8    843.8
     1     1    19     6    15     3     0     3  -141.0   46.605 -132.314   1635.1    839.9
     1     1    19     6    15     2     0     2  -142.0   46.580 -132.636   1659.4    837.7
     1     1    19     6    15     1     0     1  -143.0   46.531 -132.984   1671.5    836.5
     1     1    19     6    15     0     0     0  -144.0   46.452 -133.354   1668.3    837.0
     1     1    19     6    14    23     0     1  -145.0   46.351 -133.730   1662.2    838.8
     1     1    19     6    14    22     0     2  -146.0   46.229 -134.086   1671.1    838.2
     1     1    19     6    14    21     0     3  -147.0   46.082 -134.414   1694.6    835.1
     1     1    19     6    14    20     0     2  -148.0   45.927 -134.730   1711.7    832.2
     1     1    19     6    14    19     0     1  -149.0   45.774 -135.044   1700.2    833.0
     1     1    19     6    14    18     0     0  -150.0   45.621 -135.351   1674.9    837.7
     1     1    19     6    14    17     0     1  -151.0   45.467 -135.660   1663.5    839.2
     1     1    19     6    14    16     0     2  -152.0   45.304 -135.975   1671.4    838.0
     1     1    19     6    14    15     0     3  -153.0   45.128 -136.297   1689.7    835.1
     1     1    19     6    14    14     0     2  -154.0   44.947 -136.631   1711.2    833.0
     1     1    19     6    14    13     0     1  -155.0   44.752 -136.977   1724.7    830.7
     1     1    19     6    14    12     0     0  -156.0   44.531 -137.321   1713.2    831.3
     1     1    19     6    14    11     0     1  -157.0   44.293 -137.644   1684.7    835.6
     1     1    19     6    14    10     0     2  -158.0   44.036 -137.930   1661.1    839.0
     1     1    19     6    14     9     0     3  -159.0   43.758 -138.171   1651.0    840.1
     1     1    19     6    14     8     0     2  -160.0   43.484 -138.392   1649.0    839.9
     1     1    19     6    14     7     0     1  -161.0   43.225 -138.610   1648.7    840.2
     1     1    19     6    14     6     0     0  -162.0   42.972 -138.815   1648.5    840.2
     1     1    19     6    14     5     0     1  -163.0   42.728 -139.001   1653.1    840.5
     1     1    19     6    14     4     0     2  -164.0   42.497 -139.163   1664.5    838.9
     1     1    19     6    14     3     0     3  -165.0   42.276 -139.301   1673.2    837.6
     1     1    19     6    14     2     0     2  -166.0   42.065 -139.418   1665.8    837.5
     1     1    19     6    14     1     0     1  -167.0   41.868 -139.514   1640.1    840.9
     1     1    19     6    14     0     0     0  -168.0   41.681 -139.590   1606.8    844.8
     1     1    19     6    13    23     0     1  -169.0   41.512 -139.655   1578.1    848.9
     1     1    19     6    13    22     0     2  -170.0   41.367 -139.710   1561.3    850.7
     1     1    19     6    13    21     0     3  -171.0   41.242 -139.752   1554.1    851.7
     1     1    19     6    13    20     0     2  -172.0   41.131 -139.793   1552.3    851.6
     1     1    19     6    13    19     0     1  -173.0   41.030 -139.850   1552.4    851.6
     1     1    19     6    13    18     0     0  -174.0   40.940 -139.924   1556.7    851.5
     1     1    19     6    13    17     0     1  -175.0   40.853 -140.000   1563.9    850.3
     1     1    19     6    13    16     0     2  -176.0   40.761 -140.059   1567.8    849.4
     1     1    19     6    13    15     0     3  -177.0   40.664 -140.103   1560.8    849.6
     1     1    19     6    13    14     0     2  -178.0   40.572 -140.147   1552.7    851.8
     1     1    19     6    13    13     0     1  -179.0   40.491 -140.205   1556.5    851.3
     1     1    19     6    13    12     0     0  -180.0   40.417 -140.275   1571.0    849.6
     1     1    19     6    13    11     0     1  -181.0   40.345 -140.350   1584.5    847.3
     1     1    19     6    13    10     0     2  -182.0   40.275 -140.422   1586.8    847.3
     1     1    19     6    13     9     0     3  -183.0   40.204 -140.487   1578.1    848.4
     1     1    19     6    13     8     0     2  -184.0   40.140 -140.546   1563.2    850.6
     1     1    19     6    13     7     0     1  -185.0   40.084 -140.599   1548.7    852.4
     1     1    19     6    13     6     0     0  -186.0   40.039 -140.646   1538.6    853.7
     1     1    19     6    13     5     0     1  -187.0   39.998 -140.688   1523.7    854.1
     1     1    19     6    13     4     0     2  -188.0   39.957 -140.730   1493.1    857.2
     1     1    19     6    13     3     0     3  -189.0   39.914 -140.776   1446.9    861.8
     1     1    19     6    13     2     0     2  -190.0   39.873 -140.823   1406.0    868.0
     1     1    19     6    13     1     0     1  -191.0   39.842 -140.865   1388.7    869.7
     1     1    19     6    13     0     0     0  -192.0   39.821 -140.902   1392.2    869.3
     1     1    19     6    12    23     0     1  -193.0   39.808 -140.940   1401.7    867.2
     1     1    19     6    12    22     0     2  -194.0   39.800 -140.984   1405.6    867.1
     1     1    19     6    12    21     0     3  -195.0   39.797 -141.036   1407.6    867.3
     1     1    19     6    12    20     0     2  -196.0   39.797 -141.098   1410.6    867.0
     1     1    19     6    12    19     0     1  -197.0   39.799 -141.173   1414.0    866.6
     1     1    19     6    12    18     0     0  -198.0   39.805 -141.264   1414.4    866.3
     1     1    19     6    12    17     0     1  -199.0   39.808 -141.368   1410.5    866.4
     1     1    19     6    12    16     0     2  -200.0   39.801 -141.484   1404.5    866.7
     1     1    19     6    12    15     0     3  -201.0   39.784 -141.613   1398.1    867.1
     1     1    19     6    12    14     0     2  -202.0   39.751 -141.752   1396.4    867.6
     1     1    19     6    12    13     0     1  -203.0   39.699 -141.898   1402.0    867.0
     1     1    19     6    12    12     0     0  -204.0   39.628 -142.051   1412.4    865.8
     1     1    19     6    12    11     0     1  -205.0   39.542 -142.201   1419.1    864.6
     1     1    19     6    12    10     0     2  -206.0   39.445 -142.338   1413.4    865.3
     1     1    19     6    12     9     0     3  -207.0   39.337 -142.460   1392.8    867.3
     1     1    19     6    12     8     0     2  -208.0   39.223 -142.567   1366.6    871.1
     1     1    19     6    12     7     0     1  -209.0   39.110 -142.660   1346.9    873.2
     1     1    19     6    12     6     0     0  -210.0   38.998 -142.742   1334.9    874.5
     1     1    19     6    12     5     0     1  -211.0   38.887 -142.818   1330.9    874.6
     1     1    19     6    12     4     0     2  -212.0   38.778 -142.892   1331.9    874.0
     1     1    19     6    12     3     0     3  -213.0   38.671 -142.963   1332.3    873.4
     1     1    19     6    12     2     0     2  -214.0   38.560 -143.030   1326.7    873.7
     1     1    19     6    12     1     0     1  -215.0   38.441 -143.094   1308.3    875.2
     1     1    19     6    12     0     0     0  -216.0   38.315 -143.155   1270.5    878.9
     1     1    19     6    11    23     0     1  -217.0   38.176 -143.220   1224.7    885.5
     1     1    19     6    11    22     0     2  -218.0   38.024 -143.291   1187.9    890.0
     1     1    19     6    11    21     0     3  -219.0   37.861 -143.368   1166.0    892.9
     1     1    19     6    11    20     0     2  -220.0   37.689 -143.441   1156.5    893.2
     1     1    19     6    11    19     0     1  -221.0   37.511 -143.500   1153.5    893.5
     1     1    19     6    11    18     0     0  -222.0   37.326 -143.542   1157.1    893.0
     1     1    19     6    11    17     0     1  -223.0   37.140 -143.571   1166.6    891.9
     1     1    19     6    11    16     0     2  -224.0   36.957 -143.590   1181.0    890.1
     1     1    19     6    11    15     0     3  -225.0   36.778 -143.603   1199.5    887.9
     1     1    19     6    11    14     0     2  -226.0   36.606 -143.608   1220.5    885.5
     1     1    19     6    11    13     0     1  -227.0   36.440 -143.603   1241.8    883.2
     1     1    19     6    11    12     0     0  -228.0   36.280 -143.587   1262.2    881.0
     1     1    19     6    11    11     0     1  -229.0   36.127 -143.556   1277.8    879.2
     1     1    19     6    11    10     0     2  -230.0   35.984 -143.505   1286.0    878.5
     1     1    19     6    11     9     0     3  -231.0   35.851 -143.435   1288.4    878.5
     1     1    19     6    11     8     0     2  -232.0   35.732 -143.355   1291.5    878.9
     1     1    19     6    11     7     0     1  -233.0   35.630 -143.272   1301.6    878.0
     1     1    19     6    11     6     0     0  -234.0   35.546 -143.189   1320.3    876.2
     1     1    19     6    11     5     0     1  -235.0   35.470 -143.109   1336.8    873.4
     1     1    19     6    11     4     0     2  -236.0   35.395 -143.040   1338.5    873.1
     1     1    19     6    11     3     0     3  -237.0   35.319 -142.982   1323.7    874.6
     1     1    19     6    11     2     0     2  -238.0   35.237 -142.928   1312.6    878.0
     1     1    19     6    11     1     0     1  -239.0   35.147 -142.871   1325.7    876.8
     1     1    19     6    11     0     0     0  -240.0   35.050 -142.811   1362.7    873.0
