     7     1
    GDAS    18    12     1     0     0
    GDAS    19     1     1     0     0
    GDAS    19     2     1     0     0
    GDAS    19     3     1     0     0
    GDAS    19     4     1     0     0
    GDAS    19     5     1     0     0
    GDAS    19     6     1     0     0
     1 BACKWARD OMEGA   
    19     5    27     6   21.319 -157.670    10.0
     1 PRESSURE
     1     1    19     5    27     6     0     0     0.0   21.319 -157.670     10.0   1012.9
     1     1    19     5    27     5     0     1    -1.0   21.382 -157.496     11.0   1011.8
     1     1    19     5    27     4     0     2    -2.0   21.425 -157.324     12.6   1010.7
     1     1    19     5    27     3     0     3    -3.0   21.454 -157.153     15.1   1009.5
     1     1    19     5    27     2     0     2    -4.0   21.477 -156.990     17.6   1009.1
     1     1    19     5    27     1     0     1    -5.0   21.495 -156.830     18.1   1010.4
     1     1    19     5    27     0     0     0    -6.0   21.505 -156.666     16.2   1012.2
     1     1    19     5    26    23     0     1    -7.0   21.503 -156.482     14.0   1013.9
     1     1    19     5    26    22     0     2    -8.0   21.482 -156.270     12.1   1015.4
     1     1    19     5    26    21     0     3    -9.0   21.437 -156.032     10.1   1017.5
     1     1    19     5    26    20     0     2   -10.0   21.391 -155.782      7.9   1017.8
     1     1    19     5    26    19     0     1   -11.0   21.365 -155.526      6.0   1017.6
     1     1    19     5    26    18     0     0   -12.0   21.361 -155.265      4.7   1017.2
     1     1    19     5    26    17     0     1   -13.0   21.367 -154.997      4.4   1016.9
     1     1    19     5    26    16     0     2   -14.0   21.372 -154.724      4.7   1017.2
     1     1    19     5    26    15     0     3   -15.0   21.377 -154.446      5.1   1017.5
     1     1    19     5    26    14     0     2   -16.0   21.384 -154.165      5.2   1017.2
     1     1    19     5    26    13     0     1   -17.0   21.396 -153.890      5.2   1017.0
     1     1    19     5    26    12     0     0   -18.0   21.416 -153.623      5.0   1016.7
     1     1    19     5    26    11     0     1   -19.0   21.445 -153.356      4.9   1017.6
     1     1    19     5    26    10     0     2   -20.0   21.483 -153.087      4.9   1018.5
     1     1    19     5    26     9     0     3   -21.0   21.530 -152.817      5.0   1019.3
     1     1    19     5    26     8     0     2   -22.0   21.586 -152.547      5.1   1019.3
     1     1    19     5    26     7     0     1   -23.0   21.647 -152.281      5.2   1019.2
     1     1    19     5    26     6     0     0   -24.0   21.713 -152.019      5.3   1019.1
     1     1    19     5    26     5     0     1   -25.0   21.778 -151.761      5.3   1018.8
     1     1    19     5    26     4     0     2   -26.0   21.838 -151.510      5.3   1018.5
     1     1    19     5    26     3     0     3   -27.0   21.894 -151.264      5.3   1018.1
     1     1    19     5    26     2     0     2   -28.0   21.943 -151.018      5.3   1018.2
     1     1    19     5    26     1     0     1   -29.0   21.982 -150.764      5.3   1018.2
     1     1    19     5    26     0     0     0   -30.0   22.010 -150.504      5.3   1018.3
     1     1    19     5    25    23     0     1   -31.0   22.031 -150.230      5.3   1018.0
     1     1    19     5    25    22     0     2   -32.0   22.053 -149.936      5.3   1017.8
     1     1    19     5    25    21     0     3   -33.0   22.075 -149.627      5.3   1017.6
     1     1    19     5    25    20     0     2   -34.0   22.100 -149.310      5.3   1018.5
     1     1    19     5    25    19     0     1   -35.0   22.133 -148.990      5.3   1020.0
     1     1    19     5    25    18     0     0   -36.0   22.175 -148.666      5.3   1021.1
     1     1    19     5    25    17     0     1   -37.0   22.225 -148.344      5.3   1020.7
     1     1    19     5    25    16     0     2   -38.0   22.285 -148.025      5.3   1020.3
     1     1    19     5    25    15     0     3   -39.0   22.354 -147.709      5.3   1019.8
     1     1    19     5    25    14     0     2   -40.0   22.427 -147.389      5.3   1019.8
     1     1    19     5    25    13     0     1   -41.0   22.497 -147.063      5.3   1019.7
     1     1    19     5    25    12     0     0   -42.0   22.567 -146.732      5.3   1019.7
     1     1    19     5    25    11     0     1   -43.0   22.639 -146.399      5.4   1020.1
     1     1    19     5    25    10     0     2   -44.0   22.720 -146.062      5.7   1020.7
     1     1    19     5    25     9     0     3   -45.0   22.811 -145.721      6.3   1021.6
     1     1    19     5    25     8     0     2   -46.0   22.918 -145.378      7.1   1021.9
     1     1    19     5    25     7     0     1   -47.0   23.042 -145.037      7.9   1022.0
     1     1    19     5    25     6     0     0   -48.0   23.180 -144.699      8.9   1021.9
     1     1    19     5    25     5     0     1   -49.0   23.324 -144.370      9.7   1021.5
     1     1    19     5    25     4     0     2   -50.0   23.467 -144.053     10.4   1021.1
     1     1    19     5    25     3     0     3   -51.0   23.611 -143.748     10.9   1020.6
     1     1    19     5    25     2     0     2   -52.0   23.751 -143.451     11.3   1020.5
     1     1    19     5    25     1     0     1   -53.0   23.883 -143.159     11.5   1020.4
     1     1    19     5    25     0     0     0   -54.0   24.008 -142.873     11.5   1020.4
     1     1    19     5    24    23     0     1   -55.0   24.129 -142.587     11.5   1021.2
     1     1    19     5    24    22     0     2   -56.0   24.248 -142.297     11.5   1022.0
     1     1    19     5    24    21     0     3   -57.0   24.367 -142.003     11.5   1022.8
     1     1    19     5    24    20     0     2   -58.0   24.486 -141.705     11.6   1022.7
     1     1    19     5    24    19     0     1   -59.0   24.607 -141.400     11.8   1022.5
     1     1    19     5    24    18     0     0   -60.0   24.732 -141.089     12.2   1022.3
     1     1    19     5    24    17     0     1   -61.0   24.864 -140.775     12.7   1021.9
     1     1    19     5    24    16     0     2   -62.0   25.003 -140.463     13.2   1021.5
     1     1    19     5    24    15     0     3   -63.0   25.149 -140.156     13.8   1021.2
     1     1    19     5    24    14     0     2   -64.0   25.303 -139.850     14.5   1020.9
     1     1    19     5    24    13     0     1   -65.0   25.464 -139.544     14.9   1020.7
     1     1    19     5    24    12     0     0   -66.0   25.634 -139.240     15.1   1020.5
     1     1    19     5    24    11     0     1   -67.0   25.815 -138.942     15.1   1021.4
     1     1    19     5    24    10     0     2   -68.0   26.004 -138.653     15.1   1022.4
     1     1    19     5    24     9     0     3   -69.0   26.202 -138.375     15.1   1023.3
     1     1    19     5    24     8     0     2   -70.0   26.406 -138.107     15.1   1023.2
     1     1    19     5    24     7     0     1   -71.0   26.614 -137.846     15.1   1023.1
     1     1    19     5    24     6     0     0   -72.0   26.828 -137.591     15.1   1023.0
     1     1    19     5    24     5     0     1   -73.0   27.043 -137.343     15.2   1022.8
     1     1    19     5    24     4     0     2   -74.0   27.256 -137.103     15.5   1022.5
     1     1    19     5    24     3     0     3   -75.0   27.468 -136.874     16.1   1022.1
     1     1    19     5    24     2     0     2   -76.0   27.679 -136.653     16.7   1022.0
     1     1    19     5    24     1     0     1   -77.0   27.887 -136.435     17.1   1022.0
     1     1    19     5    24     0     0     0   -78.0   28.092 -136.221     17.2   1022.3
     1     1    19     5    23    23     0     1   -79.0   28.297 -136.012     17.2   1023.9
     1     1    19     5    23    22     0     2   -80.0   28.507 -135.807     17.2   1024.8
     1     1    19     5    23    21     0     3   -81.0   28.722 -135.608     17.2   1025.5
     1     1    19     5    23    20     0     2   -82.0   28.940 -135.417     17.2   1025.6
     1     1    19     5    23    19     0     1   -83.0   29.164 -135.238     17.2   1025.7
     1     1    19     5    23    18     0     0   -84.0   29.391 -135.074     17.2   1025.8
     1     1    19     5    23    17     0     1   -85.0   29.622 -134.920     17.2   1025.5
     1     1    19     5    23    16     0     2   -86.0   29.858 -134.770     17.2   1025.4
     1     1    19     5    23    15     0     3   -87.0   30.099 -134.625     17.2   1025.2
     1     1    19     5    23    14     0     2   -88.0   30.343 -134.486     17.2   1024.8
     1     1    19     5    23    13     0     1   -89.0   30.587 -134.352     17.2   1024.5
     1     1    19     5    23    12     0     0   -90.0   30.829 -134.223     17.2   1023.9
     1     1    19     5    23    11     0     1   -91.0   31.073 -134.098     17.2   1025.0
     1     1    19     5    23    10     0     2   -92.0   31.319 -133.974     17.2   1026.3
     1     1    19     5    23     9     0     3   -93.0   31.567 -133.852     17.2   1027.0
     1     1    19     5    23     8     0     2   -94.0   31.819 -133.738     17.5   1026.9
     1     1    19     5    23     7     0     1   -95.0   32.076 -133.633     18.3   1026.7
     1     1    19     5    23     6     0     0   -96.0   32.339 -133.538     19.8   1026.4
     1     1    19     5    23     5     0     1   -97.0   32.605 -133.457     21.4   1025.4
     1     1    19     5    23     4     0     2   -98.0   32.869 -133.393     22.3   1024.3
     1     1    19     5    23     3     0     3   -99.0   33.129 -133.347     22.7   1023.3
     1     1    19     5    23     2     0     2  -100.0   33.383 -133.310     22.7   1023.8
     1     1    19     5    23     1     0     1  -101.0   33.632 -133.273     22.7   1024.2
     1     1    19     5    23     0     0     0  -102.0   33.872 -133.238     22.7   1024.6
     1     1    19     5    22    23     0     1  -103.0   34.113 -133.200     23.0   1025.2
     1     1    19     5    22    22     0     2  -104.0   34.360 -133.155     24.1   1025.7
     1     1    19     5    22    21     0     3  -105.0   34.615 -133.102     26.0   1026.1
     1     1    19     5    22    20     0     2  -106.0   34.876 -133.047     28.1   1025.8
     1     1    19     5    22    19     0     1  -107.0   35.144 -132.997     29.4   1025.7
     1     1    19     5    22    18     0     0  -108.0   35.416 -132.948     29.8   1025.5
     1     1    19     5    22    17     0     1  -109.0   35.696 -132.900     29.8   1025.2
     1     1    19     5    22    16     0     2  -110.0   35.988 -132.855     29.8   1024.9
     1     1    19     5    22    15     0     3  -111.0   36.291 -132.812     29.8   1024.6
     1     1    19     5    22    14     0     2  -112.0   36.603 -132.784     29.8   1023.7
     1     1    19     5    22    13     0     1  -113.0   36.924 -132.778     29.8   1022.8
     1     1    19     5    22    12     0     0  -114.0   37.256 -132.788     29.8   1022.0
     1     1    19     5    22    11     0     1  -115.0   37.593 -132.818     29.8   1022.1
     1     1    19     5    22    10     0     2  -116.0   37.935 -132.871     29.8   1022.1
     1     1    19     5    22     9     0     3  -117.0   38.281 -132.945     29.8   1022.2
     1     1    19     5    22     8     0     2  -118.0   38.627 -133.040     30.4   1022.7
     1     1    19     5    22     7     0     1  -119.0   38.972 -133.155     32.3   1022.9
     1     1    19     5    22     6     0     0  -120.0   39.317 -133.291     35.3   1022.8
     1     1    19     5    22     5     0     1  -121.0   39.659 -133.448     37.8   1022.6
     1     1    19     5    22     4     0     2  -122.0   39.992 -133.628     39.2   1022.6
     1     1    19     5    22     3     0     3  -123.0   40.314 -133.832     39.7   1022.5
     1     1    19     5    22     2     0     2  -124.0   40.625 -134.051     39.7   1021.9
     1     1    19     5    22     1     0     1  -125.0   40.928 -134.277     39.7   1021.5
     1     1    19     5    22     0     0     0  -126.0   41.224 -134.510     39.7   1021.7
     1     1    19     5    21    23     0     1  -127.0   41.516 -134.745     39.7   1022.2
     1     1    19     5    21    22     0     2  -128.0   41.804 -134.981     39.7   1022.7
     1     1    19     5    21    21     0     3  -129.0   42.090 -135.217     39.7   1022.3
     1     1    19     5    21    20     0     2  -130.0   42.378 -135.459     39.7   1021.3
     1     1    19     5    21    19     0     1  -131.0   42.672 -135.712     39.7   1020.6
     1     1    19     5    21    18     0     0  -132.0   42.970 -135.975     39.7   1019.3
     1     1    19     5    21    17     0     1  -133.0   43.268 -136.247     39.7   1019.5
     1     1    19     5    21    16     0     2  -134.0   43.565 -136.526     39.7   1019.3
     1     1    19     5    21    15     0     3  -135.0   43.864 -136.813     39.7   1019.0
     1     1    19     5    21    14     0     2  -136.0   44.166 -137.112     39.7   1018.1
     1     1    19     5    21    13     0     1  -137.0   44.466 -137.423     39.9   1017.5
     1     1    19     5    21    12     0     0  -138.0   44.765 -137.752     40.0   1016.5
     1     1    19     5    21    11     0     1  -139.0   45.061 -138.092     40.5   1016.2
     1     1    19     5    21    10     0     2  -140.0   45.351 -138.435     42.1   1016.2
     1     1    19     5    21     9     0     3  -141.0   45.635 -138.783     44.9   1015.7
     1     1    19     5    21     8     0     2  -142.0   45.917 -139.132     48.5   1014.6
     1     1    19     5    21     7     0     1  -143.0   46.204 -139.477     52.9   1013.8
     1     1    19     5    21     6     0     0  -144.0   46.496 -139.819     58.5   1012.6
     1     1    19     5    21     5     0     1  -145.0   46.791 -140.173     64.0   1010.8
     1     1    19     5    21     4     0     2  -146.0   47.087 -140.546     67.6   1009.8
     1     1    19     5    21     3     0     3  -147.0   47.379 -140.933     68.8   1008.9
     1     1    19     5    21     2     0     2  -148.0   47.666 -141.322     68.8   1008.5
     1     1    19     5    21     1     0     1  -149.0   47.948 -141.705     68.9   1007.8
     1     1    19     5    21     0     0     0  -150.0   48.221 -142.080     69.0   1007.2
     1     1    19     5    20    23     0     1  -151.0   48.488 -142.437     69.1   1006.9
     1     1    19     5    20    22     0     2  -152.0   48.752 -142.774     69.2   1006.3
     1     1    19     5    20    21     0     3  -153.0   49.004 -143.097     69.3   1005.8
     1     1    19     5    20    20     0     2  -154.0   49.249 -143.405     69.4   1005.1
     1     1    19     5    20    19     0     1  -155.0   49.491 -143.697     69.6   1004.5
     1     1    19     5    20    18     0     0  -156.0   49.721 -143.968     69.7   1003.8
     1     1    19     5    20    17     0     1  -157.0   49.936 -144.207     69.8   1003.2
     1     1    19     5    20    16     0     2  -158.0   50.129 -144.407     70.2   1002.7
     1     1    19     5    20    15     0     3  -159.0   50.297 -144.569     70.7   1002.1
     1     1    19     5    20    14     0     2  -160.0   50.452 -144.702     71.1   1001.5
     1     1    19     5    20    13     0     1  -161.0   50.605 -144.812     71.2   1001.1
     1     1    19     5    20    12     0     0  -162.0   50.762 -144.905     71.2   1000.7
     1     1    19     5    20    11     0     1  -163.0   50.906 -144.974     71.2   1000.4
     1     1    19     5    20    10     0     2  -164.0   51.016 -145.004     71.3   1000.1
     1     1    19     5    20     9     0     3  -165.0   51.097 -144.996     71.5    999.7
     1     1    19     5    20     8     0     2  -166.0   51.158 -144.943     72.3    998.9
     1     1    19     5    20     7     0     1  -167.0   51.210 -144.836     74.9    997.8
     1     1    19     5    20     6     0     0  -168.0   51.256 -144.670     81.3    996.4
     1     1    19     5    20     5     0     1  -169.0   51.286 -144.461     91.1    994.3
     1     1    19     5    20     4     0     2  -170.0   51.291 -144.227    101.3    992.5
     1     1    19     5    20     3     0     3  -171.0   51.270 -143.968    110.8    990.9
     1     1    19     5    20     2     0     2  -172.0   51.221 -143.694    119.3    989.9
     1     1    19     5    20     1     0     1  -173.0   51.146 -143.419    128.1    988.8
     1     1    19     5    20     0     0     0  -174.0   51.040 -143.141    138.0    987.8
     1     1    19     5    19    23     0     1  -175.0   50.901 -142.870    146.9    986.5
     1     1    19     5    19    22     0     2  -176.0   50.732 -142.617    151.8    986.1
     1     1    19     5    19    21     0     3  -177.0   50.537 -142.383    154.4    986.4
     1     1    19     5    19    20     0     2  -178.0   50.330 -142.177    156.7    986.4
     1     1    19     5    19    19     0     1  -179.0   50.127 -142.010    160.4    986.4
     1     1    19     5    19    18     0     0  -180.0   49.928 -141.889    166.9    986.1
     1     1    19     5    19    17     0     1  -181.0   49.744 -141.823    174.0    985.3
     1     1    19     5    19    16     0     2  -182.0   49.585 -141.819    178.5    985.1
     1     1    19     5    19    15     0     3  -183.0   49.448 -141.883    180.0    985.3
     1     1    19     5    19    14     0     2  -184.0   49.329 -142.005    178.7    985.8
     1     1    19     5    19    13     0     1  -185.0   49.223 -142.172    174.9    986.5
     1     1    19     5    19    12     0     0  -186.0   49.130 -142.383    169.5    987.6
     1     1    19     5    19    11     0     1  -187.0   49.047 -142.625    165.3    988.8
     1     1    19     5    19    10     0     2  -188.0   48.979 -142.889    163.8    989.3
     1     1    19     5    19     9     0     3  -189.0   48.925 -143.177    163.6    989.7
     1     1    19     5    19     8     0     2  -190.0   48.886 -143.491    164.8    989.6
     1     1    19     5    19     7     0     1  -191.0   48.862 -143.835    168.3    989.2
     1     1    19     5    19     6     0     0  -192.0   48.851 -144.210    173.6    988.5
     1     1    19     5    19     5     0     1  -193.0   48.854 -144.611    178.5    987.6
     1     1    19     5    19     4     0     2  -194.0   48.873 -145.037    183.4    987.2
     1     1    19     5    19     3     0     3  -195.0   48.908 -145.488    189.0    986.3
     1     1    19     5    19     2     0     2  -196.0   48.954 -145.956    191.7    985.8
     1     1    19     5    19     1     0     1  -197.0   49.009 -146.432    191.9    986.1
     1     1    19     5    19     0     0     0  -198.0   49.071 -146.914    191.9    986.4
     1     1    19     5    18    23     0     1  -199.0   49.142 -147.401    192.1    986.2
     1     1    19     5    18    22     0     2  -200.0   49.221 -147.892    192.6    986.1
     1     1    19     5    18    21     0     3  -201.0   49.302 -148.386    192.7    986.0
     1     1    19     5    18    20     0     2  -202.0   49.388 -148.874    192.7    985.9
     1     1    19     5    18    19     0     1  -203.0   49.481 -149.351    192.7    985.9
     1     1    19     5    18    18     0     0  -204.0   49.577 -149.818    192.7    985.9
     1     1    19     5    18    17     0     1  -205.0   49.677 -150.277    192.7    985.7
     1     1    19     5    18    16     0     2  -206.0   49.781 -150.732    192.7    985.6
     1     1    19     5    18    15     0     3  -207.0   49.883 -151.185    192.7    985.6
     1     1    19     5    18    14     0     2  -208.0   49.980 -151.640    192.7    985.4
     1     1    19     5    18    13     0     1  -209.0   50.073 -152.097    192.7    985.3
     1     1    19     5    18    12     0     0  -210.0   50.157 -152.558    192.7    985.3
     1     1    19     5    18    11     0     1  -211.0   50.232 -153.014    192.7    985.4
     1     1    19     5    18    10     0     2  -212.0   50.304 -153.458    192.7    985.6
     1     1    19     5    18     9     0     3  -213.0   50.371 -153.885    192.7    985.8
     1     1    19     5    18     8     0     2  -214.0   50.433 -154.298    192.7    985.6
     1     1    19     5    18     7     0     1  -215.0   50.499 -154.699    192.7    985.5
     1     1    19     5    18     6     0     0  -216.0   50.565 -155.085    192.2    985.4
     1     1    19     5    18     5     0     1  -217.0   50.632 -155.469    190.1    985.4
     1     1    19     5    18     4     0     2  -218.0   50.705 -155.865    186.9    985.9
     1     1    19     5    18     3     0     3  -219.0   50.789 -156.274    185.4    986.2
     1     1    19     5    18     2     0     2  -220.0   50.874 -156.691    185.4    985.7
     1     1    19     5    18     1     0     1  -221.0   50.961 -157.112    185.4    985.5
     1     1    19     5    18     0     0     0  -222.0   51.053 -157.538    185.4    985.3
     1     1    19     5    17    23     0     1  -223.0   51.141 -157.964    185.4    984.9
     1     1    19     5    17    22     0     2  -224.0   51.224 -158.379    185.4    984.5
     1     1    19     5    17    21     0     3  -225.0   51.311 -158.781    185.4    984.2
     1     1    19     5    17    20     0     2  -226.0   51.399 -159.175    186.8    983.9
     1     1    19     5    17    19     0     1  -227.0   51.490 -159.562    190.0    983.1
     1     1    19     5    17    18     0     0  -228.0   51.591 -159.935    192.6    982.4
     1     1    19     5    17    17     0     1  -229.0   51.698 -160.307    193.4    981.9
     1     1    19     5    17    16     0     2  -230.0   51.816 -160.686    193.9    981.4
     1     1    19     5    17    15     0     3  -231.0   51.959 -161.068    194.8    980.9
     1     1    19     5    17    14     0     2  -232.0   52.114 -161.450    195.6    980.5
     1     1    19     5    17    13     0     1  -233.0   52.267 -161.827    199.5    980.3
     1     1    19     5    17    12     0     0  -234.0   52.423 -162.192    210.9    978.9
     1     1    19     5    17    11     0     1  -235.0   52.575 -162.561    222.0    976.6
     1     1    19     5    17    10     0     2  -236.0   52.726 -162.932    225.5    976.2
     1     1    19     5    17     9     0     3  -237.0   52.893 -163.278    229.2    976.6
     1     1    19     5    17     8     0     2  -238.0   53.067 -163.607    240.5    975.3
     1     1    19     5    17     7     0     1  -239.0   53.240 -163.933    259.2    973.0
     1     1    19     5    17     6     0     0  -240.0   53.415 -164.248    283.3    969.6
