     7     1
    GDAS    18    12     1     0     0
    GDAS    19     1     1     0     0
    GDAS    19     2     1     0     0
    GDAS    19     3     1     0     0
    GDAS    19     4     1     0     0
    GDAS    19     5     1     0     0
    GDAS    19     6     1     0     0
     1 BACKWARD OMEGA   
    19     3    10    12   21.319 -157.670    10.0
     1 PRESSURE
     1     1    19     3    10    12     0     0     0.0   21.319 -157.670     10.0   1017.7
     1     1    19     3    10    11     0     1    -1.0   21.392 -157.364     15.2   1015.8
     1     1    19     3    10    10     0     2    -2.0   21.457 -157.043     29.2   1013.2
     1     1    19     3    10     9     0     3    -3.0   21.506 -156.694     52.3   1012.5
     1     1    19     3    10     8     0     2    -4.0   21.528 -156.316     74.1   1010.9
     1     1    19     3    10     7     0     1    -5.0   21.527 -155.931     87.3   1009.9
     1     1    19     3    10     6     0     0    -6.0   21.527 -155.551     93.6   1009.5
     1     1    19     3    10     5     0     1    -7.0   21.548 -155.173     98.9   1008.9
     1     1    19     3    10     4     0     2    -8.0   21.585 -154.788    103.1   1008.3
     1     1    19     3    10     3     0     3    -9.0   21.641 -154.399    107.2   1007.9
     1     1    19     3    10     2     0     2   -10.0   21.710 -154.010    110.9   1007.4
     1     1    19     3    10     1     0     1   -11.0   21.780 -153.622    110.7   1007.4
     1     1    19     3    10     0     0     0   -12.0   21.857 -153.238    106.8   1008.2
     1     1    19     3     9    23     0     1   -13.0   21.942 -152.854    102.2   1009.0
     1     1    19     3     9    22     0     2   -14.0   22.028 -152.468     96.4   1009.7
     1     1    19     3     9    21     0     3   -15.0   22.119 -152.075     88.4   1011.1
     1     1    19     3     9    20     0     2   -16.0   22.214 -151.686     83.2   1012.4
     1     1    19     3     9    19     0     1   -17.0   22.310 -151.303     83.1   1012.5
     1     1    19     3     9    18     0     0   -18.0   22.411 -150.923     86.1   1012.3
     1     1    19     3     9    17     0     1   -19.0   22.515 -150.545     90.7   1011.6
     1     1    19     3     9    16     0     2   -20.0   22.616 -150.169     96.2   1011.0
     1     1    19     3     9    15     0     3   -21.0   22.720 -149.790    103.5   1010.1
     1     1    19     3     9    14     0     2   -22.0   22.827 -149.406    110.7   1008.7
     1     1    19     3     9    13     0     1   -23.0   22.940 -149.015    115.4   1007.9
     1     1    19     3     9    12     0     0   -24.0   23.064 -148.615    118.7   1007.2
     1     1    19     3     9    11     0     1   -25.0   23.195 -148.219    120.6   1007.7
     1     1    19     3     9    10     0     2   -26.0   23.331 -147.833    121.4   1008.3
     1     1    19     3     9     9     0     3   -27.0   23.475 -147.451    121.8   1008.7
     1     1    19     3     9     8     0     2   -28.0   23.627 -147.075    124.0   1008.7
     1     1    19     3     9     7     0     1   -29.0   23.789 -146.708    130.3   1008.1
     1     1    19     3     9     6     0     0   -30.0   23.972 -146.352    141.5   1007.1
     1     1    19     3     9     5     0     1   -31.0   24.166 -146.006    151.9   1004.6
     1     1    19     3     9     4     0     2   -32.0   24.360 -145.674    155.9   1004.0
     1     1    19     3     9     3     0     3   -33.0   24.560 -145.362    157.7   1003.8
     1     1    19     3     9     2     0     2   -34.0   24.761 -145.073    160.3   1003.7
     1     1    19     3     9     1     0     1   -35.0   24.961 -144.807    163.8   1003.3
     1     1    19     3     9     0     0     0   -36.0   25.164 -144.563    166.0   1002.9
     1     1    19     3     8    23     0     1   -37.0   25.360 -144.331    164.3   1003.5
     1     1    19     3     8    22     0     2   -38.0   25.544 -144.105    160.3   1004.8
     1     1    19     3     8    21     0     3   -39.0   25.716 -143.890    156.9   1006.1
     1     1    19     3     8    20     0     2   -40.0   25.882 -143.684    156.5   1006.3
     1     1    19     3     8    19     0     1   -41.0   26.049 -143.482    161.3   1005.5
     1     1    19     3     8    18     0     0   -42.0   26.214 -143.286    171.9   1003.9
     1     1    19     3     8    17     0     1   -43.0   26.373 -143.107    185.2   1001.7
     1     1    19     3     8    16     0     2   -44.0   26.531 -142.952    198.2    999.9
     1     1    19     3     8    15     0     3   -45.0   26.686 -142.813    210.3    998.3
     1     1    19     3     8    14     0     2   -46.0   26.841 -142.684    221.3    997.0
     1     1    19     3     8    13     0     1   -47.0   27.000 -142.563    232.2    996.0
     1     1    19     3     8    12     0     0   -48.0   27.170 -142.451    243.7    994.5
     1     1    19     3     8    11     0     1   -49.0   27.352 -142.358    252.4    993.5
     1     1    19     3     8    10     0     2   -50.0   27.538 -142.283    256.9    993.1
     1     1    19     3     8     9     0     3   -51.0   27.727 -142.219    258.2    993.2
     1     1    19     3     8     8     0     2   -52.0   27.916 -142.160    260.4    993.2
     1     1    19     3     8     7     0     1   -53.0   28.105 -142.110    266.4    992.4
     1     1    19     3     8     6     0     0   -54.0   28.293 -142.077    275.4    990.9
     1     1    19     3     8     5     0     1   -55.0   28.481 -142.068    286.1    989.0
     1     1    19     3     8     4     0     2   -56.0   28.667 -142.085    299.5    987.0
     1     1    19     3     8     3     0     3   -57.0   28.848 -142.122    318.0    984.4
     1     1    19     3     8     2     0     2   -58.0   29.024 -142.171    339.8    981.4
     1     1    19     3     8     1     0     1   -59.0   29.192 -142.232    359.6    978.7
     1     1    19     3     8     0     0     0   -60.0   29.353 -142.308    374.1    976.9
     1     1    19     3     7    23     0     1   -61.0   29.510 -142.395    384.5    976.2
     1     1    19     3     7    22     0     2   -62.0   29.670 -142.483    393.1    975.6
     1     1    19     3     7    21     0     3   -63.0   29.833 -142.568    402.0    975.0
     1     1    19     3     7    20     0     2   -64.0   30.003 -142.655    414.6    973.8
     1     1    19     3     7    19     0     1   -65.0   30.188 -142.755    431.7    971.7
     1     1    19     3     7    18     0     0   -66.0   30.387 -142.873    451.4    969.0
     1     1    19     3     7    17     0     1   -67.0   30.592 -143.013    471.5    965.8
     1     1    19     3     7    16     0     2   -68.0   30.801 -143.171    491.2    963.1
     1     1    19     3     7    15     0     3   -69.0   31.012 -143.338    513.2    960.4
     1     1    19     3     7    14     0     2   -70.0   31.218 -143.520    537.2    957.1
     1     1    19     3     7    13     0     1   -71.0   31.415 -143.719    561.4    954.2
     1     1    19     3     7    12     0     0   -72.0   31.601 -143.928    585.7    951.3
     1     1    19     3     7    11     0     1   -73.0   31.781 -144.139    608.5    948.8
     1     1    19     3     7    10     0     2   -74.0   31.963 -144.342    628.4    946.8
     1     1    19     3     7     9     0     3   -75.0   32.149 -144.534    645.3    944.8
     1     1    19     3     7     8     0     2   -76.0   32.346 -144.730    663.7    942.9
     1     1    19     3     7     7     0     1   -77.0   32.557 -144.939    689.5    939.7
     1     1    19     3     7     6     0     0   -78.0   32.780 -145.154    727.8    935.3
     1     1    19     3     7     5     0     1   -79.0   33.016 -145.387    774.4    928.6
     1     1    19     3     7     4     0     2   -80.0   33.268 -145.649    815.7    922.9
     1     1    19     3     7     3     0     3   -81.0   33.537 -145.936    848.0    919.1
     1     1    19     3     7     2     0     2   -82.0   33.820 -146.248    880.1    916.4
     1     1    19     3     7     1     0     1   -83.0   34.110 -146.576    924.2    911.6
     1     1    19     3     7     0     0     0   -84.0   34.410 -146.912    978.0    904.6
     1     1    19     3     6    23     0     1   -85.0   34.710 -147.261   1024.2    898.4
     1     1    19     3     6    22     0     2   -86.0   35.009 -147.615   1061.9    895.7
     1     1    19     3     6    21     0     3   -87.0   35.308 -147.965   1099.2    891.6
     1     1    19     3     6    20     0     2   -88.0   35.610 -148.317   1136.4    887.8
     1     1    19     3     6    19     0     1   -89.0   35.924 -148.673   1179.4    883.4
     1     1    19     3     6    18     0     0   -90.0   36.256 -149.031   1212.6    877.2
     1     1    19     3     6    17     0     1   -91.0   36.596 -149.394   1226.4    876.6
     1     1    19     3     6    16     0     2   -92.0   36.940 -149.758   1243.7    876.0
     1     1    19     3     6    15     0     3   -93.0   37.295 -150.121   1285.2    872.1
     1     1    19     3     6    14     0     2   -94.0   37.661 -150.473   1341.1    864.1
     1     1    19     3     6    13     0     1   -95.0   38.038 -150.816   1388.0    858.5
     1     1    19     3     6    12     0     0   -96.0   38.431 -151.163   1429.8    855.1
     1     1    19     3     6    11     0     1   -97.0   38.842 -151.500   1493.2    850.4
     1     1    19     3     6    10     0     2   -98.0   39.266 -151.815   1566.5    839.7
     1     1    19     3     6     9     0     3   -99.0   39.704 -152.119   1622.6    833.8
     1     1    19     3     6     8     0     2  -100.0   40.163 -152.413   1668.1    829.8
     1     1    19     3     6     7     0     1  -101.0   40.640 -152.704   1704.6    825.3
     1     1    19     3     6     6     0     0  -102.0   41.142 -152.999   1728.2    822.9
     1     1    19     3     6     5     0     1  -103.0   41.639 -153.291   1756.8    821.5
     1     1    19     3     6     4     0     2  -104.0   42.099 -153.591   1803.5    816.5
     1     1    19     3     6     3     0     3  -105.0   42.540 -153.912   1860.8    809.9
     1     1    19     3     6     2     0     2  -106.0   42.963 -154.241   1921.9    803.3
     1     1    19     3     6     1     0     1  -107.0   43.356 -154.561   1985.3    796.6
     1     1    19     3     6     0     0     0  -108.0   43.721 -154.869   2049.9    789.9
     1     1    19     3     5    23     0     1  -109.0   44.047 -155.177   2107.3    783.7
     1     1    19     3     5    22     0     2  -110.0   44.331 -155.508   2151.0    779.7
     1     1    19     3     5    21     0     3  -111.0   44.595 -155.870   2183.7    776.8
     1     1    19     3     5    20     0     2  -112.0   44.838 -156.266   2225.5    774.5
     1     1    19     3     5    19     0     1  -113.0   45.055 -156.697   2302.1    767.5
     1     1    19     3     5    18     0     0  -114.0   45.250 -157.161   2412.0    755.5
     1     1    19     3     5    17     0     1  -115.0   45.390 -157.658   2500.9    742.3
     1     1    19     3     5    16     0     2  -116.0   45.471 -158.183   2562.6    739.7
     1     1    19     3     5    15     0     3  -117.0   45.525 -158.726   2630.2    732.5
     1     1    19     3     5    14     0     2  -118.0   45.568 -159.278   2696.5    726.2
     1     1    19     3     5    13     0     1  -119.0   45.596 -159.826   2756.5    720.3
     1     1    19     3     5    12     0     0  -120.0   45.620 -160.362   2805.8    715.5
     1     1    19     3     5    11     0     1  -121.0   45.646 -160.896   2839.2    712.2
     1     1    19     3     5    10     0     2  -122.0   45.676 -161.446   2865.5    710.9
     1     1    19     3     5     9     0     3  -123.0   45.716 -162.012   2889.5    707.9
     1     1    19     3     5     8     0     2  -124.0   45.758 -162.592   2909.0    706.6
     1     1    19     3     5     7     0     1  -125.0   45.793 -163.189   2931.2    704.6
     1     1    19     3     5     6     0     0  -126.0   45.837 -163.805   2965.3    702.0
     1     1    19     3     5     5     0     1  -127.0   45.869 -164.451   3000.4    697.0
     1     1    19     3     5     4     0     2  -128.0   45.859 -165.123   3014.8    695.2
     1     1    19     3     5     3     0     3  -129.0   45.805 -165.813   3016.5    695.7
     1     1    19     3     5     2     0     2  -130.0   45.729 -166.497   3022.4    696.1
     1     1    19     3     5     1     0     1  -131.0   45.633 -167.150   3037.0    694.8
     1     1    19     3     5     0     0     0  -132.0   45.511 -167.775   3063.9    693.1
     1     1    19     3     4    23     0     1  -133.0   45.385 -168.393   3099.0    689.2
     1     1    19     3     4    22     0     2  -134.0   45.255 -169.028   3122.6    686.4
     1     1    19     3     4    21     0     3  -135.0   45.113 -169.676   3122.9    686.3
     1     1    19     3     4    20     0     2  -136.0   44.968 -170.330   3109.9    688.4
     1     1    19     3     4    19     0     1  -137.0   44.818 -171.007   3100.4    689.5
     1     1    19     3     4    18     0     0  -138.0   44.659 -171.723   3109.9    689.2
     1     1    19     3     4    17     0     1  -139.0   44.480 -172.475   3137.5    685.7
     1     1    19     3     4    16     0     2  -140.0   44.272 -173.246   3169.9    682.2
     1     1    19     3     4    15     0     3  -141.0   44.035 -174.038   3185.3    680.6
     1     1    19     3     4    14     0     2  -142.0   43.784 -174.818   3206.2    679.7
     1     1    19     3     4    13     0     1  -143.0   43.519 -175.571   3244.0    676.1
     1     1    19     3     4    12     0     0  -144.0   43.243 -176.305   3270.0    673.8
     1     1    19     3     4    11     0     1  -145.0   42.977 -177.043   3285.2    672.5
     1     1    19     3     4    10     0     2  -146.0   42.738 -177.810   3299.2    671.2
     1     1    19     3     4     9     0     3  -147.0   42.519 -178.625   3317.7    669.3
     1     1    19     3     4     8     0     2  -148.0   42.306 -179.482   3343.8    666.9
     1     1    19     3     4     7     0     1  -149.0   42.095  179.630   3383.9    663.3
     1     1    19     3     4     6     0     0  -150.0   41.877  178.712   3457.9    656.4
     1     1    19     3     4     5     0     1  -151.0   41.649  177.776   3550.8    647.7
     1     1    19     3     4     4     0     2  -152.0   41.416  176.827   3636.3    640.0
     1     1    19     3     4     3     0     3  -153.0   41.187  175.848   3721.3    632.3
     1     1    19     3     4     2     0     2  -154.0   40.988  174.830   3819.0    623.6
     1     1    19     3     4     1     0     1  -155.0   40.807  173.784   3901.2    616.2
     1     1    19     3     4     0     0     0  -156.0   40.646  172.713   3969.3    610.3
     1     1    19     3     3    23     0     1  -157.0   40.518  171.598   4058.5    602.5
     1     1    19     3     3    22     0     2  -158.0   40.419  170.459   4143.7    594.7
     1     1    19     3     3    21     0     3  -159.0   40.357  169.318   4206.3    589.5
     1     1    19     3     3    20     0     2  -160.0   40.330  168.164   4275.9    583.5
     1     1    19     3     3    19     0     1  -161.0   40.331  166.989   4360.0    576.2
     1     1    19     3     3    18     0     0  -162.0   40.365  165.790   4462.4    567.5
     1     1    19     3     3    17     0     1  -163.0   40.441  164.577   4579.2    557.4
     1     1    19     3     3    16     0     2  -164.0   40.547  163.366   4677.3    549.4
     1     1    19     3     3    15     0     3  -165.0   40.685  162.144   4766.5    541.9
     1     1    19     3     3    14     0     2  -166.0   40.854  160.914   4849.4    535.6
     1     1    19     3     3    13     0     1  -167.0   41.053  159.687   4936.6    528.5
     1     1    19     3     3    12     0     0  -168.0   41.285  158.436   5037.7    521.0
     1     1    19     3     3    11     0     1  -169.0   41.546  157.149   5162.3    510.9
     1     1    19     3     3    10     0     2  -170.0   41.824  155.859   5268.6    502.4
     1     1    19     3     3     9     0     3  -171.0   42.121  154.572   5331.5    497.9
     1     1    19     3     3     8     0     2  -172.0   42.432  153.283   5390.0    493.8
     1     1    19     3     3     7     0     1  -173.0   42.745  152.002   5495.7    486.5
     1     1    19     3     3     6     0     0  -174.0   43.062  150.706   5656.1    474.3
     1     1    19     3     3     5     0     1  -175.0   43.384  149.395   5788.7    464.3
     1     1    19     3     3     4     0     2  -176.0   43.699  148.112   5851.0    460.1
     1     1    19     3     3     3     0     3  -177.0   44.010  146.864   5866.6    459.2
     1     1    19     3     3     2     0     2  -178.0   44.315  145.634   5881.9    452.8
     1     1    19     3     3     1     0     1  -179.0   44.609  144.421   5954.8    449.4
     1     1    19     3     3     0     0     0  -180.0   44.885  143.248   6095.6    440.7
     1     1    19     3     2    23     0     1  -181.0   45.163  142.120   6268.7    428.2
     1     1    19     3     2    22     0     2  -182.0   45.435  141.018   6340.4    427.3
     1     1    19     3     2    21     0     3  -183.0   45.689  139.949   6382.3    427.9
     1     1    19     3     2    20     0     2  -184.0   45.927  138.887   6486.0    419.3
     1     1    19     3     2    19     0     1  -185.0   46.128  137.835   6333.7    412.2
     1     1    19     3     2    18     0     0  -186.0   46.288  136.807   5977.8    399.6
     1     1    19     3     2    17     0     1  -187.0   46.428  135.765   6079.1    414.9
     1     1    19     3     2    16     0     2  -188.0   46.540  134.709   6244.5    423.3
     1     1    19     3     2    15     0     3  -189.0   46.602  133.678   6302.5    426.3
     1     1    19     3     2    14     0     2  -190.0   46.634  132.705   6284.8    429.2
     1     1    19     3     2    13     0     1  -191.0   46.666  131.776   6188.2    433.5
     1     1    19     3     2    12     0     0  -192.0   46.702  130.865   6086.0    438.9
     1     1    19     3     2    11     0     1  -193.0   46.748  129.961   5998.1    442.3
     1     1    19     3     2    10     0     2  -194.0   46.794  129.050   5874.3    439.0
     1     1    19     3     2     9     0     3  -195.0   46.829  128.124   5849.1    450.3
     1     1    19     3     2     8     0     2  -196.0   46.860  127.196   5803.5    456.5
     1     1    19     3     2     7     0     1  -197.0   46.891  126.274   5693.0    462.8
     1     1    19     3     2     6     0     0  -198.0   46.932  125.360   5594.4    469.4
     1     1    19     3     2     5     0     1  -199.0   47.010  124.467   5488.4    478.6
     1     1    19     3     2     4     0     2  -200.0   47.124  123.578   5384.9    487.9
     1     1    19     3     2     3     0     3  -201.0   47.257  122.639   5435.8    472.4
     1     1    19     3     2     2     0     2  -202.0   47.399  121.658   5404.7    448.9
     1     1    19     3     2     1     0     1  -203.0   47.569  120.715   5173.3    447.2
     1     1    19     3     2     0     0     0  -204.0   47.791  119.784   5192.2    449.2
     1     1    19     3     1    23     0     1  -205.0   48.050  118.873   5320.9    452.7
     1     1    19     3     1    22     0     2  -206.0   48.317  118.005   5401.9    458.1
     1     1    19     3     1    21     0     3  -207.0   48.585  117.151   5456.4    452.5
     1     1    19     3     1    20     0     2  -208.0   48.867  116.306   5465.7    446.3
     1     1    19     3     1    19     0     1  -209.0   49.155  115.484   5462.9    445.3
     1     1    19     3     1    18     0     0  -210.0   49.452  114.655   5563.1    433.2
     1     1    19     3     1    17     0     1  -211.0   49.759  113.856   5621.5    425.4
     1     1    19     3     1    16     0     2  -212.0   50.060  113.102   5732.5    415.2
     1     1    19     3     1    15     0     3  -213.0   50.366  112.362   5824.8    398.1
     1     1    19     3     1    14     0     2  -214.0   50.693  111.640   5958.5    390.4
     1     1    19     3     1    13     0     1  -215.0   51.030  110.940   6102.9    380.7
     1     1    19     3     1    12     0     0  -216.0   51.386  110.264   6248.2    377.6
     1     1    19     3     1    11     0     1  -217.0   51.741  109.618   6417.0    380.2
     1     1    19     3     1    10     0     2  -218.0   52.053  108.976   6561.1    376.3
     1     1    19     3     1     9     0     3  -219.0   52.340  108.330   6675.3    371.4
     1     1    19     3     1     8     0     2  -220.0   52.615  107.668   6844.6    369.4
     1     1    19     3     1     7     0     1  -221.0   52.861  106.989   6980.2    366.3
     1     1    19     3     1     6     0     0  -222.0   53.097  106.311   7001.5    352.8
     1     1    19     3     1     5     0     1  -223.0   53.338  105.589   7080.1    345.9
     1     1    19     3     1     4     0     2  -224.0   53.579  104.772   7167.2    339.1
     1     1    19     3     1     3     0     3  -225.0   53.837  103.896   7296.5    338.8
     1     1    19     3     1     2     0     2  -226.0   54.125  102.953   7490.1    337.6
     1     1    19     3     1     1     0     1  -227.0   54.404  101.924   7618.9    329.5
     1     1    19     3     1     0     0     0  -228.0   54.716  100.816   7726.3    323.8
     1     1    19     2    28    23     0     1  -229.0   55.003   99.564   7810.0    318.4
     1     1    19     2    28    22     0     2  -230.0   55.213   98.255   7813.2    314.7
     1     1    19     2    28    21     0     3  -231.0   55.407   96.888   7862.8    315.4
     1     1    19     2    28    20     0     2  -232.0   55.563   95.412   7946.6    315.5
     1     1    19     2    28    19     0     1  -233.0   55.665   93.872   7946.4    313.0
     1     1    19     2    28    18     0     0  -234.0   55.717   92.212   7915.2    314.0
     1     1    19     2    28    17     0     1  -235.0   55.667   90.571   7850.0    323.8
     1     1    19     2    28    16     0     2  -236.0   55.525   88.954   7723.2    322.1
     1     1    19     2    28    15     0     3  -237.0   55.302   87.287   7765.4    330.0
     1     1    19     2    28    14     0     2  -238.0   54.973   85.619   7815.0    331.9
     1     1    19     2    28    13     0     1  -239.0   54.558   84.070   7732.4    336.3
     1     1    19     2    28    12     0     0  -240.0   54.042   82.601   7622.3    341.5
