     7     1
    GDAS    18    12     1     0     0
    GDAS    19     1     1     0     0
    GDAS    19     2     1     0     0
    GDAS    19     3     1     0     0
    GDAS    19     4     1     0     0
    GDAS    19     5     1     0     0
    GDAS    19     6     1     0     0
     1 BACKWARD OMEGA   
    19     2    10    12   21.319 -157.670    10.0
     1 PRESSURE
     1     1    19     2    10    12     0     0     0.0   21.319 -157.670     10.0   1006.8
     1     1    19     2    10    11     0     1    -1.0   21.427 -157.956      9.4   1008.8
     1     1    19     2    10    10     0     2    -2.0   21.574 -158.252     10.7   1010.0
     1     1    19     2    10     9     0     3    -3.0   21.761 -158.545     14.0   1010.6
     1     1    19     2    10     8     0     2    -4.0   21.976 -158.820     23.6   1010.0
     1     1    19     2    10     7     0     1    -5.0   22.218 -159.083     43.3   1008.0
     1     1    19     2    10     6     0     0    -6.0   22.508 -159.353     63.6   1005.3
     1     1    19     2    10     5     0     1    -7.0   22.847 -159.632     73.9   1004.3
     1     1    19     2    10     4     0     2    -8.0   23.224 -159.907     76.7   1004.7
     1     1    19     2    10     3     0     3    -9.0   23.638 -160.176     76.9   1005.7
     1     1    19     2    10     2     0     2   -10.0   24.080 -160.445     77.9   1006.6
     1     1    19     2    10     1     0     1   -11.0   24.541 -160.711     79.6   1006.6
     1     1    19     2    10     0     0     0   -12.0   25.020 -160.968     80.1   1006.6
     1     1    19     2     9    23     0     1   -13.0   25.520 -161.207     79.5   1008.3
     1     1    19     2     9    22     0     2   -14.0   26.044 -161.422     78.7   1009.7
     1     1    19     2     9    21     0     3   -15.0   26.582 -161.615     79.5   1010.6
     1     1    19     2     9    20     0     2   -16.0   27.131 -161.809     81.0   1011.0
     1     1    19     2     9    19     0     1   -17.0   27.695 -162.014     83.2   1012.2
     1     1    19     2     9    18     0     0   -18.0   28.275 -162.214     89.2   1012.6
     1     1    19     2     9    17     0     1   -19.0   28.854 -162.396     96.4   1011.8
     1     1    19     2     9    16     0     2   -20.0   29.416 -162.548    100.1   1011.6
     1     1    19     2     9    15     0     3   -21.0   29.957 -162.670     99.4   1012.0
     1     1    19     2     9    14     0     2   -22.0   30.489 -162.770     97.3   1013.1
     1     1    19     2     9    13     0     1   -23.0   31.028 -162.860     96.4   1014.4
     1     1    19     2     9    12     0     0   -24.0   31.566 -162.933     96.2   1015.4
     1     1    19     2     9    11     0     1   -25.0   32.097 -162.991     96.2   1016.6
     1     1    19     2     9    10     0     2   -26.0   32.617 -163.037     96.2   1017.7
     1     1    19     2     9     9     0     3   -27.0   33.122 -163.071     96.2   1018.7
     1     1    19     2     9     8     0     2   -28.0   33.619 -163.105     96.2   1018.6
     1     1    19     2     9     7     0     1   -29.0   34.120 -163.154     96.2   1018.6
     1     1    19     2     9     6     0     0   -30.0   34.618 -163.213     96.2   1018.6
     1     1    19     2     9     5     0     1   -31.0   35.106 -163.271     96.2   1018.6
     1     1    19     2     9     4     0     2   -32.0   35.586 -163.326     96.2   1018.7
     1     1    19     2     9     3     0     3   -33.0   36.058 -163.387     96.2   1018.9
     1     1    19     2     9     2     0     2   -34.0   36.521 -163.465     96.2   1019.2
     1     1    19     2     9     1     0     1   -35.0   36.981 -163.570     96.2   1019.8
     1     1    19     2     9     0     0     0   -36.0   37.436 -163.709     96.2   1020.1
     1     1    19     2     8    23     0     1   -37.0   37.881 -163.870     96.2   1019.9
     1     1    19     2     8    22     0     2   -38.0   38.307 -164.041     96.2   1019.7
     1     1    19     2     8    21     0     3   -39.0   38.712 -164.223     96.2   1020.0
     1     1    19     2     8    20     0     2   -40.0   39.105 -164.417     97.0   1020.1
     1     1    19     2     8    19     0     1   -41.0   39.497 -164.626     99.2   1019.9
     1     1    19     2     8    18     0     0   -42.0   39.883 -164.851    101.3   1019.6
     1     1    19     2     8    17     0     1   -43.0   40.260 -165.092    102.0   1019.0
     1     1    19     2     8    16     0     2   -44.0   40.621 -165.346    102.0   1018.3
     1     1    19     2     8    15     0     3   -45.0   40.965 -165.614    102.0   1018.0
     1     1    19     2     8    14     0     2   -46.0   41.305 -165.899    102.0   1018.2
     1     1    19     2     8    13     0     1   -47.0   41.648 -166.200    102.0   1017.6
     1     1    19     2     8    12     0     0   -48.0   41.986 -166.526    102.0   1017.1
     1     1    19     2     8    11     0     1   -49.0   42.318 -166.864    102.0   1017.4
     1     1    19     2     8    10     0     2   -50.0   42.650 -167.197    102.0   1016.9
     1     1    19     2     8     9     0     3   -51.0   42.981 -167.528    102.0   1016.4
     1     1    19     2     8     8     0     2   -52.0   43.313 -167.879    103.3   1016.0
     1     1    19     2     8     7     0     1   -53.0   43.648 -168.264    108.0   1014.7
     1     1    19     2     8     6     0     0   -54.0   43.978 -168.676    120.6   1012.5
     1     1    19     2     8     5     0     1   -55.0   44.298 -169.094    137.0   1009.4
     1     1    19     2     8     4     0     2   -56.0   44.602 -169.505    146.5   1007.0
     1     1    19     2     8     3     0     3   -57.0   44.887 -169.911    149.1   1006.3
     1     1    19     2     8     2     0     2   -58.0   45.156 -170.315    151.0   1005.9
     1     1    19     2     8     1     0     1   -59.0   45.415 -170.721    156.8   1004.4
     1     1    19     2     8     0     0     0   -60.0   45.666 -171.133    166.4   1002.6
     1     1    19     2     7    23     0     1   -61.0   45.910 -171.563    178.4    999.9
     1     1    19     2     7    22     0     2   -62.0   46.146 -172.025    190.9    997.4
     1     1    19     2     7    21     0     3   -63.0   46.377 -172.519    204.7    995.1
     1     1    19     2     7    20     0     2   -64.0   46.595 -173.043    221.5    992.0
     1     1    19     2     7    19     0     1   -65.0   46.796 -173.597    241.3    988.7
     1     1    19     2     7    18     0     0   -66.0   46.984 -174.180    262.5    985.2
     1     1    19     2     7    17     0     1   -67.0   47.161 -174.802    282.1    981.1
     1     1    19     2     7    16     0     2   -68.0   47.323 -175.459    300.2    978.0
     1     1    19     2     7    15     0     3   -69.0   47.472 -176.147    317.6    974.6
     1     1    19     2     7    14     0     2   -70.0   47.609 -176.866    334.5    971.7
     1     1    19     2     7    13     0     1   -71.0   47.738 -177.611    354.7    968.3
     1     1    19     2     7    12     0     0   -72.0   47.864 -178.382    377.4    964.4
     1     1    19     2     7    11     0     1   -73.0   47.998 -179.185    396.2    960.9
     1     1    19     2     7    10     0     2   -74.0   48.136  179.990    412.7    957.8
     1     1    19     2     7     9     0     3   -75.0   48.291  179.137    422.4    955.3
     1     1    19     2     7     8     0     2   -76.0   48.460  178.250    428.3    953.7
     1     1    19     2     7     7     0     1   -77.0   48.634  177.344    440.2    950.8
     1     1    19     2     7     6     0     0   -78.0   48.822  176.427    446.3    948.7
     1     1    19     2     7     5     0     1   -79.0   49.015  175.491    448.6    947.3
     1     1    19     2     7     4     0     2   -80.0   49.195  174.567    448.9    946.4
     1     1    19     2     7     3     0     3   -81.0   49.382  173.644    444.1    946.1
     1     1    19     2     7     2     0     2   -82.0   49.577  172.710    438.5    946.5
     1     1    19     2     7     1     0     1   -83.0   49.760  171.834    437.1    945.8
     1     1    19     2     7     0     0     0   -84.0   49.938  170.980    407.7    947.7
     1     1    19     2     6    23     0     1   -85.0   50.126  170.094    376.5    952.1
     1     1    19     2     6    22     0     2   -86.0   50.295  169.225    354.5    953.4
     1     1    19     2     6    21     0     3   -87.0   50.439  168.365    311.5    958.6
     1     1    19     2     6    20     0     2   -88.0   50.567  167.483    280.0    962.8
     1     1    19     2     6    19     0     1   -89.0   50.669  166.651    253.6    965.2
     1     1    19     2     6    18     0     0   -90.0   50.765  165.782    217.5    969.5
     1     1    19     2     6    17     0     1   -91.0   50.846  164.898    203.3    971.0
     1     1    19     2     6    16     0     2   -92.0   50.911  164.038    194.5    971.6
     1     1    19     2     6    15     0     3   -93.0   50.979  163.102    196.2    971.8
     1     1    19     2     6    14     0     2   -94.0   51.058  162.149    205.5    970.4
     1     1    19     2     6    13     0     1   -95.0   51.151  161.247    206.1    970.0
     1     1    19     2     6    12     0     0   -96.0   51.272  160.379    192.2    972.2
     1     1    19     2     6    11     0     1   -97.0   51.389  159.563    176.9    974.7
     1     1    19     2     6    10     0     2   -98.0   51.502  158.790    184.7    971.4
     1     1    19     2     6     9     0     3   -99.0   51.656  157.971    373.8    929.2
     1     1    19     2     6     8     0     2  -100.0   51.842  157.073    493.0    897.2
     1     1    19     2     6     7     0     1  -101.0   51.978  156.226    352.1    947.7
     1     1    19     2     6     6     0     0  -102.0   52.121  155.422    264.2    966.4
     1     1    19     2     6     5     0     1  -103.0   52.277  154.596    220.0    971.1
     1     1    19     2     6     4     0     2  -104.0   52.454  153.802    189.9    974.6
     1     1    19     2     6     3     0     3  -105.0   52.663  153.086    165.4    978.3
     1     1    19     2     6     2     0     2  -106.0   52.900  152.492    141.2    980.2
     1     1    19     2     6     1     0     1  -107.0   53.145  152.035    114.1    985.0
     1     1    19     2     6     0     0     0  -108.0   53.402  151.706     94.8    988.2
     1     1    19     2     5    23     0     1  -109.0   53.671  151.486     84.3    989.1
     1     1    19     2     5    22     0     2  -110.0   53.948  151.416     82.5    989.4
     1     1    19     2     5    21     0     3  -111.0   54.245  151.449     87.8    987.9
     1     1    19     2     5    20     0     2  -112.0   54.569  151.526     94.2    986.3
     1     1    19     2     5    19     0     1  -113.0   54.920  151.639     99.3    985.2
     1     1    19     2     5    18     0     0  -114.0   55.287  151.796    103.2    984.4
     1     1    19     2     5    17     0     1  -115.0   55.651  151.998    104.7    984.7
     1     1    19     2     5    16     0     2  -116.0   56.007  152.244    104.7    985.0
     1     1    19     2     5    15     0     3  -117.0   56.358  152.532    104.7    985.0
     1     1    19     2     5    14     0     2  -118.0   56.706  152.859    104.7    984.9
     1     1    19     2     5    13     0     1  -119.0   57.053  153.228    104.7    985.1
     1     1    19     2     5    12     0     0  -120.0   57.397  153.620    104.7    985.2
     1     1    19     2     5    11     0     1  -121.0   57.738  154.021    104.7    985.3
     1     1    19     2     5    10     0     2  -122.0   58.072  154.432    107.3    985.3
     1     1    19     2     5     9     0     3  -123.0   58.399  154.816    127.2    984.7
     1     1    19     2     5     8     0     2  -124.0   58.722  155.135    170.6    979.2
     1     1    19     2     5     7     0     1  -125.0   59.041  155.390    221.2    971.5
     1     1    19     2     5     6     0     0  -126.0   59.347  155.600    254.4    965.9
     1     1    19     2     5     5     0     1  -127.0   59.621  155.764    263.4    966.4
     1     1    19     2     5     4     0     2  -128.0   59.852  155.874    263.6    967.5
     1     1    19     2     5     3     0     3  -129.0   60.041  155.924    267.6    966.6
     1     1    19     2     5     2     0     2  -130.0   60.201  155.938    287.3    960.2
     1     1    19     2     5     1     0     1  -131.0   60.345  155.944    326.6    949.7
     1     1    19     2     5     0     0     0  -132.0   60.473  155.951    374.3    939.3
     1     1    19     2     4    23     0     1  -133.0   60.589  155.966    415.6    930.1
     1     1    19     2     4    22     0     2  -134.0   60.695  155.991    441.0    924.5
     1     1    19     2     4    21     0     3  -135.0   60.792  156.023    448.7    921.7
     1     1    19     2     4    20     0     2  -136.0   60.880  156.047    446.1    921.2
     1     1    19     2     4    19     0     1  -137.0   60.953  156.052    438.0    920.7
     1     1    19     2     4    18     0     0  -138.0   61.012  156.042    425.8    920.6
     1     1    19     2     4    17     0     1  -139.0   61.065  156.024    410.7    919.9
     1     1    19     2     4    16     0     2  -140.0   61.123  156.007    394.8    919.0
     1     1    19     2     4    15     0     3  -141.0   61.188  155.991    378.9    917.6
     1     1    19     2     4    14     0     2  -142.0   61.264  155.969    376.4    914.8
     1     1    19     2     4    13     0     1  -143.0   61.352  155.947    385.9    907.9
     1     1    19     2     4    12     0     0  -144.0   61.452  155.932    400.4    901.0
     1     1    19     2     4    11     0     1  -145.0   61.565  155.919    417.5    894.3
     1     1    19     2     4    10     0     2  -146.0   61.689  155.901    436.9    886.5
     1     1    19     2     4     9     0     3  -147.0   61.826  155.877    456.1    878.2
     1     1    19     2     4     8     0     2  -148.0   61.981  155.865    466.3    870.5
     1     1    19     2     4     7     0     1  -149.0   62.160  155.882    466.6    871.2
     1     1    19     2     4     6     0     0  -150.0   62.362  155.927    458.9    874.0
     1     1    19     2     4     5     0     1  -151.0   62.595  155.984    443.7    878.2
     1     1    19     2     4     4     0     2  -152.0   62.854  156.038    418.2    881.9
     1     1    19     2     4     3     0     3  -153.0   63.121  156.086    382.6    887.7
     1     1    19     2     4     2     0     2  -154.0   63.388  156.111    356.2    897.0
     1     1    19     2     4     1     0     1  -155.0   63.661  156.099    355.1    902.8
     1     1    19     2     4     0     0     0  -156.0   63.948  156.057    379.6    905.9
     1     1    19     2     3    23     0     1  -157.0   64.265  156.058    411.7    905.4
     1     1    19     2     3    22     0     2  -158.0   64.598  156.209    445.2    904.7
     1     1    19     2     3    21     0     3  -159.0   64.931  156.560    465.1    901.7
     1     1    19     2     3    20     0     2  -160.0   65.265  157.016    444.5    895.0
     1     1    19     2     3    19     0     1  -161.0   65.623  157.423    417.1    899.5
     1     1    19     2     3    18     0     0  -162.0   66.027  157.749    395.2    906.8
     1     1    19     2     3    17     0     1  -163.0   66.445  157.996    390.6    917.0
     1     1    19     2     3    16     0     2  -164.0   66.870  158.257    427.3    917.9
     1     1    19     2     3    15     0     3  -165.0   67.320  158.661    468.5    913.3
     1     1    19     2     3    14     0     2  -166.0   67.768  159.180    448.0    919.4
     1     1    19     2     3    13     0     1  -167.0   68.201  159.635    339.8    945.6
     1     1    19     2     3    12     0     0  -168.0   68.604  159.889    248.1    975.2
     1     1    19     2     3    11     0     1  -169.0   69.032  160.194    231.3    982.0
     1     1    19     2     3    10     0     2  -170.0   69.481  160.647    248.5    975.2
     1     1    19     2     3     9     0     3  -171.0   69.897  161.172    243.1    976.9
     1     1    19     2     3     8     0     2  -172.0   70.286  161.746    233.2    980.8
     1     1    19     2     3     7     0     1  -173.0   70.677  162.351    227.4    981.6
     1     1    19     2     3     6     0     0  -174.0   71.086  162.976    225.5    982.3
     1     1    19     2     3     5     0     1  -175.0   71.503  163.630    226.3    982.4
     1     1    19     2     3     4     0     2  -176.0   71.913  164.306    227.7    982.8
     1     1    19     2     3     3     0     3  -177.0   72.313  165.001    228.6    983.2
     1     1    19     2     3     2     0     2  -178.0   72.698  165.701    227.3    984.1
     1     1    19     2     3     1     0     1  -179.0   73.064  166.395    224.5    985.3
     1     1    19     2     3     0     0     0  -180.0   73.412  167.085    222.8    986.5
     1     1    19     2     2    23     0     1  -181.0   73.747  167.786    222.2    986.9
     1     1    19     2     2    22     0     2  -182.0   74.069  168.500    221.0    987.7
     1     1    19     2     2    21     0     3  -183.0   74.371  169.223    220.3    988.5
     1     1    19     2     2    20     0     2  -184.0   74.653  169.943    220.3    989.0
     1     1    19     2     2    19     0     1  -185.0   74.910  170.660    220.3    989.7
     1     1    19     2     2    18     0     0  -186.0   75.141  171.374    220.3    990.2
     1     1    19     2     2    17     0     1  -187.0   75.346  172.075    219.9    990.7
     1     1    19     2     2    16     0     2  -188.0   75.523  172.772    218.6    991.4
     1     1    19     2     2    15     0     3  -189.0   75.674  173.473    216.5    992.3
     1     1    19     2     2    14     0     2  -190.0   75.799  174.184    216.6    992.9
     1     1    19     2     2    13     0     1  -191.0   75.898  174.906    219.1    992.8
     1     1    19     2     2    12     0     0  -192.0   75.973  175.645    222.8    992.8
     1     1    19     2     2    11     0     1  -193.0   76.027  176.411    226.5    992.6
     1     1    19     2     2    10     0     2  -194.0   76.057  177.205    229.5    992.5
     1     1    19     2     2     9     0     3  -195.0   76.069  178.018    230.7    992.6
     1     1    19     2     2     8     0     2  -196.0   76.062  178.860    230.7    992.7
     1     1    19     2     2     7     0     1  -197.0   76.039  179.751    230.7    992.8
     1     1    19     2     2     6     0     0  -198.0   76.003 -179.305    230.7    992.9
     1     1    19     2     2     5     0     1  -199.0   75.947 -178.333    230.7    993.3
     1     1    19     2     2     4     0     2  -200.0   75.875 -177.365    230.7    993.7
     1     1    19     2     2     3     0     3  -201.0   75.792 -176.399    230.7    994.1
     1     1    19     2     2     2     0     2  -202.0   75.699 -175.437    230.7    994.7
     1     1    19     2     2     1     0     1  -203.0   75.596 -174.461    230.7    995.3
     1     1    19     2     2     0     0     0  -204.0   75.485 -173.467    230.7    995.8
     1     1    19     2     1    23     0     1  -205.0   75.368 -172.457    230.7    996.1
     1     1    19     2     1    22     0     2  -206.0   75.243 -171.439    230.7    996.5
     1     1    19     2     1    21     0     3  -207.0   75.109 -170.425    230.7    996.9
     1     1    19     2     1    20     0     2  -208.0   74.970 -169.430    230.7    997.6
     1     1    19     2     1    19     0     1  -209.0   74.827 -168.466    230.7    998.1
     1     1    19     2     1    18     0     0  -210.0   74.687 -167.535    230.7    998.7
     1     1    19     2     1    17     0     1  -211.0   74.554 -166.658    230.7    999.4
     1     1    19     2     1    16     0     2  -212.0   74.432 -165.836    230.7    999.9
     1     1    19     2     1    15     0     3  -213.0   74.319 -165.065    230.7   1000.4
     1     1    19     2     1    14     0     2  -214.0   74.212 -164.329    230.7   1001.0
     1     1    19     2     1    13     0     1  -215.0   74.108 -163.612    230.7   1001.5
     1     1    19     2     1    12     0     0  -216.0   74.008 -162.916    230.7   1001.8
     1     1    19     2     1    11     0     1  -217.0   73.916 -162.249    230.7   1002.2
     1     1    19     2     1    10     0     2  -218.0   73.838 -161.626    230.7   1002.5
     1     1    19     2     1     9     0     3  -219.0   73.781 -161.059    230.7   1002.9
     1     1    19     2     1     8     0     2  -220.0   73.744 -160.545    230.7   1003.1
     1     1    19     2     1     7     0     1  -221.0   73.722 -160.070    230.7   1003.2
     1     1    19     2     1     6     0     0  -222.0   73.717 -159.635    230.7   1003.3
     1     1    19     2     1     5     0     1  -223.0   73.740 -159.237    230.7   1003.4
     1     1    19     2     1     4     0     2  -224.0   73.799 -158.872    230.7   1003.4
     1     1    19     2     1     3     0     3  -225.0   73.890 -158.529    230.7   1003.4
     1     1    19     2     1     2     0     2  -226.0   74.006 -158.246    230.7   1003.3
     1     1    19     2     1     1     0     1  -227.0   74.140 -158.067    230.7   1003.3
     1     1    19     2     1     0     0     0  -228.0   74.293 -157.995    230.7   1003.3
     1     1    19     1    31    23     0     1  -229.0   74.461 -158.015    230.9   1003.0
     1     1    19     1    31    22     0     2  -230.0   74.639 -158.104    231.7   1002.4
     1     1    19     1    31    21     0     3  -231.0   74.829 -158.257    234.5   1001.7
     1     1    19     1    31    20     0     2  -232.0   75.037 -158.475    240.3   1000.4
     1     1    19     1    31    19     0     1  -233.0   75.274 -158.774    248.7    998.6
     1     1    19     1    31    18     0     0  -234.0   75.540 -159.161    258.0    996.7
     1     1    19     1    31    17     0     1  -235.0   75.821 -159.660    265.1    995.0
     1     1    19     1    31    16     0     2  -236.0   76.098 -160.298    269.3    993.9
     1     1    19     1    31    15     0     3  -237.0   76.366 -161.074    273.2    993.1
     1     1    19     1    31    14     0     2  -238.0   76.625 -161.952    277.4    991.6
     1     1    19     1    31    13     0     1  -239.0   76.878 -162.895    280.1    990.5
     1     1    19     1    31    12     0     0  -240.0   77.125 -163.907    281.0    989.7
