     7     1
    GDAS    19     6     1     0     0
    GDAS    19     7     1     0     0
    GDAS    19     8     1     0     0
    GDAS    19     9     1     0     0
    GDAS    19    10     1     0     0
    GDAS    19    11     1     0     0
    GDAS    19    12     1     0     0
     1 BACKWARD OMEGA   
    19     7     5    18   21.319 -157.670    10.0
     1 PRESSURE
     1     1    19     7     5    18     0     0     0.0   21.319 -157.670     10.0   1010.4
     1     1    19     7     5    17     0     1    -1.0   21.308 -157.559     19.3   1008.5
     1     1    19     7     5    16     0     2    -2.0   21.305 -157.437     44.6   1004.8
     1     1    19     7     5    15     0     3    -3.0   21.306 -157.303     94.0    997.8
     1     1    19     7     5    14     0     2    -4.0   21.313 -157.167    161.0    989.3
     1     1    19     7     5    13     0     1    -5.0   21.326 -157.041    238.6    979.5
     1     1    19     7     5    12     0     0    -6.0   21.338 -156.923    313.0    970.1
     1     1    19     7     5    11     0     1    -7.0   21.336 -156.796    377.0    964.6
     1     1    19     7     5    10     0     2    -8.0   21.311 -156.643    437.4    960.0
     1     1    19     7     5     9     0     3    -9.0   21.265 -156.472    502.3    954.2
     1     1    19     7     5     8     0     2   -10.0   21.204 -156.290    565.7    947.3
     1     1    19     7     5     7     0     1   -11.0   21.127 -156.101    617.6    943.3
     1     1    19     7     5     6     0     0   -12.0   21.038 -155.907    654.2    939.4
     1     1    19     7     5     5     0     1   -13.0   20.957 -155.719    682.7    937.2
     1     1    19     7     5     4     0     2   -14.0   20.897 -155.546    714.0    933.1
     1     1    19     7     5     3     0     3   -15.0   20.851 -155.385    746.8    929.1
     1     1    19     7     5     2     0     2   -16.0   20.814 -155.232    781.8    925.5
     1     1    19     7     5     1     0     1   -17.0   20.782 -155.081    818.4    921.6
     1     1    19     7     5     0     0     0   -18.0   20.753 -154.926    855.1    917.9
     1     1    19     7     4    23     0     1   -19.0   20.728 -154.772    890.5    914.4
     1     1    19     7     4    22     0     2   -20.0   20.712 -154.623    924.7    911.1
     1     1    19     7     4    21     0     3   -21.0   20.708 -154.479    960.0    907.7
     1     1    19     7     4    20     0     2   -22.0   20.713 -154.339    987.4    903.7
     1     1    19     7     4    19     0     1   -23.0   20.721 -154.197    999.0    902.7
     1     1    19     7     4    18     0     0   -24.0   20.729 -154.049    999.9    902.9
     1     1    19     7     4    17     0     1   -25.0   20.742 -153.895   1003.9    903.2
     1     1    19     7     4    16     0     2   -26.0   20.770 -153.738   1021.8    900.9
     1     1    19     7     4    15     0     3   -27.0   20.812 -153.581   1054.8    897.1
     1     1    19     7     4    14     0     2   -28.0   20.862 -153.426   1103.3    892.2
     1     1    19     7     4    13     0     1   -29.0   20.912 -153.275   1165.8    885.8
     1     1    19     7     4    12     0     0   -30.0   20.965 -153.128   1237.0    877.9
     1     1    19     7     4    11     0     1   -31.0   21.026 -152.980   1297.6    870.6
     1     1    19     7     4    10     0     2   -32.0   21.097 -152.820   1331.9    867.7
     1     1    19     7     4     9     0     3   -33.0   21.175 -152.648   1346.5    867.4
     1     1    19     7     4     8     0     2   -34.0   21.256 -152.470   1357.9    867.1
     1     1    19     7     4     7     0     1   -35.0   21.338 -152.297   1368.6    865.0
     1     1    19     7     4     6     0     0   -36.0   21.421 -152.128   1365.3    864.5
     1     1    19     7     4     5     0     1   -37.0   21.501 -151.957   1355.6    866.7
     1     1    19     7     4     4     0     2   -38.0   21.574 -151.787   1359.7    866.8
     1     1    19     7     4     3     0     3   -39.0   21.639 -151.622   1382.7    864.1
     1     1    19     7     4     2     0     2   -40.0   21.697 -151.467   1416.2    860.3
     1     1    19     7     4     1     0     1   -41.0   21.750 -151.325   1448.1    856.8
     1     1    19     7     4     0     0     0   -42.0   21.801 -151.196   1468.6    854.6
     1     1    19     7     3    23     0     1   -43.0   21.854 -151.065   1480.7    854.4
     1     1    19     7     3    22     0     2   -44.0   21.907 -150.920   1494.4    853.8
     1     1    19     7     3    21     0     3   -45.0   21.959 -150.760   1518.8    851.9
     1     1    19     7     3    20     0     2   -46.0   22.003 -150.593   1547.0    848.0
     1     1    19     7     3    19     0     1   -47.0   22.041 -150.428   1568.1    845.8
     1     1    19     7     3    18     0     0   -48.0   22.075 -150.268   1578.6    844.6
     1     1    19     7     3    17     0     1   -49.0   22.108 -150.111   1582.4    844.5
     1     1    19     7     3    16     0     2   -50.0   22.140 -149.954   1588.6    843.9
     1     1    19     7     3    15     0     3   -51.0   22.174 -149.794   1605.7    842.4
     1     1    19     7     3    14     0     2   -52.0   22.207 -149.629   1629.6    839.0
     1     1    19     7     3    13     0     1   -53.0   22.235 -149.458   1643.5    837.0
     1     1    19     7     3    12     0     0   -54.0   22.260 -149.279   1637.5    837.3
     1     1    19     7     3    11     0     1   -55.0   22.290 -149.090   1626.6    840.8
     1     1    19     7     3    10     0     2   -56.0   22.335 -148.894   1632.1    840.8
     1     1    19     7     3     9     0     3   -57.0   22.393 -148.690   1647.4    838.9
     1     1    19     7     3     8     0     2   -58.0   22.455 -148.483   1658.5    837.3
     1     1    19     7     3     7     0     1   -59.0   22.517 -148.283   1664.7    837.2
     1     1    19     7     3     6     0     0   -60.0   22.580 -148.088   1675.9    836.6
     1     1    19     7     3     5     0     1   -61.0   22.650 -147.899   1694.5    834.3
     1     1    19     7     3     4     0     2   -62.0   22.724 -147.714   1714.0    831.7
     1     1    19     7     3     3     0     3   -63.0   22.800 -147.528   1726.4    830.0
     1     1    19     7     3     2     0     2   -64.0   22.868 -147.345   1730.8    829.7
     1     1    19     7     3     1     0     1   -65.0   22.924 -147.164   1728.0    829.6
     1     1    19     7     3     0     0     0   -66.0   22.968 -146.984   1713.1    830.7
     1     1    19     7     2    23     0     1   -67.0   22.999 -146.803   1688.9    834.1
     1     1    19     7     2    22     0     2   -68.0   23.013 -146.622   1660.1    837.4
     1     1    19     7     2    21     0     3   -69.0   23.008 -146.438   1623.9    841.2
     1     1    19     7     2    20     0     2   -70.0   22.994 -146.257   1602.3    846.0
     1     1    19     7     2    19     0     1   -71.0   22.982 -146.077   1634.6    844.2
     1     1    19     7     2    18     0     0   -72.0   22.973 -145.891   1731.0    834.1
     1     1    19     7     2    17     0     1   -73.0   22.968 -145.711   1821.0    818.7
     1     1    19     7     2    16     0     2   -74.0   22.954 -145.531   1845.0    816.4
     1     1    19     7     2    15     0     3   -75.0   22.928 -145.337   1818.2    819.7
     1     1    19     7     2    14     0     2   -76.0   22.896 -145.132   1777.2    826.0
     1     1    19     7     2    13     0     1   -77.0   22.868 -144.923   1744.5    828.7
     1     1    19     7     2    12     0     0   -78.0   22.846 -144.715   1718.0    831.1
     1     1    19     7     2    11     0     1   -79.0   22.834 -144.511   1704.6    833.6
     1     1    19     7     2    10     0     2   -80.0   22.837 -144.308   1708.8    833.5
     1     1    19     7     2     9     0     3   -81.0   22.859 -144.101   1724.4    832.2
     1     1    19     7     2     8     0     2   -82.0   22.889 -143.894   1737.9    829.8
     1     1    19     7     2     7     0     1   -83.0   22.912 -143.694   1739.1    829.4
     1     1    19     7     2     6     0     0   -84.0   22.929 -143.500   1723.6    830.4
     1     1    19     7     2     5     0     1   -85.0   22.951 -143.308   1702.5    833.7
     1     1    19     7     2     4     0     2   -86.0   22.988 -143.116   1692.0    834.7
     1     1    19     7     2     3     0     3   -87.0   23.035 -142.916   1694.9    834.3
     1     1    19     7     2     2     0     2   -88.0   23.072 -142.720   1689.9    832.4
     1     1    19     7     2     1     0     1   -89.0   23.087 -142.530   1659.0    836.1
     1     1    19     7     2     0     0     0   -90.0   23.088 -142.336   1622.2    840.6
     1     1    19     7     1    23     0     1   -91.0   23.084 -142.131   1600.0    844.3
     1     1    19     7     1    22     0     2   -92.0   23.076 -141.918   1588.8    844.8
     1     1    19     7     1    21     0     3   -93.0   23.056 -141.696   1578.3    846.4
     1     1    19     7     1    20     0     2   -94.0   23.030 -141.473   1577.0    847.3
     1     1    19     7     1    19     0     1   -95.0   23.013 -141.256   1585.6    845.7
     1     1    19     7     1    18     0     0   -96.0   23.017 -141.044   1592.3    844.5
     1     1    19     7     1    17     0     1   -97.0   23.031 -140.845   1598.7    844.2
     1     1    19     7     1    16     0     2   -98.0   23.044 -140.665   1612.7    842.6
     1     1    19     7     1    15     0     3   -99.0   23.060 -140.500   1634.2    839.9
     1     1    19     7     1    14     0     2  -100.0   23.081 -140.339   1659.4    836.8
     1     1    19     7     1    13     0     1  -101.0   23.103 -140.179   1686.3    833.8
     1     1    19     7     1    12     0     0  -102.0   23.123 -140.027   1714.5    830.7
     1     1    19     7     1    11     0     1  -103.0   23.135 -139.873   1734.7    828.4
     1     1    19     7     1    10     0     2  -104.0   23.133 -139.702   1738.9    828.7
     1     1    19     7     1     9     0     3  -105.0   23.119 -139.511   1729.2    830.3
     1     1    19     7     1     8     0     2  -106.0   23.102 -139.309   1722.5    832.4
     1     1    19     7     1     7     0     1  -107.0   23.085 -139.107   1732.9    831.0
     1     1    19     7     1     6     0     0  -108.0   23.063 -138.907   1759.4    828.2
     1     1    19     7     1     5     0     1  -109.0   23.042 -138.712   1788.9    823.8
     1     1    19     7     1     4     0     2  -110.0   23.027 -138.520   1804.6    821.9
     1     1    19     7     1     3     0     3  -111.0   23.018 -138.326   1801.3    821.8
     1     1    19     7     1     2     0     2  -112.0   23.015 -138.130   1794.0    824.0
     1     1    19     7     1     1     0     1  -113.0   23.021 -137.936   1797.4    823.2
     1     1    19     7     1     0     0     0  -114.0   23.036 -137.741   1808.0    822.0
     1     1    19     6    30    23     0     1  -115.0   23.053 -137.547   1827.3    820.8
     1     1    19     6    30    22     0     2  -116.0   23.071 -137.352   1854.6    818.4
     1     1    19     6    30    21     0     3  -117.0   23.090 -137.149   1885.8    815.6
     1     1    19     6    30    20     0     2  -118.0   23.112 -136.942   1914.4    812.2
     1     1    19     6    30    19     0     1  -119.0   23.139 -136.744   1937.9    810.0
     1     1    19     6    30    18     0     0  -120.0   23.173 -136.554   1957.1    807.9
     1     1    19     6    30    17     0     1  -121.0   23.216 -136.369   1970.6    806.3
     1     1    19     6    30    16     0     2  -122.0   23.267 -136.191   1976.4    805.4
     1     1    19     6    30    15     0     3  -123.0   23.330 -136.021   1970.0    805.5
     1     1    19     6    30    14     0     2  -124.0   23.394 -135.856   1954.5    807.4
     1     1    19     6    30    13     0     1  -125.0   23.447 -135.697   1935.6    809.1
     1     1    19     6    30    12     0     0  -126.0   23.495 -135.544   1914.6    811.1
     1     1    19     6    30    11     0     1  -127.0   23.540 -135.394   1898.9    813.6
     1     1    19     6    30    10     0     2  -128.0   23.586 -135.241   1893.4    814.3
     1     1    19     6    30     9     0     3  -129.0   23.635 -135.088   1894.1    814.3
     1     1    19     6    30     8     0     2  -130.0   23.686 -134.935   1902.5    813.8
     1     1    19     6    30     7     0     1  -131.0   23.738 -134.782   1920.0    812.0
     1     1    19     6    30     6     0     0  -132.0   23.791 -134.628   1943.0    809.6
     1     1    19     6    30     5     0     1  -133.0   23.846 -134.477   1957.8    806.5
     1     1    19     6    30     4     0     2  -134.0   23.906 -134.331   1956.8    806.7
     1     1    19     6    30     3     0     3  -135.0   23.975 -134.192   1947.3    807.6
     1     1    19     6    30     2     0     2  -136.0   24.043 -134.056   1940.7    809.0
     1     1    19     6    30     1     0     1  -137.0   24.093 -133.924   1938.8    808.6
     1     1    19     6    30     0     0     0  -138.0   24.128 -133.793   1933.2    808.8
     1     1    19     6    29    23     0     1  -139.0   24.155 -133.656   1926.4    810.4
     1     1    19     6    29    22     0     2  -140.0   24.179 -133.509   1922.8    811.0
     1     1    19     6    29    21     0     3  -141.0   24.199 -133.357   1920.7    811.5
     1     1    19     6    29    20     0     2  -142.0   24.218 -133.196   1915.5    811.6
     1     1    19     6    29    19     0     1  -143.0   24.241 -133.023   1904.3    812.9
     1     1    19     6    29    18     0     0  -144.0   24.270 -132.839   1891.5    814.6
     1     1    19     6    29    17     0     1  -145.0   24.308 -132.645   1887.0    815.4
     1     1    19     6    29    16     0     2  -146.0   24.360 -132.445   1895.9    814.1
     1     1    19     6    29    15     0     3  -147.0   24.423 -132.235   1915.2    811.8
     1     1    19     6    29    14     0     2  -148.0   24.493 -132.029   1934.7    808.8
     1     1    19     6    29    13     0     1  -149.0   24.566 -131.838   1946.3    807.3
     1     1    19     6    29    12     0     0  -150.0   24.644 -131.662   1952.0    806.7
     1     1    19     6    29    11     0     1  -151.0   24.725 -131.490   1960.3    806.7
     1     1    19     6    29    10     0     2  -152.0   24.806 -131.316   1978.1    805.2
     1     1    19     6    29     9     0     3  -153.0   24.885 -131.142   2006.9    802.6
     1     1    19     6    29     8     0     2  -154.0   24.965 -130.973   2034.1    798.9
     1     1    19     6    29     7     0     1  -155.0   25.057 -130.814   2046.7    797.9
     1     1    19     6    29     6     0     0  -156.0   25.165 -130.663   2047.1    798.4
     1     1    19     6    29     5     0     1  -157.0   25.275 -130.523   2044.5    799.1
     1     1    19     6    29     4     0     2  -158.0   25.373 -130.399   2044.0    798.8
     1     1    19     6    29     3     0     3  -159.0   25.459 -130.289   2044.0    798.5
     1     1    19     6    29     2     0     2  -160.0   25.535 -130.186   2043.9    798.6
     1     1    19     6    29     1     0     1  -161.0   25.602 -130.078   2043.1    798.7
     1     1    19     6    29     0     0     0  -162.0   25.659 -129.964   2040.6    798.9
     1     1    19     6    28    23     0     1  -163.0   25.707 -129.847   2035.6    799.8
     1     1    19     6    28    22     0     2  -164.0   25.749 -129.728   2030.6    800.9
     1     1    19     6    28    21     0     3  -165.0   25.785 -129.607   2030.0    801.6
     1     1    19     6    28    20     0     2  -166.0   25.817 -129.478   2036.5    801.0
     1     1    19     6    28    19     0     1  -167.0   25.850 -129.337   2048.0    799.7
     1     1    19     6    28    18     0     0  -168.0   25.883 -129.183   2058.6    798.5
     1     1    19     6    28    17     0     1  -169.0   25.918 -129.026   2062.5    797.6
     1     1    19     6    28    16     0     2  -170.0   25.959 -128.872   2058.0    797.9
     1     1    19     6    28    15     0     3  -171.0   26.010 -128.721   2047.1    798.8
     1     1    19     6    28    14     0     2  -172.0   26.069 -128.579   2036.3    800.1
     1     1    19     6    28    13     0     1  -173.0   26.132 -128.450   2030.8    800.3
     1     1    19     6    28    12     0     0  -174.0   26.199 -128.335   2029.6    800.0
     1     1    19     6    28    11     0     1  -175.0   26.264 -128.223   2034.2    800.0
     1     1    19     6    28    10     0     2  -176.0   26.323 -128.106   2047.5    799.0
     1     1    19     6    28     9     0     3  -177.0   26.375 -127.983   2070.6    797.2
     1     1    19     6    28     8     0     2  -178.0   26.426 -127.859   2096.5    794.2
     1     1    19     6    28     7     0     1  -179.0   26.482 -127.738   2117.6    792.4
     1     1    19     6    28     6     0     0  -180.0   26.544 -127.620   2134.7    791.1
     1     1    19     6    28     5     0     1  -181.0   26.609 -127.508   2148.1    789.6
     1     1    19     6    28     4     0     2  -182.0   26.673 -127.409   2156.8    788.6
     1     1    19     6    28     3     0     3  -183.0   26.736 -127.320   2160.2    788.0
     1     1    19     6    28     2     0     2  -184.0   26.794 -127.237   2160.0    788.3
     1     1    19     6    28     1     0     1  -185.0   26.844 -127.154   2158.7    788.5
     1     1    19     6    28     0     0     0  -186.0   26.885 -127.071   2156.5    788.7
     1     1    19     6    27    23     0     1  -187.0   26.922 -126.982   2164.8    789.3
     1     1    19     6    27    22     0     2  -188.0   26.956 -126.879   2193.2    786.9
     1     1    19     6    27    21     0     3  -189.0   26.988 -126.765   2238.3    783.0
     1     1    19     6    27    20     0     2  -190.0   27.024 -126.649   2280.6    777.4
     1     1    19     6    27    19     0     1  -191.0   27.074 -126.538   2305.5    775.2
     1     1    19     6    27    18     0     0  -192.0   27.136 -126.430   2319.6    774.2
     1     1    19     6    27    17     0     1  -193.0   27.206 -126.328   2330.0    773.3
     1     1    19     6    27    16     0     2  -194.0   27.282 -126.236   2340.1    772.2
     1     1    19     6    27    15     0     3  -195.0   27.364 -126.154   2350.3    771.1
     1     1    19     6    27    14     0     2  -196.0   27.448 -126.080   2359.6    769.6
     1     1    19     6    27    13     0     1  -197.0   27.530 -126.014   2366.1    768.4
     1     1    19     6    27    12     0     0  -198.0   27.609 -125.954   2368.4    767.7
     1     1    19     6    27    11     0     1  -199.0   27.685 -125.900   2368.9    768.2
     1     1    19     6    27    10     0     2  -200.0   27.759 -125.846   2371.0    768.3
     1     1    19     6    27     9     0     3  -201.0   27.830 -125.794   2375.5    768.2
     1     1    19     6    27     8     0     2  -202.0   27.898 -125.742   2378.3    767.8
     1     1    19     6    27     7     0     1  -203.0   27.964 -125.688   2374.5    768.3
     1     1    19     6    27     6     0     0  -204.0   28.027 -125.629   2363.6    769.6
     1     1    19     6    27     5     0     1  -205.0   28.095 -125.568   2354.3    770.9
     1     1    19     6    27     4     0     2  -206.0   28.174 -125.510   2356.5    770.4
     1     1    19     6    27     3     0     3  -207.0   28.261 -125.457   2371.1    768.8
     1     1    19     6    27     2     0     2  -208.0   28.348 -125.410   2396.9    766.2
     1     1    19     6    27     1     0     1  -209.0   28.427 -125.371   2430.3    762.8
     1     1    19     6    27     0     0     0  -210.0   28.500 -125.340   2467.9    759.2
     1     1    19     6    26    23     0     1  -211.0   28.568 -125.313   2506.4    755.7
     1     1    19     6    26    22     0     2  -212.0   28.633 -125.286   2545.6    752.4
     1     1    19     6    26    21     0     3  -213.0   28.698 -125.258   2588.2    748.8
     1     1    19     6    26    20     0     2  -214.0   28.767 -125.231   2626.0    744.5
     1     1    19     6    26    19     0     1  -215.0   28.842 -125.208   2648.5    742.3
     1     1    19     6    26    18     0     0  -216.0   28.925 -125.187   2655.1    741.5
     1     1    19     6    26    17     0     1  -217.0   29.014 -125.175   2654.5    742.0
     1     1    19     6    26    16     0     2  -218.0   29.105 -125.182   2654.5    741.7
     1     1    19     6    26    15     0     3  -219.0   29.197 -125.205   2654.5    741.3
     1     1    19     6    26    14     0     2  -220.0   29.285 -125.243   2662.4    741.1
     1     1    19     6    26    13     0     1  -221.0   29.363 -125.293   2685.6    738.7
     1     1    19     6    26    12     0     0  -222.0   29.430 -125.359   2722.2    735.2
     1     1    19     6    26    11     0     1  -223.0   29.487 -125.434   2757.6    731.0
     1     1    19     6    26    10     0     2  -224.0   29.537 -125.508   2779.8    729.3
     1     1    19     6    26     9     0     3  -225.0   29.580 -125.576   2792.5    728.5
     1     1    19     6    26     8     0     2  -226.0   29.617 -125.636   2807.3    728.2
     1     1    19     6    26     7     0     1  -227.0   29.652 -125.686   2833.5    726.0
     1     1    19     6    26     6     0     0  -228.0   29.683 -125.728   2869.2    722.9
     1     1    19     6    26     5     0     1  -229.0   29.712 -125.767   2903.7    718.8
     1     1    19     6    26     4     0     2  -230.0   29.744 -125.805   2928.9    716.5
     1     1    19     6    26     3     0     3  -231.0   29.780 -125.840   2947.3    714.8
     1     1    19     6    26     2     0     2  -232.0   29.814 -125.872   2961.6    713.6
     1     1    19     6    26     1     0     1  -233.0   29.842 -125.905   2971.9    712.5
     1     1    19     6    26     0     0     0  -234.0   29.863 -125.937   2975.8    712.0
     1     1    19     6    25    23     0     1  -235.0   29.882 -125.966   2976.0    712.4
     1     1    19     6    25    22     0     2  -236.0   29.902 -125.990   2976.1    712.6
     1     1    19     6    25    21     0     3  -237.0   29.925 -126.009   2976.0    712.7
     1     1    19     6    25    20     0     2  -238.0   29.950 -126.024   2989.4    712.8
     1     1    19     6    25    19     0     1  -239.0   29.979 -126.038   3030.5    709.4
     1     1    19     6    25    18     0     0  -240.0   30.013 -126.055   3099.8    703.6
