     7     1
    GDAS    18    12     1     0     0
    GDAS    19     1     1     0     0
    GDAS    19     2     1     0     0
    GDAS    19     3     1     0     0
    GDAS    19     4     1     0     0
    GDAS    19     5     1     0     0
    GDAS    19     6     1     0     0
     1 BACKWARD OMEGA   
    19     2     3     0   21.319 -157.670    10.0
     1 PRESSURE
     1     1    19     2     3     0     0     0     0.0   21.319 -157.670     10.0   1011.1
     1     1    19     2     2    23     0     1    -1.0   21.475 -157.427     14.4   1010.8
     1     1    19     2     2    22     0     2    -2.0   21.625 -157.165     22.9   1010.7
     1     1    19     2     2    21     0     3    -3.0   21.770 -156.878     33.4   1011.1
     1     1    19     2     2    20     0     2    -4.0   21.913 -156.571     38.1   1010.5
     1     1    19     2     2    19     0     1    -5.0   22.063 -156.254     35.9   1010.4
     1     1    19     2     2    18     0     0    -6.0   22.220 -155.935     32.3   1010.6
     1     1    19     2     2    17     0     1    -7.0   22.376 -155.616     30.4   1011.2
     1     1    19     2     2    16     0     2    -8.0   22.519 -155.292     29.7   1011.5
     1     1    19     2     2    15     0     3    -9.0   22.645 -154.965     29.0   1011.7
     1     1    19     2     2    14     0     2   -10.0   22.757 -154.632     28.4   1011.0
     1     1    19     2     2    13     0     1   -11.0   22.864 -154.292     29.0   1010.2
     1     1    19     2     2    12     0     0   -12.0   22.974 -153.945     30.8   1009.7
     1     1    19     2     2    11     0     1   -13.0   23.097 -153.586     32.9   1009.9
     1     1    19     2     2    10     0     2   -14.0   23.237 -153.221     34.7   1010.4
     1     1    19     2     2     9     0     3   -15.0   23.389 -152.858     37.6   1010.9
     1     1    19     2     2     8     0     2   -16.0   23.548 -152.503     41.3   1011.0
     1     1    19     2     2     7     0     1   -17.0   23.708 -152.161     44.5   1011.1
     1     1    19     2     2     6     0     0   -18.0   23.869 -151.829     45.8   1011.3
     1     1    19     2     2     5     0     1   -19.0   24.036 -151.493     45.8   1011.3
     1     1    19     2     2     4     0     2   -20.0   24.219 -151.141     45.8   1010.5
     1     1    19     2     2     3     0     3   -21.0   24.420 -150.780     45.8   1010.1
     1     1    19     2     2     2     0     2   -22.0   24.643 -150.423     45.8   1010.4
     1     1    19     2     2     1     0     1   -23.0   24.885 -150.076     45.8   1010.0
     1     1    19     2     2     0     0     0   -24.0   25.138 -149.744     45.8   1009.6
     1     1    19     2     1    23     0     1   -25.0   25.383 -149.421     45.8   1011.0
     1     1    19     2     1    22     0     2   -26.0   25.608 -149.097     45.8   1012.0
     1     1    19     2     1    21     0     3   -27.0   25.815 -148.770     46.7   1012.6
     1     1    19     2     1    20     0     2   -28.0   26.019 -148.446     50.8   1012.4
     1     1    19     2     1    19     0     1   -29.0   26.241 -148.128     58.4   1011.5
     1     1    19     2     1    18     0     0   -30.0   26.484 -147.809     66.1   1010.2
     1     1    19     2     1    17     0     1   -31.0   26.746 -147.484     70.9   1009.1
     1     1    19     2     1    16     0     2   -32.0   27.027 -147.153     72.1   1009.1
     1     1    19     2     1    15     0     3   -33.0   27.332 -146.823     72.1   1009.2
     1     1    19     2     1    14     0     2   -34.0   27.658 -146.505     72.1   1008.9
     1     1    19     2     1    13     0     1   -35.0   28.002 -146.207     72.1   1008.4
     1     1    19     2     1    12     0     0   -36.0   28.371 -145.929     72.1   1008.3
     1     1    19     2     1    11     0     1   -37.0   28.763 -145.667     72.1   1008.6
     1     1    19     2     1    10     0     2   -38.0   29.172 -145.419     72.1   1008.5
     1     1    19     2     1     9     0     3   -39.0   29.591 -145.197     72.1   1008.9
     1     1    19     2     1     8     0     2   -40.0   30.016 -145.010     72.1   1009.2
     1     1    19     2     1     7     0     1   -41.0   30.436 -144.848     72.1   1009.2
     1     1    19     2     1     6     0     0   -42.0   30.841 -144.706     72.1   1009.8
     1     1    19     2     1     5     0     1   -43.0   31.243 -144.589     72.1   1009.6
     1     1    19     2     1     4     0     2   -44.0   31.651 -144.498     72.1   1009.2
     1     1    19     2     1     3     0     3   -45.0   32.069 -144.437     72.1   1009.0
     1     1    19     2     1     2     0     2   -46.0   32.497 -144.405     71.8   1008.7
     1     1    19     2     1     1     0     1   -47.0   32.929 -144.405     70.7   1008.7
     1     1    19     2     1     0     0     0   -48.0   33.359 -144.443     69.2   1008.8
     1     1    19     1    31    23     0     1   -49.0   33.775 -144.503     68.4   1009.9
     1     1    19     1    31    22     0     2   -50.0   34.174 -144.565     68.2   1011.0
     1     1    19     1    31    21     0     3   -51.0   34.557 -144.623     68.2   1011.9
     1     1    19     1    31    20     0     2   -52.0   34.933 -144.688     70.0   1011.8
     1     1    19     1    31    19     0     1   -53.0   35.314 -144.776     75.3   1011.1
     1     1    19     1    31    18     0     0   -54.0   35.706 -144.889     83.5   1010.2
     1     1    19     1    31    17     0     1   -55.0   36.096 -145.022     90.4   1009.0
     1     1    19     1    31    16     0     2   -56.0   36.472 -145.173     92.8   1008.8
     1     1    19     1    31    15     0     3   -57.0   36.832 -145.346     91.4   1009.1
     1     1    19     1    31    14     0     2   -58.0   37.178 -145.540     89.1   1009.2
     1     1    19     1    31    13     0     1   -59.0   37.504 -145.747     88.4   1008.6
     1     1    19     1    31    12     0     0   -60.0   37.802 -145.957     88.3   1008.0
     1     1    19     1    31    11     0     1   -61.0   38.088 -146.168     90.2   1009.0
     1     1    19     1    31    10     0     2   -62.0   38.376 -146.384     94.1   1009.0
     1     1    19     1    31     9     0     3   -63.0   38.669 -146.605     97.2   1009.0
     1     1    19     1    31     8     0     2   -64.0   38.967 -146.844     98.3   1008.8
     1     1    19     1    31     7     0     1   -65.0   39.275 -147.114     99.7   1008.9
     1     1    19     1    31     6     0     0   -66.0   39.592 -147.408    104.1   1008.4
     1     1    19     1    31     5     0     1   -67.0   39.909 -147.732    110.8   1007.1
     1     1    19     1    31     4     0     2   -68.0   40.214 -148.091    119.0   1005.8
     1     1    19     1    31     3     0     3   -69.0   40.509 -148.492    126.2   1004.3
     1     1    19     1    31     2     0     2   -70.0   40.795 -148.924    129.5   1003.5
     1     1    19     1    31     1     0     1   -71.0   41.060 -149.373    130.4   1003.0
     1     1    19     1    31     0     0     0   -72.0   41.298 -149.840    130.4   1002.7
     1     1    19     1    30    23     0     1   -73.0   41.524 -150.320    132.4   1002.5
     1     1    19     1    30    22     0     2   -74.0   41.751 -150.805    138.4   1001.7
     1     1    19     1    30    21     0     3   -75.0   41.963 -151.287    146.3   1000.2
     1     1    19     1    30    20     0     2   -76.0   42.163 -151.747    155.7    998.7
     1     1    19     1    30    19     0     1   -77.0   42.359 -152.182    167.4    996.5
     1     1    19     1    30    18     0     0   -78.0   42.548 -152.613    177.5    994.1
     1     1    19     1    30    17     0     1   -79.0   42.736 -153.066    181.9    992.6
     1     1    19     1    30    16     0     2   -80.0   42.922 -153.536    184.4    992.0
     1     1    19     1    30    15     0     3   -81.0   43.080 -154.014    186.1    990.7
     1     1    19     1    30    14     0     2   -82.0   43.218 -154.486    187.9    990.7
     1     1    19     1    30    13     0     1   -83.0   43.342 -154.939    193.4    989.9
     1     1    19     1    30    12     0     0   -84.0   43.428 -155.378    199.8    988.6
     1     1    19     1    30    11     0     1   -85.0   43.487 -155.800    205.4    987.9
     1     1    19     1    30    10     0     2   -86.0   43.533 -156.184    213.3    987.1
     1     1    19     1    30     9     0     3   -87.0   43.551 -156.519    220.4    985.5
     1     1    19     1    30     8     0     2   -88.0   43.547 -156.825    222.4    985.0
     1     1    19     1    30     7     0     1   -89.0   43.535 -157.127    222.4    985.1
     1     1    19     1    30     6     0     0   -90.0   43.501 -157.430    222.9    984.6
     1     1    19     1    30     5     0     1   -91.0   43.446 -157.738    223.6    983.9
     1     1    19     1    30     4     0     2   -92.0   43.385 -158.050    227.2    983.3
     1     1    19     1    30     3     0     3   -93.0   43.320 -158.360    236.0    981.8
     1     1    19     1    30     2     0     2   -94.0   43.248 -158.677    243.9    980.1
     1     1    19     1    30     1     0     1   -95.0   43.174 -159.011    247.4    980.0
     1     1    19     1    30     0     0     0   -96.0   43.103 -159.356    253.8    979.6
     1     1    19     1    29    23     0     1   -97.0   43.024 -159.705    269.1    978.0
     1     1    19     1    29    22     0     2   -98.0   42.939 -160.057    292.6    974.5
     1     1    19     1    29    21     0     3   -99.0   42.858 -160.411    319.4    970.9
     1     1    19     1    29    20     0     2  -100.0   42.786 -160.782    347.3    967.0
     1     1    19     1    29    19     0     1  -101.0   42.719 -161.186    375.6    963.3
     1     1    19     1    29    18     0     0  -102.0   42.660 -161.627    403.4    959.7
     1     1    19     1    29    17     0     1  -103.0   42.617 -162.105    430.6    956.0
     1     1    19     1    29    16     0     2  -104.0   42.587 -162.614    453.2    952.0
     1     1    19     1    29    15     0     3  -105.0   42.560 -163.147    468.0    949.6
     1     1    19     1    29    14     0     2  -106.0   42.532 -163.698    478.7    948.1
     1     1    19     1    29    13     0     1  -107.0   42.500 -164.263    489.3    946.4
     1     1    19     1    29    12     0     0  -108.0   42.451 -164.833    508.3    944.7
     1     1    19     1    29    11     0     1  -109.0   42.387 -165.394    530.8    940.2
     1     1    19     1    29    10     0     2  -110.0   42.314 -165.948    542.4    938.5
     1     1    19     1    29     9     0     3  -111.0   42.235 -166.514    543.7    938.2
     1     1    19     1    29     8     0     2  -112.0   42.139 -167.095    533.9    938.8
     1     1    19     1    29     7     0     1  -113.0   42.012 -167.687    507.9    941.1
     1     1    19     1    29     6     0     0  -114.0   41.845 -168.292    473.7    946.3
     1     1    19     1    29     5     0     1  -115.0   41.656 -168.856    459.2    949.9
     1     1    19     1    29     4     0     2  -116.0   41.467 -169.343    458.2    947.3
     1     1    19     1    29     3     0     3  -117.0   41.268 -169.766    448.1    948.3
     1     1    19     1    29     2     0     2  -118.0   41.063 -170.152    423.5    951.4
     1     1    19     1    29     1     0     1  -119.0   40.873 -170.510    391.0    956.0
     1     1    19     1    29     0     0     0  -120.0   40.703 -170.835    364.9    959.7
     1     1    19     1    28    23     0     1  -121.0   40.551 -171.155    348.8    961.5
     1     1    19     1    28    22     0     2  -122.0   40.413 -171.503    338.1    962.5
     1     1    19     1    28    21     0     3  -123.0   40.288 -171.876    329.9    963.7
     1     1    19     1    28    20     0     2  -124.0   40.173 -172.287    326.4    964.0
     1     1    19     1    28    19     0     1  -125.0   40.067 -172.745    328.5    963.4
     1     1    19     1    28    18     0     0  -126.0   39.972 -173.245    335.1    962.2
     1     1    19     1    28    17     0     1  -127.0   39.852 -173.784    339.3    960.6
     1     1    19     1    28    16     0     2  -128.0   39.693 -174.378    339.7    960.7
     1     1    19     1    28    15     0     3  -129.0   39.515 -175.043    343.7    960.2
     1     1    19     1    28    14     0     2  -130.0   39.302 -175.744    356.4    958.9
     1     1    19     1    28    13     0     1  -131.0   39.061 -176.458    376.6    956.0
     1     1    19     1    28    12     0     0  -132.0   38.809 -177.189    390.8    953.5
     1     1    19     1    28    11     0     1  -133.0   38.530 -177.941    397.3    952.9
     1     1    19     1    28    10     0     2  -134.0   38.221 -178.718    396.8    952.8
     1     1    19     1    28     9     0     3  -135.0   37.897 -179.521    398.4    952.3
     1     1    19     1    28     8     0     2  -136.0   37.562  179.674    399.1    952.1
     1     1    19     1    28     7     0     1  -137.0   37.229  178.859    402.5    951.5
     1     1    19     1    28     6     0     0  -138.0   36.893  178.013    419.7    949.2
     1     1    19     1    28     5     0     1  -139.0   36.548  177.135    436.0    947.0
     1     1    19     1    28     4     0     2  -140.0   36.191  176.231    448.8    945.2
     1     1    19     1    28     3     0     3  -141.0   35.814  175.283    464.3    943.3
     1     1    19     1    28     2     0     2  -142.0   35.442  174.314    482.1    941.2
     1     1    19     1    28     1     0     1  -143.0   35.079  173.348    497.7    939.2
     1     1    19     1    28     0     0     0  -144.0   34.716  172.353    504.3    938.5
     1     1    19     1    27    23     0     1  -145.0   34.393  171.314    511.1    938.3
     1     1    19     1    27    22     0     2  -146.0   34.096  170.261    538.5    936.1
     1     1    19     1    27    21     0     3  -147.0   33.794  169.198    599.8    928.6
     1     1    19     1    27    20     0     2  -148.0   33.507  168.128    656.6    922.3
     1     1    19     1    27    19     0     1  -149.0   33.251  167.057    726.4    914.2
     1     1    19     1    27    18     0     0  -150.0   33.034  165.977    804.1    905.9
     1     1    19     1    27    17     0     1  -151.0   32.843  164.888    892.1    896.0
     1     1    19     1    27    16     0     2  -152.0   32.671  163.815    964.6    887.3
     1     1    19     1    27    15     0     3  -153.0   32.545  162.755   1007.3    882.5
     1     1    19     1    27    14     0     2  -154.0   32.475  161.705   1048.1    878.3
     1     1    19     1    27    13     0     1  -155.0   32.456  160.658   1087.5    873.5
     1     1    19     1    27    12     0     0  -156.0   32.510  159.598   1112.6    870.9
     1     1    19     1    27    11     0     1  -157.0   32.634  158.528   1167.7    864.4
     1     1    19     1    27    10     0     2  -158.0   32.808  157.441   1242.4    855.8
     1     1    19     1    27     9     0     3  -159.0   33.063  156.344   1335.6    844.4
     1     1    19     1    27     8     0     2  -160.0   33.413  155.275   1419.5    835.1
     1     1    19     1    27     7     0     1  -161.0   33.887  154.273   1551.4    821.2
     1     1    19     1    27     6     0     0  -162.0   34.511  153.402   1756.8    795.8
     1     1    19     1    27     5     0     1  -163.0   35.198  152.676   1848.3    784.7
     1     1    19     1    27     4     0     2  -164.0   36.010  152.117   1871.0    781.3
     1     1    19     1    27     3     0     3  -165.0   36.971  151.845   1847.1    781.7
     1     1    19     1    27     2     0     2  -166.0   37.908  151.886   1712.3    793.0
     1     1    19     1    27     1     0     1  -167.0   38.778  152.156   1537.2    818.2
     1     1    19     1    27     0     0     0  -168.0   39.507  152.579   1506.5    818.9
     1     1    19     1    26    23     0     1  -169.0   40.077  153.031   1553.7    817.2
     1     1    19     1    26    22     0     2  -170.0   40.506  153.437   1621.6    805.5
     1     1    19     1    26    21     0     3  -171.0   40.834  153.825   1637.0    806.7
     1     1    19     1    26    20     0     2  -172.0   41.081  154.170   1641.7    810.2
     1     1    19     1    26    19     0     1  -173.0   41.246  154.447   1666.7    807.6
     1     1    19     1    26    18     0     0  -174.0   41.336  154.652   1705.9    804.6
     1     1    19     1    26    17     0     1  -175.0   41.372  154.777   1756.8    799.5
     1     1    19     1    26    16     0     2  -176.0   41.374  154.820   1813.2    794.3
     1     1    19     1    26    15     0     3  -177.0   41.349  154.793   1873.6    788.7
     1     1    19     1    26    14     0     2  -178.0   41.311  154.708   1937.0    782.7
     1     1    19     1    26    13     0     1  -179.0   41.276  154.574   2003.0    776.6
     1     1    19     1    26    12     0     0  -180.0   41.253  154.391   2072.9    770.2
     1     1    19     1    26    11     0     1  -181.0   41.255  154.169   2150.1    762.8
     1     1    19     1    26    10     0     2  -182.0   41.294  153.905   2233.3    754.5
     1     1    19     1    26     9     0     3  -183.0   41.378  153.583   2316.5    746.0
     1     1    19     1    26     8     0     2  -184.0   41.484  153.190   2386.6    738.0
     1     1    19     1    26     7     0     1  -185.0   41.585  152.728   2441.2    732.9
     1     1    19     1    26     6     0     0  -186.0   41.676  152.201   2497.7    728.4
     1     1    19     1    26     5     0     1  -187.0   41.753  151.649   2569.3    721.5
     1     1    19     1    26     4     0     2  -188.0   41.812  151.115   2649.1    713.5
     1     1    19     1    26     3     0     3  -189.0   41.849  150.596   2736.6    705.9
     1     1    19     1    26     2     0     2  -190.0   41.880  150.099   2828.4    696.5
     1     1    19     1    26     1     0     1  -191.0   41.925  149.639   2906.6    688.7
     1     1    19     1    26     0     0     0  -192.0   41.987  149.225   2959.6    683.4
     1     1    19     1    25    23     0     1  -193.0   42.058  148.834   2994.1    681.1
     1     1    19     1    25    22     0     2  -194.0   42.131  148.436   3020.0    678.6
     1     1    19     1    25    21     0     3  -195.0   42.207  148.028   3029.6    677.1
     1     1    19     1    25    20     0     2  -196.0   42.287  147.625   3030.5    678.2
     1     1    19     1    25    19     0     1  -197.0   42.371  147.238   3036.3    677.7
     1     1    19     1    25    18     0     0  -198.0   42.460  146.872   3046.5    676.7
     1     1    19     1    25    17     0     1  -199.0   42.557  146.523   3058.7    675.5
     1     1    19     1    25    16     0     2  -200.0   42.664  146.194   3070.9    674.5
     1     1    19     1    25    15     0     3  -201.0   42.781  145.890   3083.6    673.3
     1     1    19     1    25    14     0     2  -202.0   42.907  145.606   3105.5    671.6
     1     1    19     1    25    13     0     1  -203.0   43.041  145.338   3148.6    666.9
     1     1    19     1    25    12     0     0  -204.0   43.185  145.086   3207.3    657.0
     1     1    19     1    25    11     0     1  -205.0   43.345  144.849   3265.3    646.7
     1     1    19     1    25    10     0     2  -206.0   43.527  144.632   3318.5    640.0
     1     1    19     1    25     9     0     3  -207.0   43.738  144.444   3383.4    634.0
     1     1    19     1    25     8     0     2  -208.0   43.972  144.292   3470.9    625.6
     1     1    19     1    25     7     0     1  -209.0   44.218  144.161   3574.4    620.0
     1     1    19     1    25     6     0     0  -210.0   44.473  144.033   3663.1    615.7
     1     1    19     1    25     5     0     1  -211.0   44.731  143.914   3716.7    612.4
     1     1    19     1    25     4     0     2  -212.0   44.988  143.826   3739.8    614.2
     1     1    19     1    25     3     0     3  -213.0   45.247  143.777   3744.5    615.6
     1     1    19     1    25     2     0     2  -214.0   45.525  143.763   3756.8    614.4
     1     1    19     1    25     1     0     1  -215.0   45.825  143.791   3778.3    612.5
     1     1    19     1    25     0     0     0  -216.0   46.138  143.877   3811.5    609.4
     1     1    19     1    24    23     0     1  -217.0   46.472  143.991   3851.0    605.1
     1     1    19     1    24    22     0     2  -218.0   46.822  144.124   3877.4    602.0
     1     1    19     1    24    21     0     3  -219.0   47.172  144.301   3885.3    601.1
     1     1    19     1    24    20     0     2  -220.0   47.523  144.502   3883.8    601.7
     1     1    19     1    24    19     0     1  -221.0   47.874  144.725   3877.8    601.8
     1     1    19     1    24    18     0     0  -222.0   48.218  144.999   3864.9    602.7
     1     1    19     1    24    17     0     1  -223.0   48.558  145.309   3842.8    604.2
     1     1    19     1    24    16     0     2  -224.0   48.891  145.658   3818.4    606.8
     1     1    19     1    24    15     0     3  -225.0   49.209  146.080   3800.2    607.9
     1     1    19     1    24    14     0     2  -226.0   49.519  146.536   3769.8    609.1
     1     1    19     1    24    13     0     1  -227.0   49.826  147.004   3716.7    613.8
     1     1    19     1    24    12     0     0  -228.0   50.118  147.519   3658.0    619.7
     1     1    19     1    24    11     0     1  -229.0   50.406  148.045   3611.1    624.0
     1     1    19     1    24    10     0     2  -230.0   50.697  148.549   3574.7    626.7
     1     1    19     1    24     9     0     3  -231.0   50.970  149.090   3550.0    629.3
     1     1    19     1    24     8     0     2  -232.0   51.231  149.645   3530.0    629.9
     1     1    19     1    24     7     0     1  -233.0   51.490  150.180   3508.7    632.0
     1     1    19     1    24     6     0     0  -234.0   51.733  150.736   3492.2    633.6
     1     1    19     1    24     5     0     1  -235.0   51.967  151.300   3483.2    634.2
     1     1    19     1    24     4     0     2  -236.0   52.207  151.850   3480.6    634.4
     1     1    19     1    24     3     0     3  -237.0   52.438  152.417   3478.0    633.8
     1     1    19     1    24     2     0     2  -238.0   52.667  152.989   3467.7    634.6
     1     1    19     1    24     1     0     1  -239.0   52.910  153.582   3476.0    635.9
     1     1    19     1    24     0     0     0  -240.0   53.148  154.262   3546.2    630.9
