     7     1
    GDAS    19     6     1     0     0
    GDAS    19     7     1     0     0
    GDAS    19     8     1     0     0
    GDAS    19     9     1     0     0
    GDAS    19    10     1     0     0
    GDAS    19    11     1     0     0
    GDAS    19    12     1     0     0
     1 BACKWARD OMEGA   
    19    11    30     0   21.319 -157.670    10.0
     1 PRESSURE
     1     1    19    11    30     0     0     0     0.0   21.319 -157.670     10.0   1010.3
     1     1    19    11    29    23     0     1    -1.0   21.367 -157.425     54.7   1006.7
     1     1    19    11    29    22     0     2    -2.0   21.415 -157.123    169.6    992.6
     1     1    19    11    29    21     0     3    -3.0   21.436 -156.770    296.6    977.0
     1     1    19    11    29    20     0     2    -4.0   21.410 -156.397    382.4    966.7
     1     1    19    11    29    19     0     1    -5.0   21.347 -156.010    386.2    966.8
     1     1    19    11    29    18     0     0    -6.0   21.274 -155.612    350.8    976.7
     1     1    19    11    29    17     0     1    -7.0   21.214 -155.224    343.8    978.4
     1     1    19    11    29    16     0     2    -8.0   21.172 -154.855    362.0    974.4
     1     1    19    11    29    15     0     3    -9.0   21.157 -154.504    385.0    970.8
     1     1    19    11    29    14     0     2   -10.0   21.151 -154.167    409.2    968.6
     1     1    19    11    29    13     0     1   -11.0   21.131 -153.835    438.3    965.5
     1     1    19    11    29    12     0     0   -12.0   21.100 -153.511    473.0    961.3
     1     1    19    11    29    11     0     1   -13.0   21.069 -153.199    518.4    957.5
     1     1    19    11    29    10     0     2   -14.0   21.039 -152.897    589.3    951.4
     1     1    19    11    29     9     0     3   -15.0   21.004 -152.602    700.5    940.3
     1     1    19    11    29     8     0     2   -16.0   20.972 -152.318    813.0    923.1
     1     1    19    11    29     7     0     1   -17.0   20.953 -152.046    877.4    916.3
     1     1    19    11    29     6     0     0   -18.0   20.951 -151.789    896.6    913.8
     1     1    19    11    29     5     0     1   -19.0   20.952 -151.536    889.1    916.3
     1     1    19    11    29     4     0     2   -20.0   20.941 -151.276    868.1    917.3
     1     1    19    11    29     3     0     3   -21.0   20.917 -151.009    823.4    920.8
     1     1    19    11    29     2     0     2   -22.0   20.887 -150.740    780.0    928.2
     1     1    19    11    29     1     0     1   -23.0   20.850 -150.479    760.9    929.5
     1     1    19    11    29     0     0     0   -24.0   20.806 -150.230    757.2    929.2
     1     1    19    11    28    23     0     1   -25.0   20.755 -149.983    768.7    929.1
     1     1    19    11    28    22     0     2   -26.0   20.700 -149.722    797.5    926.5
     1     1    19    11    28    21     0     3   -27.0   20.640 -149.438    826.6    922.5
     1     1    19    11    28    20     0     2   -28.0   20.575 -149.137    838.7    921.3
     1     1    19    11    28    19     0     1   -29.0   20.511 -148.826    846.4    922.0
     1     1    19    11    28    18     0     0   -30.0   20.453 -148.507    852.8    920.5
     1     1    19    11    28    17     0     1   -31.0   20.405 -148.182    838.6    920.8
     1     1    19    11    28    16     0     2   -32.0   20.369 -147.853    807.3    925.1
     1     1    19    11    28    15     0     3   -33.0   20.347 -147.522    777.6    928.7
     1     1    19    11    28    14     0     2   -34.0   20.326 -147.192    759.1    931.1
     1     1    19    11    28    13     0     1   -35.0   20.296 -146.864    756.4    931.4
     1     1    19    11    28    12     0     0   -36.0   20.253 -146.539    780.5    929.8
     1     1    19    11    28    11     0     1   -37.0   20.211 -146.214    839.0    923.7
     1     1    19    11    28    10     0     2   -38.0   20.187 -145.881    914.5    914.9
     1     1    19    11    28     9     0     3   -39.0   20.188 -145.537    998.0    906.6
     1     1    19    11    28     8     0     2   -40.0   20.215 -145.186   1083.0    896.4
     1     1    19    11    28     7     0     1   -41.0   20.264 -144.832   1146.2    888.8
     1     1    19    11    28     6     0     0   -42.0   20.331 -144.479   1177.3    885.6
     1     1    19    11    28     5     0     1   -43.0   20.408 -144.142   1196.5    885.1
     1     1    19    11    28     4     0     2   -44.0   20.490 -143.828   1210.8    882.1
     1     1    19    11    28     3     0     3   -45.0   20.582 -143.532   1212.5    881.9
     1     1    19    11    28     2     0     2   -46.0   20.674 -143.247   1198.7    882.3
     1     1    19    11    28     1     0     1   -47.0   20.749 -142.966   1153.4    885.0
     1     1    19    11    28     0     0     0   -48.0   20.808 -142.686   1081.8    893.6
     1     1    19    11    27    23     0     1   -49.0   20.861 -142.405   1027.3    902.9
     1     1    19    11    27    22     0     2   -50.0   20.920 -142.121   1006.3    905.3
     1     1    19    11    27    21     0     3   -51.0   20.986 -141.835   1006.2    905.5
     1     1    19    11    27    20     0     2   -52.0   21.056 -141.547   1000.7    904.0
     1     1    19    11    27    19     0     1   -53.0   21.130 -141.254    958.3    907.7
     1     1    19    11    27    18     0     0   -54.0   21.213 -140.957    868.5    917.9
     1     1    19    11    27    17     0     1   -55.0   21.300 -140.661    790.7    932.2
     1     1    19    11    27    16     0     2   -56.0   21.384 -140.371    758.5    933.2
     1     1    19    11    27    15     0     3   -57.0   21.466 -140.080    738.3    933.7
     1     1    19    11    27    14     0     2   -58.0   21.556 -139.781    715.3    935.6
     1     1    19    11    27    13     0     1   -59.0   21.664 -139.469    693.2    938.3
     1     1    19    11    27    12     0     0   -60.0   21.793 -139.147    683.7    939.8
     1     1    19    11    27    11     0     1   -61.0   21.936 -138.815    697.3    939.1
     1     1    19    11    27    10     0     2   -62.0   22.078 -138.471    723.8    935.0
     1     1    19    11    27     9     0     3   -63.0   22.211 -138.118    734.4    932.6
     1     1    19    11    27     8     0     2   -64.0   22.354 -137.768    730.5    935.0
     1     1    19    11    27     7     0     1   -65.0   22.520 -137.427    730.3    935.7
     1     1    19    11    27     6     0     0   -66.0   22.712 -137.091    751.4    935.2
     1     1    19    11    27     5     0     1   -67.0   22.914 -136.757    799.1    928.7
     1     1    19    11    27     4     0     2   -68.0   23.106 -136.426    847.3    921.9
     1     1    19    11    27     3     0     3   -69.0   23.290 -136.098    870.6    918.2
     1     1    19    11    27     2     0     2   -70.0   23.474 -135.776    879.3    919.4
     1     1    19    11    27     1     0     1   -71.0   23.655 -135.460    897.5    917.6
     1     1    19    11    27     0     0     0   -72.0   23.825 -135.140    936.3    913.8
     1     1    19    11    26    23     0     1   -73.0   23.984 -134.807    992.5    906.7
     1     1    19    11    26    22     0     2   -74.0   24.139 -134.461   1046.9    900.2
     1     1    19    11    26    21     0     3   -75.0   24.293 -134.107   1092.0    895.8
     1     1    19    11    26    20     0     2   -76.0   24.453 -133.739   1121.4    892.4
     1     1    19    11    26    19     0     1   -77.0   24.625 -133.349   1136.8    892.1
     1     1    19    11    26    18     0     0   -78.0   24.810 -132.929   1158.2    891.5
     1     1    19    11    26    17     0     1   -79.0   25.013 -132.484   1196.9    886.8
     1     1    19    11    26    16     0     2   -80.0   25.234 -132.028   1243.0    880.5
     1     1    19    11    26    15     0     3   -81.0   25.470 -131.569   1267.4    875.3
     1     1    19    11    26    14     0     2   -82.0   25.726 -131.109   1268.6    876.9
     1     1    19    11    26    13     0     1   -83.0   26.001 -130.638   1262.1    877.1
     1     1    19    11    26    12     0     0   -84.0   26.290 -130.162   1244.2    878.6
     1     1    19    11    26    11     0     1   -85.0   26.607 -129.698   1242.2    881.8
     1     1    19    11    26    10     0     2   -86.0   26.945 -129.232   1278.1    877.7
     1     1    19    11    26     9     0     3   -87.0   27.295 -128.752   1317.4    870.4
     1     1    19    11    26     8     0     2   -88.0   27.672 -128.276   1325.0    869.6
     1     1    19    11    26     7     0     1   -89.0   28.085 -127.804   1318.1    872.8
     1     1    19    11    26     6     0     0   -90.0   28.529 -127.340   1301.0    873.5
     1     1    19    11    26     5     0     1   -91.0   29.015 -126.903   1254.8    877.5
     1     1    19    11    26     4     0     2   -92.0   29.540 -126.486   1250.4    885.1
     1     1    19    11    26     3     0     3   -93.0   30.077 -126.083   1352.0    874.1
     1     1    19    11    26     2     0     2   -94.0   30.622 -125.728   1447.1    853.5
     1     1    19    11    26     1     0     1   -95.0   31.196 -125.406   1496.0    854.4
     1     1    19    11    26     0     0     0   -96.0   31.791 -125.122   1554.1    847.7
     1     1    19    11    25    23     0     1   -97.0   32.410 -124.894   1581.9    841.4
     1     1    19    11    25    22     0     2   -98.0   33.059 -124.709   1585.4    844.5
     1     1    19    11    25    21     0     3   -99.0   33.730 -124.566   1582.4    843.8
     1     1    19    11    25    20     0     2  -100.0   34.451 -124.466   1582.0    845.9
     1     1    19    11    25    19     0     1  -101.0   35.233 -124.408   1640.8    840.0
     1     1    19    11    25    18     0     0  -102.0   36.037 -124.439   1757.7    827.3
     1     1    19    11    25    17     0     1  -103.0   36.884 -124.554   1844.5    818.3
     1     1    19    11    25    16     0     2  -104.0   37.731 -124.747   1967.9    807.2
     1     1    19    11    25    15     0     3  -105.0   38.591 -125.056   2220.0    780.7
     1     1    19    11    25    14     0     2  -106.0   39.467 -125.472   2540.8    750.2
     1     1    19    11    25    13     0     1  -107.0   40.375 -126.003   2866.8    717.0
     1     1    19    11    25    12     0     0  -108.0   41.302 -126.633   3029.1    703.3
     1     1    19    11    25    11     0     1  -109.0   42.178 -127.362   3186.5    691.0
     1     1    19    11    25    10     0     2  -110.0   43.041 -128.253   3353.4    675.7
     1     1    19    11    25     9     0     3  -111.0   43.922 -129.291   3594.3    657.1
     1     1    19    11    25     8     0     2  -112.0   44.836 -130.528   3841.3    633.1
     1     1    19    11    25     7     0     1  -113.0   45.675 -131.885   3969.5    623.7
     1     1    19    11    25     6     0     0  -114.0   46.469 -133.387   4051.6    617.2
     1     1    19    11    25     5     0     1  -115.0   47.213 -135.034   4154.7    608.1
     1     1    19    11    25     4     0     2  -116.0   47.857 -136.745   4214.6    602.5
     1     1    19    11    25     3     0     3  -117.0   48.406 -138.523   4287.8    595.2
     1     1    19    11    25     2     0     2  -118.0   48.879 -140.394   4331.5    592.6
     1     1    19    11    25     1     0     1  -119.0   49.302 -142.314   4474.4    580.5
     1     1    19    11    25     0     0     0  -120.0   49.694 -144.307   4639.2    567.1
     1     1    19    11    24    23     0     1  -121.0   49.999 -146.431   4810.3    553.1
     1     1    19    11    24    22     0     2  -122.0   50.226 -148.587   4938.1    543.1
     1     1    19    11    24    21     0     3  -123.0   50.415 -150.684   5055.9    534.0
     1     1    19    11    24    20     0     2  -124.0   50.561 -152.712   5236.2    520.1
     1     1    19    11    24    19     0     1  -125.0   50.605 -154.712   5440.6    503.9
     1     1    19    11    24    18     0     0  -126.0   50.545 -156.757   5606.6    492.1
     1     1    19    11    24    17     0     1  -127.0   50.428 -158.783   5743.5    481.8
     1     1    19    11    24    16     0     2  -128.0   50.235 -160.672   5862.6    473.5
     1     1    19    11    24    15     0     3  -129.0   49.957 -162.518   5936.2    468.0
     1     1    19    11    24    14     0     2  -130.0   49.599 -164.227   6026.3    461.7
     1     1    19    11    24    13     0     1  -131.0   49.180 -165.810   6133.4    454.1
     1     1    19    11    24    12     0     0  -132.0   48.694 -167.361   6202.1    449.4
     1     1    19    11    24    11     0     1  -133.0   48.187 -168.708   6243.3    446.5
     1     1    19    11    24    10     0     2  -134.0   47.623 -169.908   6266.5    444.9
     1     1    19    11    24     9     0     3  -135.0   47.039 -171.049   6364.8    438.8
     1     1    19    11    24     8     0     2  -136.0   46.468 -172.143   6484.8    430.3
     1     1    19    11    24     7     0     1  -137.0   45.933 -173.083   6603.0    422.4
     1     1    19    11    24     6     0     0  -138.0   45.426 -173.981   6704.7    415.8
     1     1    19    11    24     5     0     1  -139.0   44.921 -174.955   6868.9    407.0
     1     1    19    11    24     4     0     2  -140.0   44.391 -176.022   6991.5    394.8
     1     1    19    11    24     3     0     3  -141.0   43.845 -177.128   7004.0    396.8
     1     1    19    11    24     2     0     2  -142.0   43.250 -178.159   6989.7    395.4
     1     1    19    11    24     1     0     1  -143.0   42.625 -179.100   6930.9    400.7
     1     1    19    11    24     0     0     0  -144.0   41.875 -179.951   6930.4    400.9
     1     1    19    11    23    23     0     1  -145.0   41.077  179.356   6887.0    402.0
     1     1    19    11    23    22     0     2  -146.0   40.309  178.812   6726.6    411.8
     1     1    19    11    23    21     0     3  -147.0   39.601  178.253   6453.5    432.3
     1     1    19    11    23    20     0     2  -148.0   38.960  177.612   6275.2    444.3
     1     1    19    11    23    19     0     1  -149.0   38.401  176.906   6222.4    451.0
     1     1    19    11    23    18     0     0  -150.0   37.961  176.158   6231.2    444.6
     1     1    19    11    23    17     0     1  -151.0   37.647  175.350   6205.6    447.8
     1     1    19    11    23    16     0     2  -152.0   37.468  174.456   6177.0    449.8
     1     1    19    11    23    15     0     3  -153.0   37.445  173.472   6137.4    452.7
     1     1    19    11    23    14     0     2  -154.0   37.537  172.416   6093.6    456.5
     1     1    19    11    23    13     0     1  -155.0   37.725  171.305   6100.6    455.3
     1     1    19    11    23    12     0     0  -156.0   38.039  170.173   6089.6    455.4
     1     1    19    11    23    11     0     1  -157.0   38.463  169.024   6079.6    457.4
     1     1    19    11    23    10     0     2  -158.0   38.986  167.899   6142.4    453.0
     1     1    19    11    23     9     0     3  -159.0   39.614  166.772   6222.5    446.2
     1     1    19    11    23     8     0     2  -160.0   40.363  165.630   6288.3    442.7
     1     1    19    11    23     7     0     1  -161.0   41.238  164.525   6391.6    434.9
     1     1    19    11    23     6     0     0  -162.0   42.204  163.459   6485.2    427.1
     1     1    19    11    23     5     0     1  -163.0   43.228  162.404   6564.1    422.4
     1     1    19    11    23     4     0     2  -164.0   44.317  161.360   6647.3    415.8
     1     1    19    11    23     3     0     3  -165.0   45.416  160.360   6788.9    405.7
     1     1    19    11    23     2     0     2  -166.0   46.523  159.394   6941.3    396.7
     1     1    19    11    23     1     0     1  -167.0   47.639  158.403   7125.8    383.2
     1     1    19    11    23     0     0     0  -168.0   48.732  157.414   7198.2    382.2
     1     1    19    11    22    23     0     1  -169.0   49.771  156.438   7352.6    368.4
     1     1    19    11    22    22     0     2  -170.0   50.787  155.471   7392.2    369.2
     1     1    19    11    22    21     0     3  -171.0   51.708  154.525   7444.6    363.3
     1     1    19    11    22    20     0     2  -172.0   52.508  153.594   7474.8    362.1
     1     1    19    11    22    19     0     1  -173.0   53.260  152.618   7552.9    356.6
     1     1    19    11    22    18     0     0  -174.0   53.988  151.604   7612.9    351.5
     1     1    19    11    22    17     0     1  -175.0   54.625  150.592   7646.9    350.1
     1     1    19    11    22    16     0     2  -176.0   55.182  149.526   7685.2    347.1
     1     1    19    11    22    15     0     3  -177.0   55.716  148.415   7666.7    347.8
     1     1    19    11    22    14     0     2  -178.0   56.191  147.334   7663.3    347.5
     1     1    19    11    22    13     0     1  -179.0   56.612  146.256   7663.7    347.6
     1     1    19    11    22    12     0     0  -180.0   57.036  145.187   7645.7    346.6
     1     1    19    11    22    11     0     1  -181.0   57.450  144.110   7634.8    348.8
     1     1    19    11    22    10     0     2  -182.0   57.823  142.961   7700.3    344.1
     1     1    19    11    22     9     0     3  -183.0   58.214  141.709   7620.1    346.2
     1     1    19    11    22     8     0     2  -184.0   58.576  140.322   7369.6    327.6
     1     1    19    11    22     7     0     1  -185.0   58.842  138.973   7118.0    337.9
     1     1    19    11    22     6     0     0  -186.0   59.121  137.542   7365.1    320.6
     1     1    19    11    22     5     0     1  -187.0   59.358  136.149   7477.3    329.2
     1     1    19    11    22     4     0     2  -188.0   59.556  134.686   7539.2    330.0
     1     1    19    11    22     3     0     3  -189.0   59.739  133.147   7545.3    330.7
     1     1    19    11    22     2     0     2  -190.0   59.908  131.572   7508.5    335.1
     1     1    19    11    22     1     0     1  -191.0   60.040  129.989   7492.5    333.4
     1     1    19    11    22     0     0     0  -192.0   60.171  128.349   7497.3    329.4
     1     1    19    11    21    23     0     1  -193.0   60.273  126.741   7489.7    325.9
     1     1    19    11    21    22     0     2  -194.0   60.356  125.164   7513.3    324.2
     1     1    19    11    21    21     0     3  -195.0   60.440  123.609   7519.3    325.0
     1     1    19    11    21    20     0     2  -196.0   60.517  122.118   7523.2    325.6
     1     1    19    11    21    19     0     1  -197.0   60.567  120.688   7569.6    329.7
     1     1    19    11    21    18     0     0  -198.0   60.622  119.323   7539.9    332.0
     1     1    19    11    21    17     0     1  -199.0   60.680  118.026   7517.0    330.8
     1     1    19    11    21    16     0     2  -200.0   60.748  116.819   7493.1    333.4
     1     1    19    11    21    15     0     3  -201.0   60.849  115.669   7434.9    332.9
     1     1    19    11    21    14     0     2  -202.0   60.973  114.570   7390.2    337.1
     1     1    19    11    21    13     0     1  -203.0   61.102  113.529   7329.8    339.5
     1     1    19    11    21    12     0     0  -204.0   61.258  112.531   7311.8    337.5
     1     1    19    11    21    11     0     1  -205.0   61.431  111.582   7303.7    337.0
     1     1    19    11    21    10     0     2  -206.0   61.611  110.719   7297.7    340.1
     1     1    19    11    21     9     0     3  -207.0   61.823  109.915   7278.7    342.9
     1     1    19    11    21     8     0     2  -208.0   62.066  109.126   7248.9    344.4
     1     1    19    11    21     7     0     1  -209.0   62.334  108.349   7249.8    346.5
     1     1    19    11    21     6     0     0  -210.0   62.635  107.571   7257.5    346.4
     1     1    19    11    21     5     0     1  -211.0   62.947  106.810   7258.0    346.7
     1     1    19    11    21     4     0     2  -212.0   63.275  106.095   7260.5    345.9
     1     1    19    11    21     3     0     3  -213.0   63.617  105.413   7261.1    342.8
     1     1    19    11    21     2     0     2  -214.0   63.964  104.750   7273.3    339.6
     1     1    19    11    21     1     0     1  -215.0   64.314  104.102   7290.0    335.8
     1     1    19    11    21     0     0     0  -216.0   64.657  103.469   7321.9    333.7
     1     1    19    11    20    23     0     1  -217.0   64.996  102.877   7356.0    332.6
     1     1    19    11    20    22     0     2  -218.0   65.340  102.335   7377.3    329.5
     1     1    19    11    20    21     0     3  -219.0   65.689  101.836   7368.8    327.5
     1     1    19    11    20    20     0     2  -220.0   66.051  101.377   7363.0    328.0
     1     1    19    11    20    19     0     1  -221.0   66.425  100.959   7378.3    329.2
     1     1    19    11    20    18     0     0  -222.0   66.807  100.607   7368.3    329.4
     1     1    19    11    20    17     0     1  -223.0   67.211  100.289   7364.8    329.1
     1     1    19    11    20    16     0     2  -224.0   67.628   99.935   7366.0    324.2
     1     1    19    11    20    15     0     3  -225.0   68.040   99.540   7370.5    323.0
     1     1    19    11    20    14     0     2  -226.0   68.453   99.111   7351.7    322.4
     1     1    19    11    20    13     0     1  -227.0   68.863   98.630   7296.3    319.0
     1     1    19    11    20    12     0     0  -228.0   69.257   98.078   7265.4    319.6
     1     1    19    11    20    11     0     1  -229.0   69.647   97.498   7307.0    326.1
     1     1    19    11    20    10     0     2  -230.0   70.045   96.936   7386.4    330.6
     1     1    19    11    20     9     0     3  -231.0   70.440   96.368   7477.8    339.0
     1     1    19    11    20     8     0     2  -232.0   70.833   95.810   7534.5    349.7
     1     1    19    11    20     7     0     1  -233.0   71.231   95.272   7543.8    351.5
     1     1    19    11    20     6     0     0  -234.0   71.630   94.712   7493.4    353.3
     1     1    19    11    20     5     0     1  -235.0   72.032   94.081   7467.9    355.5
     1     1    19    11    20     4     0     2  -236.0   72.441   93.387   7482.8    353.7
     1     1    19    11    20     3     0     3  -237.0   72.849   92.654   7482.3    353.6
     1     1    19    11    20     2     0     2  -238.0   73.250   91.847   7467.0    355.7
     1     1    19    11    20     1     0     1  -239.0   73.644   90.980   7391.3    360.0
     1     1    19    11    20     0     0     0  -240.0   74.032   90.037   7382.5    360.4
