     7     1
    GDAS    19     6     1     0     0
    GDAS    19     7     1     0     0
    GDAS    19     8     1     0     0
    GDAS    19     9     1     0     0
    GDAS    19    10     1     0     0
    GDAS    19    11     1     0     0
    GDAS    19    12     1     0     0
     1 BACKWARD OMEGA   
    19     9    16     0   21.319 -157.670    10.0
     1 PRESSURE
     1     1    19     9    16     0     0     0     0.0   21.319 -157.670     10.0   1009.4
     1     1    19     9    15    23     0     1    -1.0   21.365 -157.523     29.1   1007.1
     1     1    19     9    15    22     0     2    -2.0   21.392 -157.361     57.0   1004.0
     1     1    19     9    15    21     0     3    -3.0   21.395 -157.183     79.0    999.0
     1     1    19     9    15    20     0     2    -4.0   21.388 -156.997    102.9    996.9
     1     1    19     9    15    19     0     1    -5.0   21.376 -156.799    137.4    994.7
     1     1    19     9    15    18     0     0    -6.0   21.349 -156.577    182.6    990.5
     1     1    19     9    15    17     0     1    -7.0   21.297 -156.331    226.0    985.5
     1     1    19     9    15    16     0     2    -8.0   21.215 -156.072    257.3    983.7
     1     1    19     9    15    15     0     3    -9.0   21.119 -155.812    278.7    981.6
     1     1    19     9    15    14     0     2   -10.0   21.021 -155.563    297.5    979.8
     1     1    19     9    15    13     0     1   -11.0   20.917 -155.325    316.0    977.4
     1     1    19     9    15    12     0     0   -12.0   20.806 -155.102    332.6    975.5
     1     1    19     9    15    11     0     1   -13.0   20.681 -154.882    349.8    974.2
     1     1    19     9    15    10     0     2   -14.0   20.546 -154.655    366.0    972.5
     1     1    19     9    15     9     0     3   -15.0   20.412 -154.412    373.0    971.7
     1     1    19     9    15     8     0     2   -16.0   20.300 -154.155    372.1    972.4
     1     1    19     9    15     7     0     1   -17.0   20.224 -153.895    372.3    972.7
     1     1    19     9    15     6     0     0   -18.0   20.176 -153.635    378.0    972.2
     1     1    19     9    15     5     0     1   -19.0   20.139 -153.374    387.2    970.5
     1     1    19     9    15     4     0     2   -20.0   20.107 -153.111    397.5    969.3
     1     1    19     9    15     3     0     3   -21.0   20.083 -152.850    407.3    967.8
     1     1    19     9    15     2     0     2   -22.0   20.064 -152.595    409.7    967.1
     1     1    19     9    15     1     0     1   -23.0   20.046 -152.343    404.3    968.0
     1     1    19     9    15     0     0     0   -24.0   20.027 -152.092    399.8    968.9
     1     1    19     9    14    23     0     1   -25.0   20.007 -151.841    405.9    969.5
     1     1    19     9    14    22     0     2   -26.0   19.989 -151.590    423.3    967.8
     1     1    19     9    14    21     0     3   -27.0   19.974 -151.339    438.7    965.7
     1     1    19     9    14    20     0     2   -28.0   19.960 -151.089    439.9    964.9
     1     1    19     9    14    19     0     1   -29.0   19.950 -150.841    425.5    966.7
     1     1    19     9    14    18     0     0   -30.0   19.942 -150.590    405.1    969.4
     1     1    19     9    14    17     0     1   -31.0   19.933 -150.338    385.3    971.1
     1     1    19     9    14    16     0     2   -32.0   19.923 -150.096    357.4    972.9
     1     1    19     9    14    15     0     3   -33.0   19.917 -149.868    319.9    977.4
     1     1    19     9    14    14     0     2   -34.0   19.906 -149.636    291.0    982.3
     1     1    19     9    14    13     0     1   -35.0   19.880 -149.377    278.5    982.8
     1     1    19     9    14    12     0     0   -36.0   19.840 -149.098    268.6    983.1
     1     1    19     9    14    11     0     1   -37.0   19.797 -148.818    261.7    984.9
     1     1    19     9    14    10     0     2   -38.0   19.761 -148.551    261.4    985.0
     1     1    19     9    14     9     0     3   -39.0   19.731 -148.289    263.6    984.9
     1     1    19     9    14     8     0     2   -40.0   19.710 -148.026    263.1    984.8
     1     1    19     9    14     7     0     1   -41.0   19.702 -147.764    258.3    985.3
     1     1    19     9    14     6     0     0   -42.0   19.706 -147.509    252.5    986.1
     1     1    19     9    14     5     0     1   -43.0   19.712 -147.255    250.2    986.1
     1     1    19     9    14     4     0     2   -44.0   19.712 -146.995    251.9    985.4
     1     1    19     9    14     3     0     3   -45.0   19.705 -146.731    253.8    984.6
     1     1    19     9    14     2     0     2   -46.0   19.691 -146.464    253.9    984.4
     1     1    19     9    14     1     0     1   -47.0   19.674 -146.197    254.1    984.3
     1     1    19     9    14     0     0     0   -48.0   19.653 -145.930    257.1    984.0
     1     1    19     9    13    23     0     1   -49.0   19.630 -145.661    261.5    983.7
     1     1    19     9    13    22     0     2   -50.0   19.603 -145.387    263.1    983.8
     1     1    19     9    13    21     0     3   -51.0   19.571 -145.104    260.0    984.5
     1     1    19     9    13    20     0     2   -52.0   19.540 -144.817    255.0    985.6
     1     1    19     9    13    19     0     1   -53.0   19.521 -144.527    252.0    986.1
     1     1    19     9    13    18     0     0   -54.0   19.510 -144.226    249.6    986.5
     1     1    19     9    13    17     0     1   -55.0   19.505 -143.918    245.3    986.2
     1     1    19     9    13    16     0     2   -56.0   19.507 -143.616    242.3    986.6
     1     1    19     9    13    15     0     3   -57.0   19.519 -143.320    250.8    985.7
     1     1    19     9    13    14     0     2   -58.0   19.535 -143.023    265.4    982.7
     1     1    19     9    13    13     0     1   -59.0   19.548 -142.727    268.2    981.0
     1     1    19     9    13    12     0     0   -60.0   19.556 -142.431    257.9    982.4
     1     1    19     9    13    11     0     1   -61.0   19.565 -142.134    249.8    985.0
     1     1    19     9    13    10     0     2   -62.0   19.576 -141.835    247.1    985.4
     1     1    19     9    13     9     0     3   -63.0   19.593 -141.539    244.4    986.6
     1     1    19     9    13     8     0     2   -64.0   19.618 -141.247    247.7    986.7
     1     1    19     9    13     7     0     1   -65.0   19.651 -140.950    260.7    985.3
     1     1    19     9    13     6     0     0   -66.0   19.690 -140.648    276.8    982.7
     1     1    19     9    13     5     0     1   -67.0   19.735 -140.354    287.9    980.9
     1     1    19     9    13     4     0     2   -68.0   19.782 -140.070    300.3    980.3
     1     1    19     9    13     3     0     3   -69.0   19.835 -139.791    322.9    977.5
     1     1    19     9    13     2     0     2   -70.0   19.893 -139.514    346.2    973.3
     1     1    19     9    13     1     0     1   -71.0   19.949 -139.240    363.7    971.6
     1     1    19     9    13     0     0     0   -72.0   19.996 -138.972    386.1    969.5
     1     1    19     9    12    23     0     1   -73.0   20.030 -138.697    401.6    966.5
     1     1    19     9    12    22     0     2   -74.0   20.056 -138.406    400.4    967.9
     1     1    19     9    12    21     0     3   -75.0   20.079 -138.103    401.8    969.2
     1     1    19     9    12    20     0     2   -76.0   20.107 -137.795    412.2    968.1
     1     1    19     9    12    19     0     1   -77.0   20.141 -137.489    424.7    966.9
     1     1    19     9    12    18     0     0   -78.0   20.184 -137.189    436.9    966.0
     1     1    19     9    12    17     0     1   -79.0   20.231 -136.897    459.3    963.9
     1     1    19     9    12    16     0     2   -80.0   20.276 -136.611    493.4    958.4
     1     1    19     9    12    15     0     3   -81.0   20.320 -136.332    524.7    953.8
     1     1    19     9    12    14     0     2   -82.0   20.362 -136.061    537.9    950.9
     1     1    19     9    12    13     0     1   -83.0   20.397 -135.793    530.8    952.2
     1     1    19     9    12    12     0     0   -84.0   20.422 -135.525    518.5    954.1
     1     1    19     9    12    11     0     1   -85.0   20.442 -135.253    521.2    955.8
     1     1    19     9    12    10     0     2   -86.0   20.463 -134.972    551.7    953.0
     1     1    19     9    12     9     0     3   -87.0   20.486 -134.681    609.8    947.3
     1     1    19     9    12     8     0     2   -88.0   20.514 -134.381    674.3    938.0
     1     1    19     9    12     7     0     1   -89.0   20.549 -134.069    724.6    932.5
     1     1    19     9    12     6     0     0   -90.0   20.592 -133.745    757.5    928.7
     1     1    19     9    12     5     0     1   -91.0   20.648 -133.424    769.4    927.1
     1     1    19     9    12     4     0     2   -92.0   20.720 -133.116    756.5    927.8
     1     1    19     9    12     3     0     3   -93.0   20.807 -132.813    716.5    932.1
     1     1    19     9    12     2     0     2   -94.0   20.899 -132.513    677.9    939.2
     1     1    19     9    12     1     0     1   -95.0   20.983 -132.209    665.5    939.7
     1     1    19     9    12     0     0     0   -96.0   21.059 -131.898    667.9    938.2
     1     1    19     9    11    23     0     1   -97.0   21.137 -131.587    675.5    937.8
     1     1    19     9    11    22     0     2   -98.0   21.229 -131.284    684.2    937.3
     1     1    19     9    11    21     0     3   -99.0   21.334 -130.988    690.4    937.0
     1     1    19     9    11    20     0     2  -100.0   21.445 -130.698    695.3    937.2
     1     1    19     9    11    19     0     1  -101.0   21.559 -130.410    702.6    936.7
     1     1    19     9    11    18     0     0  -102.0   21.673 -130.127    712.3    936.0
     1     1    19     9    11    17     0     1  -103.0   21.787 -129.854    722.4    934.4
     1     1    19     9    11    16     0     2  -104.0   21.899 -129.593    731.3    933.2
     1     1    19     9    11    15     0     3  -105.0   22.009 -129.344    739.2    932.1
     1     1    19     9    11    14     0     2  -106.0   22.114 -129.107    748.5    930.9
     1     1    19     9    11    13     0     1  -107.0   22.208 -128.878    761.4    929.0
     1     1    19     9    11    12     0     0  -108.0   22.291 -128.655    774.9    926.8
     1     1    19     9    11    11     0     1  -109.0   22.368 -128.430    787.2    926.1
     1     1    19     9    11    10     0     2  -110.0   22.446 -128.193    803.4    925.2
     1     1    19     9    11     9     0     3  -111.0   22.523 -127.946    832.7    923.1
     1     1    19     9    11     8     0     2  -112.0   22.608 -127.696    870.2    918.5
     1     1    19     9    11     7     0     1  -113.0   22.710 -127.453    902.1    914.8
     1     1    19     9    11     6     0     0  -114.0   22.826 -127.214    921.7    912.5
     1     1    19     9    11     5     0     1  -115.0   22.956 -126.976    931.9    911.6
     1     1    19     9    11     4     0     2  -116.0   23.100 -126.736    943.6    910.5
     1     1    19     9    11     3     0     3  -117.0   23.267 -126.498    960.0    908.1
     1     1    19     9    11     2     0     2  -118.0   23.450 -126.271    976.2    905.7
     1     1    19     9    11     1     0     1  -119.0   23.640 -126.060    989.9    903.8
     1     1    19     9    11     0     0     0  -120.0   23.833 -125.860   1000.7    902.2
     1     1    19     9    10    23     0     1  -121.0   24.033 -125.665   1013.8    901.9
     1     1    19     9    10    22     0     2  -122.0   24.244 -125.474   1031.7    900.1
     1     1    19     9    10    21     0     3  -123.0   24.467 -125.285   1051.4    898.4
     1     1    19     9    10    20     0     2  -124.0   24.700 -125.103   1068.9    896.6
     1     1    19     9    10    19     0     1  -125.0   24.939 -124.931   1084.9    895.9
     1     1    19     9    10    18     0     0  -126.0   25.182 -124.769   1104.1    894.3
     1     1    19     9    10    17     0     1  -127.0   25.431 -124.626   1123.3    891.7
     1     1    19     9    10    16     0     2  -128.0   25.685 -124.499   1141.6    889.8
     1     1    19     9    10    15     0     3  -129.0   25.942 -124.377   1165.2    887.6
     1     1    19     9    10    14     0     2  -130.0   26.199 -124.269   1188.3    883.9
     1     1    19     9    10    13     0     1  -131.0   26.455 -124.188   1202.7    882.2
     1     1    19     9    10    12     0     0  -132.0   26.707 -124.130   1210.5    881.2
     1     1    19     9    10    11     0     1  -133.0   26.959 -124.076   1213.9    881.1
     1     1    19     9    10    10     0     2  -134.0   27.219 -124.013   1219.0    881.2
     1     1    19     9    10     9     0     3  -135.0   27.486 -123.944   1233.9    880.1
     1     1    19     9    10     8     0     2  -136.0   27.751 -123.882   1256.4    877.5
     1     1    19     9    10     7     0     1  -137.0   28.014 -123.822   1276.2    875.3
     1     1    19     9    10     6     0     0  -138.0   28.276 -123.765   1286.4    874.3
     1     1    19     9    10     5     0     1  -139.0   28.544 -123.721   1294.1    874.1
     1     1    19     9    10     4     0     2  -140.0   28.821 -123.678   1308.3    872.3
     1     1    19     9    10     3     0     3  -141.0   29.107 -123.614   1328.3    869.9
     1     1    19     9    10     2     0     2  -142.0   29.402 -123.567   1342.8    867.3
     1     1    19     9    10     1     0     1  -143.0   29.706 -123.553   1341.2    867.1
     1     1    19     9    10     0     0     0  -144.0   30.020 -123.539   1320.2    869.0
     1     1    19     9     9    23     0     1  -145.0   30.342 -123.539   1301.1    873.7
     1     1    19     9     9    22     0     2  -146.0   30.666 -123.567   1302.7    873.3
     1     1    19     9     9    21     0     3  -147.0   30.985 -123.586   1311.2    872.1
     1     1    19     9     9    20     0     2  -148.0   31.305 -123.617   1315.6    871.5
     1     1    19     9     9    19     0     1  -149.0   31.632 -123.686   1317.8    872.1
     1     1    19     9     9    18     0     0  -150.0   31.972 -123.764   1327.1    871.9
     1     1    19     9     9    17     0     1  -151.0   32.314 -123.855   1351.8    869.4
     1     1    19     9     9    16     0     2  -152.0   32.646 -123.970   1385.7    864.7
     1     1    19     9     9    15     0     3  -153.0   32.977 -124.096   1407.4    860.9
     1     1    19     9     9    14     0     2  -154.0   33.313 -124.237   1415.3    861.1
     1     1    19     9     9    13     0     1  -155.0   33.645 -124.395   1422.8    860.7
     1     1    19     9     9    12     0     0  -156.0   33.966 -124.556   1446.8    859.6
     1     1    19     9     9    11     0     1  -157.0   34.274 -124.724   1494.3    854.5
     1     1    19     9     9    10     0     2  -158.0   34.580 -124.905   1557.3    847.8
     1     1    19     9     9     9     0     3  -159.0   34.887 -125.082   1626.4    840.5
     1     1    19     9     9     8     0     2  -160.0   35.188 -125.261   1682.5    833.7
     1     1    19     9     9     7     0     1  -161.0   35.486 -125.451   1721.2    831.2
     1     1    19     9     9     6     0     0  -162.0   35.789 -125.649   1767.1    828.1
     1     1    19     9     9     5     0     1  -163.0   36.093 -125.868   1828.6    821.6
     1     1    19     9     9     4     0     2  -164.0   36.388 -126.118   1883.8    814.5
     1     1    19     9     9     3     0     3  -165.0   36.671 -126.396   1921.4    811.2
     1     1    19     9     9     2     0     2  -166.0   36.934 -126.690   1955.7    808.8
     1     1    19     9     9     1     0     1  -167.0   37.174 -126.996   2000.4    805.0
     1     1    19     9     9     0     0     0  -168.0   37.394 -127.315   2055.2    799.2
     1     1    19     9     8    23     0     1  -169.0   37.608 -127.638   2119.7    793.9
     1     1    19     9     8    22     0     2  -170.0   37.818 -127.959   2193.7    786.9
     1     1    19     9     8    21     0     3  -171.0   38.021 -128.275   2270.2    779.9
     1     1    19     9     8    20     0     2  -172.0   38.227 -128.590   2327.4    772.5
     1     1    19     9     8    19     0     1  -173.0   38.446 -128.906   2347.7    770.7
     1     1    19     9     8    18     0     0  -174.0   38.674 -129.216   2340.8    771.9
     1     1    19     9     8    17     0     1  -175.0   38.913 -129.534   2327.1    774.4
     1     1    19     9     8    16     0     2  -176.0   39.158 -129.877   2318.4    775.0
     1     1    19     9     8    15     0     3  -177.0   39.407 -130.238   2310.0    775.5
     1     1    19     9     8    14     0     2  -178.0   39.656 -130.618   2306.4    776.4
     1     1    19     9     8    13     0     1  -179.0   39.900 -131.022   2314.8    775.6
     1     1    19     9     8    12     0     0  -180.0   40.139 -131.445   2330.4    773.5
     1     1    19     9     8    11     0     1  -181.0   40.371 -131.877   2350.1    772.0
     1     1    19     9     8    10     0     2  -182.0   40.590 -132.308   2368.5    770.0
     1     1    19     9     8     9     0     3  -183.0   40.795 -132.736   2387.1    769.4
     1     1    19     9     8     8     0     2  -184.0   40.998 -133.168   2410.7    766.8
     1     1    19     9     8     7     0     1  -185.0   41.209 -133.598   2420.7    764.4
     1     1    19     9     8     6     0     0  -186.0   41.423 -134.013   2412.0    766.1
     1     1    19     9     8     5     0     1  -187.0   41.639 -134.434   2414.4    767.8
     1     1    19     9     8     4     0     2  -188.0   41.855 -134.878   2421.2    764.4
     1     1    19     9     8     3     0     3  -189.0   42.069 -135.331   2395.8    766.3
     1     1    19     9     8     2     0     2  -190.0   42.278 -135.789   2365.2    772.0
     1     1    19     9     8     1     0     1  -191.0   42.477 -136.255   2351.3    772.0
     1     1    19     9     8     0     0     0  -192.0   42.665 -136.731   2363.4    772.6
     1     1    19     9     7    23     0     1  -193.0   42.848 -137.216   2397.2    767.2
     1     1    19     9     7    22     0     2  -194.0   43.020 -137.692   2401.4    764.3
     1     1    19     9     7    21     0     3  -195.0   43.176 -138.141   2375.8    769.1
     1     1    19     9     7    20     0     2  -196.0   43.327 -138.577   2354.8    772.1
     1     1    19     9     7    19     0     1  -197.0   43.483 -139.013   2338.1    772.5
     1     1    19     9     7    18     0     0  -198.0   43.643 -139.440   2325.5    774.7
     1     1    19     9     7    17     0     1  -199.0   43.810 -139.865   2333.2    774.1
     1     1    19     9     7    16     0     2  -200.0   43.981 -140.296   2349.2    770.5
     1     1    19     9     7    15     0     3  -201.0   44.152 -140.740   2354.4    769.8
     1     1    19     9     7    14     0     2  -202.0   44.317 -141.195   2354.4    770.2
     1     1    19     9     7    13     0     1  -203.0   44.470 -141.655   2354.4    770.0
     1     1    19     9     7    12     0     0  -204.0   44.606 -142.115   2354.4    770.0
     1     1    19     9     7    11     0     1  -205.0   44.723 -142.572   2357.9    769.9
     1     1    19     9     7    10     0     2  -206.0   44.824 -143.029   2368.2    768.9
     1     1    19     9     7     9     0     3  -207.0   44.910 -143.481   2389.8    767.3
     1     1    19     9     7     8     0     2  -208.0   44.993 -143.915   2417.5    763.8
     1     1    19     9     7     7     0     1  -209.0   45.078 -144.327   2434.0    761.6
     1     1    19     9     7     6     0     0  -210.0   45.159 -144.717   2440.6    761.7
     1     1    19     9     7     5     0     1  -211.0   45.238 -145.113   2445.2    761.2
     1     1    19     9     7     4     0     2  -212.0   45.318 -145.534   2446.2    760.8
     1     1    19     9     7     3     0     3  -213.0   45.402 -145.963   2439.5    761.1
     1     1    19     9     7     2     0     2  -214.0   45.476 -146.384   2436.0    762.6
     1     1    19     9     7     1     0     1  -215.0   45.529 -146.798   2436.3    761.3
     1     1    19     9     7     0     0     0  -216.0   45.567 -147.205   2429.6    762.1
     1     1    19     9     6    23     0     1  -217.0   45.594 -147.598   2437.9    763.3
     1     1    19     9     6    22     0     2  -218.0   45.612 -147.965   2490.3    759.2
     1     1    19     9     6    21     0     3  -219.0   45.626 -148.304   2578.6    749.6
     1     1    19     9     6    20     0     2  -220.0   45.650 -148.622   2663.8    739.7
     1     1    19     9     6    19     0     1  -221.0   45.691 -148.927   2718.8    734.5
     1     1    19     9     6    18     0     0  -222.0   45.746 -149.221   2745.2    732.4
     1     1    19     9     6    17     0     1  -223.0   45.807 -149.520   2765.8    731.9
     1     1    19     9     6    16     0     2  -224.0   45.874 -149.838   2813.5    728.5
     1     1    19     9     6    15     0     3  -225.0   45.946 -150.176   2889.4    720.4
     1     1    19     9     6    14     0     2  -226.0   46.012 -150.521   2945.9    712.4
     1     1    19     9     6    13     0     1  -227.0   46.063 -150.857   2983.9    711.9
     1     1    19     9     6    12     0     0  -228.0   46.101 -151.186   3043.5    707.9
     1     1    19     9     6    11     0     1  -229.0   46.129 -151.506   3105.7    699.8
     1     1    19     9     6    10     0     2  -230.0   46.158 -151.805   3144.2    696.8
     1     1    19     9     6     9     0     3  -231.0   46.192 -152.086   3167.8    695.1
     1     1    19     9     6     8     0     2  -232.0   46.234 -152.352   3199.0    694.0
     1     1    19     9     6     7     0     1  -233.0   46.284 -152.608   3242.2    689.1
     1     1    19     9     6     6     0     0  -234.0   46.350 -152.852   3279.9    685.5
     1     1    19     9     6     5     0     1  -235.0   46.427 -153.094   3309.1    683.1
     1     1    19     9     6     4     0     2  -236.0   46.513 -153.341   3339.3    681.1
     1     1    19     9     6     3     0     3  -237.0   46.605 -153.599   3385.6    677.7
     1     1    19     9     6     2     0     2  -238.0   46.702 -153.872   3435.7    671.8
     1     1    19     9     6     1     0     1  -239.0   46.800 -154.155   3451.0    668.9
     1     1    19     9     6     0     0     0  -240.0   46.897 -154.436   3426.5    672.1
