     7     1
    GDAS    18    12     1     0     0
    GDAS    19     1     1     0     0
    GDAS    19     2     1     0     0
    GDAS    19     3     1     0     0
    GDAS    19     4     1     0     0
    GDAS    19     5     1     0     0
    GDAS    19     6     1     0     0
     1 BACKWARD OMEGA   
    19     2    23     6   21.319 -157.670    10.0
     1 PRESSURE
     1     1    19     2    23     6     0     0     0.0   21.319 -157.670     10.0   1011.4
     1     1    19     2    23     5     0     1    -1.0   21.366 -157.629     13.0   1010.9
     1     1    19     2    23     4     0     2    -2.0   21.410 -157.584     16.7   1010.2
     1     1    19     2    23     3     0     3    -3.0   21.450 -157.538     20.7   1009.5
     1     1    19     2    23     2     0     2    -4.0   21.487 -157.488     25.0   1009.1
     1     1    19     2    23     1     0     1    -5.0   21.520 -157.434     29.9   1008.5
     1     1    19     2    23     0     0     0    -6.0   21.548 -157.378     35.1   1008.0
     1     1    19     2    22    23     0     1    -7.0   21.580 -157.319     41.7   1008.1
     1     1    19     2    22    22     0     2    -8.0   21.625 -157.257     50.7   1008.1
     1     1    19     2    22    21     0     3    -9.0   21.680 -157.193     62.3   1007.6
     1     1    19     2    22    20     0     2   -10.0   21.738 -157.126     74.9   1005.6
     1     1    19     2    22    19     0     1   -11.0   21.789 -157.059     87.1   1003.8
     1     1    19     2    22    18     0     0   -12.0   21.832 -156.990     98.4   1002.3
     1     1    19     2    22    17     0     1   -13.0   21.872 -156.925    109.2   1001.1
     1     1    19     2    22    16     0     2   -14.0   21.913 -156.870    118.7   1000.0
     1     1    19     2    22    15     0     3   -15.0   21.955 -156.826    125.4    999.2
     1     1    19     2    22    14     0     2   -16.0   21.991 -156.787    127.3    999.0
     1     1    19     2    22    13     0     1   -17.0   22.016 -156.747    125.1    999.3
     1     1    19     2    22    12     0     0   -18.0   22.032 -156.707    120.3    999.8
     1     1    19     2    22    11     0     1   -19.0   22.047 -156.663    115.2   1001.0
     1     1    19     2    22    10     0     2   -20.0   22.070 -156.617    112.0   1001.9
     1     1    19     2    22     9     0     3   -21.0   22.103 -156.569    110.9   1002.7
     1     1    19     2    22     8     0     2   -22.0   22.143 -156.520    112.4   1002.3
     1     1    19     2    22     7     0     1   -23.0   22.191 -156.470    116.6   1001.6
     1     1    19     2    22     6     0     0   -24.0   22.243 -156.420    122.8   1000.7
     1     1    19     2    22     5     0     1   -25.0   22.299 -156.375    129.2    999.5
     1     1    19     2    22     4     0     2   -26.0   22.355 -156.340    134.4    998.7
     1     1    19     2    22     3     0     3   -27.0   22.414 -156.314    138.8    998.0
     1     1    19     2    22     2     0     2   -28.0   22.473 -156.292    141.1    997.6
     1     1    19     2    22     1     0     1   -29.0   22.535 -156.270    140.1    997.7
     1     1    19     2    22     0     0     0   -30.0   22.600 -156.246    136.5    998.2
     1     1    19     2    21    23     0     1   -31.0   22.670 -156.217    133.0    999.2
     1     1    19     2    21    22     0     2   -32.0   22.744 -156.181    131.3    999.9
     1     1    19     2    21    21     0     3   -33.0   22.825 -156.137    130.8   1000.5
     1     1    19     2    21    20     0     2   -34.0   22.913 -156.090    130.8   1000.2
     1     1    19     2    21    19     0     1   -35.0   23.009 -156.041    130.8   1000.0
     1     1    19     2    21    18     0     0   -36.0   23.115 -155.994    130.9    999.7
     1     1    19     2    21    17     0     1   -37.0   23.224 -155.954    131.3    999.5
     1     1    19     2    21    16     0     2   -38.0   23.329 -155.926    131.9    999.2
     1     1    19     2    21    15     0     3   -39.0   23.430 -155.908    132.6    999.0
     1     1    19     2    21    14     0     2   -40.0   23.522 -155.897    133.2    999.0
     1     1    19     2    21    13     0     1   -41.0   23.602 -155.890    133.5    999.1
     1     1    19     2    21    12     0     0   -42.0   23.668 -155.886    133.6    999.2
     1     1    19     2    21    11     0     1   -43.0   23.727 -155.888    133.5    999.8
     1     1    19     2    21    10     0     2   -44.0   23.784 -155.897    133.5   1000.3
     1     1    19     2    21     9     0     3   -45.0   23.837 -155.916    133.5   1000.8
     1     1    19     2    21     8     0     2   -46.0   23.885 -155.946    136.6   1000.6
     1     1    19     2    21     7     0     1   -47.0   23.926 -155.990    147.3    999.3
     1     1    19     2    21     6     0     0   -48.0   23.960 -156.050    166.9    996.5
     1     1    19     2    21     5     0     1   -49.0   23.974 -156.116    186.4    992.8
     1     1    19     2    21     4     0     2   -50.0   23.963 -156.183    198.2    991.1
     1     1    19     2    21     3     0     3   -51.0   23.931 -156.251    203.0    990.3
     1     1    19     2    21     2     0     2   -52.0   23.878 -156.315    204.2    990.4
     1     1    19     2    21     1     0     1   -53.0   23.804 -156.367    204.0    990.4
     1     1    19     2    21     0     0     0   -54.0   23.709 -156.406    201.5    990.6
     1     1    19     2    20    23     0     1   -55.0   23.601 -156.436    196.2    991.5
     1     1    19     2    20    22     0     2   -56.0   23.489 -156.467    188.4    992.7
     1     1    19     2    20    21     0     3   -57.0   23.373 -156.500    178.7    994.2
     1     1    19     2    20    20     0     2   -58.0   23.253 -156.531    172.1    995.3
     1     1    19     2    20    19     0     1   -59.0   23.129 -156.556    172.6    994.9
     1     1    19     2    20    18     0     0   -60.0   23.002 -156.574    181.2    993.6
     1     1    19     2    20    17     0     1   -61.0   22.874 -156.592    193.4    991.1
     1     1    19     2    20    16     0     2   -62.0   22.749 -156.617    205.6    989.3
     1     1    19     2    20    15     0     3   -63.0   22.629 -156.651    219.1    987.4
     1     1    19     2    20    14     0     2   -64.0   22.514 -156.687    234.2    985.8
     1     1    19     2    20    13     0     1   -65.0   22.405 -156.716    251.6    984.3
     1     1    19     2    20    12     0     0   -66.0   22.301 -156.743    275.6    982.1
     1     1    19     2    20    11     0     1   -67.0   22.217 -156.755    303.9    978.4
     1     1    19     2    20    10     0     2   -68.0   22.166 -156.733    326.5    975.7
     1     1    19     2    20     9     0     3   -69.0   22.149 -156.674    338.3    974.5
     1     1    19     2    20     8     0     2   -70.0   22.156 -156.588    340.4    974.4
     1     1    19     2    20     7     0     1   -71.0   22.172 -156.493    336.8    974.7
     1     1    19     2    20     6     0     0   -72.0   22.198 -156.389    328.7    975.6
     1     1    19     2    20     5     0     1   -73.0   22.253 -156.289    333.6    976.8
     1     1    19     2    20     4     0     2   -74.0   22.343 -156.223    376.7    972.6
     1     1    19     2    20     3     0     3   -75.0   22.444 -156.218    481.7    962.8
     1     1    19     2    20     2     0     2   -76.0   22.512 -156.289    659.5    942.9
     1     1    19     2    20     1     0     1   -77.0   22.553 -156.391    894.4    917.2
     1     1    19     2    20     0     0     0   -78.0   22.570 -156.481   1171.0    887.2
     1     1    19     2    19    23     0     1   -79.0   22.503 -156.562   1397.1    856.2
     1     1    19     2    19    22     0     2   -80.0   22.354 -156.643   1494.5    846.5
     1     1    19     2    19    21     0     3   -81.0   22.175 -156.744   1494.5    847.7
     1     1    19     2    19    20     0     2   -82.0   21.991 -156.907   1477.4    854.9
     1     1    19     2    19    19     0     1   -83.0   21.810 -157.150   1520.6    851.6
     1     1    19     2    19    18     0     0   -84.0   21.636 -157.378   1619.6    841.7
     1     1    19     2    19    17     0     1   -85.0   21.438 -157.569   1770.3    825.5
     1     1    19     2    19    16     0     2   -86.0   21.194 -157.762   1923.4    805.2
     1     1    19     2    19    15     0     3   -87.0   20.912 -158.006   1996.0    794.8
     1     1    19     2    19    14     0     2   -88.0   20.610 -158.261   2012.6    799.6
     1     1    19     2    19    13     0     1   -89.0   20.270 -158.497   2046.8    796.9
     1     1    19     2    19    12     0     0   -90.0   19.865 -158.726   2110.8    791.4
     1     1    19     2    19    11     0     1   -91.0   19.418 -158.933   2185.4    782.5
     1     1    19     2    19    10     0     2   -92.0   18.961 -159.121   2239.9    777.0
     1     1    19     2    19     9     0     3   -93.0   18.503 -159.305   2280.3    774.6
     1     1    19     2    19     8     0     2   -94.0   18.034 -159.484   2320.6    770.5
     1     1    19     2    19     7     0     1   -95.0   17.541 -159.657   2353.7    766.3
     1     1    19     2    19     6     0     0   -96.0   17.020 -159.827   2377.3    764.4
     1     1    19     2    19     5     0     1   -97.0   16.485 -159.994   2383.7    762.4
     1     1    19     2    19     4     0     2   -98.0   15.982 -160.148   2374.2    764.5
     1     1    19     2    19     3     0     3   -99.0   15.513 -160.287   2362.8    765.4
     1     1    19     2    19     2     0     2  -100.0   15.071 -160.410   2354.1    766.9
     1     1    19     2    19     1     0     1  -101.0   14.647 -160.521   2354.9    767.2
     1     1    19     2    19     0     0     0  -102.0   14.228 -160.626   2366.5    766.2
     1     1    19     2    18    23     0     1  -103.0   13.810 -160.736   2381.5    764.7
     1     1    19     2    18    22     0     2  -104.0   13.405 -160.853   2395.5    763.9
     1     1    19     2    18    21     0     3  -105.0   13.002 -160.975   2410.8    762.9
     1     1    19     2    18    20     0     2  -106.0   12.606 -161.094   2420.8    761.1
     1     1    19     2    18    19     0     1  -107.0   12.226 -161.201   2416.5    761.1
     1     1    19     2    18    18     0     0  -108.0   11.856 -161.298   2397.8    762.9
     1     1    19     2    18    17     0     1  -109.0   11.498 -161.386   2377.8    765.6
     1     1    19     2    18    16     0     2  -110.0   11.149 -161.463   2366.7    766.4
     1     1    19     2    18    15     0     3  -111.0   10.807 -161.532   2363.7    766.5
     1     1    19     2    18    14     0     2  -112.0   10.482 -161.598   2363.4    766.3
     1     1    19     2    18    13     0     1  -113.0   10.177 -161.669   2360.4    766.8
     1     1    19     2    18    12     0     0  -114.0    9.891 -161.745   2355.3    767.5
     1     1    19     2    18    11     0     1  -115.0    9.628 -161.822   2352.4    768.5
     1     1    19     2    18    10     0     2  -116.0    9.391 -161.898   2354.9    768.6
     1     1    19     2    18     9     0     3  -117.0    9.177 -161.976   2363.1    768.2
     1     1    19     2    18     8     0     2  -118.0    8.984 -162.059   2373.0    766.6
     1     1    19     2    18     7     0     1  -119.0    8.816 -162.144   2378.1    765.8
     1     1    19     2    18     6     0     0  -120.0    8.671 -162.228   2377.5    765.7
     1     1    19     2    18     5     0     1  -121.0    8.548 -162.314   2370.2    765.9
     1     1    19     2    18     4     0     2  -122.0    8.446 -162.404   2355.3    767.0
     1     1    19     2    18     3     0     3  -123.0    8.362 -162.497   2334.2    768.6
     1     1    19     2    18     2     0     2  -124.0    8.295 -162.591   2309.8    771.3
     1     1    19     2    18     1     0     1  -125.0    8.242 -162.684   2284.7    773.8
     1     1    19     2    18     0     0     0  -126.0    8.205 -162.779   2260.2    776.3
     1     1    19     2    17    23     0     1  -127.0    8.185 -162.874   2241.5    778.8
     1     1    19     2    17    22     0     2  -128.0    8.181 -162.968   2231.8    780.1
     1     1    19     2    17    21     0     3  -129.0    8.192 -163.063   2228.9    780.7
     1     1    19     2    17    20     0     2  -130.0    8.215 -163.158   2234.8    780.3
     1     1    19     2    17    19     0     1  -131.0    8.247 -163.257   2252.6    778.6
     1     1    19     2    17    18     0     0  -132.0    8.286 -163.361   2281.8    775.8
     1     1    19     2    17    17     0     1  -133.0    8.338 -163.473   2314.3    771.8
     1     1    19     2    17    16     0     2  -134.0    8.408 -163.593   2342.0    769.0
     1     1    19     2    17    15     0     3  -135.0    8.496 -163.720   2365.1    766.7
     1     1    19     2    17    14     0     2  -136.0    8.593 -163.850   2386.0    765.3
     1     1    19     2    17    13     0     1  -137.0    8.696 -163.980   2407.5    763.6
     1     1    19     2    17    12     0     0  -138.0    8.806 -164.109   2433.0    761.8
     1     1    19     2    17    11     0     1  -139.0    8.923 -164.240   2467.9    759.1
     1     1    19     2    17    10     0     2  -140.0    9.046 -164.377   2514.2    755.2
     1     1    19     2    17     9     0     3  -141.0    9.176 -164.516   2568.9    750.3
     1     1    19     2    17     8     0     2  -142.0    9.310 -164.658   2622.5    744.8
     1     1    19     2    17     7     0     1  -143.0    9.449 -164.806   2667.4    740.7
     1     1    19     2    17     6     0     0  -144.0    9.593 -164.957   2701.9    737.6
     1     1    19     2    17     5     0     1  -145.0    9.743 -165.108   2730.2    735.1
     1     1    19     2    17     4     0     2  -146.0    9.893 -165.258   2755.5    732.3
     1     1    19     2    17     3     0     3  -147.0   10.044 -165.409   2775.6    730.1
     1     1    19     2    17     2     0     2  -148.0   10.203 -165.562   2790.8    729.0
     1     1    19     2    17     1     0     1  -149.0   10.371 -165.717   2802.4    728.2
     1     1    19     2    17     0     0     0  -150.0   10.545 -165.873   2811.5    727.6
     1     1    19     2    16    23     0     1  -151.0   10.722 -166.032   2820.5    727.4
     1     1    19     2    16    22     0     2  -152.0   10.896 -166.194   2831.6    726.9
     1     1    19     2    16    21     0     3  -153.0   11.063 -166.361   2845.7    726.1
     1     1    19     2    16    20     0     2  -154.0   11.224 -166.533   2862.0    724.4
     1     1    19     2    16    19     0     1  -155.0   11.382 -166.713   2881.6    722.7
     1     1    19     2    16    18     0     0  -156.0   11.536 -166.900   2909.0    720.3
     1     1    19     2    16    17     0     1  -157.0   11.687 -167.090   2943.7    716.9
     1     1    19     2    16    16     0     2  -158.0   11.836 -167.280   2984.3    713.3
     1     1    19     2    16    15     0     3  -159.0   11.984 -167.471   3034.0    709.1
     1     1    19     2    16    14     0     2  -160.0   12.130 -167.663   3094.9    704.1
     1     1    19     2    16    13     0     1  -161.0   12.282 -167.861   3164.5    698.2
     1     1    19     2    16    12     0     0  -162.0   12.440 -168.062   3239.4    692.1
     1     1    19     2    16    11     0     1  -163.0   12.607 -168.268   3313.2    685.4
     1     1    19     2    16    10     0     2  -164.0   12.779 -168.485   3377.8    679.9
     1     1    19     2    16     9     0     3  -165.0   12.955 -168.712   3429.8    675.6
     1     1    19     2    16     8     0     2  -166.0   13.135 -168.951   3467.4    672.3
     1     1    19     2    16     7     0     1  -167.0   13.316 -169.199   3490.2    670.3
     1     1    19     2    16     6     0     0  -168.0   13.497 -169.451   3501.8    669.4
     1     1    19     2    16     5     0     1  -169.0   13.673 -169.703   3508.9    668.9
     1     1    19     2    16     4     0     2  -170.0   13.842 -169.953   3516.3    668.1
     1     1    19     2    16     3     0     3  -171.0   14.002 -170.205   3524.8    667.2
     1     1    19     2    16     2     0     2  -172.0   14.152 -170.459   3537.7    666.7
     1     1    19     2    16     1     0     1  -173.0   14.293 -170.715   3557.2    665.2
     1     1    19     2    16     0     0     0  -174.0   14.425 -170.972   3582.2    663.5
     1     1    19     2    15    23     0     1  -175.0   14.547 -171.226   3615.1    661.2
     1     1    19     2    15    22     0     2  -176.0   14.660 -171.478   3655.7    658.0
     1     1    19     2    15    21     0     3  -177.0   14.766 -171.729   3699.6    654.6
     1     1    19     2    15    20     0     2  -178.0   14.865 -171.982   3738.5    650.7
     1     1    19     2    15    19     0     1  -179.0   14.953 -172.236   3764.9    648.5
     1     1    19     2    15    18     0     0  -180.0   15.034 -172.487   3777.7    647.2
     1     1    19     2    15    17     0     1  -181.0   15.110 -172.731   3781.8    647.2
     1     1    19     2    15    16     0     2  -182.0   15.184 -172.965   3784.4    646.8
     1     1    19     2    15    15     0     3  -183.0   15.254 -173.189   3785.6    646.6
     1     1    19     2    15    14     0     2  -184.0   15.322 -173.403   3784.0    646.7
     1     1    19     2    15    13     0     1  -185.0   15.391 -173.608   3778.0    647.4
     1     1    19     2    15    12     0     0  -186.0   15.463 -173.801   3768.3    648.4
     1     1    19     2    15    11     0     1  -187.0   15.543 -173.983   3763.5    649.5
     1     1    19     2    15    10     0     2  -188.0   15.635 -174.157   3771.9    649.0
     1     1    19     2    15     9     0     3  -189.0   15.741 -174.323   3792.6    647.4
     1     1    19     2    15     8     0     2  -190.0   15.851 -174.486   3817.2    644.6
     1     1    19     2    15     7     0     1  -191.0   15.958 -174.649   3838.2    642.8
     1     1    19     2    15     6     0     0  -192.0   16.060 -174.812   3855.9    641.2
     1     1    19     2    15     5     0     1  -193.0   16.162 -174.972   3878.1    639.9
     1     1    19     2    15     4     0     2  -194.0   16.272 -175.124   3914.6    637.0
     1     1    19     2    15     3     0     3  -195.0   16.390 -175.272   3966.8    632.8
     1     1    19     2    15     2     0     2  -196.0   16.516 -175.418   4024.1    627.5
     1     1    19     2    15     1     0     1  -197.0   16.649 -175.558   4072.5    623.6
     1     1    19     2    15     0     0     0  -198.0   16.787 -175.692   4106.1    620.9
     1     1    19     2    14    23     0     1  -199.0   16.932 -175.822   4126.0    619.8
     1     1    19     2    14    22     0     2  -200.0   17.083 -175.950   4137.8    619.1
     1     1    19     2    14    21     0     3  -201.0   17.239 -176.075   4146.0    618.8
     1     1    19     2    14    20     0     2  -202.0   17.398 -176.199   4157.3    618.0
     1     1    19     2    14    19     0     1  -203.0   17.560 -176.325   4177.1    616.4
     1     1    19     2    14    18     0     0  -204.0   17.729 -176.453   4208.0    613.9
     1     1    19     2    14    17     0     1  -205.0   17.907 -176.589   4246.3    610.5
     1     1    19     2    14    16     0     2  -206.0   18.095 -176.735   4282.2    607.2
     1     1    19     2    14    15     0     3  -207.0   18.289 -176.888   4307.8    604.9
     1     1    19     2    14    14     0     2  -208.0   18.485 -177.041   4323.8    604.2
     1     1    19     2    14    13     0     1  -209.0   18.681 -177.194   4334.5    603.7
     1     1    19     2    14    12     0     0  -210.0   18.876 -177.345   4340.7    603.5
     1     1    19     2    14    11     0     1  -211.0   19.071 -177.493   4351.8    603.4
     1     1    19     2    14    10     0     2  -212.0   19.272 -177.641   4376.6    601.5
     1     1    19     2    14     9     0     3  -213.0   19.478 -177.790   4413.1    598.7
     1     1    19     2    14     8     0     2  -214.0   19.692 -177.943   4457.8    594.9
     1     1    19     2    14     7     0     1  -215.0   19.913 -178.100   4507.9    591.0
     1     1    19     2    14     6     0     0  -216.0   20.142 -178.264   4564.8    586.7
     1     1    19     2    14     5     0     1  -217.0   20.374 -178.432   4627.5    581.6
     1     1    19     2    14     4     0     2  -218.0   20.603 -178.602   4693.5    576.7
     1     1    19     2    14     3     0     3  -219.0   20.831 -178.770   4764.5    571.4
     1     1    19     2    14     2     0     2  -220.0   21.061 -178.936   4844.5    565.9
     1     1    19     2    14     1     0     1  -221.0   21.293 -179.099   4933.5    559.4
     1     1    19     2    14     0     0     0  -222.0   21.538 -179.255   5021.7    552.8
     1     1    19     2    13    23     0     1  -223.0   21.796 -179.410   5104.9    547.2
     1     1    19     2    13    22     0     2  -224.0   22.071 -179.572   5190.3    541.6
     1     1    19     2    13    21     0     3  -225.0   22.367 -179.743   5283.5    535.3
     1     1    19     2    13    20     0     2  -226.0   22.680 -179.931   5372.1    528.1
     1     1    19     2    13    19     0     1  -227.0   23.000  179.860   5440.2    523.1
     1     1    19     2    13    18     0     0  -228.0   23.324  179.632   5498.0    519.8
     1     1    19     2    13    17     0     1  -229.0   23.648  179.379   5563.8    515.6
     1     1    19     2    13    16     0     2  -230.0   23.964  179.088   5632.7    510.4
     1     1    19     2    13    15     0     3  -231.0   24.271  178.758   5695.5    506.2
     1     1    19     2    13    14     0     2  -232.0   24.567  178.401   5754.9    502.6
     1     1    19     2    13    13     0     1  -233.0   24.851  178.015   5812.2    498.7
     1     1    19     2    13    12     0     0  -234.0   25.125  177.596   5863.8    495.2
     1     1    19     2    13    11     0     1  -235.0   25.387  177.152   5912.1    492.4
     1     1    19     2    13    10     0     2  -236.0   25.634  176.684   5958.9    489.2
     1     1    19     2    13     9     0     3  -237.0   25.868  176.174   6005.8    486.5
     1     1    19     2    13     8     0     2  -238.0   26.096  175.627   6051.3    483.0
     1     1    19     2    13     7     0     1  -239.0   26.310  175.054   6076.8    480.4
     1     1    19     2    13     6     0     0  -240.0   26.515  174.454   6090.8    480.5
