     7     1
    GDAS    18    12     1     0     0
    GDAS    19     1     1     0     0
    GDAS    19     2     1     0     0
    GDAS    19     3     1     0     0
    GDAS    19     4     1     0     0
    GDAS    19     5     1     0     0
    GDAS    19     6     1     0     0
     1 BACKWARD OMEGA   
    19     3    15    12   21.319 -157.670    10.0
     1 PRESSURE
     1     1    19     3    15    12     0     0     0.0   21.319 -157.670     10.0   1014.6
     1     1    19     3    15    11     0     1    -1.0   21.415 -157.476     11.3   1013.9
     1     1    19     3    15    10     0     2    -2.0   21.500 -157.286     12.8   1013.4
     1     1    19     3    15     9     0     3    -3.0   21.575 -157.097     14.7   1013.1
     1     1    19     3    15     8     0     2    -4.0   21.638 -156.911     16.9   1013.4
     1     1    19     3    15     7     0     1    -5.0   21.689 -156.731     19.4   1014.0
     1     1    19     3    15     6     0     0    -6.0   21.729 -156.556     21.8   1014.4
     1     1    19     3    15     5     0     1    -7.0   21.760 -156.378     23.8   1013.5
     1     1    19     3    15     4     0     2    -8.0   21.783 -156.189     25.3   1012.8
     1     1    19     3    15     3     0     3    -9.0   21.797 -155.993     26.8   1012.1
     1     1    19     3    15     2     0     2   -10.0   21.808 -155.792     28.5   1011.9
     1     1    19     3    15     1     0     1   -11.0   21.820 -155.592     30.1   1011.8
     1     1    19     3    15     0     0     0   -12.0   21.833 -155.395     31.5   1011.7
     1     1    19     3    14    23     0     1   -13.0   21.839 -155.194     32.2   1012.5
     1     1    19     3    14    22     0     2   -14.0   21.837 -154.983     32.3   1013.6
     1     1    19     3    14    21     0     3   -15.0   21.828 -154.758     32.3   1014.7
     1     1    19     3    14    20     0     2   -16.0   21.813 -154.527     32.6   1014.8
     1     1    19     3    14    19     0     1   -17.0   21.794 -154.297     34.0   1014.8
     1     1    19     3    14    18     0     0   -18.0   21.773 -154.071     37.0   1014.7
     1     1    19     3    14    17     0     1   -19.0   21.754 -153.841     40.6   1014.0
     1     1    19     3    14    16     0     2   -20.0   21.739 -153.599     43.0   1013.6
     1     1    19     3    14    15     0     3   -21.0   21.727 -153.344     43.8   1013.4
     1     1    19     3    14    14     0     2   -22.0   21.716 -153.083     43.8   1013.5
     1     1    19     3    14    13     0     1   -23.0   21.709 -152.821     43.8   1013.5
     1     1    19     3    14    12     0     0   -24.0   21.705 -152.557     43.8   1013.5
     1     1    19     3    14    11     0     1   -25.0   21.706 -152.285     43.8   1013.5
     1     1    19     3    14    10     0     2   -26.0   21.716 -151.999     43.8   1013.5
     1     1    19     3    14     9     0     3   -27.0   21.737 -151.702     43.8   1013.5
     1     1    19     3    14     8     0     2   -28.0   21.774 -151.402     43.8   1013.4
     1     1    19     3    14     7     0     1   -29.0   21.830 -151.107     43.8   1013.4
     1     1    19     3    14     6     0     0   -30.0   21.903 -150.817     43.8   1013.3
     1     1    19     3    14     5     0     1   -31.0   21.981 -150.536     43.8   1013.2
     1     1    19     3    14     4     0     2   -32.0   22.049 -150.270     43.8   1013.1
     1     1    19     3    14     3     0     3   -33.0   22.110 -150.014     43.8   1013.1
     1     1    19     3    14     2     0     2   -34.0   22.164 -149.763     43.8   1013.2
     1     1    19     3    14     1     0     1   -35.0   22.212 -149.511     43.8   1013.4
     1     1    19     3    14     0     0     0   -36.0   22.257 -149.261     43.8   1013.5
     1     1    19     3    13    23     0     1   -37.0   22.296 -149.014     43.8   1013.6
     1     1    19     3    13    22     0     2   -38.0   22.323 -148.769     43.8   1013.8
     1     1    19     3    13    21     0     3   -39.0   22.339 -148.528     43.8   1014.2
     1     1    19     3    13    20     0     2   -40.0   22.351 -148.289     44.5   1014.3
     1     1    19     3    13    19     0     1   -41.0   22.367 -148.052     46.8   1014.2
     1     1    19     3    13    18     0     0   -42.0   22.385 -147.819     50.8   1013.9
     1     1    19     3    13    17     0     1   -43.0   22.399 -147.584     55.9   1013.3
     1     1    19     3    13    16     0     2   -44.0   22.406 -147.344     61.5   1012.3
     1     1    19     3    13    15     0     3   -45.0   22.405 -147.101     67.8   1011.1
     1     1    19     3    13    14     0     2   -46.0   22.398 -146.851     73.6   1010.2
     1     1    19     3    13    13     0     1   -47.0   22.386 -146.592     77.4   1009.8
     1     1    19     3    13    12     0     0   -48.0   22.371 -146.328     78.7   1009.7
     1     1    19     3    13    11     0     1   -49.0   22.355 -146.056     78.7   1010.0
     1     1    19     3    13    10     0     2   -50.0   22.343 -145.771     78.2   1010.1
     1     1    19     3    13     9     0     3   -51.0   22.334 -145.475     77.0   1010.3
     1     1    19     3    13     8     0     2   -52.0   22.335 -145.171     75.3   1010.7
     1     1    19     3    13     7     0     1   -53.0   22.346 -144.864     74.1   1011.0
     1     1    19     3    13     6     0     0   -54.0   22.366 -144.557     73.6   1011.2
     1     1    19     3    13     5     0     1   -55.0   22.394 -144.250     73.6   1011.1
     1     1    19     3    13     4     0     2   -56.0   22.432 -143.949     73.6   1011.0
     1     1    19     3    13     3     0     3   -57.0   22.481 -143.654     73.6   1011.0
     1     1    19     3    13     2     0     2   -58.0   22.528 -143.362     73.6   1011.2
     1     1    19     3    13     1     0     1   -59.0   22.566 -143.073     73.6   1011.3
     1     1    19     3    13     0     0     0   -60.0   22.594 -142.784     73.6   1011.4
     1     1    19     3    12    23     0     1   -61.0   22.614 -142.489     73.6   1011.7
     1     1    19     3    12    22     0     2   -62.0   22.627 -142.186     73.6   1012.0
     1     1    19     3    12    21     0     3   -63.0   22.634 -141.877     73.6   1012.2
     1     1    19     3    12    20     0     2   -64.0   22.642 -141.563     73.6   1012.5
     1     1    19     3    12    19     0     1   -65.0   22.657 -141.246     73.6   1012.9
     1     1    19     3    12    18     0     0   -66.0   22.685 -140.927     73.6   1013.2
     1     1    19     3    12    17     0     1   -67.0   22.721 -140.598     73.6   1013.0
     1     1    19     3    12    16     0     2   -68.0   22.760 -140.251     73.6   1012.8
     1     1    19     3    12    15     0     3   -69.0   22.802 -139.884     73.6   1012.7
     1     1    19     3    12    14     0     2   -70.0   22.855 -139.511     73.6   1012.9
     1     1    19     3    12    13     0     1   -71.0   22.927 -139.149     73.6   1013.2
     1     1    19     3    12    12     0     0   -72.0   23.014 -138.808     73.6   1013.5
     1     1    19     3    12    11     0     1   -73.0   23.110 -138.479     73.6   1013.7
     1     1    19     3    12    10     0     2   -74.0   23.212 -138.151     73.6   1013.9
     1     1    19     3    12     9     0     3   -75.0   23.324 -137.822     73.6   1014.1
     1     1    19     3    12     8     0     2   -76.0   23.452 -137.489     73.6   1014.5
     1     1    19     3    12     7     0     1   -77.0   23.601 -137.157     73.6   1014.8
     1     1    19     3    12     6     0     0   -78.0   23.769 -136.831     73.6   1015.2
     1     1    19     3    12     5     0     1   -79.0   23.952 -136.513     73.6   1014.7
     1     1    19     3    12     4     0     2   -80.0   24.146 -136.208     73.6   1013.9
     1     1    19     3    12     3     0     3   -81.0   24.351 -135.916     73.6   1013.4
     1     1    19     3    12     2     0     2   -82.0   24.571 -135.635     73.6   1013.8
     1     1    19     3    12     1     0     1   -83.0   24.808 -135.362     73.6   1013.8
     1     1    19     3    12     0     0     0   -84.0   25.060 -135.098     73.6   1013.5
     1     1    19     3    11    23     0     1   -85.0   25.321 -134.846     73.6   1013.9
     1     1    19     3    11    22     0     2   -86.0   25.587 -134.610     73.6   1014.5
     1     1    19     3    11    21     0     3   -87.0   25.860 -134.387     73.6   1014.9
     1     1    19     3    11    20     0     2   -88.0   26.147 -134.174     73.6   1014.8
     1     1    19     3    11    19     0     1   -89.0   26.449 -133.973     73.6   1014.9
     1     1    19     3    11    18     0     0   -90.0   26.767 -133.787     73.6   1014.9
     1     1    19     3    11    17     0     1   -91.0   27.102 -133.620     74.5   1014.7
     1     1    19     3    11    16     0     2   -92.0   27.444 -133.481     77.5   1014.2
     1     1    19     3    11    15     0     3   -93.0   27.785 -133.385     82.2   1013.3
     1     1    19     3    11    14     0     2   -94.0   28.117 -133.323     86.2   1012.9
     1     1    19     3    11    13     0     1   -95.0   28.439 -133.278     88.7   1012.7
     1     1    19     3    11    12     0     0   -96.0   28.753 -133.242     89.9   1012.7
     1     1    19     3    11    11     0     1   -97.0   29.062 -133.202     90.3   1012.8
     1     1    19     3    11    10     0     2   -98.0   29.373 -133.144     90.3   1012.9
     1     1    19     3    11     9     0     3   -99.0   29.688 -133.069     90.3   1012.8
     1     1    19     3    11     8     0     2  -100.0   30.018 -132.977     92.1   1012.6
     1     1    19     3    11     7     0     1  -101.0   30.366 -132.872     96.2   1012.1
     1     1    19     3    11     6     0     0  -102.0   30.729 -132.760     99.8   1011.3
     1     1    19     3    11     5     0     1  -103.0   31.102 -132.649    101.0   1010.9
     1     1    19     3    11     4     0     2  -104.0   31.480 -132.546    101.0   1010.9
     1     1    19     3    11     3     0     3  -105.0   31.865 -132.453    101.0   1010.5
     1     1    19     3    11     2     0     2  -106.0   32.255 -132.367    101.8   1010.6
     1     1    19     3    11     1     0     1  -107.0   32.650 -132.286    103.7   1010.5
     1     1    19     3    11     0     0     0  -108.0   33.049 -132.214    104.8   1010.3
     1     1    19     3    10    23     0     1  -109.0   33.449 -132.146    104.8   1010.4
     1     1    19     3    10    22     0     2  -110.0   33.846 -132.081    104.8   1010.4
     1     1    19     3    10    21     0     3  -111.0   34.239 -132.026    104.8   1010.4
     1     1    19     3    10    20     0     2  -112.0   34.633 -131.972    104.8   1010.3
     1     1    19     3    10    19     0     1  -113.0   35.027 -131.911    104.8   1010.2
     1     1    19     3    10    18     0     0  -114.0   35.419 -131.847    104.8   1010.2
     1     1    19     3    10    17     0     1  -115.0   35.806 -131.778    107.3   1009.4
     1     1    19     3    10    16     0     2  -116.0   36.188 -131.704    114.5   1007.8
     1     1    19     3    10    15     0     3  -117.0   36.566 -131.629    124.7   1006.2
     1     1    19     3    10    14     0     2  -118.0   36.942 -131.557    136.3   1004.6
     1     1    19     3    10    13     0     1  -119.0   37.314 -131.484    150.2   1002.5
     1     1    19     3    10    12     0     0  -120.0   37.679 -131.416    165.9    999.6
     1     1    19     3    10    11     0     1  -121.0   38.038 -131.347    181.9    997.4
     1     1    19     3    10    10     0     2  -122.0   38.400 -131.259    199.2    995.1
     1     1    19     3    10     9     0     3  -123.0   38.764 -131.153    218.7    992.7
     1     1    19     3    10     8     0     2  -124.0   39.132 -131.032    239.8    989.7
     1     1    19     3    10     7     0     1  -125.0   39.506 -130.898    260.6    986.9
     1     1    19     3    10     6     0     0  -126.0   39.881 -130.753    280.9    983.9
     1     1    19     3    10     5     0     1  -127.0   40.248 -130.596    301.5    980.7
     1     1    19     3    10     4     0     2  -128.0   40.603 -130.420    322.7    977.4
     1     1    19     3    10     3     0     3  -129.0   40.947 -130.231    343.7    974.3
     1     1    19     3    10     2     0     2  -130.0   41.285 -130.029    364.5    971.3
     1     1    19     3    10     1     0     1  -131.0   41.617 -129.814    386.7    968.2
     1     1    19     3    10     0     0     0  -132.0   41.938 -129.598    411.6    965.0
     1     1    19     3     9    23     0     1  -133.0   42.237 -129.371    436.7    961.6
     1     1    19     3     9    22     0     2  -134.0   42.504 -129.118    458.0    958.7
     1     1    19     3     9    21     0     3  -135.0   42.736 -128.838    475.2    956.5
     1     1    19     3     9    20     0     2  -136.0   42.936 -128.547    495.2    954.7
     1     1    19     3     9    19     0     1  -137.0   43.115 -128.261    526.1    951.0
     1     1    19     3     9    18     0     0  -138.0   43.274 -127.984    567.4    945.8
     1     1    19     3     9    17     0     1  -139.0   43.402 -127.714    607.2    940.0
     1     1    19     3     9    16     0     2  -140.0   43.492 -127.451    636.7    936.5
     1     1    19     3     9    15     0     3  -141.0   43.548 -127.196    657.4    933.8
     1     1    19     3     9    14     0     2  -142.0   43.580 -126.962    670.2    932.0
     1     1    19     3     9    13     0     1  -143.0   43.593 -126.759    674.0    931.3
     1     1    19     3     9    12     0     0  -144.0   43.591 -126.586    667.4    931.8
     1     1    19     3     9    11     0     1  -145.0   43.566 -126.447    653.9    934.2
     1     1    19     3     9    10     0     2  -146.0   43.507 -126.343    636.0    936.5
     1     1    19     3     9     9     0     3  -147.0   43.410 -126.274    607.9    939.4
     1     1    19     3     9     8     0     2  -148.0   43.286 -126.237    570.2    944.2
     1     1    19     3     9     7     0     1  -149.0   43.148 -126.229    530.6    949.0
     1     1    19     3     9     6     0     0  -150.0   42.996 -126.247    493.0    953.9
     1     1    19     3     9     5     0     1  -151.0   42.840 -126.279    468.2    958.2
     1     1    19     3     9     4     0     2  -152.0   42.690 -126.319    458.1    959.2
     1     1    19     3     9     3     0     3  -153.0   42.550 -126.376    454.7    959.6
     1     1    19     3     9     2     0     2  -154.0   42.418 -126.460    451.3    960.0
     1     1    19     3     9     1     0     1  -155.0   42.290 -126.577    444.4    961.3
     1     1    19     3     9     0     0     0  -156.0   42.165 -126.727    434.8    963.1
     1     1    19     3     8    23     0     1  -157.0   42.053 -126.895    428.4    965.0
     1     1    19     3     8    22     0     2  -158.0   41.967 -127.068    427.4    965.4
     1     1    19     3     8    21     0     3  -159.0   41.910 -127.244    428.5    965.7
     1     1    19     3     8    20     0     2  -160.0   41.883 -127.423    433.0    965.8
     1     1    19     3     8    19     0     1  -161.0   41.882 -127.606    443.0    964.8
     1     1    19     3     8    18     0     0  -162.0   41.910 -127.792    458.9    963.0
     1     1    19     3     8    17     0     1  -163.0   41.961 -127.981    479.3    960.2
     1     1    19     3     8    16     0     2  -164.0   42.024 -128.175    500.3    957.3
     1     1    19     3     8    15     0     3  -165.0   42.100 -128.379    517.3    954.9
     1     1    19     3     8    14     0     2  -166.0   42.190 -128.590    527.0    953.7
     1     1    19     3     8    13     0     1  -167.0   42.287 -128.808    527.7    953.5
     1     1    19     3     8    12     0     0  -168.0   42.391 -129.035    518.3    954.7
     1     1    19     3     8    11     0     1  -169.0   42.500 -129.265    507.1    957.2
     1     1    19     3     8    10     0     2  -170.0   42.613 -129.495    498.1    958.3
     1     1    19     3     8     9     0     3  -171.0   42.731 -129.734    488.9    959.8
     1     1    19     3     8     8     0     2  -172.0   42.855 -129.987    479.9    961.0
     1     1    19     3     8     7     0     1  -173.0   42.981 -130.246    475.1    962.3
     1     1    19     3     8     6     0     0  -174.0   43.105 -130.499    485.1    962.0
     1     1    19     3     8     5     0     1  -175.0   43.226 -130.737    507.1    958.1
     1     1    19     3     8     4     0     2  -176.0   43.343 -130.961    523.5    955.1
     1     1    19     3     8     3     0     3  -177.0   43.456 -131.176    523.7    954.6
     1     1    19     3     8     2     0     2  -178.0   43.566 -131.383    514.4    956.8
     1     1    19     3     8     1     0     1  -179.0   43.672 -131.584    507.2    957.9
     1     1    19     3     8     0     0     0  -180.0   43.776 -131.781    506.3    958.3
     1     1    19     3     7    23     0     1  -181.0   43.883 -131.977    512.9    957.4
     1     1    19     3     7    22     0     2  -182.0   43.999 -132.177    521.7    955.9
     1     1    19     3     7    21     0     3  -183.0   44.123 -132.379    527.6    955.1
     1     1    19     3     7    20     0     2  -184.0   44.253 -132.586    532.9    954.8
     1     1    19     3     7    19     0     1  -185.0   44.384 -132.800    540.3    953.5
     1     1    19     3     7    18     0     0  -186.0   44.516 -133.026    547.7    952.4
     1     1    19     3     7    17     0     1  -187.0   44.655 -133.260    553.7    951.3
     1     1    19     3     7    16     0     2  -188.0   44.806 -133.500    560.0    950.3
     1     1    19     3     7    15     0     3  -189.0   44.967 -133.748    572.8    949.1
     1     1    19     3     7    14     0     2  -190.0   45.139 -133.999    594.1    945.8
     1     1    19     3     7    13     0     1  -191.0   45.321 -134.250    614.3    942.6
     1     1    19     3     7    12     0     0  -192.0   45.512 -134.502    631.5    940.7
     1     1    19     3     7    11     0     1  -193.0   45.712 -134.750    648.4    938.1
     1     1    19     3     7    10     0     2  -194.0   45.924 -134.988    661.7    935.8
     1     1    19     3     7     9     0     3  -195.0   46.152 -135.214    671.4    934.4
     1     1    19     3     7     8     0     2  -196.0   46.391 -135.434    682.8    933.1
     1     1    19     3     7     7     0     1  -197.0   46.639 -135.655    704.0    930.3
     1     1    19     3     7     6     0     0  -198.0   46.898 -135.879    745.7    925.8
     1     1    19     3     7     5     0     1  -199.0   47.166 -136.100    797.0    917.1
     1     1    19     3     7     4     0     2  -200.0   47.437 -136.313    832.9    912.3
     1     1    19     3     7     3     0     3  -201.0   47.710 -136.523    858.4    910.1
     1     1    19     3     7     2     0     2  -202.0   47.985 -136.728    888.1    907.2
     1     1    19     3     7     1     0     1  -203.0   48.262 -136.921    924.2    902.0
     1     1    19     3     7     0     0     0  -204.0   48.541 -137.102    954.2    897.2
     1     1    19     3     6    23     0     1  -205.0   48.818 -137.268    971.6    895.4
     1     1    19     3     6    22     0     2  -206.0   49.095 -137.408    986.8    894.7
     1     1    19     3     6    21     0     3  -207.0   49.373 -137.516   1007.8    892.2
     1     1    19     3     6    20     0     2  -208.0   49.659 -137.597   1027.2    889.3
     1     1    19     3     6    19     0     1  -209.0   49.954 -137.652   1043.3    887.9
     1     1    19     3     6    18     0     0  -210.0   50.254 -137.680   1061.6    886.0
     1     1    19     3     6    17     0     1  -211.0   50.552 -137.677   1081.5    883.6
     1     1    19     3     6    16     0     2  -212.0   50.837 -137.642   1099.3    881.6
     1     1    19     3     6    15     0     3  -213.0   51.109 -137.577   1114.6    880.2
     1     1    19     3     6    14     0     2  -214.0   51.373 -137.488   1130.0    879.0
     1     1    19     3     6    13     0     1  -215.0   51.631 -137.381   1144.3    877.4
     1     1    19     3     6    12     0     0  -216.0   51.880 -137.256   1152.3    876.7
     1     1    19     3     6    11     0     1  -217.0   52.118 -137.108   1159.0    877.1
     1     1    19     3     6    10     0     2  -218.0   52.343 -136.932   1173.3    876.2
     1     1    19     3     6     9     0     3  -219.0   52.550 -136.733   1192.4    873.9
     1     1    19     3     6     8     0     2  -220.0   52.744 -136.507   1204.3    871.9
     1     1    19     3     6     7     0     1  -221.0   52.933 -136.248   1199.5    872.7
     1     1    19     3     6     6     0     0  -222.0   53.111 -135.956   1183.8    875.6
     1     1    19     3     6     5     0     1  -223.0   53.282 -135.653   1173.4    877.9
     1     1    19     3     6     4     0     2  -224.0   53.444 -135.348   1180.2    877.5
     1     1    19     3     6     3     0     3  -225.0   53.588 -135.027   1208.2    874.5
     1     1    19     3     6     2     0     2  -226.0   53.708 -134.692   1239.9    869.1
     1     1    19     3     6     1     0     1  -227.0   53.801 -134.349   1258.3    867.6
     1     1    19     3     6     0     0     0  -228.0   53.861 -133.994   1269.5    867.0
     1     1    19     3     5    23     0     1  -229.0   53.893 -133.639   1271.1    861.5
     1     1    19     3     5    22     0     2  -230.0   53.908 -133.294   1259.3    857.9
     1     1    19     3     5    21     0     3  -231.0   53.905 -132.955   1232.7    857.2
     1     1    19     3     5    20     0     2  -232.0   53.888 -132.641   1206.0    864.2
     1     1    19     3     5    19     0     1  -233.0   53.861 -132.365   1187.1    867.7
     1     1    19     3     5    18     0     0  -234.0   53.820 -132.118   1172.2    869.8
     1     1    19     3     5    17     0     1  -235.0   53.769 -131.902   1155.1    871.5
     1     1    19     3     5    16     0     2  -236.0   53.716 -131.722   1131.1    875.4
     1     1    19     3     5    15     0     3  -237.0   53.662 -131.572   1099.3    880.3
     1     1    19     3     5    14     0     2  -238.0   53.612 -131.443   1060.1    886.6
     1     1    19     3     5    13     0     1  -239.0   53.577 -131.324   1014.1    894.0
     1     1    19     3     5    12     0     0  -240.0   53.557 -131.211    960.7    902.7
