     7     1
    GDAS    18    12     1     0     0
    GDAS    19     1     1     0     0
    GDAS    19     2     1     0     0
    GDAS    19     3     1     0     0
    GDAS    19     4     1     0     0
    GDAS    19     5     1     0     0
    GDAS    19     6     1     0     0
     1 BACKWARD OMEGA   
    19     1    17    12   21.319 -157.670    10.0
     1 PRESSURE
     1     1    19     1    17    12     0     0     0.0   21.319 -157.670     10.0   1011.2
     1     1    19     1    17    11     0     1    -1.0   21.078 -157.756      9.0   1011.1
     1     1    19     1    17    10     0     2    -2.0   20.851 -157.814      8.9   1011.5
     1     1    19     1    17     9     0     3    -3.0   20.643 -157.848      9.7   1011.8
     1     1    19     1    17     8     0     2    -4.0   20.458 -157.866     10.9   1011.8
     1     1    19     1    17     7     0     1    -5.0   20.292 -157.876     12.3   1011.6
     1     1    19     1    17     6     0     0    -6.0   20.140 -157.872     14.1   1011.3
     1     1    19     1    17     5     0     1    -7.0   19.994 -157.856     16.7   1010.9
     1     1    19     1    17     4     0     2    -8.0   19.849 -157.832     20.3   1010.3
     1     1    19     1    17     3     0     3    -9.0   19.706 -157.798     24.8   1009.6
     1     1    19     1    17     2     0     2   -10.0   19.562 -157.752     30.0   1008.9
     1     1    19     1    17     1     0     1   -11.0   19.417 -157.687     34.4   1008.4
     1     1    19     1    17     0     0     0   -12.0   19.273 -157.603     37.1   1008.1
     1     1    19     1    16    23     0     1   -13.0   19.130 -157.502     38.0   1009.1
     1     1    19     1    16    22     0     2   -14.0   18.986 -157.387     38.2   1010.1
     1     1    19     1    16    21     0     3   -15.0   18.838 -157.258     38.2   1011.1
     1     1    19     1    16    20     0     2   -16.0   18.694 -157.115     39.1   1011.1
     1     1    19     1    16    19     0     1   -17.0   18.558 -156.953     41.5   1010.7
     1     1    19     1    16    18     0     0   -18.0   18.428 -156.764     44.5   1010.3
     1     1    19     1    16    17     0     1   -19.0   18.307 -156.550     47.5   1009.1
     1     1    19     1    16    16     0     2   -20.0   18.197 -156.315     50.6   1008.1
     1     1    19     1    16    15     0     3   -21.0   18.103 -156.064     53.9   1007.1
     1     1    19     1    16    14     0     2   -22.0   18.030 -155.811     57.0   1007.7
     1     1    19     1    16    13     0     1   -23.0   17.977 -155.568     59.2   1008.2
     1     1    19     1    16    12     0     0   -24.0   17.942 -155.331     60.0   1008.6
     1     1    19     1    16    11     0     1   -25.0   17.927 -155.099     60.1   1008.8
     1     1    19     1    16    10     0     2   -26.0   17.937 -154.867     60.1   1008.8
     1     1    19     1    16     9     0     3   -27.0   17.968 -154.635     60.1   1008.9
     1     1    19     1    16     8     0     2   -28.0   18.014 -154.408     60.5   1008.9
     1     1    19     1    16     7     0     1   -29.0   18.069 -154.187     61.3   1008.6
     1     1    19     1    16     6     0     0   -30.0   18.136 -153.973     62.2   1008.5
     1     1    19     1    16     5     0     1   -31.0   18.211 -153.771     63.8   1008.2
     1     1    19     1    16     4     0     2   -32.0   18.288 -153.582     66.2   1007.8
     1     1    19     1    16     3     0     3   -33.0   18.364 -153.404     68.9   1007.3
     1     1    19     1    16     2     0     2   -34.0   18.437 -153.236     71.4   1006.9
     1     1    19     1    16     1     0     1   -35.0   18.506 -153.079     73.2   1006.7
     1     1    19     1    16     0     0     0   -36.0   18.572 -152.934     73.7   1006.6
     1     1    19     1    15    23     0     1   -37.0   18.629 -152.790     73.3   1007.1
     1     1    19     1    15    22     0     2   -38.0   18.674 -152.635     72.9   1007.6
     1     1    19     1    15    21     0     3   -39.0   18.709 -152.465     72.8   1008.0
     1     1    19     1    15    20     0     2   -40.0   18.733 -152.288     72.8   1008.1
     1     1    19     1    15    19     0     1   -41.0   18.751 -152.110     72.8   1008.1
     1     1    19     1    15    18     0     0   -42.0   18.761 -151.929     72.8   1008.2
     1     1    19     1    15    17     0     1   -43.0   18.769 -151.742     72.8   1008.1
     1     1    19     1    15    16     0     2   -44.0   18.781 -151.544     72.8   1008.1
     1     1    19     1    15    15     0     3   -45.0   18.797 -151.338     72.8   1008.0
     1     1    19     1    15    14     0     2   -46.0   18.817 -151.128     72.8   1008.1
     1     1    19     1    15    13     0     1   -47.0   18.844 -150.917     72.8   1008.3
     1     1    19     1    15    12     0     0   -48.0   18.876 -150.706     72.8   1008.4
     1     1    19     1    15    11     0     1   -49.0   18.915 -150.492     72.8   1008.8
     1     1    19     1    15    10     0     2   -50.0   18.963 -150.274     72.8   1009.1
     1     1    19     1    15     9     0     3   -51.0   19.020 -150.054     72.8   1009.4
     1     1    19     1    15     8     0     2   -52.0   19.080 -149.837     72.8   1008.9
     1     1    19     1    15     7     0     1   -53.0   19.139 -149.628     72.8   1008.5
     1     1    19     1    15     6     0     0   -54.0   19.195 -149.426     72.8   1008.0
     1     1    19     1    15     5     0     1   -55.0   19.244 -149.232     72.8   1008.1
     1     1    19     1    15     4     0     2   -56.0   19.285 -149.045     72.8   1008.2
     1     1    19     1    15     3     0     3   -57.0   19.318 -148.863     72.8   1008.3
     1     1    19     1    15     2     0     2   -58.0   19.343 -148.685     72.8   1008.5
     1     1    19     1    15     1     0     1   -59.0   19.357 -148.509     72.8   1008.8
     1     1    19     1    15     0     0     0   -60.0   19.359 -148.336     72.8   1009.1
     1     1    19     1    14    23     0     1   -61.0   19.357 -148.158     72.8   1009.4
     1     1    19     1    14    22     0     2   -62.0   19.358 -147.968     72.8   1009.8
     1     1    19     1    14    21     0     3   -63.0   19.362 -147.767     72.8   1010.2
     1     1    19     1    14    20     0     2   -64.0   19.369 -147.556     72.8   1010.2
     1     1    19     1    14    19     0     1   -65.0   19.383 -147.338     72.8   1010.2
     1     1    19     1    14    18     0     0   -66.0   19.401 -147.116     72.8   1010.3
     1     1    19     1    14    17     0     1   -67.0   19.428 -146.886     72.8   1010.1
     1     1    19     1    14    16     0     2   -68.0   19.464 -146.649     72.8   1009.8
     1     1    19     1    14    15     0     3   -69.0   19.512 -146.405     72.8   1009.6
     1     1    19     1    14    14     0     2   -70.0   19.569 -146.157     72.8   1009.3
     1     1    19     1    14    13     0     1   -71.0   19.636 -145.909     72.8   1009.1
     1     1    19     1    14    12     0     0   -72.0   19.711 -145.663     72.9   1008.9
     1     1    19     1    14    11     0     1   -73.0   19.788 -145.420     72.9   1009.4
     1     1    19     1    14    10     0     2   -74.0   19.861 -145.180     72.9   1009.8
     1     1    19     1    14     9     0     3   -75.0   19.930 -144.941     72.9   1010.1
     1     1    19     1    14     8     0     2   -76.0   19.994 -144.708     73.5   1010.2
     1     1    19     1    14     7     0     1   -77.0   20.053 -144.485     76.7   1010.0
     1     1    19     1    14     6     0     0   -78.0   20.106 -144.271     84.9   1009.1
     1     1    19     1    14     5     0     1   -79.0   20.153 -144.064     96.7   1007.1
     1     1    19     1    14     4     0     2   -80.0   20.195 -143.858    106.5   1005.6
     1     1    19     1    14     3     0     3   -81.0   20.232 -143.652    111.8   1004.8
     1     1    19     1    14     2     0     2   -82.0   20.267 -143.447    114.1   1004.6
     1     1    19     1    14     1     0     1   -83.0   20.301 -143.242    115.1   1004.4
     1     1    19     1    14     0     0     0   -84.0   20.336 -143.036    115.3   1004.4
     1     1    19     1    13    23     0     1   -85.0   20.378 -142.825    115.3   1004.9
     1     1    19     1    13    22     0     2   -86.0   20.433 -142.603    115.3   1005.3
     1     1    19     1    13    21     0     3   -87.0   20.501 -142.372    115.3   1005.7
     1     1    19     1    13    20     0     2   -88.0   20.580 -142.141    115.3   1006.0
     1     1    19     1    13    19     0     1   -89.0   20.671 -141.919    115.3   1006.4
     1     1    19     1    13    18     0     0   -90.0   20.774 -141.703    115.3   1007.0
     1     1    19     1    13    17     0     1   -91.0   20.892 -141.494    115.3   1006.6
     1     1    19     1    13    16     0     2   -92.0   21.028 -141.294    115.3   1006.4
     1     1    19     1    13    15     0     3   -93.0   21.181 -141.106    115.3   1006.0
     1     1    19     1    13    14     0     2   -94.0   21.344 -140.935    115.3   1006.0
     1     1    19     1    13    13     0     1   -95.0   21.509 -140.788    115.3   1005.9
     1     1    19     1    13    12     0     0   -96.0   21.677 -140.667    115.3   1005.9
     1     1    19     1    13    11     0     1   -97.0   21.836 -140.564    115.3   1006.0
     1     1    19     1    13    10     0     2   -98.0   21.971 -140.469    115.3   1006.1
     1     1    19     1    13     9     0     3   -99.0   22.079 -140.382    115.3   1006.1
     1     1    19     1    13     8     0     2  -100.0   22.169 -140.299    115.3   1006.0
     1     1    19     1    13     7     0     1  -101.0   22.249 -140.216    115.3   1005.9
     1     1    19     1    13     6     0     0  -102.0   22.318 -140.132    115.3   1005.8
     1     1    19     1    13     5     0     1  -103.0   22.389 -140.056    115.3   1005.7
     1     1    19     1    13     4     0     2  -104.0   22.476 -140.002    115.3   1005.6
     1     1    19     1    13     3     0     3  -105.0   22.576 -139.972    115.3   1005.5
     1     1    19     1    13     2     0     2  -106.0   22.687 -139.964    115.3   1005.5
     1     1    19     1    13     1     0     1  -107.0   22.805 -139.979    115.3   1005.6
     1     1    19     1    13     0     0     0  -108.0   22.933 -140.016    115.3   1005.7
     1     1    19     1    12    23     0     1  -109.0   23.055 -140.070    115.3   1006.0
     1     1    19     1    12    22     0     2  -110.0   23.161 -140.135    115.3   1006.3
     1     1    19     1    12    21     0     3  -111.0   23.253 -140.211    115.3   1006.7
     1     1    19     1    12    20     0     2  -112.0   23.328 -140.294    115.3   1006.7
     1     1    19     1    12    19     0     1  -113.0   23.385 -140.376    115.3   1006.7
     1     1    19     1    12    18     0     0  -114.0   23.425 -140.457    115.3   1006.7
     1     1    19     1    12    17     0     1  -115.0   23.452 -140.529    115.3   1006.4
     1     1    19     1    12    16     0     2  -116.0   23.473 -140.580    115.3   1006.1
     1     1    19     1    12    15     0     3  -117.0   23.488 -140.610    115.3   1005.8
     1     1    19     1    12    14     0     2  -118.0   23.498 -140.625    115.3   1005.8
     1     1    19     1    12    13     0     1  -119.0   23.506 -140.634    115.3   1005.8
     1     1    19     1    12    12     0     0  -120.0   23.510 -140.636    115.3   1005.8
     1     1    19     1    12    11     0     1  -121.0   23.517 -140.626    115.3   1006.0
     1     1    19     1    12    10     0     2  -122.0   23.533 -140.604    115.3   1006.2
     1     1    19     1    12     9     0     3  -123.0   23.557 -140.567    115.3   1006.4
     1     1    19     1    12     8     0     2  -124.0   23.589 -140.525    115.3   1006.4
     1     1    19     1    12     7     0     1  -125.0   23.631 -140.482    115.3   1006.5
     1     1    19     1    12     6     0     0  -126.0   23.681 -140.439    115.3   1006.5
     1     1    19     1    12     5     0     1  -127.0   23.739 -140.395    115.3   1005.9
     1     1    19     1    12     4     0     2  -128.0   23.804 -140.350    115.3   1005.3
     1     1    19     1    12     3     0     3  -129.0   23.877 -140.304    115.3   1004.7
     1     1    19     1    12     2     0     2  -130.0   23.959 -140.260    115.3   1004.7
     1     1    19     1    12     1     0     1  -131.0   24.054 -140.223    115.3   1004.6
     1     1    19     1    12     0     0     0  -132.0   24.160 -140.193    115.3   1004.6
     1     1    19     1    11    23     0     1  -133.0   24.276 -140.172    115.3   1005.3
     1     1    19     1    11    22     0     2  -134.0   24.400 -140.161    115.3   1006.0
     1     1    19     1    11    21     0     3  -135.0   24.535 -140.162    115.3   1006.7
     1     1    19     1    11    20     0     2  -136.0   24.680 -140.175    115.3   1006.7
     1     1    19     1    11    19     0     1  -137.0   24.835 -140.201    115.3   1006.7
     1     1    19     1    11    18     0     0  -138.0   25.000 -140.240    115.3   1006.7
     1     1    19     1    11    17     0     1  -139.0   25.177 -140.290    115.3   1006.0
     1     1    19     1    11    16     0     2  -140.0   25.369 -140.350    115.3   1005.4
     1     1    19     1    11    15     0     3  -141.0   25.574 -140.422    115.3   1004.7
     1     1    19     1    11    14     0     2  -142.0   25.791 -140.512    116.4   1004.7
     1     1    19     1    11    13     0     1  -143.0   26.020 -140.625    121.3   1004.3
     1     1    19     1    11    12     0     0  -144.0   26.259 -140.759    133.1   1003.2
     1     1    19     1    11    11     0     1  -145.0   26.506 -140.915    149.8   1001.0
     1     1    19     1    11    10     0     2  -146.0   26.760 -141.093    166.4    998.8
     1     1    19     1    11     9     0     3  -147.0   27.028 -141.285    181.9    997.1
     1     1    19     1    11     8     0     2  -148.0   27.304 -141.504    195.9    995.1
     1     1    19     1    11     7     0     1  -149.0   27.584 -141.760    210.1    993.5
     1     1    19     1    11     6     0     0  -150.0   27.874 -142.044    228.8    991.4
     1     1    19     1    11     5     0     1  -151.0   28.170 -142.365    250.7    988.2
     1     1    19     1    11     4     0     2  -152.0   28.465 -142.733    273.7    985.3
     1     1    19     1    11     3     0     3  -153.0   28.764 -143.139    303.5    981.6
     1     1    19     1    11     2     0     2  -154.0   29.066 -143.584    329.2    976.3
     1     1    19     1    11     1     0     1  -155.0   29.370 -144.069    335.6    975.2
     1     1    19     1    11     0     0     0  -156.0   29.681 -144.586    337.7    976.1
     1     1    19     1    10    23     0     1  -157.0   29.994 -145.119    348.5    974.7
     1     1    19     1    10    22     0     2  -158.0   30.299 -145.655    363.2    972.4
     1     1    19     1    10    21     0     3  -159.0   30.603 -146.199    377.4    970.7
     1     1    19     1    10    20     0     2  -160.0   30.911 -146.755    390.6    969.0
     1     1    19     1    10    19     0     1  -161.0   31.218 -147.325    399.8    967.3
     1     1    19     1    10    18     0     0  -162.0   31.528 -147.909    402.5    966.6
     1     1    19     1    10    17     0     1  -163.0   31.846 -148.503    406.3    966.3
     1     1    19     1    10    16     0     2  -164.0   32.173 -149.107    420.9    964.6
     1     1    19     1    10    15     0     3  -165.0   32.507 -149.723    444.3    960.7
     1     1    19     1    10    14     0     2  -166.0   32.843 -150.356    468.4    957.2
     1     1    19     1    10    13     0     1  -167.0   33.177 -151.005    494.5    954.4
     1     1    19     1    10    12     0     0  -168.0   33.518 -151.671    515.7    950.6
     1     1    19     1    10    11     0     1  -169.0   33.861 -152.341    525.4    950.3
     1     1    19     1    10    10     0     2  -170.0   34.201 -152.994    532.6    949.8
     1     1    19     1    10     9     0     3  -171.0   34.539 -153.630    546.3    949.1
     1     1    19     1    10     8     0     2  -172.0   34.880 -154.264    567.1    945.7
     1     1    19     1    10     7     0     1  -173.0   35.232 -154.904    594.2    943.0
     1     1    19     1    10     6     0     0  -174.0   35.608 -155.559    622.2    938.6
     1     1    19     1    10     5     0     1  -175.0   35.993 -156.228    631.9    936.3
     1     1    19     1    10     4     0     2  -176.0   36.350 -156.898    632.0    937.4
     1     1    19     1    10     3     0     3  -177.0   36.681 -157.560    642.1    936.4
     1     1    19     1    10     2     0     2  -178.0   37.002 -158.221    662.5    933.1
     1     1    19     1    10     1     0     1  -179.0   37.322 -158.899    689.5    930.2
     1     1    19     1    10     0     0     0  -180.0   37.649 -159.598    714.8    925.8
     1     1    19     1     9    23     0     1  -181.0   37.990 -160.306    731.8    924.7
     1     1    19     1     9    22     0     2  -182.0   38.334 -161.004    737.3    923.4
     1     1    19     1     9    21     0     3  -183.0   38.666 -161.694    728.4    925.3
     1     1    19     1     9    20     0     2  -184.0   38.996 -162.378    717.7    927.2
     1     1    19     1     9    19     0     1  -185.0   39.324 -163.053    704.4    927.5
     1     1    19     1     9    18     0     0  -186.0   39.648 -163.725    690.4    929.9
     1     1    19     1     9    17     0     1  -187.0   39.973 -164.393    690.7    930.1
     1     1    19     1     9    16     0     2  -188.0   40.293 -165.040    698.5    927.2
     1     1    19     1     9    15     0     3  -189.0   40.607 -165.671    693.9    926.3
     1     1    19     1     9    14     0     2  -190.0   40.915 -166.292    686.5    929.3
     1     1    19     1     9    13     0     1  -191.0   41.195 -166.898    678.4    928.4
     1     1    19     1     9    12     0     0  -192.0   41.452 -167.492    662.5    931.1
     1     1    19     1     9    11     0     1  -193.0   41.714 -168.075    653.0    933.1
     1     1    19     1     9    10     0     2  -194.0   41.974 -168.616    640.8    932.4
     1     1    19     1     9     9     0     3  -195.0   42.217 -169.113    605.8    935.6
     1     1    19     1     9     8     0     2  -196.0   42.465 -169.570    577.3    942.5
     1     1    19     1     9     7     0     1  -197.0   42.712 -169.981    573.2    940.7
     1     1    19     1     9     6     0     0  -198.0   42.968 -170.365    573.1    939.8
     1     1    19     1     9     5     0     1  -199.0   43.256 -170.725    571.3    939.1
     1     1    19     1     9     4     0     2  -200.0   43.534 -171.049    557.6    938.9
     1     1    19     1     9     3     0     3  -201.0   43.772 -171.360    526.1    942.2
     1     1    19     1     9     2     0     2  -202.0   43.995 -171.649    487.6    947.1
     1     1    19     1     9     1     0     1  -203.0   44.167 -171.883    439.4    951.3
     1     1    19     1     9     0     0     0  -204.0   44.242 -172.051    379.0    958.2
     1     1    19     1     8    23     0     1  -205.0   44.275 -172.149    331.8    966.4
     1     1    19     1     8    22     0     2  -206.0   44.312 -172.182    310.7    967.3
     1     1    19     1     8    21     0     3  -207.0   44.328 -172.133    309.8    966.9
     1     1    19     1     8    20     0     2  -208.0   44.314 -172.002    322.3    963.5
     1     1    19     1     8    19     0     1  -209.0   44.268 -171.788    329.2    961.2
     1     1    19     1     8    18     0     0  -210.0   44.194 -171.479    324.3    961.3
     1     1    19     1     8    17     0     1  -211.0   44.102 -171.100    319.7    963.1
     1     1    19     1     8    16     0     2  -212.0   44.002 -170.702    319.0    963.0
     1     1    19     1     8    15     0     3  -213.0   43.897 -170.307    320.1    963.7
     1     1    19     1     8    14     0     2  -214.0   43.799 -169.934    324.7    964.3
     1     1    19     1     8    13     0     1  -215.0   43.725 -169.594    333.7    964.4
     1     1    19     1     8    12     0     0  -216.0   43.682 -169.285    347.8    963.7
     1     1    19     1     8    11     0     1  -217.0   43.688 -169.002    365.1    961.9
     1     1    19     1     8    10     0     2  -218.0   43.760 -168.743    382.5    960.2
     1     1    19     1     8     9     0     3  -219.0   43.891 -168.509    399.0    958.6
     1     1    19     1     8     8     0     2  -220.0   44.059 -168.284    414.6    957.2
     1     1    19     1     8     7     0     1  -221.0   44.248 -168.058    429.1    955.9
     1     1    19     1     8     6     0     0  -222.0   44.461 -167.838    441.4    954.5
     1     1    19     1     8     5     0     1  -223.0   44.690 -167.648    453.3    953.4
     1     1    19     1     8     4     0     2  -224.0   44.918 -167.511    468.9    951.5
     1     1    19     1     8     3     0     3  -225.0   45.140 -167.429    490.0    949.0
     1     1    19     1     8     2     0     2  -226.0   45.347 -167.383    512.8    946.1
     1     1    19     1     8     1     0     1  -227.0   45.537 -167.355    531.9    944.2
     1     1    19     1     8     0     0     0  -228.0   45.708 -167.346    545.9    942.9
     1     1    19     1     7    23     0     1  -229.0   45.875 -167.359    556.3    942.0
     1     1    19     1     7    22     0     2  -230.0   46.053 -167.394    566.1    941.1
     1     1    19     1     7    21     0     3  -231.0   46.237 -167.452    578.7    939.9
     1     1    19     1     7    20     0     2  -232.0   46.423 -167.552    599.3    938.1
     1     1    19     1     7    19     0     1  -233.0   46.604 -167.711    631.9    934.7
     1     1    19     1     7    18     0     0  -234.0   46.775 -167.927    676.7    929.4
     1     1    19     1     7    17     0     1  -235.0   46.935 -168.210    723.4    922.2
     1     1    19     1     7    16     0     2  -236.0   47.085 -168.572    763.2    917.5
     1     1    19     1     7    15     0     3  -237.0   47.220 -169.009    808.9    913.0
     1     1    19     1     7    14     0     2  -238.0   47.332 -169.493    862.2    906.1
     1     1    19     1     7    13     0     1  -239.0   47.421 -169.996    920.9    899.9
     1     1    19     1     7    12     0     0  -240.0   47.487 -170.529    975.7    891.4
