     7     1
    GDAS    18    12     1     0     0
    GDAS    19     1     1     0     0
    GDAS    19     2     1     0     0
    GDAS    19     3     1     0     0
    GDAS    19     4     1     0     0
    GDAS    19     5     1     0     0
    GDAS    19     6     1     0     0
     1 BACKWARD OMEGA   
    19     2    13     0   21.319 -157.670    10.0
     1 PRESSURE
     1     1    19     2    13     0     0     0     0.0   21.319 -157.670     10.0   1007.8
     1     1    19     2    12    23     0     1    -1.0   21.480 -157.574     22.1   1006.1
     1     1    19     2    12    22     0     2    -2.0   21.656 -157.472     37.7   1004.5
     1     1    19     2    12    21     0     3    -3.0   21.849 -157.359     51.2   1003.8
     1     1    19     2    12    20     0     2    -4.0   22.056 -157.245     56.3   1003.5
     1     1    19     2    12    19     0     1    -5.0   22.273 -157.138     56.3   1004.3
     1     1    19     2    12    18     0     0    -6.0   22.498 -157.035     56.3   1004.3
     1     1    19     2    12    17     0     1    -7.0   22.734 -156.927     56.3   1003.8
     1     1    19     2    12    16     0     2    -8.0   22.988 -156.805     56.3   1003.4
     1     1    19     2    12    15     0     3    -9.0   23.258 -156.676     56.3   1002.9
     1     1    19     2    12    14     0     2   -10.0   23.544 -156.546     56.3   1002.7
     1     1    19     2    12    13     0     1   -11.0   23.840 -156.422     56.3   1002.5
     1     1    19     2    12    12     0     0   -12.0   24.145 -156.302     56.3   1002.3
     1     1    19     2    12    11     0     1   -13.0   24.454 -156.181     56.9   1002.8
     1     1    19     2    12    10     0     2   -14.0   24.756 -156.051     58.1   1002.8
     1     1    19     2    12     9     0     3   -15.0   25.049 -155.910     59.1   1002.8
     1     1    19     2    12     8     0     2   -16.0   25.349 -155.755     60.4   1002.3
     1     1    19     2    12     7     0     1   -17.0   25.672 -155.584     62.5   1001.5
     1     1    19     2    12     6     0     0   -18.0   26.019 -155.394     64.2   1000.8
     1     1    19     2    12     5     0     1   -19.0   26.372 -155.197     65.0   1000.2
     1     1    19     2    12     4     0     2   -20.0   26.716 -155.006     65.7    999.6
     1     1    19     2    12     3     0     3   -21.0   27.047 -154.819     66.3    998.9
     1     1    19     2    12     2     0     2   -22.0   27.370 -154.621     67.0    998.7
     1     1    19     2    12     1     0     1   -23.0   27.691 -154.394     67.6    998.4
     1     1    19     2    12     0     0     0   -24.0   27.999 -154.129     68.0    998.1
     1     1    19     2    11    23     0     1   -25.0   28.282 -153.839     68.1    998.5
     1     1    19     2    11    22     0     2   -26.0   28.543 -153.540     68.3    999.1
     1     1    19     2    11    21     0     3   -27.0   28.788 -153.220     68.6    999.9
     1     1    19     2    11    20     0     2   -28.0   29.013 -152.879     66.8    999.8
     1     1    19     2    11    19     0     1   -29.0   29.216 -152.529     60.6   1000.6
     1     1    19     2    11    18     0     0   -30.0   29.401 -152.168     52.2   1002.1
     1     1    19     2    11    17     0     1   -31.0   29.545 -151.820     46.5   1002.7
     1     1    19     2    11    16     0     2   -32.0   29.626 -151.520     44.7   1002.6
     1     1    19     2    11    15     0     3   -33.0   29.650 -151.266     44.3   1002.5
     1     1    19     2    11    14     0     2   -34.0   29.627 -151.036     44.3   1002.7
     1     1    19     2    11    13     0     1   -35.0   29.560 -150.820     44.3   1002.8
     1     1    19     2    11    12     0     0   -36.0   29.442 -150.626     44.3   1002.9
     1     1    19     2    11    11     0     1   -37.0   29.293 -150.452     44.3   1003.4
     1     1    19     2    11    10     0     2   -38.0   29.133 -150.295     44.3   1003.9
     1     1    19     2    11     9     0     3   -39.0   28.973 -150.157     44.3   1004.7
     1     1    19     2    11     8     0     2   -40.0   28.822 -150.038     44.2   1004.6
     1     1    19     2    11     7     0     1   -41.0   28.681 -149.938     44.5   1004.4
     1     1    19     2    11     6     0     0   -42.0   28.550 -149.861     45.7   1004.1
     1     1    19     2    11     5     0     1   -43.0   28.440 -149.821     48.7   1003.0
     1     1    19     2    11     4     0     2   -44.0   28.366 -149.823     53.8   1001.8
     1     1    19     2    11     3     0     3   -45.0   28.333 -149.861     61.0   1000.2
     1     1    19     2    11     2     0     2   -46.0   28.326 -149.931     71.5    998.4
     1     1    19     2    11     1     0     1   -47.0   28.334 -150.035     84.4    996.4
     1     1    19     2    11     0     0     0   -48.0   28.358 -150.172     96.3    994.4
     1     1    19     2    10    23     0     1   -49.0   28.403 -150.316    103.1    993.9
     1     1    19     2    10    22     0     2   -50.0   28.474 -150.444    103.5    994.5
     1     1    19     2    10    21     0     3   -51.0   28.581 -150.554     99.2    995.7
     1     1    19     2    10    20     0     2   -52.0   28.737 -150.626     93.9    996.3
     1     1    19     2    10    19     0     1   -53.0   28.952 -150.638     89.9    996.2
     1     1    19     2    10    18     0     0   -54.0   29.215 -150.608     88.6    996.1
     1     1    19     2    10    17     0     1   -55.0   29.476 -150.588     91.3    995.8
     1     1    19     2    10    16     0     2   -56.0   29.709 -150.586     96.3    995.3
     1     1    19     2    10    15     0     3   -57.0   29.921 -150.590    102.0    994.8
     1     1    19     2    10    14     0     2   -58.0   30.104 -150.603    109.1    994.3
     1     1    19     2    10    13     0     1   -59.0   30.250 -150.634    118.0    993.3
     1     1    19     2    10    12     0     0   -60.0   30.365 -150.682    127.2    992.4
     1     1    19     2    10    11     0     1   -61.0   30.463 -150.752    135.0    991.4
     1     1    19     2    10    10     0     2   -62.0   30.556 -150.847    140.5    990.8
     1     1    19     2    10     9     0     3   -63.0   30.649 -150.964    144.9    990.1
     1     1    19     2    10     8     0     2   -64.0   30.745 -151.108    151.3    989.2
     1     1    19     2    10     7     0     1   -65.0   30.847 -151.284    161.4    987.4
     1     1    19     2    10     6     0     0   -66.0   30.958 -151.486    174.1    985.4
     1     1    19     2    10     5     0     1   -67.0   31.082 -151.708    187.3    983.1
     1     1    19     2    10     4     0     2   -68.0   31.217 -151.949    197.9    981.4
     1     1    19     2    10     3     0     3   -69.0   31.355 -152.208    205.4    980.3
     1     1    19     2    10     2     0     2   -70.0   31.490 -152.476    213.2    979.6
     1     1    19     2    10     1     0     1   -71.0   31.625 -152.746    223.4    978.2
     1     1    19     2    10     0     0     0   -72.0   31.754 -153.018    232.0    976.8
     1     1    19     2     9    23     0     1   -73.0   31.873 -153.297    240.7    977.2
     1     1    19     2     9    22     0     2   -74.0   31.985 -153.590    257.5    976.7
     1     1    19     2     9    21     0     3   -75.0   32.103 -153.885    290.1    974.0
     1     1    19     2     9    20     0     2   -76.0   32.248 -154.190    332.6    967.4
     1     1    19     2     9    19     0     1   -77.0   32.439 -154.526    371.3    962.7
     1     1    19     2     9    18     0     0   -78.0   32.690 -154.898    408.4    958.9
     1     1    19     2     9    17     0     1   -79.0   33.002 -155.300    446.1    954.7
     1     1    19     2     9    16     0     2   -80.0   33.391 -155.704    492.6    950.5
     1     1    19     2     9    15     0     3   -81.0   33.881 -156.068    527.7    943.4
     1     1    19     2     9    14     0     2   -82.0   34.453 -156.364    537.9    946.1
     1     1    19     2     9    13     0     1   -83.0   35.070 -156.589    549.3    946.0
     1     1    19     2     9    12     0     0   -84.0   35.712 -156.733    557.6    946.7
     1     1    19     2     9    11     0     1   -85.0   36.356 -156.819    562.2    948.1
     1     1    19     2     9    10     0     2   -86.0   36.975 -156.876    562.8    949.8
     1     1    19     2     9     9     0     3   -87.0   37.562 -156.917    562.4    951.8
     1     1    19     2     9     8     0     2   -88.0   38.130 -156.955    563.0    952.2
     1     1    19     2     9     7     0     1   -89.0   38.676 -156.997    563.3    952.7
     1     1    19     2     9     6     0     0   -90.0   39.192 -157.048    563.4    953.2
     1     1    19     2     9     5     0     1   -91.0   39.682 -157.112    564.1    953.7
     1     1    19     2     9     4     0     2   -92.0   40.141 -157.202    567.4    954.0
     1     1    19     2     9     3     0     3   -93.0   40.561 -157.337    571.3    953.8
     1     1    19     2     9     2     0     2   -94.0   40.950 -157.511    574.1    953.7
     1     1    19     2     9     1     0     1   -95.0   41.309 -157.716    584.3    953.5
     1     1    19     2     9     0     0     0   -96.0   41.635 -157.960    613.8    950.5
     1     1    19     2     8    23     0     1   -97.0   41.936 -158.235    651.7    944.6
     1     1    19     2     8    22     0     2   -98.0   42.220 -158.540    674.5    941.1
     1     1    19     2     8    21     0     3   -99.0   42.482 -158.895    681.1    940.7
     1     1    19     2     8    20     0     2  -100.0   42.741 -159.312    678.9    940.7
     1     1    19     2     8    19     0     1  -101.0   43.023 -159.792    669.9    941.3
     1     1    19     2     8    18     0     0  -102.0   43.331 -160.345    663.4    942.4
     1     1    19     2     8    17     0     1  -103.0   43.686 -160.972    652.4    941.4
     1     1    19     2     8    16     0     2  -104.0   44.102 -161.656    646.0    944.5
     1     1    19     2     8    15     0     3  -105.0   44.586 -162.376    659.3    940.9
     1     1    19     2     8    14     0     2  -106.0   45.141 -163.114    647.7    938.1
     1     1    19     2     8    13     0     1  -107.0   45.766 -163.858    625.8    945.4
     1     1    19     2     8    12     0     0  -108.0   46.446 -164.550    625.7    944.6
     1     1    19     2     8    11     0     1  -109.0   47.128 -165.145    626.2    943.5
     1     1    19     2     8    10     0     2  -110.0   47.764 -165.664    620.7    945.4
     1     1    19     2     8     9     0     3  -111.0   48.329 -166.135    619.6    946.5
     1     1    19     2     8     8     0     2  -112.0   48.823 -166.560    621.1    945.7
     1     1    19     2     8     7     0     1  -113.0   49.249 -166.947    619.1    945.6
     1     1    19     2     8     6     0     0  -114.0   49.613 -167.309    615.7    945.9
     1     1    19     2     8     5     0     1  -115.0   49.918 -167.685    612.4    945.3
     1     1    19     2     8     4     0     2  -116.0   50.165 -168.116    608.3    945.0
     1     1    19     2     8     3     0     3  -117.0   50.355 -168.591    617.7    944.4
     1     1    19     2     8     2     0     2  -118.0   50.496 -169.095    653.1    939.7
     1     1    19     2     8     1     0     1  -119.0   50.601 -169.640    693.9    931.5
     1     1    19     2     8     0     0     0  -120.0   50.673 -170.227    730.7    927.7
     1     1    19     2     7    23     0     1  -121.0   50.716 -170.855    779.3    921.4
     1     1    19     2     7    22     0     2  -122.0   50.743 -171.521    833.3    913.3
     1     1    19     2     7    21     0     3  -123.0   50.776 -172.213    886.7    906.9
     1     1    19     2     7    20     0     2  -124.0   50.800 -172.926    935.0    898.9
     1     1    19     2     7    19     0     1  -125.0   50.804 -173.658    974.9    893.8
     1     1    19     2     7    18     0     0  -126.0   50.810 -174.410   1004.5    888.5
     1     1    19     2     7    17     0     1  -127.0   50.833 -175.194   1020.2    886.4
     1     1    19     2     7    16     0     2  -128.0   50.856 -176.027   1034.2    883.7
     1     1    19     2     7    15     0     3  -129.0   50.879 -176.905   1044.7    881.2
     1     1    19     2     7    14     0     2  -130.0   50.913 -177.808   1053.0    879.4
     1     1    19     2     7    13     0     1  -131.0   50.942 -178.707   1056.9    877.8
     1     1    19     2     7    12     0     0  -132.0   50.951 -179.622   1031.6    879.5
     1     1    19     2     7    11     0     1  -133.0   50.979  179.428    995.9    883.9
     1     1    19     2     7    10     0     2  -134.0   51.046  178.502    986.3    883.1
     1     1    19     2     7     9     0     3  -135.0   51.132  177.596    958.0    885.0
     1     1    19     2     7     8     0     2  -136.0   51.225  176.687    920.5    889.2
     1     1    19     2     7     7     0     1  -137.0   51.315  175.780    890.7    891.7
     1     1    19     2     7     6     0     0  -138.0   51.391  174.880    853.2    894.9
     1     1    19     2     7     5     0     1  -139.0   51.486  173.971    811.9    899.2
     1     1    19     2     7     4     0     2  -140.0   51.583  173.094    778.1    902.1
     1     1    19     2     7     3     0     3  -141.0   51.656  172.261    726.2    907.2
     1     1    19     2     7     2     0     2  -142.0   51.727  171.436    671.4    914.5
     1     1    19     2     7     1     0     1  -143.0   51.801  170.672    629.0    918.6
     1     1    19     2     7     0     0     0  -144.0   51.845  170.014    533.6    928.1
     1     1    19     2     6    23     0     1  -145.0   51.892  169.368    438.1    945.6
     1     1    19     2     6    22     0     2  -146.0   51.962  168.695    391.4    947.7
     1     1    19     2     6    21     0     3  -147.0   52.017  168.122    341.7    949.6
     1     1    19     2     6    20     0     2  -148.0   52.073  167.611    295.0    958.9
     1     1    19     2     6    19     0     1  -149.0   52.141  167.113    273.4    961.5
     1     1    19     2     6    18     0     0  -150.0   52.215  166.710    270.6    960.9
     1     1    19     2     6    17     0     1  -151.0   52.308  166.401    275.6    958.9
     1     1    19     2     6    16     0     2  -152.0   52.436  166.142    284.5    957.6
     1     1    19     2     6    15     0     3  -153.0   52.609  165.923    300.9    955.2
     1     1    19     2     6    14     0     2  -154.0   52.825  165.746    321.0    951.8
     1     1    19     2     6    13     0     1  -155.0   53.082  165.613    340.7    949.2
     1     1    19     2     6    12     0     0  -156.0   53.381  165.515    360.0    946.7
     1     1    19     2     6    11     0     1  -157.0   53.700  165.440    380.2    944.0
     1     1    19     2     6    10     0     2  -158.0   54.027  165.380    403.2    941.1
     1     1    19     2     6     9     0     3  -159.0   54.366  165.331    426.2    937.2
     1     1    19     2     6     8     0     2  -160.0   54.717  165.306    444.2    933.7
     1     1    19     2     6     7     0     1  -161.0   55.083  165.305    459.7    931.4
     1     1    19     2     6     6     0     0  -162.0   55.467  165.313    471.3    929.8
     1     1    19     2     6     5     0     1  -163.0   55.859  165.335    477.0    930.3
     1     1    19     2     6     4     0     2  -164.0   56.247  165.379    484.6    930.1
     1     1    19     2     6     3     0     3  -165.0   56.627  165.444    494.3    928.6
     1     1    19     2     6     2     0     2  -166.0   56.998  165.513    498.7    928.1
     1     1    19     2     6     1     0     1  -167.0   57.357  165.557    497.5    929.1
     1     1    19     2     6     0     0     0  -168.0   57.705  165.583    491.9    930.1
     1     1    19     2     5    23     0     1  -169.0   58.039  165.602    487.9    931.9
     1     1    19     2     5    22     0     2  -170.0   58.350  165.610    502.0    931.6
     1     1    19     2     5    21     0     3  -171.0   58.633  165.620    537.3    926.9
     1     1    19     2     5    20     0     2  -172.0   58.888  165.639    580.7    921.5
     1     1    19     2     5    19     0     1  -173.0   59.107  165.657    623.1    916.2
     1     1    19     2     5    18     0     0  -174.0   59.294  165.664    661.3    911.0
     1     1    19     2     5    17     0     1  -175.0   59.450  165.642    696.8    906.8
     1     1    19     2     5    16     0     2  -176.0   59.573  165.596    731.7    902.4
     1     1    19     2     5    15     0     3  -177.0   59.662  165.541    765.5    898.2
     1     1    19     2     5    14     0     2  -178.0   59.718  165.486    798.0    894.4
     1     1    19     2     5    13     0     1  -179.0   59.743  165.437    829.4    891.0
     1     1    19     2     5    12     0     0  -180.0   59.736  165.400    861.2    887.7
     1     1    19     2     5    11     0     1  -181.0   59.698  165.367    890.9    884.0
     1     1    19     2     5    10     0     2  -182.0   59.627  165.335    914.7    881.4
     1     1    19     2     5     9     0     3  -183.0   59.520  165.321    933.4    879.6
     1     1    19     2     5     8     0     2  -184.0   59.385  165.334    948.7    878.6
     1     1    19     2     5     7     0     1  -185.0   59.235  165.380    959.3    878.0
     1     1    19     2     5     6     0     0  -186.0   59.073  165.482    961.3    878.4
     1     1    19     2     5     5     0     1  -187.0   58.910  165.628    951.0    879.8
     1     1    19     2     5     4     0     2  -188.0   58.750  165.798    929.1    882.5
     1     1    19     2     5     3     0     3  -189.0   58.589  165.995    908.2    886.4
     1     1    19     2     5     2     0     2  -190.0   58.427  166.200    892.7    887.5
     1     1    19     2     5     1     0     1  -191.0   58.278  166.410    869.7    890.8
     1     1    19     2     5     0     0     0  -192.0   58.147  166.633    844.0    894.4
     1     1    19     2     4    23     0     1  -193.0   58.043  166.859    827.6    897.2
     1     1    19     2     4    22     0     2  -194.0   57.967  167.057    826.2    897.1
     1     1    19     2     4    21     0     3  -195.0   57.915  167.211    834.1    896.0
     1     1    19     2     4    20     0     2  -196.0   57.879  167.302    850.9    894.4
     1     1    19     2     4    19     0     1  -197.0   57.844  167.325    876.2    891.5
     1     1    19     2     4    18     0     0  -198.0   57.807  167.283    907.0    887.8
     1     1    19     2     4    17     0     1  -199.0   57.767  167.184    943.0    883.7
     1     1    19     2     4    16     0     2  -200.0   57.723  167.030    986.0    878.6
     1     1    19     2     4    15     0     3  -201.0   57.673  166.816   1035.0    872.9
     1     1    19     2     4    14     0     2  -202.0   57.613  166.559   1086.6    866.6
     1     1    19     2     4    13     0     1  -203.0   57.540  166.270   1136.1    861.0
     1     1    19     2     4    12     0     0  -204.0   57.460  165.949   1181.3    855.8
     1     1    19     2     4    11     0     1  -205.0   57.379  165.599   1219.7    850.6
     1     1    19     2     4    10     0     2  -206.0   57.302  165.227   1254.6    846.6
     1     1    19     2     4     9     0     3  -207.0   57.226  164.846   1290.5    842.0
     1     1    19     2     4     8     0     2  -208.0   57.151  164.488   1310.0    837.7
     1     1    19     2     4     7     0     1  -209.0   57.079  164.178   1292.1    839.3
     1     1    19     2     4     6     0     0  -210.0   57.009  163.908   1237.2    845.6
     1     1    19     2     4     5     0     1  -211.0   56.950  163.653   1166.8    854.7
     1     1    19     2     4     4     0     2  -212.0   56.911  163.389   1105.9    859.8
     1     1    19     2     4     3     0     3  -213.0   56.887  163.126   1055.7    863.5
     1     1    19     2     4     2     0     2  -214.0   56.873  162.859   1014.8    862.0
     1     1    19     2     4     1     0     1  -215.0   56.868  162.567    986.2    854.2
     1     1    19     2     4     0     0     0  -216.0   56.873  162.236    975.7    843.0
     1     1    19     2     3    23     0     1  -217.0   56.895  161.877    970.0    833.5
     1     1    19     2     3    22     0     2  -218.0   56.934  161.527    935.7    840.1
     1     1    19     2     3    21     0     3  -219.0   56.994  161.217    859.2    854.8
     1     1    19     2     3    20     0     2  -220.0   57.080  160.915    794.0    863.9
     1     1    19     2     3    19     0     1  -221.0   57.188  160.580    815.4    848.2
     1     1    19     2     3    18     0     0  -222.0   57.321  160.224    934.1    823.9
     1     1    19     2     3    17     0     1  -223.0   57.459  159.902   1064.9    808.4
     1     1    19     2     3    16     0     2  -224.0   57.591  159.632   1141.9    810.1
     1     1    19     2     3    15     0     3  -225.0   57.718  159.423   1155.4    819.6
     1     1    19     2     3    14     0     2  -226.0   57.852  159.287   1129.3    830.3
     1     1    19     2     3    13     0     1  -227.0   58.012  159.250   1082.4    841.4
     1     1    19     2     3    12     0     0  -228.0   58.204  159.297   1035.4    849.1
     1     1    19     2     3    11     0     1  -229.0   58.415  159.398   1000.2    853.3
     1     1    19     2     3    10     0     2  -230.0   58.641  159.565    973.7    855.5
     1     1    19     2     3     9     0     3  -231.0   58.903  159.842    952.6    854.9
     1     1    19     2     3     8     0     2  -232.0   59.182  160.189    937.2    848.9
     1     1    19     2     3     7     0     1  -233.0   59.435  160.509    941.6    845.3
     1     1    19     2     3     6     0     0  -234.0   59.674  160.824    972.4    846.7
     1     1    19     2     3     5     0     1  -235.0   59.927  161.224   1017.7    847.4
     1     1    19     2     3     4     0     2  -236.0   60.204  161.736   1047.4    830.9
     1     1    19     2     3     3     0     3  -237.0   60.509  162.324   1052.3    834.2
     1     1    19     2     3     2     0     2  -238.0   60.861  163.014   1015.6    852.7
     1     1    19     2     3     1     0     1  -239.0   61.262  163.854    997.9    858.1
     1     1    19     2     3     0     0     0  -240.0   61.667  164.772   1099.4    830.8
