     7     1
    GDAS    18    12     1     0     0
    GDAS    19     1     1     0     0
    GDAS    19     2     1     0     0
    GDAS    19     3     1     0     0
    GDAS    19     4     1     0     0
    GDAS    19     5     1     0     0
    GDAS    19     6     1     0     0
     1 BACKWARD OMEGA   
    19     5    31     6   21.319 -157.670    10.0
     1 PRESSURE
     1     1    19     5    31     6     0     0     0.0   21.319 -157.670     10.0   1013.6
     1     1    19     5    31     5     0     1    -1.0   21.408 -157.456     12.8   1012.4
     1     1    19     5    31     4     0     2    -2.0   21.481 -157.239     17.8   1011.0
     1     1    19     5    31     3     0     3    -3.0   21.541 -157.015     25.1   1009.6
     1     1    19     5    31     2     0     2    -4.0   21.589 -156.788     32.2   1010.1
     1     1    19     5    31     1     0     1    -5.0   21.623 -156.561     35.9   1010.8
     1     1    19     5    31     0     0     0    -6.0   21.643 -156.331     35.3   1011.7
     1     1    19     5    30    23     0     1    -7.0   21.642 -156.091     32.0   1013.1
     1     1    19     5    30    22     0     2    -8.0   21.618 -155.840     28.4   1014.1
     1     1    19     5    30    21     0     3    -9.0   21.579 -155.583     26.0   1014.7
     1     1    19     5    30    20     0     2   -10.0   21.539 -155.324     24.7   1014.6
     1     1    19     5    30    19     0     1   -11.0   21.508 -155.065     24.1   1014.5
     1     1    19     5    30    18     0     0   -12.0   21.486 -154.809     24.1   1014.3
     1     1    19     5    30    17     0     1   -13.0   21.469 -154.556     24.1   1013.8
     1     1    19     5    30    16     0     2   -14.0   21.454 -154.305     24.1   1013.4
     1     1    19     5    30    15     0     3   -15.0   21.439 -154.059     24.1   1013.0
     1     1    19     5    30    14     0     2   -16.0   21.423 -153.817     24.1   1013.4
     1     1    19     5    30    13     0     1   -17.0   21.408 -153.576     24.1   1013.8
     1     1    19     5    30    12     0     0   -18.0   21.391 -153.338     24.1   1014.2
     1     1    19     5    30    11     0     1   -19.0   21.374 -153.102     24.1   1014.3
     1     1    19     5    30    10     0     2   -20.0   21.360 -152.865     24.1   1014.4
     1     1    19     5    30     9     0     3   -21.0   21.349 -152.627     24.1   1014.5
     1     1    19     5    30     8     0     2   -22.0   21.339 -152.389     24.4   1014.8
     1     1    19     5    30     7     0     1   -23.0   21.327 -152.153     25.6   1015.0
     1     1    19     5    30     6     0     0   -24.0   21.314 -151.922     28.2   1015.1
     1     1    19     5    30     5     0     1   -25.0   21.302 -151.689     30.8   1013.9
     1     1    19     5    30     4     0     2   -26.0   21.288 -151.450     32.0   1013.1
     1     1    19     5    30     3     0     3   -27.0   21.272 -151.208     32.3   1012.4
     1     1    19     5    30     2     0     2   -28.0   21.253 -150.963     32.3   1012.5
     1     1    19     5    30     1     0     1   -29.0   21.232 -150.713     32.3   1012.7
     1     1    19     5    30     0     0     0   -30.0   21.208 -150.456     32.3   1012.9
     1     1    19     5    29    23     0     1   -31.0   21.181 -150.195     32.3   1013.1
     1     1    19     5    29    22     0     2   -32.0   21.152 -149.933     32.3   1013.1
     1     1    19     5    29    21     0     3   -33.0   21.122 -149.668     32.3   1013.1
     1     1    19     5    29    20     0     2   -34.0   21.096 -149.396     32.8   1013.2
     1     1    19     5    29    19     0     1   -35.0   21.075 -149.117     34.9   1013.2
     1     1    19     5    29    18     0     0   -36.0   21.058 -148.831     39.5   1013.1
     1     1    19     5    29    17     0     1   -37.0   21.045 -148.544     45.0   1012.3
     1     1    19     5    29    16     0     2   -38.0   21.036 -148.261     48.5   1012.0
     1     1    19     5    29    15     0     3   -39.0   21.030 -147.975     49.7   1011.8
     1     1    19     5    29    14     0     2   -40.0   21.023 -147.694     49.7   1012.2
     1     1    19     5    29    13     0     1   -41.0   21.012 -147.421     49.7   1012.4
     1     1    19     5    29    12     0     0   -42.0   20.994 -147.153     49.7   1012.7
     1     1    19     5    29    11     0     1   -43.0   20.977 -146.887     51.0   1012.7
     1     1    19     5    29    10     0     2   -44.0   20.966 -146.624     54.2   1012.5
     1     1    19     5    29     9     0     3   -45.0   20.958 -146.363     57.9   1012.0
     1     1    19     5    29     8     0     2   -46.0   20.952 -146.104     60.2   1011.7
     1     1    19     5    29     7     0     1   -47.0   20.946 -145.846     60.8   1011.8
     1     1    19     5    29     6     0     0   -48.0   20.942 -145.585     60.8   1012.1
     1     1    19     5    29     5     0     1   -49.0   20.938 -145.324     61.4   1011.7
     1     1    19     5    29     4     0     2   -50.0   20.933 -145.062     63.3   1011.2
     1     1    19     5    29     3     0     3   -51.0   20.930 -144.800     66.7   1010.4
     1     1    19     5    29     2     0     2   -52.0   20.927 -144.536     70.3   1009.8
     1     1    19     5    29     1     0     1   -53.0   20.920 -144.269     72.5   1009.7
     1     1    19     5    29     0     0     0   -54.0   20.908 -143.999     73.3   1009.6
     1     1    19     5    28    23     0     1   -55.0   20.894 -143.724     73.3   1010.4
     1     1    19     5    28    22     0     2   -56.0   20.878 -143.444     73.3   1011.0
     1     1    19     5    28    21     0     3   -57.0   20.861 -143.157     73.3   1011.5
     1     1    19     5    28    20     0     2   -58.0   20.845 -142.866     73.3   1011.1
     1     1    19     5    28    19     0     1   -59.0   20.834 -142.573     73.3   1011.1
     1     1    19     5    28    18     0     0   -60.0   20.828 -142.278     73.3   1011.4
     1     1    19     5    28    17     0     1   -61.0   20.829 -141.983     74.6   1011.7
     1     1    19     5    28    16     0     2   -62.0   20.841 -141.688     78.0   1011.0
     1     1    19     5    28    15     0     3   -63.0   20.861 -141.398     82.4   1010.2
     1     1    19     5    28    14     0     2   -64.0   20.885 -141.115     85.7   1009.6
     1     1    19     5    28    13     0     1   -65.0   20.908 -140.840     87.1   1009.5
     1     1    19     5    28    12     0     0   -66.0   20.930 -140.571     87.8   1009.5
     1     1    19     5    28    11     0     1   -67.0   20.954 -140.305     89.0   1009.6
     1     1    19     5    28    10     0     2   -68.0   20.982 -140.039     91.8   1009.3
     1     1    19     5    28     9     0     3   -69.0   21.013 -139.771     96.4   1008.9
     1     1    19     5    28     8     0     2   -70.0   21.049 -139.502    102.5   1008.2
     1     1    19     5    28     7     0     1   -71.0   21.089 -139.228    109.4   1007.5
     1     1    19     5    28     6     0     0   -72.0   21.132 -138.950    117.3   1006.8
     1     1    19     5    28     5     0     1   -73.0   21.179 -138.674    124.3   1005.5
     1     1    19     5    28     4     0     2   -74.0   21.231 -138.401    128.4   1004.8
     1     1    19     5    28     3     0     3   -75.0   21.286 -138.131    129.6   1004.3
     1     1    19     5    28     2     0     2   -76.0   21.341 -137.862    130.5   1004.4
     1     1    19     5    28     1     0     1   -77.0   21.396 -137.593    132.8   1004.1
     1     1    19     5    28     0     0     0   -78.0   21.450 -137.325    135.2   1003.8
     1     1    19     5    27    23     0     1   -79.0   21.508 -137.054    137.0   1004.1
     1     1    19     5    27    22     0     2   -80.0   21.575 -136.779    139.4   1004.3
     1     1    19     5    27    21     0     3   -81.0   21.650 -136.500    143.2   1004.3
     1     1    19     5    27    20     0     2   -82.0   21.728 -136.222    149.9   1003.7
     1     1    19     5    27    19     0     1   -83.0   21.806 -135.947    160.4   1002.5
     1     1    19     5    27    18     0     0   -84.0   21.881 -135.678    173.8   1001.0
     1     1    19     5    27    17     0     1   -85.0   21.957 -135.415    188.4    998.9
     1     1    19     5    27    16     0     2   -86.0   22.039 -135.159    203.0    997.0
     1     1    19     5    27    15     0     3   -87.0   22.130 -134.912    217.5    995.2
     1     1    19     5    27    14     0     2   -88.0   22.224 -134.676    229.7    993.5
     1     1    19     5    27    13     0     1   -89.0   22.313 -134.452    237.2    992.5
     1     1    19     5    27    12     0     0   -90.0   22.396 -134.240    239.7    992.0
     1     1    19     5    27    11     0     1   -91.0   22.477 -134.032    239.7    992.3
     1     1    19     5    27    10     0     2   -92.0   22.563 -133.821    240.1    992.4
     1     1    19     5    27     9     0     3   -93.0   22.654 -133.608    241.5    992.3
     1     1    19     5    27     8     0     2   -94.0   22.751 -133.395    243.9    992.1
     1     1    19     5    27     7     0     1   -95.0   22.853 -133.184    246.6    991.8
     1     1    19     5    27     6     0     0   -96.0   22.961 -132.973    248.1    991.7
     1     1    19     5    27     5     0     1   -97.0   23.071 -132.765    248.3    991.4
     1     1    19     5    27     4     0     2   -98.0   23.181 -132.565    248.3    991.2
     1     1    19     5    27     3     0     3   -99.0   23.292 -132.371    248.3    990.8
     1     1    19     5    27     2     0     2  -100.0   23.405 -132.184    248.3    990.8
     1     1    19     5    27     1     0     1  -101.0   23.520 -132.007    248.3    990.7
     1     1    19     5    27     0     0     0  -102.0   23.636 -131.840    248.6    990.7
     1     1    19     5    26    23     0     1  -103.0   23.753 -131.683    250.8    990.9
     1     1    19     5    26    22     0     2  -104.0   23.867 -131.534    255.8    990.8
     1     1    19     5    26    21     0     3  -105.0   23.978 -131.394    264.2    990.3
     1     1    19     5    26    20     0     2  -106.0   24.088 -131.259    275.9    988.9
     1     1    19     5    26    19     0     1  -107.0   24.202 -131.126    289.1    987.1
     1     1    19     5    26    18     0     0  -108.0   24.320 -130.993    301.9    985.5
     1     1    19     5    26    17     0     1  -109.0   24.447 -130.864    312.4    983.6
     1     1    19     5    26    16     0     2  -110.0   24.585 -130.742    320.3    982.2
     1     1    19     5    26    15     0     3  -111.0   24.736 -130.625    326.9    981.0
     1     1    19     5    26    14     0     2  -112.0   24.894 -130.517    332.4    980.1
     1     1    19     5    26    13     0     1  -113.0   25.054 -130.418    336.0    979.6
     1     1    19     5    26    12     0     0  -114.0   25.214 -130.329    337.2    979.3
     1     1    19     5    26    11     0     1  -115.0   25.369 -130.245    338.5    979.5
     1     1    19     5    26    10     0     2  -116.0   25.519 -130.162    342.0    979.0
     1     1    19     5    26     9     0     3  -117.0   25.664 -130.080    346.7    978.3
     1     1    19     5    26     8     0     2  -118.0   25.811 -129.997    353.4    977.9
     1     1    19     5    26     7     0     1  -119.0   25.968 -129.912    364.5    977.0
     1     1    19     5    26     6     0     0  -120.0   26.132 -129.826    380.2    975.4
     1     1    19     5    26     5     0     1  -121.0   26.303 -129.738    395.1    972.9
     1     1    19     5    26     4     0     2  -122.0   26.483 -129.654    406.2    971.6
     1     1    19     5    26     3     0     3  -123.0   26.672 -129.574    417.0    970.3
     1     1    19     5    26     2     0     2  -124.0   26.867 -129.500    427.4    968.9
     1     1    19     5    26     1     0     1  -125.0   27.062 -129.433    434.2    968.0
     1     1    19     5    26     0     0     0  -126.0   27.256 -129.374    436.5    967.6
     1     1    19     5    25    23     0     1  -127.0   27.451 -129.322    436.5    968.1
     1     1    19     5    25    22     0     2  -128.0   27.649 -129.275    436.6    968.3
     1     1    19     5    25    21     0     3  -129.0   27.849 -129.232    436.6    968.5
     1     1    19     5    25    20     0     2  -130.0   28.053 -129.192    436.6    968.5
     1     1    19     5    25    19     0     1  -131.0   28.263 -129.151    436.7    968.5
     1     1    19     5    25    18     0     0  -132.0   28.479 -129.110    436.9    968.5
     1     1    19     5    25    17     0     1  -133.0   28.700 -129.072    437.0    968.3
     1     1    19     5    25    16     0     2  -134.0   28.926 -129.044    437.1    968.2
     1     1    19     5    25    15     0     3  -135.0   29.158 -129.023    437.2    968.0
     1     1    19     5    25    14     0     2  -136.0   29.396 -129.007    437.2    967.9
     1     1    19     5    25    13     0     1  -137.0   29.641 -128.992    437.2    967.8
     1     1    19     5    25    12     0     0  -138.0   29.891 -128.979    437.2    967.7
     1     1    19     5    25    11     0     1  -139.0   30.149 -128.964    437.2    967.9
     1     1    19     5    25    10     0     2  -140.0   30.422 -128.941    437.1    968.1
     1     1    19     5    25     9     0     3  -141.0   30.712 -128.912    437.0    968.4
     1     1    19     5    25     8     0     2  -142.0   31.013 -128.881    437.1    968.5
     1     1    19     5    25     7     0     1  -143.0   31.322 -128.854    439.5    968.6
     1     1    19     5    25     6     0     0  -144.0   31.638 -128.832    446.5    967.9
     1     1    19     5    25     5     0     1  -145.0   31.966 -128.813    455.9    966.4
     1     1    19     5    25     4     0     2  -146.0   32.305 -128.795    464.5    965.3
     1     1    19     5    25     3     0     3  -147.0   32.654 -128.780    473.1    964.4
     1     1    19     5    25     2     0     2  -148.0   33.006 -128.765    482.6    963.3
     1     1    19     5    25     1     0     1  -149.0   33.360 -128.748    489.5    962.3
     1     1    19     5    25     0     0     0  -150.0   33.716 -128.732    491.8    962.2
     1     1    19     5    24    23     0     1  -151.0   34.086 -128.711    491.8    962.8
     1     1    19     5    24    22     0     2  -152.0   34.473 -128.679    492.6    963.1
     1     1    19     5    24    21     0     3  -153.0   34.875 -128.635    495.1    963.2
     1     1    19     5    24    20     0     2  -154.0   35.287 -128.591    500.3    962.8
     1     1    19     5    24    19     0     1  -155.0   35.707 -128.559    508.4    962.1
     1     1    19     5    24    18     0     0  -156.0   36.139 -128.541    518.0    961.0
     1     1    19     5    24    17     0     1  -157.0   36.582 -128.534    524.5    959.6
     1     1    19     5    24    16     0     2  -158.0   37.033 -128.541    527.5    959.3
     1     1    19     5    24    15     0     3  -159.0   37.493 -128.570    530.9    958.8
     1     1    19     5    24    14     0     2  -160.0   37.961 -128.619    535.7    958.2
     1     1    19     5    24    13     0     1  -161.0   38.433 -128.679    542.9    957.5
     1     1    19     5    24    12     0     0  -162.0   38.906 -128.751    556.7    956.3
     1     1    19     5    24    11     0     1  -163.0   39.383 -128.822    575.4    953.9
     1     1    19     5    24    10     0     2  -164.0   39.860 -128.884    590.7    952.1
     1     1    19     5    24     9     0     3  -165.0   40.332 -128.951    597.5    951.4
     1     1    19     5    24     8     0     2  -166.0   40.799 -129.042    598.4    951.8
     1     1    19     5    24     7     0     1  -167.0   41.267 -129.167    600.2    952.1
     1     1    19     5    24     6     0     0  -168.0   41.725 -129.330    608.5    951.6
     1     1    19     5    24     5     0     1  -169.0   42.158 -129.525    623.0    949.9
     1     1    19     5    24     4     0     2  -170.0   42.558 -129.742    637.5    948.1
     1     1    19     5    24     3     0     3  -171.0   42.920 -129.982    649.4    947.0
     1     1    19     5    24     2     0     2  -172.0   43.251 -130.235    661.0    946.0
     1     1    19     5    24     1     0     1  -173.0   43.561 -130.485    673.0    944.7
     1     1    19     5    24     0     0     0  -174.0   43.840 -130.734    683.9    943.6
     1     1    19     5    23    23     0     1  -175.0   44.093 -130.982    692.3    943.1
     1     1    19     5    23    22     0     2  -176.0   44.339 -131.227    699.6    942.9
     1     1    19     5    23    21     0     3  -177.0   44.577 -131.473    710.5    942.3
     1     1    19     5    23    20     0     2  -178.0   44.807 -131.730    724.2    940.6
     1     1    19     5    23    19     0     1  -179.0   45.026 -132.004    737.2    939.1
     1     1    19     5    23    18     0     0  -180.0   45.230 -132.304    745.3    937.9
     1     1    19     5    23    17     0     1  -181.0   45.419 -132.633    748.0    938.0
     1     1    19     5    23    16     0     2  -182.0   45.593 -132.978    748.5    938.3
     1     1    19     5    23    15     0     3  -183.0   45.741 -133.332    748.5    938.6
     1     1    19     5    23    14     0     2  -184.0   45.859 -133.696    748.4    938.8
     1     1    19     5    23    13     0     1  -185.0   45.942 -134.074    748.7    939.1
     1     1    19     5    23    12     0     0  -186.0   45.989 -134.457    754.1    939.1
     1     1    19     5    23    11     0     1  -187.0   46.007 -134.833    766.3    937.9
     1     1    19     5    23    10     0     2  -188.0   46.004 -135.196    779.6    936.3
     1     1    19     5    23     9     0     3  -189.0   45.980 -135.548    790.6    935.4
     1     1    19     5    23     8     0     2  -190.0   45.937 -135.894    802.5    934.6
     1     1    19     5    23     7     0     1  -191.0   45.880 -136.241    816.6    932.9
     1     1    19     5    23     6     0     0  -192.0   45.808 -136.593    834.4    931.5
     1     1    19     5    23     5     0     1  -193.0   45.717 -136.953    851.9    928.8
     1     1    19     5    23     4     0     2  -194.0   45.610 -137.324    858.0    927.7
     1     1    19     5    23     3     0     3  -195.0   45.483 -137.707    848.4    928.6
     1     1    19     5    23     2     0     2  -196.0   45.329 -138.099    826.9    931.3
     1     1    19     5    23     1     0     1  -197.0   45.151 -138.493    806.5    934.4
     1     1    19     5    23     0     0     0  -198.0   44.946 -138.888    796.8    935.6
     1     1    19     5    22    23     0     1  -199.0   44.713 -139.281    797.6    935.3
     1     1    19     5    22    22     0     2  -200.0   44.458 -139.668    803.9    934.4
     1     1    19     5    22    21     0     3  -201.0   44.178 -140.042    813.0    933.5
     1     1    19     5    22    20     0     2  -202.0   43.878 -140.408    821.1    932.0
     1     1    19     5    22    19     0     1  -203.0   43.563 -140.763    822.4    931.6
     1     1    19     5    22    18     0     0  -204.0   43.230 -141.097    821.3    932.1
     1     1    19     5    22    17     0     1  -205.0   42.886 -141.415    819.2    932.0
     1     1    19     5    22    16     0     2  -206.0   42.541 -141.731    813.2    932.6
     1     1    19     5    22    15     0     3  -207.0   42.189 -142.043    801.9    933.5
     1     1    19     5    22    14     0     2  -208.0   41.825 -142.339    787.9    935.4
     1     1    19     5    22    13     0     1  -209.0   41.451 -142.599    775.1    936.7
     1     1    19     5    22    12     0     0  -210.0   41.067 -142.822    763.0    938.0
     1     1    19     5    22    11     0     1  -211.0   40.685 -143.013    754.8    939.5
     1     1    19     5    22    10     0     2  -212.0   40.314 -143.183    751.5    939.9
     1     1    19     5    22     9     0     3  -213.0   39.952 -143.333    750.6    940.2
     1     1    19     5    22     8     0     2  -214.0   39.607 -143.469    752.2    940.2
     1     1    19     5    22     7     0     1  -215.0   39.280 -143.598    757.0    939.9
     1     1    19     5    22     6     0     0  -216.0   38.968 -143.723    764.5    939.1
     1     1    19     5    22     5     0     1  -217.0   38.669 -143.838    771.5    937.8
     1     1    19     5    22     4     0     2  -218.0   38.382 -143.934    775.6    937.0
     1     1    19     5    22     3     0     3  -219.0   38.103 -144.006    776.9    936.6
     1     1    19     5    22     2     0     2  -220.0   37.831 -144.061    778.2    936.8
     1     1    19     5    22     1     0     1  -221.0   37.566 -144.105    780.1    936.5
     1     1    19     5    22     0     0     0  -222.0   37.307 -144.135    779.9    936.5
     1     1    19     5    21    23     0     1  -223.0   37.055 -144.155    779.5    936.9
     1     1    19     5    21    22     0     2  -224.0   36.812 -144.169    781.8    936.7
     1     1    19     5    21    21     0     3  -225.0   36.576 -144.176    786.9    936.2
     1     1    19     5    21    20     0     2  -226.0   36.356 -144.176    793.8    935.4
     1     1    19     5    21    19     0     1  -227.0   36.156 -144.170    799.9    934.7
     1     1    19     5    21    18     0     0  -228.0   35.976 -144.156    802.9    934.4
     1     1    19     5    21    17     0     1  -229.0   35.820 -144.138    806.0    934.3
     1     1    19     5    21    16     0     2  -230.0   35.691 -144.117    811.7    933.3
     1     1    19     5    21    15     0     3  -231.0   35.589 -144.092    817.0    932.3
     1     1    19     5    21    14     0     2  -232.0   35.506 -144.066    817.7    932.0
     1     1    19     5    21    13     0     1  -233.0   35.438 -144.039    810.6    932.6
     1     1    19     5    21    12     0     0  -234.0   35.383 -144.012    794.1    934.3
     1     1    19     5    21    11     0     1  -235.0   35.341 -143.983    776.2    937.2
     1     1    19     5    21    10     0     2  -236.0   35.313 -143.952    765.5    938.5
     1     1    19     5    21     9     0     3  -237.0   35.299 -143.920    761.9    938.9
     1     1    19     5    21     8     0     2  -238.0   35.307 -143.889    764.9    938.4
     1     1    19     5    21     7     0     1  -239.0   35.344 -143.864    774.2    937.2
     1     1    19     5    21     6     0     0  -240.0   35.410 -143.846    789.9    935.4
