     7     1
    GDAS    18    12     1     0     0
    GDAS    19     1     1     0     0
    GDAS    19     2     1     0     0
    GDAS    19     3     1     0     0
    GDAS    19     4     1     0     0
    GDAS    19     5     1     0     0
    GDAS    19     6     1     0     0
     1 BACKWARD OMEGA   
    19     3    10     6   21.319 -157.670    10.0
     1 PRESSURE
     1     1    19     3    10     6     0     0     0.0   21.319 -157.670     10.0   1016.5
     1     1    19     3    10     5     0     1    -1.0   21.418 -157.367     16.0   1015.4
     1     1    19     3    10     4     0     2    -2.0   21.504 -157.060     32.2   1013.3
     1     1    19     3    10     3     0     3    -3.0   21.562 -156.741     61.4   1011.0
     1     1    19     3    10     2     0     2    -4.0   21.585 -156.412     92.0   1007.5
     1     1    19     3    10     1     0     1    -5.0   21.576 -156.081    112.1   1006.1
     1     1    19     3    10     0     0     0    -6.0   21.544 -155.751    120.8   1005.8
     1     1    19     3     9    23     0     1    -7.0   21.511 -155.419    124.4   1006.2
     1     1    19     3     9    22     0     2    -8.0   21.485 -155.084    126.5   1006.3
     1     1    19     3     9    21     0     3    -9.0   21.468 -154.747    128.2   1006.5
     1     1    19     3     9    20     0     2   -10.0   21.462 -154.410    130.1   1006.4
     1     1    19     3     9    19     0     1   -11.0   21.473 -154.074    133.1   1006.1
     1     1    19     3     9    18     0     0   -12.0   21.498 -153.737    138.0   1005.7
     1     1    19     3     9    17     0     1   -13.0   21.531 -153.396    144.7   1004.5
     1     1    19     3     9    16     0     2   -14.0   21.568 -153.052    151.9   1003.3
     1     1    19     3     9    15     0     3   -15.0   21.608 -152.706    159.2   1002.1
     1     1    19     3     9    14     0     2   -16.0   21.650 -152.357    165.7   1001.1
     1     1    19     3     9    13     0     1   -17.0   21.693 -152.002    170.7   1000.4
     1     1    19     3     9    12     0     0   -18.0   21.737 -151.637    174.4    999.9
     1     1    19     3     9    11     0     1   -19.0   21.788 -151.264    177.1   1000.1
     1     1    19     3     9    10     0     2   -20.0   21.848 -150.884    179.3   1000.4
     1     1    19     3     9     9     0     3   -21.0   21.920 -150.500    181.4   1000.7
     1     1    19     3     9     8     0     2   -22.0   22.003 -150.119    186.1   1000.3
     1     1    19     3     9     7     0     1   -23.0   22.099 -149.743    194.3    999.0
     1     1    19     3     9     6     0     0   -24.0   22.210 -149.374    202.4    997.8
     1     1    19     3     9     5     0     1   -25.0   22.331 -149.014    207.6    996.6
     1     1    19     3     9     4     0     2   -26.0   22.458 -148.666    211.0    996.2
     1     1    19     3     9     3     0     3   -27.0   22.587 -148.331    217.2    995.4
     1     1    19     3     9     2     0     2   -28.0   22.718 -148.007    226.1    994.2
     1     1    19     3     9     1     0     1   -29.0   22.852 -147.695    234.4    993.3
     1     1    19     3     9     0     0     0   -30.0   22.987 -147.398    241.4    992.7
     1     1    19     3     8    23     0     1   -31.0   23.119 -147.114    245.9    992.7
     1     1    19     3     8    22     0     2   -32.0   23.242 -146.839    248.7    993.2
     1     1    19     3     8    21     0     3   -33.0   23.353 -146.571    254.3    993.4
     1     1    19     3     8    20     0     2   -34.0   23.458 -146.303    264.0    992.4
     1     1    19     3     8    19     0     1   -35.0   23.564 -146.034    276.1    991.0
     1     1    19     3     8    18     0     0   -36.0   23.673 -145.764    293.8    989.3
     1     1    19     3     8    17     0     1   -37.0   23.786 -145.504    319.4    985.7
     1     1    19     3     8    16     0     2   -38.0   23.907 -145.264    348.6    981.7
     1     1    19     3     8    15     0     3   -39.0   24.036 -145.047    375.4    978.0
     1     1    19     3     8    14     0     2   -40.0   24.166 -144.852    396.6    975.8
     1     1    19     3     8    13     0     1   -41.0   24.292 -144.673    416.3    974.1
     1     1    19     3     8    12     0     0   -42.0   24.416 -144.507    440.6    971.8
     1     1    19     3     8    11     0     1   -43.0   24.539 -144.348    465.2    967.9
     1     1    19     3     8    10     0     2   -44.0   24.666 -144.189    482.1    966.1
     1     1    19     3     8     9     0     3   -45.0   24.795 -144.034    490.4    965.2
     1     1    19     3     8     8     0     2   -46.0   24.930 -143.888    492.8    965.2
     1     1    19     3     8     7     0     1   -47.0   25.073 -143.761    493.7    965.0
     1     1    19     3     8     6     0     0   -48.0   25.222 -143.653    498.5    964.9
     1     1    19     3     8     5     0     1   -49.0   25.371 -143.562    511.7    962.9
     1     1    19     3     8     4     0     2   -50.0   25.516 -143.482    530.8    960.0
     1     1    19     3     8     3     0     3   -51.0   25.656 -143.412    551.4    957.0
     1     1    19     3     8     2     0     2   -52.0   25.790 -143.352    570.3    954.9
     1     1    19     3     8     1     0     1   -53.0   25.917 -143.306    587.0    953.1
     1     1    19     3     8     0     0     0   -54.0   26.038 -143.275    601.7    951.5
     1     1    19     3     7    23     0     1   -55.0   26.154 -143.255    615.8    950.6
     1     1    19     3     7    22     0     2   -56.0   26.272 -143.242    631.5    949.4
     1     1    19     3     7    21     0     3   -57.0   26.391 -143.232    650.3    947.6
     1     1    19     3     7    20     0     2   -58.0   26.517 -143.230    672.7    944.8
     1     1    19     3     7    19     0     1   -59.0   26.654 -143.242    697.4    941.8
     1     1    19     3     7    18     0     0   -60.0   26.803 -143.271    723.3    938.6
     1     1    19     3     7    17     0     1   -61.0   26.958 -143.317    748.2    935.3
     1     1    19     3     7    16     0     2   -62.0   27.109 -143.379    772.6    932.3
     1     1    19     3     7    15     0     3   -63.0   27.256 -143.455    801.9    929.1
     1     1    19     3     7    14     0     2   -64.0   27.397 -143.543    834.8    924.9
     1     1    19     3     7    13     0     1   -65.0   27.532 -143.637    863.2    921.4
     1     1    19     3     7    12     0     0   -66.0   27.663 -143.737    880.0    919.1
     1     1    19     3     7    11     0     1   -67.0   27.791 -143.840    887.5    919.1
     1     1    19     3     7    10     0     2   -68.0   27.916 -143.942    891.6    918.8
     1     1    19     3     7     9     0     3   -69.0   28.041 -144.044    893.8    918.9
     1     1    19     3     7     8     0     2   -70.0   28.167 -144.148    901.0    918.6
     1     1    19     3     7     7     0     1   -71.0   28.294 -144.258    918.9    916.6
     1     1    19     3     7     6     0     0   -72.0   28.421 -144.374    947.9    913.2
     1     1    19     3     7     5     0     1   -73.0   28.553 -144.496    982.2    908.2
     1     1    19     3     7     4     0     2   -74.0   28.698 -144.627   1014.4    904.0
     1     1    19     3     7     3     0     3   -75.0   28.858 -144.769   1041.0    900.4
     1     1    19     3     7     2     0     2   -76.0   29.019 -144.919   1067.4    898.3
     1     1    19     3     7     1     0     1   -77.0   29.167 -145.072   1100.6    894.6
     1     1    19     3     7     0     0     0   -78.0   29.300 -145.229   1136.3    890.4
     1     1    19     3     6    23     0     1   -79.0   29.427 -145.383   1166.5    887.1
     1     1    19     3     6    22     0     2   -80.0   29.553 -145.524   1187.7    885.1
     1     1    19     3     6    21     0     3   -81.0   29.676 -145.653   1199.7    884.0
     1     1    19     3     6    20     0     2   -82.0   29.799 -145.771   1208.9    883.7
     1     1    19     3     6    19     0     1   -83.0   29.923 -145.878   1222.9    882.1
     1     1    19     3     6    18     0     0   -84.0   30.049 -145.974   1244.1    879.8
     1     1    19     3     6    17     0     1   -85.0   30.178 -146.057   1269.7    876.3
     1     1    19     3     6    16     0     2   -86.0   30.314 -146.125   1295.6    873.1
     1     1    19     3     6    15     0     3   -87.0   30.454 -146.178   1320.9    870.0
     1     1    19     3     6    14     0     2   -88.0   30.597 -146.223   1346.4    867.6
     1     1    19     3     6    13     0     1   -89.0   30.744 -146.266   1373.0    864.9
     1     1    19     3     6    12     0     0   -90.0   30.894 -146.305   1400.1    862.2
     1     1    19     3     6    11     0     1   -91.0   31.053 -146.334   1426.4    859.4
     1     1    19     3     6    10     0     2   -92.0   31.226 -146.347   1451.4    857.1
     1     1    19     3     6     9     0     3   -93.0   31.412 -146.344   1477.5    854.6
     1     1    19     3     6     8     0     2   -94.0   31.610 -146.334   1507.9    851.6
     1     1    19     3     6     7     0     1   -95.0   31.822 -146.326   1542.9    847.7
     1     1    19     3     6     6     0     0   -96.0   32.051 -146.318   1580.0    843.6
     1     1    19     3     6     5     0     1   -97.0   32.289 -146.318   1617.4    839.3
     1     1    19     3     6     4     0     2   -98.0   32.535 -146.331   1651.7    835.1
     1     1    19     3     6     3     0     3   -99.0   32.789 -146.357   1676.5    832.0
     1     1    19     3     6     2     0     2  -100.0   33.051 -146.390   1697.5    830.7
     1     1    19     3     6     1     0     1  -101.0   33.321 -146.426   1727.9    827.9
     1     1    19     3     6     0     0     0  -102.0   33.598 -146.468   1771.5    823.4
     1     1    19     3     5    23     0     1  -103.0   33.879 -146.504   1821.8    817.9
     1     1    19     3     5    22     0     2  -104.0   34.159 -146.516   1871.0    813.1
     1     1    19     3     5    21     0     3  -105.0   34.438 -146.501   1915.0    808.6
     1     1    19     3     5    20     0     2  -106.0   34.724 -146.467   1954.6    804.6
     1     1    19     3     5    19     0     1  -107.0   35.027 -146.426   1994.4    800.3
     1     1    19     3     5    18     0     0  -108.0   35.344 -146.378   2036.8    796.0
     1     1    19     3     5    17     0     1  -109.0   35.667 -146.327   2089.4    790.8
     1     1    19     3     5    16     0     2  -110.0   36.000 -146.275   2162.4    783.6
     1     1    19     3     5    15     0     3  -111.0   36.346 -146.218   2258.6    773.7
     1     1    19     3     5    14     0     2  -112.0   36.706 -146.146   2359.5    762.1
     1     1    19     3     5    13     0     1  -113.0   37.078 -146.060   2451.1    753.3
     1     1    19     3     5    12     0     0  -114.0   37.466 -145.964   2535.2    745.3
     1     1    19     3     5    11     0     1  -115.0   37.859 -145.871   2612.0    738.2
     1     1    19     3     5    10     0     2  -116.0   38.247 -145.790   2687.7    731.9
     1     1    19     3     5     9     0     3  -117.0   38.627 -145.713   2765.4    724.5
     1     1    19     3     5     8     0     2  -118.0   38.998 -145.629   2841.9    717.4
     1     1    19     3     5     7     0     1  -119.0   39.357 -145.538   2915.7    710.7
     1     1    19     3     5     6     0     0  -120.0   39.708 -145.443   2988.4    704.3
     1     1    19     3     5     5     0     1  -121.0   40.041 -145.349   3049.0    697.7
     1     1    19     3     5     4     0     2  -122.0   40.346 -145.260   3085.4    694.5
     1     1    19     3     5     3     0     3  -123.0   40.627 -145.174   3098.6    693.4
     1     1    19     3     5     2     0     2  -124.0   40.887 -145.084   3101.2    694.3
     1     1    19     3     5     1     0     1  -125.0   41.128 -144.984   3105.8    694.2
     1     1    19     3     5     0     0     0  -126.0   41.353 -144.877   3115.7    693.7
     1     1    19     3     4    23     0     1  -127.0   41.566 -144.763   3129.9    692.4
     1     1    19     3     4    22     0     2  -128.0   41.766 -144.642   3142.1    691.5
     1     1    19     3     4    21     0     3  -129.0   41.949 -144.521   3147.0    691.2
     1     1    19     3     4    20     0     2  -130.0   42.124 -144.408   3142.5    691.7
     1     1    19     3     4    19     0     1  -131.0   42.296 -144.305   3129.9    693.1
     1     1    19     3     4    18     0     0  -132.0   42.464 -144.214   3110.9    695.0
     1     1    19     3     4    17     0     1  -133.0   42.624 -144.135   3090.1    697.2
     1     1    19     3     4    16     0     2  -134.0   42.778 -144.067   3073.0    699.0
     1     1    19     3     4    15     0     3  -135.0   42.930 -144.011   3063.3    700.2
     1     1    19     3     4    14     0     2  -136.0   43.073 -143.964   3059.9    700.4
     1     1    19     3     4    13     0     1  -137.0   43.197 -143.920   3058.8    700.6
     1     1    19     3     4    12     0     0  -138.0   43.302 -143.881   3058.8    700.8
     1     1    19     3     4    11     0     1  -139.0   43.395 -143.825   3065.0    700.9
     1     1    19     3     4    10     0     2  -140.0   43.486 -143.736   3083.1    699.5
     1     1    19     3     4     9     0     3  -141.0   43.575 -143.619   3114.0    697.0
     1     1    19     3     4     8     0     2  -142.0   43.670 -143.488   3141.2    693.1
     1     1    19     3     4     7     0     1  -143.0   43.777 -143.351   3148.9    692.4
     1     1    19     3     4     6     0     0  -144.0   43.896 -143.208   3137.1    693.5
     1     1    19     3     4     5     0     1  -145.0   44.017 -143.074   3117.3    696.3
     1     1    19     3     4     4     0     2  -146.0   44.132 -142.969   3101.7    697.8
     1     1    19     3     4     3     0     3  -147.0   44.243 -142.888   3091.0    698.7
     1     1    19     3     4     2     0     2  -148.0   44.350 -142.819   3089.5    699.1
     1     1    19     3     4     1     0     1  -149.0   44.454 -142.753   3100.7    698.0
     1     1    19     3     4     0     0     0  -150.0   44.551 -142.690   3123.1    695.9
     1     1    19     3     3    23     0     1  -151.0   44.641 -142.627   3146.1    693.1
     1     1    19     3     3    22     0     2  -152.0   44.720 -142.561   3160.0    691.9
     1     1    19     3     3    21     0     3  -153.0   44.789 -142.492   3165.2    691.5
     1     1    19     3     3    20     0     2  -154.0   44.857 -142.423   3169.9    691.7
     1     1    19     3     3    19     0     1  -155.0   44.937 -142.356   3182.2    690.6
     1     1    19     3     3    18     0     0  -156.0   45.031 -142.293   3202.5    688.7
     1     1    19     3     3    17     0     1  -157.0   45.132 -142.242   3226.3    686.0
     1     1    19     3     3    16     0     2  -158.0   45.235 -142.205   3249.4    683.7
     1     1    19     3     3    15     0     3  -159.0   45.339 -142.178   3271.7    681.6
     1     1    19     3     3    14     0     2  -160.0   45.439 -142.162   3290.2    679.6
     1     1    19     3     3    13     0     1  -161.0   45.531 -142.157   3301.9    678.6
     1     1    19     3     3    12     0     0  -162.0   45.615 -142.163   3306.8    678.2
     1     1    19     3     3    11     0     1  -163.0   45.687 -142.177   3309.8    678.2
     1     1    19     3     3    10     0     2  -164.0   45.742 -142.199   3315.2    677.6
     1     1    19     3     3     9     0     3  -165.0   45.779 -142.229   3322.2    676.9
     1     1    19     3     3     8     0     2  -166.0   45.803 -142.259   3328.6    676.0
     1     1    19     3     3     7     0     1  -167.0   45.819 -142.281   3332.4    675.6
     1     1    19     3     3     6     0     0  -168.0   45.828 -142.294   3333.7    675.4
     1     1    19     3     3     5     0     1  -169.0   45.833 -142.300   3338.0    675.3
     1     1    19     3     3     4     0     2  -170.0   45.840 -142.303   3351.0    673.9
     1     1    19     3     3     3     0     3  -171.0   45.849 -142.303   3372.8    671.8
     1     1    19     3     3     2     0     2  -172.0   45.857 -142.303   3392.4    669.0
     1     1    19     3     3     1     0     1  -173.0   45.859 -142.306   3398.8    668.3
     1     1    19     3     3     0     0     0  -174.0   45.855 -142.310   3392.1    668.7
     1     1    19     3     2    23     0     1  -175.0   45.846 -142.317   3381.5    670.3
     1     1    19     3     2    22     0     2  -176.0   45.835 -142.331   3375.3    670.7
     1     1    19     3     2    21     0     3  -177.0   45.821 -142.349   3373.2    670.7
     1     1    19     3     2    20     0     2  -178.0   45.807 -142.369   3376.2    670.3
     1     1    19     3     2    19     0     1  -179.0   45.795 -142.386   3385.1    669.3
     1     1    19     3     2    18     0     0  -180.0   45.787 -142.400   3400.1    667.8
     1     1    19     3     2    17     0     1  -181.0   45.784 -142.415   3419.4    665.7
     1     1    19     3     2    16     0     2  -182.0   45.786 -142.435   3440.7    663.7
     1     1    19     3     2    15     0     3  -183.0   45.794 -142.458   3464.5    661.4
     1     1    19     3     2    14     0     2  -184.0   45.804 -142.486   3492.3    659.0
     1     1    19     3     2    13     0     1  -185.0   45.808 -142.519   3525.6    656.0
     1     1    19     3     2    12     0     0  -186.0   45.809 -142.558   3563.6    652.6
     1     1    19     3     2    11     0     1  -187.0   45.807 -142.597   3597.1    648.9
     1     1    19     3     2    10     0     2  -188.0   45.805 -142.628   3617.6    647.0
     1     1    19     3     2     9     0     3  -189.0   45.802 -142.651   3625.0    646.3
     1     1    19     3     2     8     0     2  -190.0   45.800 -142.671   3630.4    646.8
     1     1    19     3     2     7     0     1  -191.0   45.802 -142.695   3645.2    645.5
     1     1    19     3     2     6     0     0  -192.0   45.807 -142.722   3669.8    643.5
     1     1    19     3     2     5     0     1  -193.0   45.819 -142.747   3697.7    640.4
     1     1    19     3     2     4     0     2  -194.0   45.842 -142.767   3721.4    638.2
     1     1    19     3     2     3     0     3  -195.0   45.875 -142.779   3739.9    636.5
     1     1    19     3     2     2     0     2  -196.0   45.912 -142.792   3752.6    635.5
     1     1    19     3     2     1     0     1  -197.0   45.949 -142.813   3759.7    634.9
     1     1    19     3     2     0     0     0  -198.0   45.985 -142.843   3762.1    634.8
     1     1    19     3     1    23     0     1  -199.0   46.021 -142.878   3762.3    635.0
     1     1    19     3     1    22     0     2  -200.0   46.056 -142.917   3762.5    635.0
     1     1    19     3     1    21     0     3  -201.0   46.091 -142.958   3762.6    635.0
     1     1    19     3     1    20     0     2  -202.0   46.132 -143.001   3762.2    635.0
     1     1    19     3     1    19     0     1  -203.0   46.185 -143.043   3760.4    635.0
     1     1    19     3     1    18     0     0  -204.0   46.248 -143.084   3756.0    635.3
     1     1    19     3     1    17     0     1  -205.0   46.320 -143.131   3758.6    636.0
     1     1    19     3     1    16     0     2  -206.0   46.401 -143.191   3779.1    634.2
     1     1    19     3     1    15     0     3  -207.0   46.493 -143.266   3817.7    631.0
     1     1    19     3     1    14     0     2  -208.0   46.592 -143.354   3863.2    626.4
     1     1    19     3     1    13     0     1  -209.0   46.695 -143.453   3904.8    623.0
     1     1    19     3     1    12     0     0  -210.0   46.802 -143.562   3941.9    620.0
     1     1    19     3     1    11     0     1  -211.0   46.920 -143.681   3969.2    617.4
     1     1    19     3     1    10     0     2  -212.0   47.052 -143.805   3983.5    616.4
     1     1    19     3     1     9     0     3  -213.0   47.199 -143.934   3987.7    616.2
     1     1    19     3     1     8     0     2  -214.0   47.357 -144.066   3987.8    616.6
     1     1    19     3     1     7     0     1  -215.0   47.524 -144.201   3988.2    616.7
     1     1    19     3     1     6     0     0  -216.0   47.701 -144.333   3988.8    616.7
     1     1    19     3     1     5     0     1  -217.0   47.887 -144.462   3989.5    616.5
     1     1    19     3     1     4     0     2  -218.0   48.083 -144.590   3989.9    616.5
     1     1    19     3     1     3     0     3  -219.0   48.290 -144.717   3990.0    616.4
     1     1    19     3     1     2     0     2  -220.0   48.506 -144.838   3988.3    616.5
     1     1    19     3     1     1     0     1  -221.0   48.726 -144.947   3982.6    617.1
     1     1    19     3     1     0     0     0  -222.0   48.948 -145.042   3971.5    618.0
     1     1    19     2    28    23     0     1  -223.0   49.171 -145.116   3957.7    619.5
     1     1    19     2    28    22     0     2  -224.0   49.399 -145.162   3943.5    620.7
     1     1    19     2    28    21     0     3  -225.0   49.631 -145.178   3926.1    622.0
     1     1    19     2    28    20     0     2  -226.0   49.868 -145.166   3902.9    624.0
     1     1    19     2    28    19     0     1  -227.0   50.110 -145.128   3874.8    626.5
     1     1    19     2    28    18     0     0  -228.0   50.357 -145.060   3845.1    629.2
     1     1    19     2    28    17     0     1  -229.0   50.609 -144.969   3815.7    631.8
     1     1    19     2    28    16     0     2  -230.0   50.863 -144.867   3787.1    634.3
     1     1    19     2    28    15     0     3  -231.0   51.119 -144.757   3758.0    636.9
     1     1    19     2    28    14     0     2  -232.0   51.374 -144.639   3731.6    639.7
     1     1    19     2    28    13     0     1  -233.0   51.626 -144.511   3712.9    641.5
     1     1    19     2    28    12     0     0  -234.0   51.876 -144.370   3704.4    642.6
     1     1    19     2    28    11     0     1  -235.0   52.130 -144.212   3702.7    642.5
     1     1    19     2    28    10     0     2  -236.0   52.391 -144.032   3701.0    642.6
     1     1    19     2    28     9     0     3  -237.0   52.659 -143.829   3695.6    643.0
     1     1    19     2    28     8     0     2  -238.0   52.933 -143.603   3686.0    644.2
     1     1    19     2    28     7     0     1  -239.0   53.219 -143.356   3676.5    645.2
     1     1    19     2    28     6     0     0  -240.0   53.516 -143.091   3672.7    646.0
