     7     1
    GDAS    19     6     1     0     0
    GDAS    19     7     1     0     0
    GDAS    19     8     1     0     0
    GDAS    19     9     1     0     0
    GDAS    19    10     1     0     0
    GDAS    19    11     1     0     0
    GDAS    19    12     1     0     0
     1 BACKWARD OMEGA   
    19    10    16    12   21.319 -157.670    10.0
     1 PRESSURE
     1     1    19    10    16    12     0     0     0.0   21.319 -157.670     10.0   1011.5
     1     1    19    10    16    11     0     1    -1.0   21.421 -157.470     47.2   1008.7
     1     1    19    10    16    10     0     2    -2.0   21.521 -157.270    129.1    998.5
     1     1    19    10    16     9     0     3    -3.0   21.613 -157.072    209.6    988.8
     1     1    19    10    16     8     0     2    -4.0   21.706 -156.872    277.4    982.1
     1     1    19    10    16     7     0     1    -5.0   21.815 -156.662    321.9    977.1
     1     1    19    10    16     6     0     0    -6.0   21.948 -156.447    340.1    976.2
     1     1    19    10    16     5     0     1    -7.0   22.100 -156.229    343.9    976.8
     1     1    19    10    16     4     0     2    -8.0   22.255 -156.013    345.2    976.8
     1     1    19    10    16     3     0     3    -9.0   22.416 -155.805    347.7    976.6
     1     1    19    10    16     2     0     2   -10.0   22.585 -155.608    351.9    975.8
     1     1    19    10    16     1     0     1   -11.0   22.757 -155.419    356.8    974.9
     1     1    19    10    16     0     0     0   -12.0   22.930 -155.244    360.4    974.0
     1     1    19    10    15    23     0     1   -13.0   23.098 -155.078    358.4    974.8
     1     1    19    10    15    22     0     2   -14.0   23.257 -154.916    350.5    976.7
     1     1    19    10    15    21     0     3   -15.0   23.411 -154.762    341.9    978.9
     1     1    19    10    15    20     0     2   -16.0   23.560 -154.618    336.4    979.4
     1     1    19    10    15    19     0     1   -17.0   23.710 -154.487    331.7    979.5
     1     1    19    10    15    18     0     0   -18.0   23.864 -154.368    324.9    980.1
     1     1    19    10    15    17     0     1   -19.0   24.019 -154.262    326.9    981.2
     1     1    19    10    15    16     0     2   -20.0   24.167 -154.172    349.3    978.4
     1     1    19    10    15    15     0     3   -21.0   24.310 -154.095    391.4    973.6
     1     1    19    10    15    14     0     2   -22.0   24.446 -154.023    436.5    966.9
     1     1    19    10    15    13     0     1   -23.0   24.581 -153.947    466.2    963.1
     1     1    19    10    15    12     0     0   -24.0   24.715 -153.869    485.6    961.3
     1     1    19    10    15    11     0     1   -25.0   24.849 -153.784    502.9    960.1
     1     1    19    10    15    10     0     2   -26.0   24.982 -153.690    519.4    958.6
     1     1    19    10    15     9     0     3   -27.0   25.113 -153.587    525.9    957.4
     1     1    19    10    15     8     0     2   -28.0   25.242 -153.475    517.5    958.5
     1     1    19    10    15     7     0     1   -29.0   25.371 -153.357    498.6    960.6
     1     1    19    10    15     6     0     0   -30.0   25.504 -153.238    473.3    963.6
     1     1    19    10    15     5     0     1   -31.0   25.640 -153.122    458.3    966.8
     1     1    19    10    15     4     0     2   -32.0   25.775 -153.011    469.3    965.4
     1     1    19    10    15     3     0     3   -33.0   25.906 -152.907    508.3    960.6
     1     1    19    10    15     2     0     2   -34.0   26.032 -152.813    563.6    953.0
     1     1    19    10    15     1     0     1   -35.0   26.152 -152.730    618.1    947.0
     1     1    19    10    15     0     0     0   -36.0   26.270 -152.662    665.1    941.4
     1     1    19    10    14    23     0     1   -37.0   26.380 -152.602    698.9    938.0
     1     1    19    10    14    22     0     2   -38.0   26.478 -152.541    721.2    936.7
     1     1    19    10    14    21     0     3   -39.0   26.564 -152.481    740.0    935.8
     1     1    19    10    14    20     0     2   -40.0   26.635 -152.417    755.2    933.6
     1     1    19    10    14    19     0     1   -41.0   26.688 -152.349    767.0    932.5
     1     1    19    10    14    18     0     0   -42.0   26.723 -152.273    782.1    931.0
     1     1    19    10    14    17     0     1   -43.0   26.752 -152.191    803.3    928.6
     1     1    19    10    14    16     0     2   -44.0   26.791 -152.106    826.8    925.7
     1     1    19    10    14    15     0     3   -45.0   26.840 -152.019    843.8    923.4
     1     1    19    10    14    14     0     2   -46.0   26.882 -151.921    862.0    922.5
     1     1    19    10    14    13     0     1   -47.0   26.902 -151.804    895.4    918.8
     1     1    19    10    14    12     0     0   -48.0   26.901 -151.668    942.0    912.9
     1     1    19    10    14    11     0     1   -49.0   26.898 -151.518    989.4    907.2
     1     1    19    10    14    10     0     2   -50.0   26.904 -151.359   1032.2    903.3
     1     1    19    10    14     9     0     3   -51.0   26.914 -151.192   1073.1    899.7
     1     1    19    10    14     8     0     2   -52.0   26.928 -151.020   1113.0    895.5
     1     1    19    10    14     7     0     1   -53.0   26.947 -150.843   1157.0    891.6
     1     1    19    10    14     6     0     0   -54.0   26.971 -150.658   1213.7    885.9
     1     1    19    10    14     5     0     1   -55.0   26.997 -150.469   1262.9    877.9
     1     1    19    10    14     4     0     2   -56.0   27.023 -150.285   1277.1    875.6
     1     1    19    10    14     3     0     3   -57.0   27.049 -150.109   1253.0    877.8
     1     1    19    10    14     2     0     2   -58.0   27.074 -149.946   1229.2    884.4
     1     1    19    10    14     1     0     1   -59.0   27.101 -149.791   1239.9    883.2
     1     1    19    10    14     0     0     0   -60.0   27.130 -149.640   1281.8    878.4
     1     1    19    10    13    23     0     1   -61.0   27.158 -149.482   1332.8    871.6
     1     1    19    10    13    22     0     2   -62.0   27.176 -149.310   1374.8    867.9
     1     1    19    10    13    21     0     3   -63.0   27.182 -149.125   1408.6    864.9
     1     1    19    10    13    20     0     2   -64.0   27.183 -148.923   1434.4    862.3
     1     1    19    10    13    19     0     1   -65.0   27.197 -148.697   1456.4    860.5
     1     1    19    10    13    18     0     0   -66.0   27.226 -148.451   1485.4    858.2
     1     1    19    10    13    17     0     1   -67.0   27.269 -148.197   1531.6    853.5
     1     1    19    10    13    16     0     2   -68.0   27.325 -147.946   1594.1    846.4
     1     1    19    10    13    15     0     3   -69.0   27.396 -147.700   1652.6    838.5
     1     1    19    10    13    14     0     2   -70.0   27.479 -147.460   1684.8    834.8
     1     1    19    10    13    13     0     1   -71.0   27.570 -147.229   1693.2    834.8
     1     1    19    10    13    12     0     0   -72.0   27.666 -147.007   1692.7    835.6
     1     1    19    10    13    11     0     1   -73.0   27.767 -146.789   1698.9    836.3
     1     1    19    10    13    10     0     2   -74.0   27.880 -146.574   1733.5    834.5
     1     1    19    10    13     9     0     3   -75.0   28.004 -146.369   1820.3    827.6
     1     1    19    10    13     8     0     2   -76.0   28.142 -146.178   1928.8    812.9
     1     1    19    10    13     7     0     1   -77.0   28.291 -145.997   2011.9    804.6
     1     1    19    10    13     6     0     0   -78.0   28.449 -145.828   2058.3    799.4
     1     1    19    10    13     5     0     1   -79.0   28.615 -145.669   2079.3    799.1
     1     1    19    10    13     4     0     2   -80.0   28.790 -145.523   2101.2    797.4
     1     1    19    10    13     3     0     3   -81.0   28.968 -145.391   2136.4    794.5
     1     1    19    10    13     2     0     2   -82.0   29.146 -145.270   2178.8    789.6
     1     1    19    10    13     1     0     1   -83.0   29.318 -145.155   2216.8    786.3
     1     1    19    10    13     0     0     0   -84.0   29.483 -145.047   2248.7    783.4
     1     1    19    10    12    23     0     1   -85.0   29.643 -144.943   2277.0    781.6
     1     1    19    10    12    22     0     2   -86.0   29.803 -144.836   2307.0    779.3
     1     1    19    10    12    21     0     3   -87.0   29.961 -144.724   2344.2    776.6
     1     1    19    10    12    20     0     2   -88.0   30.120 -144.617   2382.4    772.1
     1     1    19    10    12    19     0     1   -89.0   30.281 -144.521   2409.7    769.5
     1     1    19    10    12    18     0     0   -90.0   30.443 -144.433   2427.1    768.1
     1     1    19    10    12    17     0     1   -91.0   30.607 -144.355   2440.3    767.1
     1     1    19    10    12    16     0     2   -92.0   30.779 -144.293   2452.5    765.8
     1     1    19    10    12    15     0     3   -93.0   30.959 -144.247   2461.7    764.8
     1     1    19    10    12    14     0     2   -94.0   31.138 -144.211   2464.6    764.2
     1     1    19    10    12    13     0     1   -95.0   31.305 -144.182   2461.8    764.8
     1     1    19    10    12    12     0     0   -96.0   31.460 -144.160   2458.1    765.3
     1     1    19    10    12    11     0     1   -97.0   31.605 -144.135   2463.2    765.9
     1     1    19    10    12    10     0     2   -98.0   31.744 -144.100   2481.6    764.3
     1     1    19    10    12     9     0     3   -99.0   31.876 -144.061   2507.4    762.0
     1     1    19    10    12     8     0     2  -100.0   32.006 -144.015   2539.5    759.5
     1     1    19    10    12     7     0     1  -101.0   32.140 -143.964   2573.2    756.1
     1     1    19    10    12     6     0     0  -102.0   32.278 -143.905   2605.9    753.5
     1     1    19    10    12     5     0     1  -103.0   32.423 -143.849   2640.5    750.2
     1     1    19    10    12     4     0     2  -104.0   32.574 -143.805   2675.6    746.6
     1     1    19    10    12     3     0     3  -105.0   32.727 -143.774   2708.9    743.3
     1     1    19    10    12     2     0     2  -106.0   32.878 -143.756   2728.4    740.6
     1     1    19    10    12     1     0     1  -107.0   33.024 -143.746   2722.8    741.2
     1     1    19    10    12     0     0     0  -108.0   33.165 -143.742   2700.8    744.1
     1     1    19    10    11    23     0     1  -109.0   33.308 -143.746   2684.5    747.1
     1     1    19    10    11    22     0     2  -110.0   33.455 -143.757   2681.8    747.1
     1     1    19    10    11    21     0     3  -111.0   33.603 -143.775   2680.3    747.0
     1     1    19    10    11    20     0     2  -112.0   33.751 -143.804   2689.8    747.6
     1     1    19    10    11    19     0     1  -113.0   33.899 -143.853   2729.6    744.5
     1     1    19    10    11    18     0     0  -114.0   34.047 -143.924   2798.7    738.1
     1     1    19    10    11    17     0     1  -115.0   34.190 -144.021   2876.3    729.2
     1     1    19    10    11    16     0     2  -116.0   34.321 -144.141   2943.3    722.8
     1     1    19    10    11    15     0     3  -117.0   34.438 -144.279   3000.2    717.7
     1     1    19    10    11    14     0     2  -118.0   34.539 -144.428   3052.4    713.5
     1     1    19    10    11    13     0     1  -119.0   34.623 -144.578   3112.7    709.2
     1     1    19    10    11    12     0     0  -120.0   34.692 -144.729   3194.7    702.6
     1     1    19    10    11    11     0     1  -121.0   34.750 -144.876   3278.4    693.4
     1     1    19    10    11    10     0     2  -122.0   34.797 -145.011   3334.0    688.3
     1     1    19    10    11     9     0     3  -123.0   34.832 -145.131   3358.2    686.5
     1     1    19    10    11     8     0     2  -124.0   34.872 -145.240   3365.2    687.1
     1     1    19    10    11     7     0     1  -125.0   34.931 -145.341   3360.5    687.0
     1     1    19    10    11     6     0     0  -126.0   35.011 -145.433   3328.1    689.0
     1     1    19    10    11     5     0     1  -127.0   35.100 -145.532   3286.0    694.4
     1     1    19    10    11     4     0     2  -128.0   35.190 -145.659   3263.2    696.6
     1     1    19    10    11     3     0     3  -129.0   35.277 -145.815   3273.6    695.9
     1     1    19    10    11     2     0     2  -130.0   35.356 -146.003   3316.9    691.4
     1     1    19    10    11     1     0     1  -131.0   35.423 -146.218   3365.4    685.3
     1     1    19    10    11     0     0     0  -132.0   35.478 -146.451   3383.1    682.5
     1     1    19    10    10    23     0     1  -133.0   35.515 -146.691   3370.3    684.8
     1     1    19    10    10    22     0     2  -134.0   35.533 -146.934   3352.7    687.5
     1     1    19    10    10    21     0     3  -135.0   35.534 -147.184   3356.3    688.5
     1     1    19    10    10    20     0     2  -136.0   35.524 -147.443   3383.9    685.0
     1     1    19    10    10    19     0     1  -137.0   35.504 -147.709   3403.4    681.6
     1     1    19    10    10    18     0     0  -138.0   35.470 -147.983   3378.6    682.1
     1     1    19    10    10    17     0     1  -139.0   35.423 -148.259   3352.3    688.7
     1     1    19    10    10    16     0     2  -140.0   35.378 -148.549   3370.3    685.9
     1     1    19    10    10    15     0     3  -141.0   35.337 -148.856   3415.6    681.2
     1     1    19    10    10    14     0     2  -142.0   35.293 -149.185   3477.7    675.4
     1     1    19    10    10    13     0     1  -143.0   35.240 -149.539   3533.5    668.9
     1     1    19    10    10    12     0     0  -144.0   35.186 -149.914   3537.7    666.3
     1     1    19    10    10    11     0     1  -145.0   35.116 -150.296   3522.3    671.8
     1     1    19    10    10    10     0     2  -146.0   35.026 -150.689   3532.3    670.1
     1     1    19    10    10     9     0     3  -147.0   34.930 -151.096   3537.1    667.5
     1     1    19    10    10     8     0     2  -148.0   34.820 -151.521   3523.7    669.3
     1     1    19    10    10     7     0     1  -149.0   34.694 -151.968   3503.9    670.7
     1     1    19    10    10     6     0     0  -150.0   34.555 -152.438   3494.0    672.5
     1     1    19    10    10     5     0     1  -151.0   34.383 -152.932   3491.3    670.4
     1     1    19    10    10     4     0     2  -152.0   34.194 -153.444   3462.7    671.3
     1     1    19    10    10     3     0     3  -153.0   34.008 -153.955   3384.0    676.1
     1     1    19    10    10     2     0     2  -154.0   33.815 -154.459   3326.1    687.3
     1     1    19    10    10     1     0     1  -155.0   33.597 -154.990   3347.3    684.0
     1     1    19    10    10     0     0     0  -156.0   33.349 -155.554   3407.0    676.1
     1     1    19    10     9    23     0     1  -157.0   33.088 -156.105   3440.5    670.9
     1     1    19    10     9    22     0     2  -158.0   32.838 -156.617   3450.6    672.9
     1     1    19    10     9    21     0     3  -159.0   32.594 -157.107   3446.4    671.2
     1     1    19    10     9    20     0     2  -160.0   32.354 -157.592   3389.8    674.5
     1     1    19    10     9    19     0     1  -161.0   32.125 -158.082   3293.3    684.6
     1     1    19    10     9    18     0     0  -162.0   31.914 -158.581   3218.5    693.6
     1     1    19    10     9    17     0     1  -163.0   31.717 -159.073   3183.1    695.0
     1     1    19    10     9    16     0     2  -164.0   31.527 -159.547   3157.6    695.2
     1     1    19    10     9    15     0     3  -165.0   31.344 -160.034   3136.5    697.9
     1     1    19    10     9    14     0     2  -166.0   31.170 -160.535   3117.8    698.1
     1     1    19    10     9    13     0     1  -167.0   31.010 -161.035   3090.0    700.7
     1     1    19    10     9    12     0     0  -168.0   30.867 -161.526   3075.8    703.5
     1     1    19    10     9    11     0     1  -169.0   30.748 -162.002   3072.2    702.1
     1     1    19    10     9    10     0     2  -170.0   30.653 -162.464   3054.5    703.4
     1     1    19    10     9     9     0     3  -171.0   30.579 -162.922   3018.5    706.7
     1     1    19    10     9     8     0     2  -172.0   30.524 -163.378   2978.3    711.3
     1     1    19    10     9     7     0     1  -173.0   30.486 -163.837   2960.0    714.0
     1     1    19    10     9     6     0     0  -174.0   30.464 -164.309   2972.5    712.4
     1     1    19    10     9     5     0     1  -175.0   30.459 -164.802   2979.1    709.1
     1     1    19    10     9     4     0     2  -176.0   30.468 -165.308   2959.8    711.6
     1     1    19    10     9     3     0     3  -177.0   30.495 -165.824   2929.1    714.2
     1     1    19    10     9     2     0     2  -178.0   30.527 -166.344   2898.4    717.9
     1     1    19    10     9     1     0     1  -179.0   30.544 -166.863   2892.4    719.9
     1     1    19    10     9     0     0     0  -180.0   30.549 -167.385   2902.6    717.4
     1     1    19    10     8    23     0     1  -181.0   30.552 -167.896   2881.9    717.4
     1     1    19    10     8    22     0     2  -182.0   30.562 -168.378   2835.9    724.3
     1     1    19    10     8    21     0     3  -183.0   30.589 -168.831   2777.7    728.2
     1     1    19    10     8    20     0     2  -184.0   30.633 -169.261   2720.7    736.1
     1     1    19    10     8    19     0     1  -185.0   30.687 -169.680   2684.7    738.5
     1     1    19    10     8    18     0     0  -186.0   30.748 -170.090   2650.6    740.4
     1     1    19    10     8    17     0     1  -187.0   30.815 -170.495   2615.6    744.2
     1     1    19    10     8    16     0     2  -188.0   30.887 -170.898   2599.9    746.0
     1     1    19    10     8    15     0     3  -189.0   30.963 -171.300   2580.6    744.8
     1     1    19    10     8    14     0     2  -190.0   31.036 -171.695   2515.4    750.6
     1     1    19    10     8    13     0     1  -191.0   31.106 -172.082   2437.0    761.4
     1     1    19    10     8    12     0     0  -192.0   31.182 -172.466   2416.8    766.4
     1     1    19    10     8    11     0     1  -193.0   31.259 -172.847   2439.8    760.6
     1     1    19    10     8    10     0     2  -194.0   31.333 -173.217   2462.7    758.9
     1     1    19    10     8     9     0     3  -195.0   31.403 -173.579   2488.4    757.1
     1     1    19    10     8     8     0     2  -196.0   31.475 -173.941   2521.5    754.4
     1     1    19    10     8     7     0     1  -197.0   31.545 -174.302   2556.4    750.5
     1     1    19    10     8     6     0     0  -198.0   31.612 -174.657   2587.1    747.9
     1     1    19    10     8     5     0     1  -199.0   31.674 -175.009   2609.0    745.2
     1     1    19    10     8     4     0     2  -200.0   31.734 -175.362   2601.1    744.5
     1     1    19    10     8     3     0     3  -201.0   31.789 -175.709   2533.4    749.0
     1     1    19    10     8     2     0     2  -202.0   31.837 -176.041   2433.0    762.3
     1     1    19    10     8     1     0     1  -203.0   31.883 -176.362   2366.9    771.2
     1     1    19    10     8     0     0     0  -204.0   31.931 -176.674   2359.2    772.2
     1     1    19    10     7    23     0     1  -205.0   31.971 -176.979   2376.0    767.9
     1     1    19    10     7    22     0     2  -206.0   32.004 -177.270   2362.6    767.8
     1     1    19    10     7    21     0     3  -207.0   32.031 -177.545   2315.8    774.1
     1     1    19    10     7    20     0     2  -208.0   32.056 -177.802   2267.8    779.9
     1     1    19    10     7    19     0     1  -209.0   32.086 -178.050   2232.9    782.9
     1     1    19    10     7    18     0     0  -210.0   32.119 -178.298   2215.3    784.9
     1     1    19    10     7    17     0     1  -211.0   32.154 -178.542   2208.6    784.4
     1     1    19    10     7    16     0     2  -212.0   32.192 -178.777   2199.7    785.1
     1     1    19    10     7    15     0     3  -213.0   32.231 -179.006   2186.2    786.3
     1     1    19    10     7    14     0     2  -214.0   32.274 -179.232   2170.4    788.3
     1     1    19    10     7    13     0     1  -215.0   32.321 -179.455   2150.9    790.1
     1     1    19    10     7    12     0     0  -216.0   32.369 -179.673   2118.7    793.0
     1     1    19    10     7    11     0     1  -217.0   32.414 -179.886   2081.2    798.1
     1     1    19    10     7    10     0     2  -218.0   32.458  179.900   2058.6    801.4
     1     1    19    10     7     9     0     3  -219.0   32.501  179.681   2055.3    801.9
     1     1    19    10     7     8     0     2  -220.0   32.541  179.455   2057.4    800.4
     1     1    19    10     7     7     0     1  -221.0   32.575  179.221   2056.9    800.7
     1     1    19    10     7     6     0     0  -222.0   32.601  178.982   2062.1    800.5
     1     1    19    10     7     5     0     1  -223.0   32.618  178.741   2079.1    799.1
     1     1    19    10     7     4     0     2  -224.0   32.627  178.502   2106.3    796.3
     1     1    19    10     7     3     0     3  -225.0   32.623  178.268   2137.8    793.1
     1     1    19    10     7     2     0     2  -226.0   32.611  178.042   2158.9    790.4
     1     1    19    10     7     1     0     1  -227.0   32.595  177.830   2159.0    790.7
     1     1    19    10     7     0     0     0  -228.0   32.577  177.633   2149.1    793.0
     1     1    19    10     6    23     0     1  -229.0   32.552  177.446   2137.0    794.5
     1     1    19    10     6    22     0     2  -230.0   32.521  177.262   2117.5    796.6
     1     1    19    10     6    21     0     3  -231.0   32.488  177.082   2085.1    800.0
     1     1    19    10     6    20     0     2  -232.0   32.451  176.908   2045.9    804.3
     1     1    19    10     6    19     0     1  -233.0   32.409  176.744   2012.3    807.8
     1     1    19    10     6    18     0     0  -234.0   32.362  176.591   1993.2    809.8
     1     1    19    10     6    17     0     1  -235.0   32.312  176.443   1989.5    810.0
     1     1    19    10     6    16     0     2  -236.0   32.263  176.291   1993.5    809.4
     1     1    19    10     6    15     0     3  -237.0   32.216  176.134   1997.6    808.8
     1     1    19    10     6    14     0     2  -238.0   32.163  175.978   1998.4    809.1
     1     1    19    10     6    13     0     1  -239.0   32.097  175.829   1997.7    809.6
     1     1    19    10     6    12     0     0  -240.0   32.018  175.689   2000.5    810.1
