     7     1
    GDAS    18    12     1     0     0
    GDAS    19     1     1     0     0
    GDAS    19     2     1     0     0
    GDAS    19     3     1     0     0
    GDAS    19     4     1     0     0
    GDAS    19     5     1     0     0
    GDAS    19     6     1     0     0
     1 BACKWARD OMEGA   
    19     4    20    12   21.319 -157.670    10.0
     1 PRESSURE
     1     1    19     4    20    12     0     0     0.0   21.319 -157.670     10.0   1017.3
     1     1    19     4    20    11     0     1    -1.0   21.392 -157.377     12.0   1016.1
     1     1    19     4    20    10     0     2    -2.0   21.462 -157.090     16.2   1015.2
     1     1    19     4    20     9     0     3    -3.0   21.523 -156.797     22.0   1016.2
     1     1    19     4    20     8     0     2    -4.0   21.566 -156.496     25.4   1016.6
     1     1    19     4    20     7     0     1    -5.0   21.591 -156.195     24.1   1017.5
     1     1    19     4    20     6     0     0    -6.0   21.603 -155.896     19.9   1018.2
     1     1    19     4    20     5     0     1    -7.0   21.614 -155.598     16.4   1018.4
     1     1    19     4    20     4     0     2    -8.0   21.629 -155.297     15.1   1017.8
     1     1    19     4    20     3     0     3    -9.0   21.652 -154.996     15.3   1017.1
     1     1    19     4    20     2     0     2   -10.0   21.680 -154.695     16.0   1016.7
     1     1    19     4    20     1     0     1   -11.0   21.708 -154.397     16.5   1016.6
     1     1    19     4    20     0     0     0   -12.0   21.737 -154.105     16.7   1016.4
     1     1    19     4    19    23     0     1   -13.0   21.768 -153.817     16.7   1017.3
     1     1    19     4    19    22     0     2   -14.0   21.799 -153.531     16.7   1018.2
     1     1    19     4    19    21     0     3   -15.0   21.831 -153.246     16.7   1019.1
     1     1    19     4    19    20     0     2   -16.0   21.864 -152.960     16.7   1018.9
     1     1    19     4    19    19     0     1   -17.0   21.898 -152.671     16.7   1018.6
     1     1    19     4    19    18     0     0   -18.0   21.933 -152.379     16.7   1018.4
     1     1    19     4    19    17     0     1   -19.0   21.967 -152.087     16.7   1018.0
     1     1    19     4    19    16     0     2   -20.0   21.996 -151.799     16.9   1017.6
     1     1    19     4    19    15     0     3   -21.0   22.023 -151.513     17.6   1017.2
     1     1    19     4    19    14     0     2   -22.0   22.052 -151.231     18.8   1016.8
     1     1    19     4    19    13     0     1   -23.0   22.089 -150.954     19.9   1016.6
     1     1    19     4    19    12     0     0   -24.0   22.133 -150.681     20.7   1016.5
     1     1    19     4    19    11     0     1   -25.0   22.184 -150.406     21.5   1017.3
     1     1    19     4    19    10     0     2   -26.0   22.239 -150.123     22.2   1017.8
     1     1    19     4    19     9     0     3   -27.0   22.298 -149.833     22.5   1018.3
     1     1    19     4    19     8     0     2   -28.0   22.361 -149.537     22.5   1018.2
     1     1    19     4    19     7     0     1   -29.0   22.431 -149.240     22.5   1018.0
     1     1    19     4    19     6     0     0   -30.0   22.505 -148.944     22.5   1017.8
     1     1    19     4    19     5     0     1   -31.0   22.585 -148.654     22.7   1017.7
     1     1    19     4    19     4     0     2   -32.0   22.669 -148.372     22.9   1017.5
     1     1    19     4    19     3     0     3   -33.0   22.757 -148.102     23.0   1017.4
     1     1    19     4    19     2     0     2   -34.0   22.844 -147.841     23.0   1017.6
     1     1    19     4    19     1     0     1   -35.0   22.930 -147.589     23.0   1017.8
     1     1    19     4    19     0     0     0   -36.0   23.018 -147.346     23.0   1018.1
     1     1    19     4    18    23     0     1   -37.0   23.105 -147.108     23.0   1018.3
     1     1    19     4    18    22     0     2   -38.0   23.185 -146.868     23.0   1018.6
     1     1    19     4    18    21     0     3   -39.0   23.258 -146.629     23.0   1018.8
     1     1    19     4    18    20     0     2   -40.0   23.329 -146.389     23.2   1019.4
     1     1    19     4    18    19     0     1   -41.0   23.403 -146.151     24.0   1019.8
     1     1    19     4    18    18     0     0   -42.0   23.478 -145.916     25.6   1020.2
     1     1    19     4    18    17     0     1   -43.0   23.550 -145.686     27.1   1019.2
     1     1    19     4    18    16     0     2   -44.0   23.615 -145.464     27.9   1018.3
     1     1    19     4    18    15     0     3   -45.0   23.671 -145.251     28.2   1017.5
     1     1    19     4    18    14     0     2   -46.0   23.721 -145.041     28.2   1017.0
     1     1    19     4    18    13     0     1   -47.0   23.768 -144.826     28.2   1016.4
     1     1    19     4    18    12     0     0   -48.0   23.815 -144.605     28.2   1015.8
     1     1    19     4    18    11     0     1   -49.0   23.862 -144.376     28.2   1016.3
     1     1    19     4    18    10     0     2   -50.0   23.912 -144.135     28.2   1016.7
     1     1    19     4    18     9     0     3   -51.0   23.964 -143.883     28.2   1017.2
     1     1    19     4    18     8     0     2   -52.0   24.022 -143.624     28.2   1017.6
     1     1    19     4    18     7     0     1   -53.0   24.088 -143.362     28.2   1017.9
     1     1    19     4    18     6     0     0   -54.0   24.161 -143.101     28.2   1018.3
     1     1    19     4    18     5     0     1   -55.0   24.238 -142.845     28.2   1018.4
     1     1    19     4    18     4     0     2   -56.0   24.320 -142.604     28.2   1018.6
     1     1    19     4    18     3     0     3   -57.0   24.405 -142.378     28.2   1018.7
     1     1    19     4    18     2     0     2   -58.0   24.491 -142.162     28.2   1018.0
     1     1    19     4    18     1     0     1   -59.0   24.572 -141.948     28.2   1017.3
     1     1    19     4    18     0     0     0   -60.0   24.650 -141.737     27.9   1016.7
     1     1    19     4    17    23     0     1   -61.0   24.724 -141.526     27.3   1017.7
     1     1    19     4    17    22     0     2   -62.0   24.791 -141.312     26.7   1018.9
     1     1    19     4    17    21     0     3   -63.0   24.849 -141.096     26.4   1020.2
     1     1    19     4    17    20     0     2   -64.0   24.900 -140.876     26.4   1019.6
     1     1    19     4    17    19     0     1   -65.0   24.946 -140.653     26.4   1019.0
     1     1    19     4    17    18     0     0   -66.0   24.983 -140.426     26.4   1018.3
     1     1    19     4    17    17     0     1   -67.0   25.014 -140.198     26.4   1018.2
     1     1    19     4    17    16     0     2   -68.0   25.045 -139.972     26.4   1018.0
     1     1    19     4    17    15     0     3   -69.0   25.078 -139.749     26.4   1017.9
     1     1    19     4    17    14     0     2   -70.0   25.116 -139.526     26.4   1018.2
     1     1    19     4    17    13     0     1   -71.0   25.162 -139.302     26.4   1018.5
     1     1    19     4    17    12     0     0   -72.0   25.214 -139.077     26.4   1018.9
     1     1    19     4    17    11     0     1   -73.0   25.269 -138.854     26.4   1019.1
     1     1    19     4    17    10     0     2   -74.0   25.329 -138.637     26.4   1019.5
     1     1    19     4    17     9     0     3   -75.0   25.393 -138.424     26.4   1020.1
     1     1    19     4    17     8     0     2   -76.0   25.460 -138.211     26.4   1019.9
     1     1    19     4    17     7     0     1   -77.0   25.527 -137.990     26.4   1019.6
     1     1    19     4    17     6     0     0   -78.0   25.595 -137.766     26.4   1019.2
     1     1    19     4    17     5     0     1   -79.0   25.663 -137.545     26.4   1018.8
     1     1    19     4    17     4     0     2   -80.0   25.734 -137.334     26.4   1018.4
     1     1    19     4    17     3     0     3   -81.0   25.806 -137.132     26.4   1018.0
     1     1    19     4    17     2     0     2   -82.0   25.877 -136.941     26.4   1018.2
     1     1    19     4    17     1     0     1   -83.0   25.943 -136.759     26.4   1018.4
     1     1    19     4    17     0     0     0   -84.0   26.003 -136.588     26.4   1018.5
     1     1    19     4    16    23     0     1   -85.0   26.056 -136.421     26.4   1019.4
     1     1    19     4    16    22     0     2   -86.0   26.102 -136.253     26.4   1020.2
     1     1    19     4    16    21     0     3   -87.0   26.141 -136.083     26.4   1021.1
     1     1    19     4    16    20     0     2   -88.0   26.186 -135.915     26.5   1021.2
     1     1    19     4    16    19     0     1   -89.0   26.254 -135.758     26.9   1021.3
     1     1    19     4    16    18     0     0   -90.0   26.343 -135.611     27.9   1021.2
     1     1    19     4    16    17     0     1   -91.0   26.448 -135.477     29.8   1020.6
     1     1    19     4    16    16     0     2   -92.0   26.560 -135.355     32.7   1019.9
     1     1    19     4    16    15     0     3   -93.0   26.679 -135.245     36.4   1019.0
     1     1    19     4    16    14     0     2   -94.0   26.806 -135.143     39.9   1017.5
     1     1    19     4    16    13     0     1   -95.0   26.943 -135.048     42.1   1016.2
     1     1    19     4    16    12     0     0   -96.0   27.094 -134.962     43.1   1015.0
     1     1    19     4    16    11     0     1   -97.0   27.245 -134.884     43.6   1015.7
     1     1    19     4    16    10     0     2   -98.0   27.382 -134.814     43.6   1016.3
     1     1    19     4    16     9     0     3   -99.0   27.505 -134.750     42.5   1017.1
     1     1    19     4    16     8     0     2  -100.0   27.622 -134.692     40.8   1017.3
     1     1    19     4    16     7     0     1  -101.0   27.745 -134.639     39.7   1017.4
     1     1    19     4    16     6     0     0  -102.0   27.876 -134.591     39.2   1017.5
     1     1    19     4    16     5     0     1  -103.0   28.017 -134.555     39.9   1017.1
     1     1    19     4    16     4     0     2  -104.0   28.170 -134.538     42.0   1016.6
     1     1    19     4    16     3     0     3  -105.0   28.331 -134.541     45.6   1016.0
     1     1    19     4    16     2     0     2  -106.0   28.493 -134.557     49.4   1015.4
     1     1    19     4    16     1     0     1  -107.0   28.648 -134.575     51.8   1015.1
     1     1    19     4    16     0     0     0  -108.0   28.794 -134.595     52.6   1015.0
     1     1    19     4    15    23     0     1  -109.0   28.932 -134.618     52.6   1015.0
     1     1    19     4    15    22     0     2  -110.0   29.062 -134.646     52.6   1014.9
     1     1    19     4    15    21     0     3  -111.0   29.186 -134.678     52.6   1014.8
     1     1    19     4    15    20     0     2  -112.0   29.308 -134.712     52.6   1014.9
     1     1    19     4    15    19     0     1  -113.0   29.431 -134.744     52.6   1015.0
     1     1    19     4    15    18     0     0  -114.0   29.555 -134.774     52.6   1015.0
     1     1    19     4    15    17     0     1  -115.0   29.680 -134.801     52.6   1014.8
     1     1    19     4    15    16     0     2  -116.0   29.806 -134.825     52.6   1014.6
     1     1    19     4    15    15     0     3  -117.0   29.932 -134.846     52.6   1014.4
     1     1    19     4    15    14     0     2  -118.0   30.057 -134.863     52.6   1014.5
     1     1    19     4    15    13     0     1  -119.0   30.180 -134.876     52.6   1014.5
     1     1    19     4    15    12     0     0  -120.0   30.302 -134.887     52.6   1014.6
     1     1    19     4    15    11     0     1  -121.0   30.423 -134.888     52.6   1014.5
     1     1    19     4    15    10     0     2  -122.0   30.546 -134.873     52.6   1014.4
     1     1    19     4    15     9     0     3  -123.0   30.669 -134.838     52.6   1014.3
     1     1    19     4    15     8     0     2  -124.0   30.795 -134.792     52.6   1015.0
     1     1    19     4    15     7     0     1  -125.0   30.926 -134.738     52.6   1015.7
     1     1    19     4    15     6     0     0  -126.0   31.064 -134.680     52.6   1016.4
     1     1    19     4    15     5     0     1  -127.0   31.206 -134.621     52.6   1016.3
     1     1    19     4    15     4     0     2  -128.0   31.349 -134.568     52.6   1016.2
     1     1    19     4    15     3     0     3  -129.0   31.495 -134.516     52.6   1016.3
     1     1    19     4    15     2     0     2  -130.0   31.647 -134.464     52.6   1016.2
     1     1    19     4    15     1     0     1  -131.0   31.807 -134.407     52.6   1016.1
     1     1    19     4    15     0     0     0  -132.0   31.973 -134.347     52.6   1016.0
     1     1    19     4    14    23     0     1  -133.0   32.140 -134.282     52.9   1016.7
     1     1    19     4    14    22     0     2  -134.0   32.303 -134.213     54.0   1017.3
     1     1    19     4    14    21     0     3  -135.0   32.463 -134.134     55.9   1017.7
     1     1    19     4    14    20     0     2  -136.0   32.624 -134.048     58.3   1017.0
     1     1    19     4    14    19     0     1  -137.0   32.786 -133.958     60.4   1016.4
     1     1    19     4    14    18     0     0  -138.0   32.950 -133.863     61.2   1016.0
     1     1    19     4    14    17     0     1  -139.0   33.121 -133.773     61.5   1016.5
     1     1    19     4    14    16     0     2  -140.0   33.307 -133.696     62.0   1016.8
     1     1    19     4    14    15     0     3  -141.0   33.509 -133.633     62.3   1017.1
     1     1    19     4    14    14     0     2  -142.0   33.723 -133.585     62.3   1016.7
     1     1    19     4    14    13     0     1  -143.0   33.942 -133.555     62.3   1016.3
     1     1    19     4    14    12     0     0  -144.0   34.161 -133.545     62.3   1016.0
     1     1    19     4    14    11     0     1  -145.0   34.371 -133.553     62.3   1016.5
     1     1    19     4    14    10     0     2  -146.0   34.572 -133.574     62.3   1017.1
     1     1    19     4    14     9     0     3  -147.0   34.768 -133.604     62.3   1017.6
     1     1    19     4    14     8     0     2  -148.0   34.960 -133.643     62.3   1018.2
     1     1    19     4    14     7     0     1  -149.0   35.147 -133.692     62.3   1018.8
     1     1    19     4    14     6     0     0  -150.0   35.331 -133.747     62.3   1019.3
     1     1    19     4    14     5     0     1  -151.0   35.513 -133.811     62.3   1018.8
     1     1    19     4    14     4     0     2  -152.0   35.692 -133.888     62.3   1018.3
     1     1    19     4    14     3     0     3  -153.0   35.869 -133.977     62.3   1017.8
     1     1    19     4    14     2     0     2  -154.0   36.041 -134.077     62.3   1017.6
     1     1    19     4    14     1     0     1  -155.0   36.206 -134.183     62.2   1017.4
     1     1    19     4    14     0     0     0  -156.0   36.364 -134.301     61.7   1017.4
     1     1    19     4    13    23     0     1  -157.0   36.518 -134.429     60.7   1018.2
     1     1    19     4    13    22     0     2  -158.0   36.669 -134.566     59.6   1018.9
     1     1    19     4    13    21     0     3  -159.0   36.813 -134.714     59.2   1019.6
     1     1    19     4    13    20     0     2  -160.0   36.954 -134.871     59.3   1020.2
     1     1    19     4    13    19     0     1  -161.0   37.096 -135.036     59.4   1020.9
     1     1    19     4    13    18     0     0  -162.0   37.237 -135.212     59.4   1021.2
     1     1    19     4    13    17     0     1  -163.0   37.377 -135.400     60.2   1020.3
     1     1    19     4    13    16     0     2  -164.0   37.521 -135.599     62.6   1019.4
     1     1    19     4    13    15     0     3  -165.0   37.670 -135.809     66.8   1018.5
     1     1    19     4    13    14     0     2  -166.0   37.816 -136.031     71.4   1017.4
     1     1    19     4    13    13     0     1  -167.0   37.953 -136.265     74.3   1017.2
     1     1    19     4    13    12     0     0  -168.0   38.082 -136.508     75.4   1017.9
     1     1    19     4    13    11     0     1  -169.0   38.202 -136.759     75.7   1018.8
     1     1    19     4    13    10     0     2  -170.0   38.311 -137.015     75.9   1019.3
     1     1    19     4    13     9     0     3  -171.0   38.412 -137.278     75.9   1019.7
     1     1    19     4    13     8     0     2  -172.0   38.502 -137.544     75.9   1019.9
     1     1    19     4    13     7     0     1  -173.0   38.580 -137.806     75.9   1020.2
     1     1    19     4    13     6     0     0  -174.0   38.648 -138.060     75.9   1020.5
     1     1    19     4    13     5     0     1  -175.0   38.711 -138.309     75.9   1020.7
     1     1    19     4    13     4     0     2  -176.0   38.778 -138.556     75.9   1020.8
     1     1    19     4    13     3     0     3  -177.0   38.852 -138.804     75.9   1021.0
     1     1    19     4    13     2     0     2  -178.0   38.929 -139.053     76.7   1021.5
     1     1    19     4    13     1     0     1  -179.0   39.000 -139.305     79.4   1021.7
     1     1    19     4    13     0     0     0  -180.0   39.062 -139.561     84.2   1021.5
     1     1    19     4    12    23     0     1  -181.0   39.116 -139.828     90.3   1020.7
     1     1    19     4    12    22     0     2  -182.0   39.162 -140.109     96.5   1020.1
     1     1    19     4    12    21     0     3  -183.0   39.197 -140.403    103.0   1019.5
     1     1    19     4    12    20     0     2  -184.0   39.218 -140.703    108.5   1019.1
     1     1    19     4    12    19     0     1  -185.0   39.223 -141.004    111.9   1019.1
     1     1    19     4    12    18     0     0  -186.0   39.213 -141.301    113.1   1019.4
     1     1    19     4    12    17     0     1  -187.0   39.193 -141.592    113.1   1019.8
     1     1    19     4    12    16     0     2  -188.0   39.170 -141.882    113.1   1020.1
     1     1    19     4    12    15     0     3  -189.0   39.143 -142.171    113.1   1020.4
     1     1    19     4    12    14     0     2  -190.0   39.108 -142.451    113.1   1020.8
     1     1    19     4    12    13     0     1  -191.0   39.064 -142.715    113.1   1021.3
     1     1    19     4    12    12     0     0  -192.0   39.013 -142.966    113.1   1021.7
     1     1    19     4    12    11     0     1  -193.0   38.956 -143.206    113.1   1021.9
     1     1    19     4    12    10     0     2  -194.0   38.892 -143.439    113.3   1022.0
     1     1    19     4    12     9     0     3  -195.0   38.823 -143.661    113.6   1022.1
     1     1    19     4    12     8     0     2  -196.0   38.747 -143.873    113.8   1022.4
     1     1    19     4    12     7     0     1  -197.0   38.660 -144.080    113.8   1022.7
     1     1    19     4    12     6     0     0  -198.0   38.562 -144.279    113.8   1022.9
     1     1    19     4    12     5     0     1  -199.0   38.455 -144.471    114.1   1022.8
     1     1    19     4    12     4     0     2  -200.0   38.338 -144.656    114.8   1022.6
     1     1    19     4    12     3     0     3  -201.0   38.210 -144.832    115.7   1022.4
     1     1    19     4    12     2     0     2  -202.0   38.070 -145.001    115.5   1022.6
     1     1    19     4    12     1     0     1  -203.0   37.919 -145.164    114.1   1023.0
     1     1    19     4    12     0     0     0  -204.0   37.760 -145.315    112.5   1023.5
     1     1    19     4    11    23     0     1  -205.0   37.591 -145.446    112.1   1023.7
     1     1    19     4    11    22     0     2  -206.0   37.411 -145.552    113.9   1023.5
     1     1    19     4    11    21     0     3  -207.0   37.218 -145.634    117.9   1023.1
     1     1    19     4    11    20     0     2  -208.0   37.021 -145.694    123.1   1022.6
     1     1    19     4    11    19     0     1  -209.0   36.827 -145.737    127.9   1022.2
     1     1    19     4    11    18     0     0  -210.0   36.641 -145.762    132.4   1021.9
     1     1    19     4    11    17     0     1  -211.0   36.461 -145.777    138.1   1021.2
     1     1    19     4    11    16     0     2  -212.0   36.285 -145.787    146.8   1019.9
     1     1    19     4    11    15     0     3  -213.0   36.111 -145.797    159.1   1018.1
     1     1    19     4    11    14     0     2  -214.0   35.934 -145.792    172.0   1016.1
     1     1    19     4    11    13     0     1  -215.0   35.751 -145.757    180.9   1014.9
     1     1    19     4    11    12     0     0  -216.0   35.561 -145.693    185.2   1014.4
     1     1    19     4    11    11     0     1  -217.0   35.374 -145.596    188.0   1015.0
     1     1    19     4    11    10     0     2  -218.0   35.199 -145.463    192.3   1015.0
     1     1    19     4    11     9     0     3  -219.0   35.035 -145.294    199.0   1014.9
     1     1    19     4    11     8     0     2  -220.0   34.883 -145.093    209.0   1013.5
     1     1    19     4    11     7     0     1  -221.0   34.748 -144.865    220.8   1011.6
     1     1    19     4    11     6     0     0  -222.0   34.630 -144.614    233.0   1009.9
     1     1    19     4    11     5     0     1  -223.0   34.529 -144.357    245.5   1008.1
     1     1    19     4    11     4     0     2  -224.0   34.440 -144.107    256.9   1006.5
     1     1    19     4    11     3     0     3  -225.0   34.358 -143.865    264.9   1005.1
     1     1    19     4    11     2     0     2  -226.0   34.269 -143.614    267.7   1004.6
     1     1    19     4    11     1     0     1  -227.0   34.161 -143.340    267.5   1004.8
     1     1    19     4    11     0     0     0  -228.0   34.040 -143.039    267.0   1004.9
     1     1    19     4    10    23     0     1  -229.0   33.932 -142.726    270.2   1005.8
     1     1    19     4    10    22     0     2  -230.0   33.856 -142.420    278.7   1005.4
     1     1    19     4    10    21     0     3  -231.0   33.809 -142.124    291.1   1004.4
     1     1    19     4    10    20     0     2  -232.0   33.774 -141.828    304.4   1002.5
     1     1    19     4    10    19     0     1  -233.0   33.740 -141.521    316.0   1000.9
     1     1    19     4    10    18     0     0  -234.0   33.706 -141.202    325.2    999.7
     1     1    19     4    10    17     0     1  -235.0   33.673 -140.869    333.9    998.3
     1     1    19     4    10    16     0     2  -236.0   33.644 -140.524    344.6    996.4
     1     1    19     4    10    15     0     3  -237.0   33.623 -140.166    356.6    994.4
     1     1    19     4    10    14     0     2  -238.0   33.615 -139.804    367.2    992.9
     1     1    19     4    10    13     0     1  -239.0   33.625 -139.447    375.6    992.1
     1     1    19     4    10    12     0     0  -240.0   33.653 -139.097    382.1    991.3
