     7     1
    GDAS    18    12     1     0     0
    GDAS    19     1     1     0     0
    GDAS    19     2     1     0     0
    GDAS    19     3     1     0     0
    GDAS    19     4     1     0     0
    GDAS    19     5     1     0     0
    GDAS    19     6     1     0     0
     1 BACKWARD OMEGA   
    19     3     3     0   21.319 -157.670    10.0
     1 PRESSURE
     1     1    19     3     3     0     0     0     0.0   21.319 -157.670     10.0   1015.3
     1     1    19     3     2    23     0     1    -1.0   21.431 -157.550     10.1   1016.0
     1     1    19     3     2    22     0     2    -2.0   21.532 -157.417     10.3   1016.9
     1     1    19     3     2    21     0     3    -3.0   21.619 -157.270     10.4   1017.8
     1     1    19     3     2    20     0     2    -4.0   21.695 -157.120     10.6   1017.8
     1     1    19     3     2    19     0     1    -5.0   21.765 -156.976     10.9   1017.9
     1     1    19     3     2    18     0     0    -6.0   21.830 -156.835     11.5   1018.4
     1     1    19     3     2    17     0     1    -7.0   21.894 -156.689     12.4   1017.9
     1     1    19     3     2    16     0     2    -8.0   21.960 -156.530     13.5   1017.4
     1     1    19     3     2    15     0     3    -9.0   22.033 -156.358     15.1   1017.1
     1     1    19     3     2    14     0     2   -10.0   22.114 -156.188     16.7   1017.3
     1     1    19     3     2    13     0     1   -11.0   22.205 -156.027     17.9   1017.6
     1     1    19     3     2    12     0     0   -12.0   22.305 -155.875     18.3   1017.2
     1     1    19     3     2    11     0     1   -13.0   22.411 -155.734     18.5   1017.1
     1     1    19     3     2    10     0     2   -14.0   22.520 -155.603     19.1   1017.2
     1     1    19     3     2     9     0     3   -15.0   22.634 -155.479     20.1   1017.2
     1     1    19     3     2     8     0     2   -16.0   22.749 -155.360     21.1   1016.9
     1     1    19     3     2     7     0     1   -17.0   22.858 -155.239     21.6   1016.7
     1     1    19     3     2     6     0     0   -18.0   22.964 -155.115     21.7   1016.6
     1     1    19     3     2     5     0     1   -19.0   23.075 -154.995     21.7   1015.6
     1     1    19     3     2     4     0     2   -20.0   23.203 -154.892     21.7   1014.5
     1     1    19     3     2     3     0     3   -21.0   23.347 -154.805     21.7   1013.4
     1     1    19     3     2     2     0     2   -22.0   23.500 -154.732     21.7   1013.6
     1     1    19     3     2     1     0     1   -23.0   23.657 -154.669     21.7   1013.7
     1     1    19     3     2     0     0     0   -24.0   23.816 -154.616     21.7   1013.9
     1     1    19     3     1    23     0     1   -25.0   23.973 -154.569     21.7   1014.6
     1     1    19     3     1    22     0     2   -26.0   24.128 -154.525     21.7   1015.3
     1     1    19     3     1    21     0     3   -27.0   24.278 -154.481     21.7   1015.9
     1     1    19     3     1    20     0     2   -28.0   24.431 -154.437     21.7   1015.3
     1     1    19     3     1    19     0     1   -29.0   24.591 -154.392     21.7   1014.9
     1     1    19     3     1    18     0     0   -30.0   24.758 -154.346     21.7   1014.5
     1     1    19     3     1    17     0     1   -31.0   24.932 -154.300     22.2   1014.6
     1     1    19     3     1    16     0     2   -32.0   25.111 -154.255     23.6   1014.5
     1     1    19     3     1    15     0     3   -33.0   25.299 -154.207     25.8   1014.2
     1     1    19     3     1    14     0     2   -34.0   25.498 -154.158     27.9   1013.8
     1     1    19     3     1    13     0     1   -35.0   25.715 -154.108     28.8   1013.8
     1     1    19     3     1    12     0     0   -36.0   25.945 -154.063     29.0   1013.9
     1     1    19     3     1    11     0     1   -37.0   26.187 -154.030     29.5   1013.9
     1     1    19     3     1    10     0     2   -38.0   26.441 -154.013     30.5   1013.8
     1     1    19     3     1     9     0     3   -39.0   26.705 -154.009     31.7   1013.6
     1     1    19     3     1     8     0     2   -40.0   26.981 -154.014     32.8   1013.5
     1     1    19     3     1     7     0     1   -41.0   27.269 -154.020     34.7   1013.3
     1     1    19     3     1     6     0     0   -42.0   27.569 -154.029     38.0   1013.0
     1     1    19     3     1     5     0     1   -43.0   27.880 -154.040     41.5   1012.3
     1     1    19     3     1     4     0     2   -44.0   28.199 -154.053     43.5   1011.8
     1     1    19     3     1     3     0     3   -45.0   28.524 -154.065     44.1   1011.6
     1     1    19     3     1     2     0     2   -46.0   28.856 -154.074     44.1   1010.9
     1     1    19     3     1     1     0     1   -47.0   29.197 -154.077     44.1   1010.5
     1     1    19     3     1     0     0     0   -48.0   29.546 -154.071     44.1   1010.8
     1     1    19     2    28    23     0     1   -49.0   29.902 -154.053     44.1   1011.1
     1     1    19     2    28    22     0     2   -50.0   30.264 -154.017     44.1   1011.0
     1     1    19     2    28    21     0     3   -51.0   30.629 -153.960     44.1   1011.4
     1     1    19     2    28    20     0     2   -52.0   31.008 -153.881     44.7   1011.5
     1     1    19     2    28    19     0     1   -53.0   31.400 -153.778     46.2   1010.6
     1     1    19     2    28    18     0     0   -54.0   31.799 -153.652     48.5   1009.8
     1     1    19     2    28    17     0     1   -55.0   32.193 -153.501     50.3   1009.3
     1     1    19     2    28    16     0     2   -56.0   32.567 -153.323     51.0   1008.7
     1     1    19     2    28    15     0     3   -57.0   32.924 -153.124     51.2   1007.8
     1     1    19     2    28    14     0     2   -58.0   33.268 -152.899     51.4   1008.1
     1     1    19     2    28    13     0     1   -59.0   33.598 -152.637     52.3   1008.4
     1     1    19     2    28    12     0     0   -60.0   33.913 -152.341     53.9   1008.0
     1     1    19     2    28    11     0     1   -61.0   34.208 -152.009     54.8   1008.3
     1     1    19     2    28    10     0     2   -62.0   34.469 -151.641     54.8   1008.3
     1     1    19     2    28     9     0     3   -63.0   34.688 -151.237     54.8   1008.0
     1     1    19     2    28     8     0     2   -64.0   34.872 -150.799     54.8   1008.4
     1     1    19     2    28     7     0     1   -65.0   35.035 -150.329     54.8   1009.0
     1     1    19     2    28     6     0     0   -66.0   35.181 -149.833     54.8   1008.9
     1     1    19     2    28     5     0     1   -67.0   35.314 -149.326     54.8   1008.1
     1     1    19     2    28     4     0     2   -68.0   35.439 -148.827     54.8   1008.3
     1     1    19     2    28     3     0     3   -69.0   35.563 -148.344     54.8   1008.7
     1     1    19     2    28     2     0     2   -70.0   35.676 -147.877     54.8   1008.9
     1     1    19     2    28     1     0     1   -71.0   35.771 -147.427     54.8   1008.9
     1     1    19     2    28     0     0     0   -72.0   35.847 -146.995     54.8   1008.8
     1     1    19     2    27    23     0     1   -73.0   35.910 -146.570     54.8   1009.0
     1     1    19     2    27    22     0     2   -74.0   35.966 -146.142     54.8   1009.1
     1     1    19     2    27    21     0     3   -75.0   36.015 -145.717     54.8   1009.3
     1     1    19     2    27    20     0     2   -76.0   36.058 -145.297     54.8   1009.5
     1     1    19     2    27    19     0     1   -77.0   36.100 -144.881     54.8   1009.6
     1     1    19     2    27    18     0     0   -78.0   36.146 -144.473     54.8   1009.6
     1     1    19     2    27    17     0     1   -79.0   36.203 -144.076     54.8   1009.5
     1     1    19     2    27    16     0     2   -80.0   36.271 -143.697     54.8   1009.4
     1     1    19     2    27    15     0     3   -81.0   36.349 -143.345     54.8   1009.2
     1     1    19     2    27    14     0     2   -82.0   36.431 -143.015     54.8   1008.9
     1     1    19     2    27    13     0     1   -83.0   36.517 -142.703     54.8   1008.7
     1     1    19     2    27    12     0     0   -84.0   36.605 -142.405     54.8   1008.6
     1     1    19     2    27    11     0     1   -85.0   36.695 -142.120     54.8   1008.7
     1     1    19     2    27    10     0     2   -86.0   36.785 -141.848     54.9   1008.7
     1     1    19     2    27     9     0     3   -87.0   36.875 -141.589     55.1   1008.8
     1     1    19     2    27     8     0     2   -88.0   36.971 -141.341     55.4   1008.1
     1     1    19     2    27     7     0     1   -89.0   37.084 -141.100     55.5   1007.4
     1     1    19     2    27     6     0     0   -90.0   37.213 -140.863     55.5   1006.9
     1     1    19     2    27     5     0     1   -91.0   37.360 -140.637     55.5   1006.8
     1     1    19     2    27     4     0     2   -92.0   37.527 -140.428     55.5   1006.4
     1     1    19     2    27     3     0     3   -93.0   37.714 -140.232     55.5   1005.8
     1     1    19     2    27     2     0     2   -94.0   37.918 -140.040     55.6   1005.8
     1     1    19     2    27     1     0     1   -95.0   38.129 -139.848     56.1   1005.7
     1     1    19     2    27     0     0     0   -96.0   38.342 -139.657     57.9   1005.4
     1     1    19     2    26    23     0     1   -97.0   38.561 -139.450     61.1   1004.6
     1     1    19     2    26    22     0     2   -98.0   38.793 -139.211     64.4   1003.8
     1     1    19     2    26    21     0     3   -99.0   39.040 -138.937     66.0   1003.3
     1     1    19     2    26    20     0     2  -100.0   39.300 -138.646     67.6   1003.3
     1     1    19     2    26    19     0     1  -101.0   39.568 -138.357     70.5   1002.7
     1     1    19     2    26    18     0     0  -102.0   39.842 -138.078     72.4   1002.4
     1     1    19     2    26    17     0     1  -103.0   40.113 -137.805     72.6   1002.3
     1     1    19     2    26    16     0     2  -104.0   40.372 -137.520     72.1   1002.3
     1     1    19     2    26    15     0     3  -105.0   40.624 -137.224     70.9   1002.2
     1     1    19     2    26    14     0     2  -106.0   40.859 -136.938     68.8   1002.7
     1     1    19     2    26    13     0     1  -107.0   41.064 -136.680     66.2   1003.4
     1     1    19     2    26    12     0     0  -108.0   41.244 -136.443     63.7   1004.3
     1     1    19     2    26    11     0     1  -109.0   41.411 -136.208     61.6   1005.3
     1     1    19     2    26    10     0     2  -110.0   41.570 -135.963     59.2   1006.1
     1     1    19     2    26     9     0     3  -111.0   41.715 -135.715     55.7   1006.9
     1     1    19     2    26     8     0     2  -112.0   41.852 -135.480     52.3   1007.4
     1     1    19     2    26     7     0     1  -113.0   41.992 -135.272     50.0   1007.7
     1     1    19     2    26     6     0     0  -114.0   42.141 -135.082     49.2   1007.8
     1     1    19     2    26     5     0     1  -115.0   42.299 -134.906     49.2   1007.6
     1     1    19     2    26     4     0     2  -116.0   42.457 -134.746     49.2   1007.4
     1     1    19     2    26     3     0     3  -117.0   42.611 -134.605     49.2   1007.3
     1     1    19     2    26     2     0     2  -118.0   42.762 -134.479     49.2   1007.3
     1     1    19     2    26     1     0     1  -119.0   42.914 -134.363     49.2   1007.4
     1     1    19     2    26     0     0     0  -120.0   43.066 -134.253     49.1   1007.4
     1     1    19     2    25    23     0     1  -121.0   43.226 -134.134     49.0   1007.5
     1     1    19     2    25    22     0     2  -122.0   43.397 -133.998     49.0   1007.5
     1     1    19     2    25    21     0     3  -123.0   43.578 -133.845     49.0   1007.5
     1     1    19     2    25    20     0     2  -124.0   43.771 -133.690     49.0   1007.6
     1     1    19     2    25    19     0     1  -125.0   43.981 -133.545     49.0   1007.7
     1     1    19     2    25    18     0     0  -126.0   44.209 -133.400     48.6   1007.7
     1     1    19     2    25    17     0     1  -127.0   44.445 -133.252     47.7   1007.5
     1     1    19     2    25    16     0     2  -128.0   44.669 -133.106     46.8   1007.5
     1     1    19     2    25    15     0     3  -129.0   44.869 -132.965     46.4   1007.5
     1     1    19     2    25    14     0     2  -130.0   45.061 -132.819     47.3   1007.1
     1     1    19     2    25    13     0     1  -131.0   45.273 -132.655     49.4   1006.4
     1     1    19     2    25    12     0     0  -132.0   45.497 -132.477     52.4   1005.9
     1     1    19     2    25    11     0     1  -133.0   45.709 -132.291     55.7   1005.9
     1     1    19     2    25    10     0     2  -134.0   45.892 -132.103     58.3   1005.7
     1     1    19     2    25     9     0     3  -135.0   46.051 -131.916     59.0   1005.6
     1     1    19     2    25     8     0     2  -136.0   46.203 -131.712     57.7   1006.3
     1     1    19     2    25     7     0     1  -137.0   46.356 -131.488     55.6   1007.1
     1     1    19     2    25     6     0     0  -138.0   46.505 -131.262     53.3   1007.6
     1     1    19     2    25     5     0     1  -139.0   46.651 -131.049     51.1   1007.9
     1     1    19     2    25     4     0     2  -140.0   46.800 -130.850     49.5   1008.1
     1     1    19     2    25     3     0     3  -141.0   46.963 -130.659     48.9   1008.2
     1     1    19     2    25     2     0     2  -142.0   47.137 -130.474     48.7   1008.5
     1     1    19     2    25     1     0     1  -143.0   47.314 -130.298     48.2   1008.9
     1     1    19     2    25     0     0     0  -144.0   47.488 -130.146     47.9   1009.3
     1     1    19     2    24    23     0     1  -145.0   47.651 -130.018     47.9   1009.4
     1     1    19     2    24    22     0     2  -146.0   47.801 -129.891     47.9   1009.5
     1     1    19     2    24    21     0     3  -147.0   47.938 -129.744     47.9   1009.6
     1     1    19     2    24    20     0     2  -148.0   48.074 -129.571     47.9   1009.6
     1     1    19     2    24    19     0     1  -149.0   48.225 -129.386     47.9   1009.7
     1     1    19     2    24    18     0     0  -150.0   48.389 -129.207     47.9   1009.7
     1     1    19     2    24    17     0     1  -151.0   48.556 -129.056     47.9   1009.5
     1     1    19     2    24    16     0     2  -152.0   48.722 -128.929     47.9   1009.3
     1     1    19     2    24    15     0     3  -153.0   48.886 -128.800     47.9   1009.1
     1     1    19     2    24    14     0     2  -154.0   49.046 -128.639     47.1   1009.0
     1     1    19     2    24    13     0     1  -155.0   49.196 -128.439     44.5   1009.3
     1     1    19     2    24    12     0     0  -156.0   49.333 -128.212     39.8   1009.6
     1     1    19     2    24    11     0     1  -157.0   49.448 -127.994     36.2   1010.5
     1     1    19     2    24    10     0     2  -158.0   49.536 -127.815     37.0   1006.9
     1     1    19     2    24     9     0     3  -159.0   49.604 -127.664     42.8   1002.3
     1     1    19     2    24     8     0     2  -160.0   49.652 -127.513     52.6    996.0
     1     1    19     2    24     7     0     1  -161.0   49.681 -127.346     68.2    988.3
     1     1    19     2    24     6     0     0  -162.0   49.695 -127.171     95.4    979.0
     1     1    19     2    24     5     0     1  -163.0   49.701 -127.008    138.3    968.7
     1     1    19     2    24     4     0     2  -164.0   49.699 -126.863    180.5    955.5
     1     1    19     2    24     3     0     3  -165.0   49.692 -126.724    200.9    947.5
     1     1    19     2    24     2     0     2  -166.0   49.677 -126.586    195.1    943.4
     1     1    19     2    24     1     0     1  -167.0   49.656 -126.449    165.4    943.4
     1     1    19     2    24     0     0     0  -168.0   49.634 -126.315    121.8    946.2
     1     1    19     2    23    23     0     1  -169.0   49.613 -126.191     79.5    949.6
     1     1    19     2    23    22     0     2  -170.0   49.592 -126.078     47.5    951.8
     1     1    19     2    23    21     0     3  -171.0   49.569 -125.972     26.8    954.7
     1     1    19     2    23    20     0     2  -172.0   49.540 -125.865     15.2    963.4
     1     1    19     2    23    19     0     1  -173.0   49.501 -125.748      8.0    970.6
     1     1    19     2    23    18     0     0  -174.0   49.456 -125.617      3.6    977.2
     1     1    19     2    23    17     0     1  -175.0   49.410 -125.488      0.0    982.1
     1     1    19     2    23    16     0     2  -176.0   49.369 -125.377      0.0    984.9
     1     1    19     2    23    15     0     3  -177.0   49.330 -125.281      0.0    986.3
     1     1    19     2    23    14     0     2  -178.0   49.290 -125.186      0.0    986.6
     1     1    19     2    23    13     0     1  -179.0   49.246 -125.078      2.4    985.7
     1     1    19     2    23    12     0     0  -180.0   49.202 -124.958      8.1    982.1
     1     1    19     2    23    11     0     1  -181.0   49.162 -124.853     13.8    976.1
     1     1    19     2    23    10     0     2  -182.0   49.128 -124.781     17.4    972.4
     1     1    19     2    23     9     0     3  -183.0   49.096 -124.738     20.3    970.0
     1     1    19     2    23     8     0     2  -184.0   49.066 -124.718     23.9    968.3
     1     1    19     2    23     7     0     1  -185.0   49.035 -124.720     28.5    966.9
     1     1    19     2    23     6     0     0  -186.0   49.004 -124.742     33.2    966.0
     1     1    19     2    23     5     0     1  -187.0   48.974 -124.780     32.1    966.5
     1     1    19     2    23     4     0     2  -188.0   48.946 -124.830     23.7    969.0
     1     1    19     2    23     3     0     3  -189.0   48.922 -124.890     14.3    972.6
     1     1    19     2    23     2     0     2  -190.0   48.902 -124.966      6.7    976.2
     1     1    19     2    23     1     0     1  -191.0   48.888 -125.071      0.8    980.2
     1     1    19     2    23     0     0     0  -192.0   48.891 -125.220      0.0    984.9
     1     1    19     2    22    23     0     1  -193.0   48.926 -125.418      0.0    990.1
     1     1    19     2    22    22     0     2  -194.0   49.007 -125.673      0.0    996.8
     1     1    19     2    22    21     0     3  -195.0   49.138 -126.011      0.0    994.5
     1     1    19     2    22    20     0     2  -196.0   49.277 -126.369      0.0    987.3
     1     1    19     2    22    19     0     1  -197.0   49.396 -126.681      0.0    985.0
     1     1    19     2    22    18     0     0  -198.0   49.501 -126.949      2.2    986.0
     1     1    19     2    22    17     0     1  -199.0   49.601 -127.197      7.1    988.5
     1     1    19     2    22    16     0     2  -200.0   49.713 -127.462     12.2    992.5
     1     1    19     2    22    15     0     3  -201.0   49.855 -127.764     15.5    999.6
     1     1    19     2    22    14     0     2  -202.0   50.038 -128.122     12.6   1008.3
     1     1    19     2    22    13     0     1  -203.0   50.217 -128.534      8.1   1009.2
     1     1    19     2    22    12     0     0  -204.0   50.364 -128.997      5.6   1008.9
     1     1    19     2    22    11     0     1  -205.0   50.495 -129.520      4.8   1010.0
     1     1    19     2    22    10     0     2  -206.0   50.625 -130.090      4.5   1011.0
     1     1    19     2    22     9     0     3  -207.0   50.763 -130.686      4.5   1011.4
     1     1    19     2    22     8     0     2  -208.0   50.900 -131.301      4.5   1011.3
     1     1    19     2    22     7     0     1  -209.0   51.030 -131.922      4.5   1011.1
     1     1    19     2    22     6     0     0  -210.0   51.152 -132.534      4.9   1010.6
     1     1    19     2    22     5     0     1  -211.0   51.275 -133.156      5.8   1010.5
     1     1    19     2    22     4     0     2  -212.0   51.413 -133.810      6.3   1010.8
     1     1    19     2    22     3     0     3  -213.0   51.570 -134.486      6.6   1011.6
     1     1    19     2    22     2     0     2  -214.0   51.721 -135.177      7.2   1011.7
     1     1    19     2    22     1     0     1  -215.0   51.858 -135.881      8.0   1011.4
     1     1    19     2    22     0     0     0  -216.0   52.003 -136.588      8.8   1011.5
     1     1    19     2    21    23     0     1  -217.0   52.122 -137.298      9.4   1011.4
     1     1    19     2    21    22     0     2  -218.0   52.212 -138.022      9.3   1011.8
     1     1    19     2    21    21     0     3  -219.0   52.314 -138.769      8.8   1013.8
     1     1    19     2    21    20     0     2  -220.0   52.409 -139.522      8.0   1014.3
     1     1    19     2    21    19     0     1  -221.0   52.465 -140.261      6.9   1014.3
     1     1    19     2    21    18     0     0  -222.0   52.511 -140.993      5.8   1014.4
     1     1    19     2    21    17     0     1  -223.0   52.541 -141.716      5.0   1014.7
     1     1    19     2    21    16     0     2  -224.0   52.518 -142.420      4.1   1015.4
     1     1    19     2    21    15     0     3  -225.0   52.434 -143.118      2.4   1015.8
     1     1    19     2    21    14     0     2  -226.0   52.324 -143.797      0.7   1017.1
     1     1    19     2    21    13     0     1  -227.0   52.209 -144.433      0.0   1017.9
     1     1    19     2    21    12     0     0  -228.0   52.048 -145.025      0.0   1018.6
     1     1    19     2    21    11     0     1  -229.0   51.849 -145.582      0.0   1020.0
     1     1    19     2    21    10     0     2  -230.0   51.643 -146.109      0.0   1020.6
     1     1    19     2    21     9     0     3  -231.0   51.419 -146.595      0.0   1021.7
     1     1    19     2    21     8     0     2  -232.0   51.186 -147.056      0.0   1022.9
     1     1    19     2    21     7     0     1  -233.0   50.957 -147.510      0.0   1024.0
     1     1    19     2    21     6     0     0  -234.0   50.734 -147.936      0.2   1024.3
     1     1    19     2    21     5     0     1  -235.0   50.513 -148.318      0.4   1024.8
     1     1    19     2    21     4     0     2  -236.0   50.298 -148.673      0.8   1025.2
     1     1    19     2    21     3     0     3  -237.0   50.098 -149.029      1.4   1024.7
     1     1    19     2    21     2     0     2  -238.0   49.908 -149.365      2.1   1026.6
     1     1    19     2    21     1     0     1  -239.0   49.718 -149.659      2.8   1028.3
     1     1    19     2    21     0     0     0  -240.0   49.534 -149.933      3.2   1029.5
