     7     1
    GDAS    18    12     1     0     0
    GDAS    19     1     1     0     0
    GDAS    19     2     1     0     0
    GDAS    19     3     1     0     0
    GDAS    19     4     1     0     0
    GDAS    19     5     1     0     0
    GDAS    19     6     1     0     0
     1 BACKWARD OMEGA   
    19     5     7    12   21.319 -157.670    10.0
     1 PRESSURE
     1     1    19     5     7    12     0     0     0.0   21.319 -157.670     10.0   1007.3
     1     1    19     5     7    11     0     1    -1.0   21.346 -157.628     10.0   1007.2
     1     1    19     5     7    10     0     2    -2.0   21.377 -157.595     10.0   1007.1
     1     1    19     5     7     9     0     3    -3.0   21.413 -157.569     10.0   1007.1
     1     1    19     5     7     8     0     2    -4.0   21.453 -157.557     10.0   1007.3
     1     1    19     5     7     7     0     1    -5.0   21.493 -157.565     10.0   1007.5
     1     1    19     5     7     6     0     0    -6.0   21.534 -157.592     10.0   1007.8
     1     1    19     5     7     5     0     1    -7.0   21.574 -157.633      9.1   1007.9
     1     1    19     5     7     4     0     2    -8.0   21.612 -157.681      6.8   1008.0
     1     1    19     5     7     3     0     3    -9.0   21.649 -157.732      3.7   1008.0
     1     1    19     5     7     2     0     2   -10.0   21.685 -157.780      0.9   1007.4
     1     1    19     5     7     1     0     1   -11.0   21.717 -157.821      0.0   1006.7
     1     1    19     5     7     0     0     0   -12.0   21.748 -157.857      0.0   1006.0
     1     1    19     5     6    23     0     1   -13.0   21.777 -157.891      0.0   1007.2
     1     1    19     5     6    22     0     2   -14.0   21.802 -157.928      0.0   1008.5
     1     1    19     5     6    21     0     3   -15.0   21.824 -157.969      0.0   1009.8
     1     1    19     5     6    20     0     2   -16.0   21.850 -158.008      0.0   1009.0
     1     1    19     5     6    19     0     1   -17.0   21.883 -158.040      0.0   1008.0
     1     1    19     5     6    18     0     0   -18.0   21.922 -158.067      0.0   1007.0
     1     1    19     5     6    17     0     1   -19.0   21.960 -158.094      0.0   1007.1
     1     1    19     5     6    16     0     2   -20.0   21.984 -158.127      0.0   1007.1
     1     1    19     5     6    15     0     3   -21.0   21.998 -158.168      0.0   1007.2
     1     1    19     5     6    14     0     2   -22.0   22.013 -158.216      0.0   1007.4
     1     1    19     5     6    13     0     1   -23.0   22.040 -158.267      0.0   1007.6
     1     1    19     5     6    12     0     0   -24.0   22.077 -158.325      0.0   1007.7
     1     1    19     5     6    11     0     1   -25.0   22.127 -158.389      0.0   1007.7
     1     1    19     5     6    10     0     2   -26.0   22.192 -158.459      0.0   1007.6
     1     1    19     5     6     9     0     3   -27.0   22.272 -158.537      0.0   1007.6
     1     1    19     5     6     8     0     2   -28.0   22.369 -158.620      0.3   1007.8
     1     1    19     5     6     7     0     1   -29.0   22.487 -158.709      1.1   1007.9
     1     1    19     5     6     6     0     0   -30.0   22.626 -158.814      2.3   1008.1
     1     1    19     5     6     5     0     1   -31.0   22.787 -158.931      3.2   1007.9
     1     1    19     5     6     4     0     2   -32.0   22.972 -159.056      3.5   1007.7
     1     1    19     5     6     3     0     3   -33.0   23.171 -159.186      3.5   1007.5
     1     1    19     5     6     2     0     2   -34.0   23.372 -159.322      3.5   1007.9
     1     1    19     5     6     1     0     1   -35.0   23.565 -159.471      3.5   1008.3
     1     1    19     5     6     0     0     0   -36.0   23.744 -159.640      3.5   1008.8
     1     1    19     5     5    23     0     1   -37.0   23.908 -159.820      3.5   1008.8
     1     1    19     5     5    22     0     2   -38.0   24.065 -159.993      3.5   1008.8
     1     1    19     5     5    21     0     3   -39.0   24.223 -160.156      3.5   1008.8
     1     1    19     5     5    20     0     2   -40.0   24.390 -160.307      3.5   1009.2
     1     1    19     5     5    19     0     1   -41.0   24.572 -160.448      3.5   1009.6
     1     1    19     5     5    18     0     0   -42.0   24.760 -160.578      3.5   1010.0
     1     1    19     5     5    17     0     1   -43.0   24.950 -160.703      3.5   1010.0
     1     1    19     5     5    16     0     2   -44.0   25.148 -160.822      3.5   1010.0
     1     1    19     5     5    15     0     3   -45.0   25.356 -160.938      3.5   1010.0
     1     1    19     5     5    14     0     2   -46.0   25.573 -161.052      3.5   1010.4
     1     1    19     5     5    13     0     1   -47.0   25.797 -161.158      3.5   1010.6
     1     1    19     5     5    12     0     0   -48.0   26.027 -161.252      3.5   1010.8
     1     1    19     5     5    11     0     1   -49.0   26.261 -161.333      3.2   1010.5
     1     1    19     5     5    10     0     2   -50.0   26.497 -161.399      2.8   1010.6
     1     1    19     5     5     9     0     3   -51.0   26.733 -161.448      2.6   1011.0
     1     1    19     5     5     8     0     2   -52.0   26.970 -161.476      2.6   1010.6
     1     1    19     5     5     7     0     1   -53.0   27.213 -161.482      2.6   1010.2
     1     1    19     5     5     6     0     0   -54.0   27.458 -161.466      2.6   1009.8
     1     1    19     5     5     5     0     1   -55.0   27.709 -161.448      2.6   1009.0
     1     1    19     5     5     4     0     2   -56.0   27.971 -161.452      2.6   1008.3
     1     1    19     5     5     3     0     3   -57.0   28.244 -161.479      2.6   1007.5
     1     1    19     5     5     2     0     2   -58.0   28.516 -161.514      2.6   1007.7
     1     1    19     5     5     1     0     1   -59.0   28.777 -161.544      2.6   1007.9
     1     1    19     5     5     0     0     0   -60.0   29.028 -161.568      2.6   1008.1
     1     1    19     5     4    23     0     1   -61.0   29.264 -161.593      2.6   1008.9
     1     1    19     5     4    22     0     2   -62.0   29.480 -161.622      2.6   1009.7
     1     1    19     5     4    21     0     3   -63.0   29.679 -161.653      2.6   1010.5
     1     1    19     5     4    20     0     2   -64.0   29.861 -161.687      2.5   1009.5
     1     1    19     5     4    19     0     1   -65.0   30.030 -161.723      2.2   1008.4
     1     1    19     5     4    18     0     0   -66.0   30.185 -161.757      1.5   1007.4
     1     1    19     5     4    17     0     1   -67.0   30.326 -161.798      1.2   1007.3
     1     1    19     5     4    16     0     2   -68.0   30.458 -161.851      1.9   1007.3
     1     1    19     5     4    15     0     3   -69.0   30.587 -161.901      3.8   1007.3
     1     1    19     5     4    14     0     2   -70.0   30.713 -161.965      5.9   1007.4
     1     1    19     5     4    13     0     1   -71.0   30.829 -162.066      7.2   1007.6
     1     1    19     5     4    12     0     0   -72.0   30.930 -162.214      7.6   1007.7
     1     1    19     5     4    11     0     1   -73.0   31.034 -162.395      7.6   1007.8
     1     1    19     5     4    10     0     2   -74.0   31.161 -162.591      7.6   1007.8
     1     1    19     5     4     9     0     3   -75.0   31.311 -162.803      7.6   1007.9
     1     1    19     5     4     8     0     2   -76.0   31.479 -163.027      8.0   1008.0
     1     1    19     5     4     7     0     1   -77.0   31.672 -163.262      9.0   1008.4
     1     1    19     5     4     6     0     0   -78.0   31.895 -163.509     10.9   1008.4
     1     1    19     5     4     5     0     1   -79.0   32.137 -163.769     13.0   1008.1
     1     1    19     5     4     4     0     2   -80.0   32.397 -164.038     13.6   1008.4
     1     1    19     5     4     3     0     3   -81.0   32.686 -164.318     13.4   1008.7
     1     1    19     5     4     2     0     2   -82.0   33.002 -164.600     13.4   1009.4
     1     1    19     5     4     1     0     1   -83.0   33.331 -164.862     13.4   1010.1
     1     1    19     5     4     0     0     0   -84.0   33.673 -165.104     13.4   1010.7
     1     1    19     5     3    23     0     1   -85.0   34.027 -165.330     13.4   1011.9
     1     1    19     5     3    22     0     2   -86.0   34.385 -165.519     13.4   1012.3
     1     1    19     5     3    21     0     3   -87.0   34.744 -165.678     13.4   1012.7
     1     1    19     5     3    20     0     2   -88.0   35.112 -165.818     13.4   1012.7
     1     1    19     5     3    19     0     1   -89.0   35.497 -165.938     13.4   1012.6
     1     1    19     5     3    18     0     0   -90.0   35.904 -166.044     13.4   1012.6
     1     1    19     5     3    17     0     1   -91.0   36.320 -166.148     13.5   1013.2
     1     1    19     5     3    16     0     2   -92.0   36.731 -166.264     13.6   1013.5
     1     1    19     5     3    15     0     3   -93.0   37.144 -166.398     14.1   1013.6
     1     1    19     5     3    14     0     2   -94.0   37.560 -166.538     14.7   1013.8
     1     1    19     5     3    13     0     1   -95.0   37.979 -166.674     14.9   1014.5
     1     1    19     5     3    12     0     0   -96.0   38.399 -166.818     14.9   1015.7
     1     1    19     5     3    11     0     1   -97.0   38.819 -166.961     14.9   1016.5
     1     1    19     5     3    10     0     2   -98.0   39.239 -167.082     14.8   1017.1
     1     1    19     5     3     9     0     3   -99.0   39.658 -167.172     14.8   1017.4
     1     1    19     5     3     8     0     2  -100.0   40.079 -167.236     15.1   1017.0
     1     1    19     5     3     7     0     1  -101.0   40.504 -167.277     15.9   1016.5
     1     1    19     5     3     6     0     0  -102.0   40.936 -167.295     17.2   1016.0
     1     1    19     5     3     5     0     1  -103.0   41.369 -167.297     18.5   1015.8
     1     1    19     5     3     4     0     2  -104.0   41.795 -167.289     20.0   1015.4
     1     1    19     5     3     3     0     3  -105.0   42.211 -167.271     22.2   1015.2
     1     1    19     5     3     2     0     2  -106.0   42.606 -167.226     24.7   1015.9
     1     1    19     5     3     1     0     1  -107.0   42.970 -167.135     26.5   1016.1
     1     1    19     5     3     0     0     0  -108.0   43.307 -167.000     27.1   1016.0
     1     1    19     5     2    23     0     1  -109.0   43.629 -166.826     27.4   1016.2
     1     1    19     5     2    22     0     2  -110.0   43.941 -166.617     28.3   1016.6
     1     1    19     5     2    21     0     3  -111.0   44.244 -166.375     30.0   1016.6
     1     1    19     5     2    20     0     2  -112.0   44.538 -166.110     31.8   1016.5
     1     1    19     5     2    19     0     1  -113.0   44.822 -165.825     32.6   1017.2
     1     1    19     5     2    18     0     0  -114.0   45.098 -165.523     32.8   1017.8
     1     1    19     5     2    17     0     1  -115.0   45.361 -165.224     33.0   1017.8
     1     1    19     5     2    16     0     2  -116.0   45.610 -164.951     33.1   1017.7
     1     1    19     5     2    15     0     3  -117.0   45.850 -164.712     33.1   1017.7
     1     1    19     5     2    14     0     2  -118.0   46.090 -164.512     33.1   1017.9
     1     1    19     5     2    13     0     1  -119.0   46.330 -164.357     33.1   1018.0
     1     1    19     5     2    12     0     0  -120.0   46.566 -164.251     33.1   1018.2
     1     1    19     5     2    11     0     1  -121.0   46.798 -164.191     33.5   1018.4
     1     1    19     5     2    10     0     2  -122.0   47.024 -164.169     34.6   1018.4
     1     1    19     5     2     9     0     3  -123.0   47.243 -164.183     36.4   1018.3
     1     1    19     5     2     8     0     2  -124.0   47.457 -164.233     38.9   1017.0
     1     1    19     5     2     7     0     1  -125.0   47.667 -164.322     42.0   1015.6
     1     1    19     5     2     6     0     0  -126.0   47.872 -164.449     45.8   1014.2
     1     1    19     5     2     5     0     1  -127.0   48.073 -164.615     50.0   1013.4
     1     1    19     5     2     4     0     2  -128.0   48.275 -164.816     54.4   1012.9
     1     1    19     5     2     3     0     3  -129.0   48.476 -165.047     59.0   1012.4
     1     1    19     5     2     2     0     2  -130.0   48.673 -165.279     63.3   1010.9
     1     1    19     5     2     1     0     1  -131.0   48.867 -165.490     66.5   1009.6
     1     1    19     5     2     0     0     0  -132.0   49.055 -165.690     67.5   1008.8
     1     1    19     5     1    23     0     1  -133.0   49.238 -165.864     67.0   1008.9
     1     1    19     5     1    22     0     2  -134.0   49.417 -165.994     66.3   1008.9
     1     1    19     5     1    21     0     3  -135.0   49.592 -166.081     66.0   1008.8
     1     1    19     5     1    20     0     2  -136.0   49.761 -166.143     64.8   1008.9
     1     1    19     5     1    19     0     1  -137.0   49.926 -166.198     61.0   1009.5
     1     1    19     5     1    18     0     0  -138.0   50.087 -166.248     55.4   1010.7
     1     1    19     5     1    17     0     1  -139.0   50.237 -166.302     50.8   1011.4
     1     1    19     5     1    16     0     2  -140.0   50.365 -166.367     48.8   1011.5
     1     1    19     5     1    15     0     3  -141.0   50.474 -166.445     48.3   1011.6
     1     1    19     5     1    14     0     2  -142.0   50.565 -166.528     48.3   1011.6
     1     1    19     5     1    13     0     1  -143.0   50.644 -166.607     48.3   1011.7
     1     1    19     5     1    12     0     0  -144.0   50.711 -166.682     48.3   1011.9
     1     1    19     5     1    11     0     1  -145.0   50.776 -166.763     48.3   1012.1
     1     1    19     5     1    10     0     2  -146.0   50.843 -166.859     48.3   1012.3
     1     1    19     5     1     9     0     3  -147.0   50.910 -166.973     48.3   1012.3
     1     1    19     5     1     8     0     2  -148.0   50.972 -167.113     48.3   1012.1
     1     1    19     5     1     7     0     1  -149.0   51.024 -167.285     48.3   1012.0
     1     1    19     5     1     6     0     0  -150.0   51.065 -167.488     48.3   1011.9
     1     1    19     5     1     5     0     1  -151.0   51.096 -167.703     48.3   1011.9
     1     1    19     5     1     4     0     2  -152.0   51.125 -167.917     48.3   1011.8
     1     1    19     5     1     3     0     3  -153.0   51.154 -168.129     48.2   1011.8
     1     1    19     5     1     2     0     2  -154.0   51.177 -168.341     48.0   1011.8
     1     1    19     5     1     1     0     1  -155.0   51.187 -168.553     47.8   1011.9
     1     1    19     5     1     0     0     0  -156.0   51.187 -168.765     47.7   1011.9
     1     1    19     4    30    23     0     1  -157.0   51.183 -168.987     47.7   1011.8
     1     1    19     4    30    22     0     2  -158.0   51.181 -169.226     47.6   1011.7
     1     1    19     4    30    21     0     3  -159.0   51.181 -169.485     47.4   1011.6
     1     1    19     4    30    20     0     2  -160.0   51.178 -169.766     48.4   1011.3
     1     1    19     4    30    19     0     1  -161.0   51.164 -170.074     51.3   1010.7
     1     1    19     4    30    18     0     0  -162.0   51.135 -170.408     56.4   1009.9
     1     1    19     4    30    17     0     1  -163.0   51.089 -170.751     63.4   1008.1
     1     1    19     4    30    16     0     2  -164.0   51.029 -171.091     71.6   1006.3
     1     1    19     4    30    15     0     3  -165.0   50.959 -171.431     80.7   1004.5
     1     1    19     4    30    14     0     2  -166.0   50.877 -171.785     90.6   1003.0
     1     1    19     4    30    13     0     1  -167.0   50.778 -172.163    101.1   1001.5
     1     1    19     4    30    12     0     0  -168.0   50.660 -172.568    113.1    999.9
     1     1    19     4    30    11     0     1  -169.0   50.525 -172.992    126.6    997.9
     1     1    19     4    30    10     0     2  -170.0   50.383 -173.421    141.0    996.0
     1     1    19     4    30     9     0     3  -171.0   50.233 -173.847    155.7    993.6
     1     1    19     4    30     8     0     2  -172.0   50.075 -174.282    170.6    991.1
     1     1    19     4    30     7     0     1  -173.0   49.916 -174.737    186.1    988.5
     1     1    19     4    30     6     0     0  -174.0   49.756 -175.211    202.3    986.0
     1     1    19     4    30     5     0     1  -175.0   49.587 -175.720    216.1    983.4
     1     1    19     4    30     4     0     2  -176.0   49.403 -176.278    224.3    981.9
     1     1    19     4    30     3     0     3  -177.0   49.210 -176.883    227.1    981.1
     1     1    19     4    30     2     0     2  -178.0   49.007 -177.514    229.9    981.1
     1     1    19     4    30     1     0     1  -179.0   48.799 -178.160    238.2    979.9
     1     1    19     4    30     0     0     0  -180.0   48.591 -178.826    252.9    978.2
     1     1    19     4    29    23     0     1  -181.0   48.377 -179.521    267.1    975.0
     1     1    19     4    29    22     0     2  -182.0   48.157  179.743    273.8    973.8
     1     1    19     4    29    21     0     3  -183.0   47.949  178.966    275.3    973.4
     1     1    19     4    29    20     0     2  -184.0   47.760  178.163    277.9    972.3
     1     1    19     4    29    19     0     1  -185.0   47.591  177.329    285.1    970.5
     1     1    19     4    29    18     0     0  -186.0   47.456  176.455    296.1    968.3
     1     1    19     4    29    17     0     1  -187.0   47.341  175.546    308.0    966.1
     1     1    19     4    29    16     0     2  -188.0   47.229  174.612    317.4    964.3
     1     1    19     4    29    15     0     3  -189.0   47.129  173.660    324.5    963.1
     1     1    19     4    29    14     0     2  -190.0   47.050  172.696    327.2    962.3
     1     1    19     4    29    13     0     1  -191.0   46.998  171.729    323.5    962.4
     1     1    19     4    29    12     0     0  -192.0   46.970  170.749    311.0    963.7
     1     1    19     4    29    11     0     1  -193.0   46.968  169.765    299.4    965.0
     1     1    19     4    29    10     0     2  -194.0   47.006  168.796    293.2    965.4
     1     1    19     4    29     9     0     3  -195.0   47.077  167.851    291.3    965.7
     1     1    19     4    29     8     0     2  -196.0   47.171  166.937    291.9    965.0
     1     1    19     4    29     7     0     1  -197.0   47.294  166.058    291.6    964.8
     1     1    19     4    29     6     0     0  -198.0   47.430  165.216    288.8    965.0
     1     1    19     4    29     5     0     1  -199.0   47.583  164.422    282.5    965.6
     1     1    19     4    29     4     0     2  -200.0   47.773  163.679    276.6    966.3
     1     1    19     4    29     3     0     3  -201.0   47.997  162.983    271.2    967.1
     1     1    19     4    29     2     0     2  -202.0   48.244  162.352    268.1    967.6
     1     1    19     4    29     1     0     1  -203.0   48.507  161.796    268.1    967.2
     1     1    19     4    29     0     0     0  -204.0   48.774  161.319    269.2    967.0
     1     1    19     4    28    23     0     1  -205.0   49.049  160.916    270.1    966.5
     1     1    19     4    28    22     0     2  -206.0   49.339  160.568    270.8    966.5
     1     1    19     4    28    21     0     3  -207.0   49.632  160.256    271.3    966.4
     1     1    19     4    28    20     0     2  -208.0   49.912  160.000    269.5    966.4
     1     1    19     4    28    19     0     1  -209.0   50.181  159.811    264.7    967.0
     1     1    19     4    28    18     0     0  -210.0   50.441  159.679    259.6    967.7
     1     1    19     4    28    17     0     1  -211.0   50.694  159.594    256.7    968.3
     1     1    19     4    28    16     0     2  -212.0   50.945  159.548    256.0    968.5
     1     1    19     4    28    15     0     3  -213.0   51.188  159.535    254.8    968.8
     1     1    19     4    28    14     0     2  -214.0   51.406  159.555    252.4    969.8
     1     1    19     4    28    13     0     1  -215.0   51.593  159.607    250.3    970.7
     1     1    19     4    28    12     0     0  -216.0   51.756  159.682    249.4    971.4
     1     1    19     4    28    11     0     1  -217.0   51.901  159.771    252.7    971.6
     1     1    19     4    28    10     0     2  -218.0   52.032  159.863    265.2    970.6
     1     1    19     4    28     9     0     3  -219.0   52.149  159.956    289.8    967.5
     1     1    19     4    28     8     0     2  -220.0   52.255  160.040    319.3    962.7
     1     1    19     4    28     7     0     1  -221.0   52.348  160.107    345.8    959.5
     1     1    19     4    28     6     0     0  -222.0   52.426  160.161    370.1    956.9
     1     1    19     4    28     5     0     1  -223.0   52.502  160.212    394.6    954.5
     1     1    19     4    28     4     0     2  -224.0   52.589  160.271    421.2    951.7
     1     1    19     4    28     3     0     3  -225.0   52.686  160.337    449.7    948.4
     1     1    19     4    28     2     0     2  -226.0   52.791  160.407    477.2    944.8
     1     1    19     4    28     1     0     1  -227.0   52.903  160.480    500.9    942.1
     1     1    19     4    28     0     0     0  -228.0   53.025  160.555    519.6    940.0
     1     1    19     4    27    23     0     1  -229.0   53.162  160.644    538.3    938.6
     1     1    19     4    27    22     0     2  -230.0   53.317  160.753    561.6    936.0
     1     1    19     4    27    21     0     3  -231.0   53.478  160.870    588.1    933.5
     1     1    19     4    27    20     0     2  -232.0   53.638  160.989    615.9    930.6
     1     1    19     4    27    19     0     1  -233.0   53.799  161.120    641.3    927.4
     1     1    19     4    27    18     0     0  -234.0   53.967  161.284    665.1    924.5
     1     1    19     4    27    17     0     1  -235.0   54.148  161.487    697.2    912.7
     1     1    19     4    27    16     0     2  -236.0   54.345  161.707    752.7    902.1
     1     1    19     4    27    15     0     3  -237.0   54.555  161.934    834.0    897.7
     1     1    19     4    27    14     0     2  -238.0   54.751  162.136    925.8    889.1
     1     1    19     4    27    13     0     1  -239.0   54.924  162.282   1014.0    878.8
     1     1    19     4    27    12     0     0  -240.0   55.089  162.367   1086.9    869.2
