     7     1
    GDAS    19     6     1     0     0
    GDAS    19     7     1     0     0
    GDAS    19     8     1     0     0
    GDAS    19     9     1     0     0
    GDAS    19    10     1     0     0
    GDAS    19    11     1     0     0
    GDAS    19    12     1     0     0
     1 BACKWARD OMEGA   
    19    10    29    18   21.319 -157.670    10.0
     1 PRESSURE
     1     1    19    10    29    18     0     0     0.0   21.319 -157.670     10.0   1007.7
     1     1    19    10    29    17     0     1    -1.0   21.297 -157.599     18.3   1005.7
     1     1    19    10    29    16     0     2    -2.0   21.286 -157.529     24.3   1004.3
     1     1    19    10    29    15     0     3    -3.0   21.284 -157.460     26.7   1003.5
     1     1    19    10    29    14     0     2    -4.0   21.289 -157.389     27.7   1003.6
     1     1    19    10    29    13     0     1    -5.0   21.303 -157.312     30.5   1003.2
     1     1    19    10    29    12     0     0    -6.0   21.325 -157.227     35.5   1002.6
     1     1    19    10    29    11     0     1    -7.0   21.349 -157.127     48.6   1001.8
     1     1    19    10    29    10     0     2    -8.0   21.364 -157.007     79.5    997.9
     1     1    19    10    29     9     0     3    -9.0   21.362 -156.862    121.1    993.3
     1     1    19    10    29     8     0     2   -10.0   21.343 -156.689    167.5    988.9
     1     1    19    10    29     7     0     1   -11.0   21.310 -156.485    216.5    983.6
     1     1    19    10    29     6     0     0   -12.0   21.258 -156.250    255.8    980.1
     1     1    19    10    29     5     0     1   -13.0   21.181 -155.996    269.7    979.1
     1     1    19    10    29     4     0     2   -14.0   21.104 -155.746    269.6    981.1
     1     1    19    10    29     3     0     3   -15.0   21.043 -155.508    273.7    980.4
     1     1    19    10    29     2     0     2   -16.0   20.995 -155.270    280.0    979.2
     1     1    19    10    29     1     0     1   -17.0   20.963 -155.029    281.2    978.3
     1     1    19    10    29     0     0     0   -18.0   20.954 -154.788    273.6    979.2
     1     1    19    10    28    23     0     1   -19.0   20.957 -154.540    262.1    982.0
     1     1    19    10    28    22     0     2   -20.0   20.962 -154.275    245.1    983.9
     1     1    19    10    28    21     0     3   -21.0   20.965 -153.992    211.7    987.7
     1     1    19    10    28    20     0     2   -22.0   20.976 -153.704    178.2    993.9
     1     1    19    10    28    19     0     1   -23.0   21.002 -153.421    159.6    996.1
     1     1    19    10    28    18     0     0   -24.0   21.031 -153.134    153.0    996.9
     1     1    19    10    28    17     0     1   -25.0   21.053 -152.850    151.9    995.9
     1     1    19    10    28    16     0     2   -26.0   21.067 -152.576    151.0    995.6
     1     1    19    10    28    15     0     3   -27.0   21.081 -152.305    150.6    995.2
     1     1    19    10    28    14     0     2   -28.0   21.097 -152.030    154.1    995.0
     1     1    19    10    28    13     0     1   -29.0   21.118 -151.754    164.4    993.4
     1     1    19    10    28    12     0     0   -30.0   21.138 -151.483    179.6    991.1
     1     1    19    10    28    11     0     1   -31.0   21.160 -151.209    196.5    989.7
     1     1    19    10    28    10     0     2   -32.0   21.189 -150.929    213.8    988.6
     1     1    19    10    28     9     0     3   -33.0   21.228 -150.645    230.0    987.4
     1     1    19    10    28     8     0     2   -34.0   21.280 -150.357    242.7    986.1
     1     1    19    10    28     7     0     1   -35.0   21.343 -150.065    254.8    985.3
     1     1    19    10    28     6     0     0   -36.0   21.414 -149.767    269.7    983.9
     1     1    19    10    28     5     0     1   -37.0   21.488 -149.472    278.2    981.3
     1     1    19    10    28     4     0     2   -38.0   21.565 -149.180    274.9    981.7
     1     1    19    10    28     3     0     3   -39.0   21.642 -148.888    271.2    982.7
     1     1    19    10    28     2     0     2   -40.0   21.717 -148.600    270.3    982.1
     1     1    19    10    28     1     0     1   -41.0   21.788 -148.321    267.1    982.4
     1     1    19    10    28     0     0     0   -42.0   21.856 -148.045    263.3    983.0
     1     1    19    10    27    23     0     1   -43.0   21.926 -147.768    265.3    983.9
     1     1    19    10    27    22     0     2   -44.0   22.004 -147.492    273.5    983.2
     1     1    19    10    27    21     0     3   -45.0   22.093 -147.215    278.5    982.7
     1     1    19    10    27    20     0     2   -46.0   22.189 -146.941    280.5    983.3
     1     1    19    10    27    19     0     1   -47.0   22.286 -146.675    290.4    983.0
     1     1    19    10    27    18     0     0   -48.0   22.380 -146.414    317.2    980.3
     1     1    19    10    27    17     0     1   -49.0   22.480 -146.164    351.3    974.5
     1     1    19    10    27    16     0     2   -50.0   22.590 -145.929    373.1    971.2
     1     1    19    10    27    15     0     3   -51.0   22.708 -145.710    383.1    970.3
     1     1    19    10    27    14     0     2   -52.0   22.824 -145.499    388.5    969.7
     1     1    19    10    27    13     0     1   -53.0   22.930 -145.290    388.7    969.3
     1     1    19    10    27    12     0     0   -54.0   23.024 -145.082    381.9    969.9
     1     1    19    10    27    11     0     1   -55.0   23.107 -144.870    373.7    971.9
     1     1    19    10    27    10     0     2   -56.0   23.184 -144.653    367.4    972.8
     1     1    19    10    27     9     0     3   -57.0   23.251 -144.430    359.0    974.0
     1     1    19    10    27     8     0     2   -58.0   23.318 -144.199    351.5    975.3
     1     1    19    10    27     7     0     1   -59.0   23.396 -143.956    348.5    975.5
     1     1    19    10    27     6     0     0   -60.0   23.490 -143.703    350.7    975.5
     1     1    19    10    27     5     0     1   -61.0   23.601 -143.453    355.0    974.3
     1     1    19    10    27     4     0     2   -62.0   23.718 -143.220    353.3    974.1
     1     1    19    10    27     3     0     3   -63.0   23.836 -143.002    340.4    975.2
     1     1    19    10    27     2     0     2   -64.0   23.952 -142.793    318.7    978.1
     1     1    19    10    27     1     0     1   -65.0   24.070 -142.586    296.7    980.9
     1     1    19    10    27     0     0     0   -66.0   24.196 -142.384    280.4    983.1
     1     1    19    10    26    23     0     1   -67.0   24.325 -142.191    272.0    985.0
     1     1    19    10    26    22     0     2   -68.0   24.449 -142.007    268.8    986.0
     1     1    19    10    26    21     0     3   -69.0   24.566 -141.827    267.1    986.9
     1     1    19    10    26    20     0     2   -70.0   24.675 -141.648    264.1    987.2
     1     1    19    10    26    19     0     1   -71.0   24.780 -141.465    258.9    988.0
     1     1    19    10    26    18     0     0   -72.0   24.883 -141.277    254.9    988.8
     1     1    19    10    26    17     0     1   -73.0   24.986 -141.088    251.9    988.5
     1     1    19    10    26    16     0     2   -74.0   25.091 -140.902    247.5    988.5
     1     1    19    10    26    15     0     3   -75.0   25.198 -140.717    243.9    988.6
     1     1    19    10    26    14     0     2   -76.0   25.305 -140.534    241.6    988.7
     1     1    19    10    26    13     0     1   -77.0   25.411 -140.355    239.9    988.9
     1     1    19    10    26    12     0     0   -78.0   25.517 -140.181    239.3    989.0
     1     1    19    10    26    11     0     1   -79.0   25.622 -140.010    239.2    989.3
     1     1    19    10    26    10     0     2   -80.0   25.723 -139.839    238.7    989.7
     1     1    19    10    26     9     0     3   -81.0   25.822 -139.667    237.9    990.2
     1     1    19    10    26     8     0     2   -82.0   25.927 -139.491    236.1    990.4
     1     1    19    10    26     7     0     1   -83.0   26.045 -139.315    232.8    991.1
     1     1    19    10    26     6     0     0   -84.0   26.173 -139.139    229.5    991.8
     1     1    19    10    26     5     0     1   -85.0   26.304 -138.973    227.7    991.7
     1     1    19    10    26     4     0     2   -86.0   26.430 -138.821    227.1    991.4
     1     1    19    10    26     3     0     3   -87.0   26.551 -138.679    227.0    991.1
     1     1    19    10    26     2     0     2   -88.0   26.666 -138.538    225.8    991.1
     1     1    19    10    26     1     0     1   -89.0   26.772 -138.394    223.4    991.4
     1     1    19    10    26     0     0     0   -90.0   26.868 -138.245    221.6    991.5
     1     1    19    10    25    23     0     1   -91.0   26.959 -138.088    220.9    992.1
     1     1    19    10    25    22     0     2   -92.0   27.049 -137.920    220.8    992.5
     1     1    19    10    25    21     0     3   -93.0   27.140 -137.742    220.8    993.0
     1     1    19    10    25    20     0     2   -94.0   27.236 -137.558    222.5    993.4
     1     1    19    10    25    19     0     1   -95.0   27.339 -137.374    228.3    993.2
     1     1    19    10    25    18     0     0   -96.0   27.448 -137.190    239.1    992.4
     1     1    19    10    25    17     0     1   -97.0   27.561 -137.010    250.4    990.4
     1     1    19    10    25    16     0     2   -98.0   27.678 -136.839    256.8    989.4
     1     1    19    10    25    15     0     3   -99.0   27.798 -136.675    261.1    988.9
     1     1    19    10    25    14     0     2  -100.0   27.915 -136.520    265.8    988.2
     1     1    19    10    25    13     0     1  -101.0   28.021 -136.377    269.8    987.4
     1     1    19    10    25    12     0     0  -102.0   28.114 -136.245    271.7    987.0
     1     1    19    10    25    11     0     1  -103.0   28.202 -136.107    271.4    987.2
     1     1    19    10    25    10     0     2  -104.0   28.293 -135.947    269.3    987.5
     1     1    19    10    25     9     0     3  -105.0   28.388 -135.766    264.8    988.1
     1     1    19    10    25     8     0     2  -106.0   28.492 -135.569    259.3    989.0
     1     1    19    10    25     7     0     1  -107.0   28.605 -135.362    257.7    989.5
     1     1    19    10    25     6     0     0  -108.0   28.725 -135.148    266.6    989.1
     1     1    19    10    25     5     0     1  -109.0   28.856 -134.929    282.7    985.8
     1     1    19    10    25     4     0     2  -110.0   28.999 -134.705    292.8    983.5
     1     1    19    10    25     3     0     3  -111.0   29.149 -134.477    292.1    983.3
     1     1    19    10    25     2     0     2  -112.0   29.305 -134.252    287.0    984.6
     1     1    19    10    25     1     0     1  -113.0   29.463 -134.032    283.7    985.2
     1     1    19    10    25     0     0     0  -114.0   29.628 -133.815    283.9    985.2
     1     1    19    10    24    23     0     1  -115.0   29.798 -133.607    286.9    985.1
     1     1    19    10    24    22     0     2  -116.0   29.971 -133.413    291.1    984.9
     1     1    19    10    24    21     0     3  -117.0   30.148 -133.231    292.4    984.7
     1     1    19    10    24    20     0     2  -118.0   30.325 -133.049    289.8    985.8
     1     1    19    10    24    19     0     1  -119.0   30.502 -132.855    286.9    986.7
     1     1    19    10    24    18     0     0  -120.0   30.685 -132.649    284.6    987.5
     1     1    19    10    24    17     0     1  -121.0   30.883 -132.434    283.1    987.3
     1     1    19    10    24    16     0     2  -122.0   31.099 -132.215    282.2    987.1
     1     1    19    10    24    15     0     3  -123.0   31.330 -131.996    281.7    986.8
     1     1    19    10    24    14     0     2  -124.0   31.573 -131.778    281.8    986.9
     1     1    19    10    24    13     0     1  -125.0   31.822 -131.555    283.0    986.8
     1     1    19    10    24    12     0     0  -126.0   32.075 -131.332    285.7    986.7
     1     1    19    10    24    11     0     1  -127.0   32.339 -131.110    291.2    986.2
     1     1    19    10    24    10     0     2  -128.0   32.621 -130.883    299.2    985.2
     1     1    19    10    24     9     0     3  -129.0   32.920 -130.649    309.7    984.2
     1     1    19    10    24     8     0     2  -130.0   33.236 -130.411    321.0    982.9
     1     1    19    10    24     7     0     1  -131.0   33.568 -130.169    329.0    982.3
     1     1    19    10    24     6     0     0  -132.0   33.913 -129.928    331.9    982.2
     1     1    19    10    24     5     0     1  -133.0   34.280 -129.689    330.4    982.4
     1     1    19    10    24     4     0     2  -134.0   34.687 -129.458    326.8    982.6
     1     1    19    10    24     3     0     3  -135.0   35.135 -129.248    323.8    983.1
     1     1    19    10    24     2     0     2  -136.0   35.612 -129.063    334.4    983.2
     1     1    19    10    24     1     0     1  -137.0   36.103 -128.894    355.8    979.7
     1     1    19    10    24     0     0     0  -138.0   36.603 -128.750    367.7    978.0
     1     1    19    10    23    23     0     1  -139.0   37.107 -128.637    371.3    979.3
     1     1    19    10    23    22     0     2  -140.0   37.621 -128.523    379.0    979.5
     1     1    19    10    23    21     0     3  -141.0   38.146 -128.394    395.6    978.4
     1     1    19    10    23    20     0     2  -142.0   38.668 -128.246    425.7    976.0
     1     1    19    10    23    19     0     1  -143.0   39.185 -128.071    464.0    970.9
     1     1    19    10    23    18     0     0  -144.0   39.696 -127.878    498.5    967.1
     1     1    19    10    23    17     0     1  -145.0   40.186 -127.681    532.3    963.7
     1     1    19    10    23    16     0     2  -146.0   40.646 -127.482    559.9    959.3
     1     1    19    10    23    15     0     3  -147.0   41.089 -127.278    569.0    958.0
     1     1    19    10    23    14     0     2  -148.0   41.523 -127.059    568.3    959.4
     1     1    19    10    23    13     0     1  -149.0   41.948 -126.810    567.7    959.7
     1     1    19    10    23    12     0     0  -150.0   42.341 -126.537    572.3    960.0
     1     1    19    10    23    11     0     1  -151.0   42.695 -126.266    585.5    958.5
     1     1    19    10    23    10     0     2  -152.0   43.029 -126.002    607.2    956.5
     1     1    19    10    23     9     0     3  -153.0   43.348 -125.749    643.6    953.1
     1     1    19    10    23     8     0     2  -154.0   43.626 -125.522    684.2    947.2
     1     1    19    10    23     7     0     1  -155.0   43.845 -125.322    715.6    943.6
     1     1    19    10    23     6     0     0  -156.0   44.008 -125.140    735.4    941.4
     1     1    19    10    23     5     0     1  -157.0   44.155 -124.946    743.5    939.9
     1     1    19    10    23     4     0     2  -158.0   44.318 -124.731    757.9    935.9
     1     1    19    10    23     3     0     3  -159.0   44.476 -124.522    794.4    929.2
     1     1    19    10    23     2     0     2  -160.0   44.616 -124.348    839.2    919.6
     1     1    19    10    23     1     0     1  -161.0   44.732 -124.208    865.6    913.3
     1     1    19    10    23     0     0     0  -162.0   44.821 -124.078    859.5    911.2
     1     1    19    10    22    23     0     1  -163.0   44.895 -123.959    868.5    914.5
     1     1    19    10    22    22     0     2  -164.0   44.987 -123.866    940.2    907.3
     1     1    19    10    22    21     0     3  -165.0   45.114 -123.814   1069.8    893.5
     1     1    19    10    22    20     0     2  -166.0   45.268 -123.826   1208.5    876.7
     1     1    19    10    22    19     0     1  -167.0   45.443 -123.886   1334.0    867.0
     1     1    19    10    22    18     0     0  -168.0   45.646 -123.963   1467.5    858.1
     1     1    19    10    22    17     0     1  -169.0   45.873 -124.087   1582.2    845.8
     1     1    19    10    22    16     0     2  -170.0   46.116 -124.289   1650.0    840.4
     1     1    19    10    22    15     0     3  -171.0   46.378 -124.565   1675.0    837.1
     1     1    19    10    22    14     0     2  -172.0   46.648 -124.897   1657.7    838.4
     1     1    19    10    22    13     0     1  -173.0   46.909 -125.255   1618.7    843.8
     1     1    19    10    22    12     0     0  -174.0   47.159 -125.623   1635.3    846.8
     1     1    19    10    22    11     0     1  -175.0   47.402 -126.057   1737.4    833.8
     1     1    19    10    22    10     0     2  -176.0   47.642 -126.583   1816.5    817.3
     1     1    19    10    22     9     0     3  -177.0   47.895 -127.127   1839.9    818.6
     1     1    19    10    22     8     0     2  -178.0   48.166 -127.697   1886.6    816.4
     1     1    19    10    22     7     0     1  -179.0   48.448 -128.369   1962.8    805.0
     1     1    19    10    22     6     0     0  -180.0   48.751 -129.173   2033.8    796.4
     1     1    19    10    22     5     0     1  -181.0   49.030 -130.107   2047.7    792.7
     1     1    19    10    22     4     0     2  -182.0   49.232 -131.188   1998.9    798.4
     1     1    19    10    22     3     0     3  -183.0   49.417 -132.413   2023.3    795.6
     1     1    19    10    22     2     0     2  -184.0   49.631 -133.684   2166.3    780.8
     1     1    19    10    22     1     0     1  -185.0   49.786 -135.044   2440.3    751.5
     1     1    19    10    22     0     0     0  -186.0   49.971 -136.533   2692.4    724.0
     1     1    19    10    21    23     0     1  -187.0   50.261 -138.124   2866.0    710.1
     1     1    19    10    21    22     0     2  -188.0   50.386 -139.690   3153.0    683.6
     1     1    19    10    21    21     0     3  -189.0   50.469 -141.280   3570.8    647.2
     1     1    19    10    21    20     0     2  -190.0   50.641 -142.921   4041.5    606.8
     1     1    19    10    21    19     0     1  -191.0   50.718 -144.547   4416.0    577.4
     1     1    19    10    21    18     0     0  -192.0   50.785 -146.131   4822.6    545.0
     1     1    19    10    21    17     0     1  -193.0   50.852 -147.713   5191.5    518.4
     1     1    19    10    21    16     0     2  -194.0   50.801 -149.306   5490.1    495.8
     1     1    19    10    21    15     0     3  -195.0   50.734 -150.732   5700.8    481.0
     1     1    19    10    21    14     0     2  -196.0   50.722 -152.207   5916.7    466.6
     1     1    19    10    21    13     0     1  -197.0   50.591 -153.644   6067.5    455.5
     1     1    19    10    21    12     0     0  -198.0   50.415 -154.986   6206.5    448.1
     1     1    19    10    21    11     0     1  -199.0   50.269 -156.422   6442.0    430.2
     1     1    19    10    21    10     0     2  -200.0   49.974 -157.790   6593.1    420.5
     1     1    19    10    21     9     0     3  -201.0   49.691 -159.035   6695.1    415.0
     1     1    19    10    21     8     0     2  -202.0   49.474 -160.430   6881.7    402.4
     1     1    19    10    21     7     0     1  -203.0   49.148 -161.808   6992.6    395.4
     1     1    19    10    21     6     0     0  -204.0   48.823 -163.095   7065.6    392.1
     1     1    19    10    21     5     0     1  -205.0   48.490 -164.510   7181.9    383.9
     1     1    19    10    21     4     0     2  -206.0   48.041 -165.921   7258.6    378.8
     1     1    19    10    21     3     0     3  -207.0   47.633 -167.249   7257.8    379.9
     1     1    19    10    21     2     0     2  -208.0   47.246 -168.657   7303.0    375.8
     1     1    19    10    21     1     0     1  -209.0   46.788 -170.052   7250.2    379.3
     1     1    19    10    21     0     0     0  -210.0   46.385 -171.465   7191.1    384.2
     1     1    19    10    20    23     0     1  -211.0   45.959 -172.948   7116.0    387.2
     1     1    19    10    20    22     0     2  -212.0   45.607 -174.448   6970.2    396.8
     1     1    19    10    20    21     0     3  -213.0   45.336 -176.017   6777.7    407.3
     1     1    19    10    20    20     0     2  -214.0   45.145 -177.578   6573.5    421.0
     1     1    19    10    20    19     0     1  -215.0   45.073 -179.175   6469.5    427.3
     1     1    19    10    20    18     0     0  -216.0   45.071  179.131   6349.0    434.8
     1     1    19    10    20    17     0     1  -217.0   45.172  177.405   6198.7    444.9
     1     1    19    10    20    16     0     2  -218.0   45.407  175.718   6118.1    450.1
     1     1    19    10    20    15     0     3  -219.0   45.718  174.052   6069.1    452.7
     1     1    19    10    20    14     0     2  -220.0   46.139  172.431   6040.1    455.8
     1     1    19    10    20    13     0     1  -221.0   46.679  170.905   6093.2    452.1
     1     1    19    10    20    12     0     0  -222.0   47.317  169.408   6123.3    451.0
     1     1    19    10    20    11     0     1  -223.0   48.128  168.121   6314.5    439.7
     1     1    19    10    20    10     0     2  -224.0   49.029  166.975   6571.4    421.4
     1     1    19    10    20     9     0     3  -225.0   50.014  165.989   6812.9    406.0
     1     1    19    10    20     8     0     2  -226.0   51.100  165.261   7059.3    391.7
     1     1    19    10    20     7     0     1  -227.0   52.190  164.676   7268.8    378.8
     1     1    19    10    20     6     0     0  -228.0   53.348  164.297   7487.3    366.0
     1     1    19    10    20     5     0     1  -229.0   54.557  164.042   7647.0    356.0
     1     1    19    10    20     4     0     2  -230.0   55.667  163.724   7757.5    349.9
     1     1    19    10    20     3     0     3  -231.0   56.755  163.425   7898.5    340.2
     1     1    19    10    20     2     0     2  -232.0   57.883  163.122   7992.4    339.2
     1     1    19    10    20     1     0     1  -233.0   58.955  162.787   8046.7    327.4
     1     1    19    10    20     0     0     0  -234.0   60.030  162.483   8016.9    319.8
     1     1    19    10    19    23     0     1  -235.0   61.132  162.218   8232.1    322.1
     1     1    19    10    19    22     0     2  -236.0   62.154  161.891   8238.4    302.1
     1     1    19    10    19    21     0     3  -237.0   63.084  161.498   8291.1    301.5
     1     1    19    10    19    20     0     2  -238.0   63.955  161.044   8296.5    291.7
     1     1    19    10    19    19     0     1  -239.0   64.753  160.528   8311.7    295.6
     1     1    19    10    19    18     0     0  -240.0   65.482  159.900   8309.2    297.3
