     7     1
    GDAS    19     6     1     0     0
    GDAS    19     7     1     0     0
    GDAS    19     8     1     0     0
    GDAS    19     9     1     0     0
    GDAS    19    10     1     0     0
    GDAS    19    11     1     0     0
    GDAS    19    12     1     0     0
     1 BACKWARD OMEGA   
    19    12    29    12   21.319 -157.670    10.0
     1 PRESSURE
     1     1    19    12    29    12     0     0     0.0   21.319 -157.670     10.0   1015.6
     1     1    19    12    29    11     0     1    -1.0   21.339 -157.574     14.0   1014.5
     1     1    19    12    29    10     0     2    -2.0   21.357 -157.458     21.2   1012.7
     1     1    19    12    29     9     0     3    -3.0   21.373 -157.333     32.4   1010.8
     1     1    19    12    29     8     0     2    -4.0   21.385 -157.208     51.0   1007.5
     1     1    19    12    29     7     0     1    -5.0   21.391 -157.087     80.1   1002.2
     1     1    19    12    29     6     0     0    -6.0   21.390 -156.966    111.7    997.1
     1     1    19    12    29     5     0     1    -7.0   21.375 -156.812    153.9    994.8
     1     1    19    12    29     4     0     2    -8.0   21.337 -156.600    212.0    988.2
     1     1    19    12    29     3     0     3    -9.0   21.279 -156.346    276.1    982.0
     1     1    19    12    29     2     0     2   -10.0   21.190 -156.070    329.4    976.5
     1     1    19    12    29     1     0     1   -11.0   21.074 -155.784    367.5    973.5
     1     1    19    12    29     0     0     0   -12.0   20.955 -155.505    402.4    970.3
     1     1    19    12    28    23     0     1   -13.0   20.857 -155.237    431.0    967.3
     1     1    19    12    28    22     0     2   -14.0   20.794 -154.971    438.8    966.9
     1     1    19    12    28    21     0     3   -15.0   20.762 -154.706    425.0    969.6
     1     1    19    12    28    20     0     2   -16.0   20.762 -154.443    401.9    973.1
     1     1    19    12    28    19     0     1   -17.0   20.787 -154.177    377.9    975.6
     1     1    19    12    28    18     0     0   -18.0   20.830 -153.905    352.6    978.3
     1     1    19    12    28    17     0     1   -19.0   20.895 -153.651    326.1    980.9
     1     1    19    12    28    16     0     2   -20.0   20.989 -153.429    303.2    983.7
     1     1    19    12    28    15     0     3   -21.0   21.113 -153.228    294.6    984.9
     1     1    19    12    28    14     0     2   -22.0   21.252 -153.032    306.3    983.2
     1     1    19    12    28    13     0     1   -23.0   21.381 -152.848    323.7    979.1
     1     1    19    12    28    12     0     0   -24.0   21.504 -152.686    330.2    977.9
     1     1    19    12    28    11     0     1   -25.0   21.630 -152.545    325.3    979.1
     1     1    19    12    28    10     0     2   -26.0   21.756 -152.419    312.6    981.5
     1     1    19    12    28     9     0     3   -27.0   21.883 -152.302    297.3    984.1
     1     1    19    12    28     8     0     2   -28.0   22.007 -152.190    286.6    985.6
     1     1    19    12    28     7     0     1   -29.0   22.125 -152.078    280.8    985.5
     1     1    19    12    28     6     0     0   -30.0   22.233 -151.965    271.0    985.8
     1     1    19    12    28     5     0     1   -31.0   22.320 -151.865    254.8    987.3
     1     1    19    12    28     4     0     2   -32.0   22.380 -151.790    236.5    988.7
     1     1    19    12    28     3     0     3   -33.0   22.419 -151.739    218.7    990.1
     1     1    19    12    28     2     0     2   -34.0   22.444 -151.705    203.2    991.6
     1     1    19    12    28     1     0     1   -35.0   22.460 -151.680    191.2    992.7
     1     1    19    12    28     0     0     0   -36.0   22.468 -151.666    183.4    993.4
     1     1    19    12    27    23     0     1   -37.0   22.475 -151.657    178.9    994.6
     1     1    19    12    27    22     0     2   -38.0   22.489 -151.651    176.6    995.7
     1     1    19    12    27    21     0     3   -39.0   22.512 -151.646    176.5    996.5
     1     1    19    12    27    20     0     2   -40.0   22.534 -151.653    175.7    996.0
     1     1    19    12    27    19     0     1   -41.0   22.550 -151.682    172.0    996.3
     1     1    19    12    27    18     0     0   -42.0   22.563 -151.736    166.2    996.9
     1     1    19    12    27    17     0     1   -43.0   22.575 -151.805    158.0    997.2
     1     1    19    12    27    16     0     2   -44.0   22.587 -151.885    145.3    998.3
     1     1    19    12    27    15     0     3   -45.0   22.609 -151.980    127.6    999.7
     1     1    19    12    27    14     0     2   -46.0   22.636 -152.089    111.3   1001.9
     1     1    19    12    27    13     0     1   -47.0   22.652 -152.207    101.4   1002.7
     1     1    19    12    27    12     0     0   -48.0   22.655 -152.334     96.1   1003.0
     1     1    19    12    27    11     0     1   -49.0   22.639 -152.474     93.7   1003.7
     1     1    19    12    27    10     0     2   -50.0   22.605 -152.626     94.0   1004.4
     1     1    19    12    27     9     0     3   -51.0   22.562 -152.793     98.5   1004.5
     1     1    19    12    27     8     0     2   -52.0   22.516 -152.975    105.0   1002.7
     1     1    19    12    27     7     0     1   -53.0   22.463 -153.164    106.9   1001.6
     1     1    19    12    27     6     0     0   -54.0   22.390 -153.357    101.2   1001.7
     1     1    19    12    27     5     0     1   -55.0   22.301 -153.546     91.0   1002.4
     1     1    19    12    27     4     0     2   -56.0   22.200 -153.728     78.5   1003.2
     1     1    19    12    27     3     0     3   -57.0   22.083 -153.900     63.6   1004.5
     1     1    19    12    27     2     0     2   -58.0   21.940 -154.068     50.5   1006.3
     1     1    19    12    27     1     0     1   -59.0   21.774 -154.222     42.6   1006.8
     1     1    19    12    27     0     0     0   -60.0   21.593 -154.354     39.5   1007.0
     1     1    19    12    26    23     0     1   -61.0   21.394 -154.455     39.4   1006.8
     1     1    19    12    26    22     0     2   -62.0   21.174 -154.524     40.1   1006.8
     1     1    19    12    26    21     0     3   -63.0   20.919 -154.562     41.1   1006.7
     1     1    19    12    26    20     0     2   -64.0   20.642 -154.567     43.0   1006.7
     1     1    19    12    26    19     0     1   -65.0   20.357 -154.543     47.0   1006.7
     1     1    19    12    26    18     0     0   -66.0   20.073 -154.506     52.5   1006.9
     1     1    19    12    26    17     0     1   -67.0   19.802 -154.461     55.7   1005.8
     1     1    19    12    26    16     0     2   -68.0   19.547 -154.404     52.9   1005.7
     1     1    19    12    26    15     0     3   -69.0   19.301 -154.337     45.5   1005.7
     1     1    19    12    26    14     0     2   -70.0   19.060 -154.255     36.6   1006.6
     1     1    19    12    26    13     0     1   -71.0   18.820 -154.144     29.9   1007.5
     1     1    19    12    26    12     0     0   -72.0   18.585 -153.994     26.6   1007.7
     1     1    19    12    26    11     0     1   -73.0   18.365 -153.821     24.8   1008.9
     1     1    19    12    26    10     0     2   -74.0   18.160 -153.641     22.9   1010.2
     1     1    19    12    26     9     0     3   -75.0   17.960 -153.445     20.8   1011.6
     1     1    19    12    26     8     0     2   -76.0   17.780 -153.232     19.2   1012.0
     1     1    19    12    26     7     0     1   -77.0   17.637 -153.011     18.5   1012.1
     1     1    19    12    26     6     0     0   -78.0   17.524 -152.784     18.2   1012.2
     1     1    19    12    26     5     0     1   -79.0   17.425 -152.555     18.2   1011.0
     1     1    19    12    26     4     0     2   -80.0   17.324 -152.321     18.2   1009.9
     1     1    19    12    26     3     0     3   -81.0   17.221 -152.084     18.2   1008.7
     1     1    19    12    26     2     0     2   -82.0   17.121 -151.844     18.0   1008.8
     1     1    19    12    26     1     0     1   -83.0   17.034 -151.601     17.3   1008.9
     1     1    19    12    26     0     0     0   -84.0   16.954 -151.351     15.9   1009.2
     1     1    19    12    25    23     0     1   -85.0   16.878 -151.086     14.1   1009.7
     1     1    19    12    25    22     0     2   -86.0   16.803 -150.803     12.5   1010.2
     1     1    19    12    25    21     0     3   -87.0   16.732 -150.501     11.2   1010.6
     1     1    19    12    25    20     0     2   -88.0   16.673 -150.184     10.3   1011.0
     1     1    19    12    25    19     0     1   -89.0   16.631 -149.858      9.9   1011.3
     1     1    19    12    25    18     0     0   -90.0   16.605 -149.527      9.9   1011.4
     1     1    19    12    25    17     0     1   -91.0   16.586 -149.196     10.3   1011.4
     1     1    19    12    25    16     0     2   -92.0   16.565 -148.866     11.0   1011.5
     1     1    19    12    25    15     0     3   -93.0   16.546 -148.531     11.8   1011.4
     1     1    19    12    25    14     0     2   -94.0   16.539 -148.187     12.7   1010.8
     1     1    19    12    25    13     0     1   -95.0   16.545 -147.840     13.7   1010.4
     1     1    19    12    25    12     0     0   -96.0   16.558 -147.490     14.5   1010.0
     1     1    19    12    25    11     0     1   -97.0   16.574 -147.134     15.1   1010.6
     1     1    19    12    25    10     0     2   -98.0   16.591 -146.775     15.5   1011.3
     1     1    19    12    25     9     0     3   -99.0   16.612 -146.418     15.9   1011.9
     1     1    19    12    25     8     0     2  -100.0   16.644 -146.064     16.1   1012.1
     1     1    19    12    25     7     0     1  -101.0   16.691 -145.708     16.2   1012.4
     1     1    19    12    25     6     0     0  -102.0   16.750 -145.347     16.5   1012.7
     1     1    19    12    25     5     0     1  -103.0   16.818 -144.987     17.2   1012.4
     1     1    19    12    25     4     0     2  -104.0   16.894 -144.627     18.5   1012.1
     1     1    19    12    25     3     0     3  -105.0   16.978 -144.262     20.6   1011.9
     1     1    19    12    25     2     0     2  -106.0   17.063 -143.893     23.2   1010.7
     1     1    19    12    25     1     0     1  -107.0   17.146 -143.527     25.5   1009.4
     1     1    19    12    25     0     0     0  -108.0   17.236 -143.164     26.7   1008.4
     1     1    19    12    24    23     0     1  -109.0   17.339 -142.803     27.2   1009.8
     1     1    19    12    24    22     0     2  -110.0   17.451 -142.449     27.9   1011.2
     1     1    19    12    24    21     0     3  -111.0   17.573 -142.099     28.2   1012.5
     1     1    19    12    24    20     0     2  -112.0   17.694 -141.754     28.5   1012.7
     1     1    19    12    24    19     0     1  -113.0   17.804 -141.407     29.3   1012.7
     1     1    19    12    24    18     0     0  -114.0   17.896 -141.057     30.0   1012.8
     1     1    19    12    24    17     0     1  -115.0   17.982 -140.708     30.7   1012.6
     1     1    19    12    24    16     0     2  -116.0   18.076 -140.366     32.1   1012.5
     1     1    19    12    24    15     0     3  -117.0   18.184 -140.030     35.9   1012.1
     1     1    19    12    24    14     0     2  -118.0   18.301 -139.702     40.7   1010.9
     1     1    19    12    24    13     0     1  -119.0   18.420 -139.388     44.9   1010.2
     1     1    19    12    24    12     0     0  -120.0   18.541 -139.086     48.8   1009.8
     1     1    19    12    24    11     0     1  -121.0   18.660 -138.791     51.3   1010.2
     1     1    19    12    24    10     0     2  -122.0   18.771 -138.491     50.5   1010.8
     1     1    19    12    24     9     0     3  -123.0   18.876 -138.184     46.9   1011.4
     1     1    19    12    24     8     0     2  -124.0   18.981 -137.868     44.1   1012.0
     1     1    19    12    24     7     0     1  -125.0   19.091 -137.550     44.8   1012.0
     1     1    19    12    24     6     0     0  -126.0   19.204 -137.234     48.4   1011.6
     1     1    19    12    24     5     0     1  -127.0   19.330 -136.924     51.4   1011.0
     1     1    19    12    24     4     0     2  -128.0   19.476 -136.620     51.1   1011.0
     1     1    19    12    24     3     0     3  -129.0   19.652 -136.317     50.0   1011.2
     1     1    19    12    24     2     0     2  -130.0   19.859 -136.015     51.8   1010.3
     1     1    19    12    24     1     0     1  -131.0   20.081 -135.725     57.3   1009.0
     1     1    19    12    24     0     0     0  -132.0   20.298 -135.457     64.5   1007.4
     1     1    19    12    23    23     0     1  -133.0   20.523 -135.206     71.9   1007.2
     1     1    19    12    23    22     0     2  -134.0   20.776 -134.966     79.4   1007.3
     1     1    19    12    23    21     0     3  -135.0   21.052 -134.746     90.6   1007.3
     1     1    19    12    23    20     0     2  -136.0   21.339 -134.561    105.6   1005.8
     1     1    19    12    23    19     0     1  -137.0   21.625 -134.413    120.1   1004.8
     1     1    19    12    23    18     0     0  -138.0   21.906 -134.297    132.1   1004.2
     1     1    19    12    23    17     0     1  -139.0   22.183 -134.207    140.0   1003.0
     1     1    19    12    23    16     0     2  -140.0   22.460 -134.135    143.7   1002.2
     1     1    19    12    23    15     0     3  -141.0   22.734 -134.078    144.3   1001.8
     1     1    19    12    23    14     0     2  -142.0   23.013 -134.040    141.6   1001.9
     1     1    19    12    23    13     0     1  -143.0   23.302 -134.032    133.6   1002.5
     1     1    19    12    23    12     0     0  -144.0   23.601 -134.056    119.3   1003.8
     1     1    19    12    23    11     0     1  -145.0   23.902 -134.097    107.3   1006.0
     1     1    19    12    23    10     0     2  -146.0   24.187 -134.139    104.1   1006.3
     1     1    19    12    23     9     0     3  -147.0   24.455 -134.182    107.1   1005.8
     1     1    19    12    23     8     0     2  -148.0   24.718 -134.225    112.6   1005.4
     1     1    19    12    23     7     0     1  -149.0   24.992 -134.271    120.4   1005.1
     1     1    19    12    23     6     0     0  -150.0   25.271 -134.318    130.9   1004.3
     1     1    19    12    23     5     0     1  -151.0   25.549 -134.365    138.8   1002.7
     1     1    19    12    23     4     0     2  -152.0   25.830 -134.411    143.2   1002.1
     1     1    19    12    23     3     0     3  -153.0   26.122 -134.458    149.4   1001.1
     1     1    19    12    23     2     0     2  -154.0   26.422 -134.510    156.4    999.7
     1     1    19    12    23     1     0     1  -155.0   26.720 -134.569    162.5    999.0
     1     1    19    12    23     0     0     0  -156.0   27.012 -134.630    170.2    997.9
     1     1    19    12    22    23     0     1  -157.0   27.305 -134.692    178.0    997.0
     1     1    19    12    22    22     0     2  -158.0   27.608 -134.751    183.9    996.7
     1     1    19    12    22    21     0     3  -159.0   27.919 -134.794    189.5    996.4
     1     1    19    12    22    20     0     2  -160.0   28.236 -134.835    195.2    996.0
     1     1    19    12    22    19     0     1  -161.0   28.560 -134.889    198.6    995.7
     1     1    19    12    22    18     0     0  -162.0   28.894 -134.948    197.3    996.2
     1     1    19    12    22    17     0     1  -163.0   29.233 -135.014    193.3    996.5
     1     1    19    12    22    16     0     2  -164.0   29.574 -135.095    192.2    996.3
     1     1    19    12    22    15     0     3  -165.0   29.923 -135.184    198.7    995.0
     1     1    19    12    22    14     0     2  -166.0   30.280 -135.282    210.1    992.9
     1     1    19    12    22    13     0     1  -167.0   30.641 -135.393    222.1    991.5
     1     1    19    12    22    12     0     0  -168.0   31.018 -135.514    239.6    989.8
     1     1    19    12    22    11     0     1  -169.0   31.402 -135.641    257.5    987.2
     1     1    19    12    22    10     0     2  -170.0   31.786 -135.762    269.8    986.2
     1     1    19    12    22     9     0     3  -171.0   32.173 -135.866    280.3    985.1
     1     1    19    12    22     8     0     2  -172.0   32.563 -135.962    281.7    983.6
     1     1    19    12    22     7     0     1  -173.0   32.953 -136.062    275.1    985.3
     1     1    19    12    22     6     0     0  -174.0   33.348 -136.162    277.9    985.9
     1     1    19    12    22     5     0     1  -175.0   33.752 -136.256    293.3    982.9
     1     1    19    12    22     4     0     2  -176.0   34.164 -136.342    308.6    979.9
     1     1    19    12    22     3     0     3  -177.0   34.576 -136.421    316.2    978.7
     1     1    19    12    22     2     0     2  -178.0   34.983 -136.499    321.5    978.5
     1     1    19    12    22     1     0     1  -179.0   35.386 -136.583    328.9    977.1
     1     1    19    12    22     0     0     0  -180.0   35.788 -136.672    329.3    975.8
     1     1    19    12    21    23     0     1  -181.0   36.183 -136.769    317.8    977.8
     1     1    19    12    21    22     0     2  -182.0   36.562 -136.862    310.5    980.6
     1     1    19    12    21    21     0     3  -183.0   36.921 -136.932    318.5    979.7
     1     1    19    12    21    20     0     2  -184.0   37.268 -136.985    332.0    976.7
     1     1    19    12    21    19     0     1  -185.0   37.613 -137.039    342.1    975.1
     1     1    19    12    21    18     0     0  -186.0   37.963 -137.089    348.4    974.4
     1     1    19    12    21    17     0     1  -187.0   38.309 -137.139    348.3    973.3
     1     1    19    12    21    16     0     2  -188.0   38.641 -137.194    345.3    973.9
     1     1    19    12    21    15     0     3  -189.0   38.958 -137.240    350.9    973.2
     1     1    19    12    21    14     0     2  -190.0   39.258 -137.298    358.4    970.7
     1     1    19    12    21    13     0     1  -191.0   39.544 -137.387    353.4    970.7
     1     1    19    12    21    12     0     0  -192.0   39.819 -137.495    338.0    972.7
     1     1    19    12    21    11     0     1  -193.0   40.078 -137.607    326.4    974.8
     1     1    19    12    21    10     0     2  -194.0   40.316 -137.715    323.3    974.1
     1     1    19    12    21     9     0     3  -195.0   40.542 -137.825    322.1    973.4
     1     1    19    12    21     8     0     2  -196.0   40.757 -137.943    318.6    973.4
     1     1    19    12    21     7     0     1  -197.0   40.955 -138.067    307.9    974.1
     1     1    19    12    21     6     0     0  -198.0   41.135 -138.192    292.0    976.4
     1     1    19    12    21     5     0     1  -199.0   41.301 -138.330    281.2    977.9
     1     1    19    12    21     4     0     2  -200.0   41.462 -138.485    281.1    977.2
     1     1    19    12    21     3     0     3  -201.0   41.619 -138.661    289.1    975.3
     1     1    19    12    21     2     0     2  -202.0   41.760 -138.862    296.7    972.9
     1     1    19    12    21     1     0     1  -203.0   41.877 -139.085    297.4    972.3
     1     1    19    12    21     0     0     0  -204.0   41.970 -139.321    291.4    972.6
     1     1    19    12    20    23     0     1  -205.0   42.045 -139.560    285.0    974.2
     1     1    19    12    20    22     0     2  -206.0   42.102 -139.796    282.3    974.3
     1     1    19    12    20    21     0     3  -207.0   42.134 -140.037    280.1    974.3
     1     1    19    12    20    20     0     2  -208.0   42.159 -140.296    276.7    974.4
     1     1    19    12    20    19     0     1  -209.0   42.192 -140.584    272.3    974.7
     1     1    19    12    20    18     0     0  -210.0   42.223 -140.895    269.0    974.9
     1     1    19    12    20    17     0     1  -211.0   42.256 -141.226    267.1    974.4
     1     1    19    12    20    16     0     2  -212.0   42.301 -141.580    264.8    974.0
     1     1    19    12    20    15     0     3  -213.0   42.352 -141.961    263.6    973.6
     1     1    19    12    20    14     0     2  -214.0   42.400 -142.368    263.1    973.2
     1     1    19    12    20    13     0     1  -215.0   42.439 -142.794    263.3    973.1
     1     1    19    12    20    12     0     0  -216.0   42.468 -143.227    265.7    972.7
     1     1    19    12    20    11     0     1  -217.0   42.487 -143.664    270.9    972.2
     1     1    19    12    20    10     0     2  -218.0   42.506 -144.102    281.0    971.0
     1     1    19    12    20     9     0     3  -219.0   42.534 -144.540    291.9    969.0
     1     1    19    12    20     8     0     2  -220.0   42.574 -144.982    296.4    967.8
     1     1    19    12    20     7     0     1  -221.0   42.625 -145.428    295.3    968.0
     1     1    19    12    20     6     0     0  -222.0   42.690 -145.876    290.8    968.1
     1     1    19    12    20     5     0     1  -223.0   42.770 -146.333    286.7    969.0
     1     1    19    12    20     4     0     2  -224.0   42.860 -146.814    285.5    968.6
     1     1    19    12    20     3     0     3  -225.0   42.961 -147.320    281.0    968.4
     1     1    19    12    20     2     0     2  -226.0   43.075 -147.848    269.6    969.7
     1     1    19    12    20     1     0     1  -227.0   43.188 -148.389    260.1    971.4
     1     1    19    12    20     0     0     0  -228.0   43.294 -148.949    257.9    971.1
     1     1    19    12    19    23     0     1  -229.0   43.411 -149.521    259.8    971.4
     1     1    19    12    19    22     0     2  -230.0   43.552 -150.084    266.8    971.2
     1     1    19    12    19    21     0     3  -231.0   43.711 -150.634    276.0    969.8
     1     1    19    12    19    20     0     2  -232.0   43.875 -151.185    281.1    969.0
     1     1    19    12    19    19     0     1  -233.0   44.047 -151.747    286.8    969.1
     1     1    19    12    19    18     0     0  -234.0   44.240 -152.315    291.6    967.3
     1     1    19    12    19    17     0     1  -235.0   44.448 -152.888    287.9    967.7
     1     1    19    12    19    16     0     2  -236.0   44.666 -153.463    286.2    968.7
     1     1    19    12    19    15     0     3  -237.0   44.895 -154.032    287.9    967.3
     1     1    19    12    19    14     0     2  -238.0   45.137 -154.594    289.1    967.5
     1     1    19    12    19    13     0     1  -239.0   45.384 -155.155    296.1    967.1
     1     1    19    12    19    12     0     0  -240.0   45.641 -155.709    308.2    964.9
