     7     1
    GDAS    18    12     1     0     0
    GDAS    19     1     1     0     0
    GDAS    19     2     1     0     0
    GDAS    19     3     1     0     0
    GDAS    19     4     1     0     0
    GDAS    19     5     1     0     0
    GDAS    19     6     1     0     0
     1 BACKWARD OMEGA   
    19     3    10     0   21.319 -157.670    10.0
     1 PRESSURE
     1     1    19     3    10     0     0     0     0.0   21.319 -157.670     10.0   1015.9
     1     1    19     3     9    23     0     1    -1.0   21.431 -157.405     14.1   1015.5
     1     1    19     3     9    22     0     2    -2.0   21.523 -157.120     23.4   1014.4
     1     1    19     3     9    21     0     3    -3.0   21.590 -156.818     37.5   1014.0
     1     1    19     3     9    20     0     2    -4.0   21.629 -156.513     51.2   1014.0
     1     1    19     3     9    19     0     1    -5.0   21.647 -156.220     61.5   1013.7
     1     1    19     3     9    18     0     0    -6.0   21.654 -155.937     68.5   1013.5
     1     1    19     3     9    17     0     1    -7.0   21.659 -155.653     74.0   1012.5
     1     1    19     3     9    16     0     2    -8.0   21.666 -155.360     80.4   1011.3
     1     1    19     3     9    15     0     3    -9.0   21.676 -155.059     89.2   1010.0
     1     1    19     3     9    14     0     2   -10.0   21.691 -154.753     98.8   1008.6
     1     1    19     3     9    13     0     1   -11.0   21.709 -154.443    106.0   1007.8
     1     1    19     3     9    12     0     0   -12.0   21.732 -154.129    112.0   1007.3
     1     1    19     3     9    11     0     1   -13.0   21.765 -153.808    117.0   1007.3
     1     1    19     3     9    10     0     2   -14.0   21.811 -153.475    120.1   1007.5
     1     1    19     3     9     9     0     3   -15.0   21.869 -153.130    121.2   1008.0
     1     1    19     3     9     8     0     2   -16.0   21.938 -152.776    121.4   1007.9
     1     1    19     3     9     7     0     1   -17.0   22.017 -152.420    121.5   1007.8
     1     1    19     3     9     6     0     0   -18.0   22.107 -152.063    121.1   1007.8
     1     1    19     3     9     5     0     1   -19.0   22.209 -151.715    121.7   1007.2
     1     1    19     3     9     4     0     2   -20.0   22.320 -151.381    124.6   1006.4
     1     1    19     3     9     3     0     3   -21.0   22.438 -151.058    129.8   1005.5
     1     1    19     3     9     2     0     2   -22.0   22.561 -150.743    134.3   1004.9
     1     1    19     3     9     1     0     1   -23.0   22.690 -150.429    135.6   1004.8
     1     1    19     3     9     0     0     0   -24.0   22.825 -150.112    135.2   1004.8
     1     1    19     3     8    23     0     1   -25.0   22.955 -149.801    134.8   1005.7
     1     1    19     3     8    22     0     2   -26.0   23.075 -149.510    134.0   1006.5
     1     1    19     3     8    21     0     3   -27.0   23.185 -149.243    132.2   1007.4
     1     1    19     3     8    20     0     2   -28.0   23.286 -148.992    132.0   1007.7
     1     1    19     3     8    19     0     1   -29.0   23.385 -148.744    136.2   1007.4
     1     1    19     3     8    18     0     0   -30.0   23.484 -148.492    145.1   1006.5
     1     1    19     3     8    17     0     1   -31.0   23.588 -148.240    156.6   1004.4
     1     1    19     3     8    16     0     2   -32.0   23.695 -147.989    168.3   1002.6
     1     1    19     3     8    15     0     3   -33.0   23.802 -147.744    180.0   1000.9
     1     1    19     3     8    14     0     2   -34.0   23.912 -147.508    192.0    999.7
     1     1    19     3     8    13     0     1   -35.0   24.025 -147.291    203.3    998.4
     1     1    19     3     8    12     0     0   -36.0   24.140 -147.099    210.1    997.5
     1     1    19     3     8    11     0     1   -37.0   24.256 -146.923    213.3    997.6
     1     1    19     3     8    10     0     2   -38.0   24.376 -146.749    216.6    997.6
     1     1    19     3     8     9     0     3   -39.0   24.503 -146.575    220.7    997.3
     1     1    19     3     8     8     0     2   -40.0   24.641 -146.400    227.3    996.5
     1     1    19     3     8     7     0     1   -41.0   24.791 -146.229    237.9    995.1
     1     1    19     3     8     6     0     0   -42.0   24.956 -146.066    251.1    993.5
     1     1    19     3     8     5     0     1   -43.0   25.121 -145.921    264.5    991.7
     1     1    19     3     8     4     0     2   -44.0   25.275 -145.800    277.2    989.7
     1     1    19     3     8     3     0     3   -45.0   25.417 -145.701    290.5    987.7
     1     1    19     3     8     2     0     2   -46.0   25.555 -145.615    303.9    985.9
     1     1    19     3     8     1     0     1   -47.0   25.693 -145.535    315.9    984.4
     1     1    19     3     8     0     0     0   -48.0   25.831 -145.461    325.9    983.2
     1     1    19     3     7    23     0     1   -49.0   25.968 -145.396    333.6    982.8
     1     1    19     3     7    22     0     2   -50.0   26.099 -145.343    339.3    982.6
     1     1    19     3     7    21     0     3   -51.0   26.222 -145.305    344.4    982.6
     1     1    19     3     7    20     0     2   -52.0   26.346 -145.277    353.2    981.8
     1     1    19     3     7    19     0     1   -53.0   26.479 -145.257    368.6    980.0
     1     1    19     3     7    18     0     0   -54.0   26.621 -145.243    391.7    977.4
     1     1    19     3     7    17     0     1   -55.0   26.768 -145.240    416.6    973.7
     1     1    19     3     7    16     0     2   -56.0   26.916 -145.255    435.1    971.1
     1     1    19     3     7    15     0     3   -57.0   27.064 -145.290    445.4    969.5
     1     1    19     3     7    14     0     2   -58.0   27.207 -145.340    452.6    969.2
     1     1    19     3     7    13     0     1   -59.0   27.342 -145.400    460.7    968.0
     1     1    19     3     7    12     0     0   -60.0   27.475 -145.468    468.5    966.9
     1     1    19     3     7    11     0     1   -61.0   27.607 -145.539    477.2    966.2
     1     1    19     3     7    10     0     2   -62.0   27.741 -145.606    487.8    965.1
     1     1    19     3     7     9     0     3   -63.0   27.878 -145.668    500.3    963.8
     1     1    19     3     7     8     0     2   -64.0   28.020 -145.731    514.0    962.1
     1     1    19     3     7     7     0     1   -65.0   28.165 -145.801    530.8    960.4
     1     1    19     3     7     6     0     0   -66.0   28.310 -145.876    554.0    957.9
     1     1    19     3     7     5     0     1   -67.0   28.459 -145.959    581.5    954.0
     1     1    19     3     7     4     0     2   -68.0   28.617 -146.051    608.9    950.4
     1     1    19     3     7     3     0     3   -69.0   28.790 -146.153    633.8    947.2
     1     1    19     3     7     2     0     2   -70.0   28.965 -146.265    656.7    944.5
     1     1    19     3     7     1     0     1   -71.0   29.127 -146.384    678.6    941.9
     1     1    19     3     7     0     0     0   -72.0   29.276 -146.510    702.3    939.3
     1     1    19     3     6    23     0     1   -73.0   29.419 -146.634    728.0    936.5
     1     1    19     3     6    22     0     2   -74.0   29.560 -146.753    751.3    933.9
     1     1    19     3     6    21     0     3   -75.0   29.702 -146.865    768.0    932.2
     1     1    19     3     6    20     0     2   -76.0   29.844 -146.969    783.0    931.3
     1     1    19     3     6    19     0     1   -77.0   29.987 -147.065    803.5    929.0
     1     1    19     3     6    18     0     0   -78.0   30.126 -147.154    827.7    926.1
     1     1    19     3     6    17     0     1   -79.0   30.263 -147.232    850.1    923.0
     1     1    19     3     6    16     0     2   -80.0   30.402 -147.300    866.8    920.9
     1     1    19     3     6    15     0     3   -81.0   30.544 -147.357    877.4    919.5
     1     1    19     3     6    14     0     2   -82.0   30.685 -147.406    888.3    919.1
     1     1    19     3     6    13     0     1   -83.0   30.824 -147.451    905.3    917.2
     1     1    19     3     6    12     0     0   -84.0   30.959 -147.488    927.3    914.8
     1     1    19     3     6    11     0     1   -85.0   31.099 -147.510    951.6    911.9
     1     1    19     3     6    10     0     2   -86.0   31.252 -147.511    975.9    909.3
     1     1    19     3     6     9     0     3   -87.0   31.417 -147.492   1001.2    906.7
     1     1    19     3     6     8     0     2   -88.0   31.595 -147.462   1029.9    903.7
     1     1    19     3     6     7     0     1   -89.0   31.785 -147.430   1065.6    900.0
     1     1    19     3     6     6     0     0   -90.0   31.989 -147.394   1112.5    895.2
     1     1    19     3     6     5     0     1   -91.0   32.198 -147.362   1162.0    888.5
     1     1    19     3     6     4     0     2   -92.0   32.409 -147.337   1201.2    883.6
     1     1    19     3     6     3     0     3   -93.0   32.626 -147.318   1228.7    880.3
     1     1    19     3     6     2     0     2   -94.0   32.852 -147.300   1249.5    878.5
     1     1    19     3     6     1     0     1   -95.0   33.088 -147.283   1269.3    876.3
     1     1    19     3     6     0     0     0   -96.0   33.332 -147.263   1289.9    874.1
     1     1    19     3     5    23     0     1   -97.0   33.578 -147.230   1314.4    871.9
     1     1    19     3     5    22     0     2   -98.0   33.825 -147.176   1347.1    869.0
     1     1    19     3     5    21     0     3   -99.0   34.078 -147.099   1394.5    864.7
     1     1    19     3     5    20     0     2  -100.0   34.337 -147.009   1451.7    857.6
     1     1    19     3     5    19     0     1  -101.0   34.604 -146.912   1505.0    851.0
     1     1    19     3     5    18     0     0  -102.0   34.887 -146.807   1548.1    845.9
     1     1    19     3     5    17     0     1  -103.0   35.183 -146.698   1588.8    842.0
     1     1    19     3     5    16     0     2  -104.0   35.486 -146.589   1639.6    836.5
     1     1    19     3     5    15     0     3  -105.0   35.801 -146.477   1708.2    829.3
     1     1    19     3     5    14     0     2  -106.0   36.131 -146.365   1794.9    819.8
     1     1    19     3     5    13     0     1  -107.0   36.469 -146.251   1886.9    809.7
     1     1    19     3     5    12     0     0  -108.0   36.820 -146.134   1971.7    800.3
     1     1    19     3     5    11     0     1  -109.0   37.180 -146.010   2039.4    793.2
     1     1    19     3     5    10     0     2  -110.0   37.540 -145.880   2091.0    788.7
     1     1    19     3     5     9     0     3  -111.0   37.902 -145.752   2140.3    784.8
     1     1    19     3     5     8     0     2  -112.0   38.262 -145.621   2193.1    779.4
     1     1    19     3     5     7     0     1  -113.0   38.614 -145.482   2246.1    774.3
     1     1    19     3     5     6     0     0  -114.0   38.965 -145.339   2300.9    769.2
     1     1    19     3     5     5     0     1  -115.0   39.299 -145.194   2349.2    763.3
     1     1    19     3     5     4     0     2  -116.0   39.599 -145.046   2384.0    760.3
     1     1    19     3     5     3     0     3  -117.0   39.874 -144.898   2410.7    757.7
     1     1    19     3     5     2     0     2  -118.0   40.130 -144.741   2434.2    755.9
     1     1    19     3     5     1     0     1  -119.0   40.369 -144.564   2456.9    753.8
     1     1    19     3     5     0     0     0  -120.0   40.596 -144.372   2479.5    751.9
     1     1    19     3     4    23     0     1  -121.0   40.812 -144.168   2499.6    749.9
     1     1    19     3     4    22     0     2  -122.0   41.017 -143.957   2513.0    749.0
     1     1    19     3     4    21     0     3  -123.0   41.210 -143.739   2519.1    748.8
     1     1    19     3     4    20     0     2  -124.0   41.395 -143.521   2515.1    749.1
     1     1    19     3     4    19     0     1  -125.0   41.578 -143.311   2500.0    750.8
     1     1    19     3     4    18     0     0  -126.0   41.755 -143.111   2476.0    753.5
     1     1    19     3     4    17     0     1  -127.0   41.922 -142.928   2454.2    756.6
     1     1    19     3     4    16     0     2  -128.0   42.079 -142.768   2444.2    757.5
     1     1    19     3     4    15     0     3  -129.0   42.229 -142.628   2446.4    757.3
     1     1    19     3     4    14     0     2  -130.0   42.375 -142.499   2457.2    756.0
     1     1    19     3     4    13     0     1  -131.0   42.514 -142.375   2472.2    754.7
     1     1    19     3     4    12     0     0  -132.0   42.641 -142.259   2491.4    753.1
     1     1    19     3     4    11     0     1  -133.0   42.760 -142.144   2514.7    751.1
     1     1    19     3     4    10     0     2  -134.0   42.871 -142.018   2540.0    748.8
     1     1    19     3     4     9     0     3  -135.0   42.973 -141.882   2563.0    746.6
     1     1    19     3     4     8     0     2  -136.0   43.076 -141.740   2580.4    744.9
     1     1    19     3     4     7     0     1  -137.0   43.190 -141.595   2591.0    743.9
     1     1    19     3     4     6     0     0  -138.0   43.317 -141.450   2592.4    743.6
     1     1    19     3     4     5     0     1  -139.0   43.451 -141.321   2587.9    744.5
     1     1    19     3     4     4     0     2  -140.0   43.587 -141.221   2583.3    745.0
     1     1    19     3     4     3     0     3  -141.0   43.727 -141.146   2580.9    745.4
     1     1    19     3     4     2     0     2  -142.0   43.861 -141.092   2589.4    745.2
     1     1    19     3     4     1     0     1  -143.0   43.984 -141.056   2616.2    742.6
     1     1    19     3     4     0     0     0  -144.0   44.098 -141.039   2659.9    738.4
     1     1    19     3     3    23     0     1  -145.0   44.203 -141.029   2701.8    733.0
     1     1    19     3     3    22     0     2  -146.0   44.300 -141.019   2725.3    731.0
     1     1    19     3     3    21     0     3  -147.0   44.386 -141.004   2734.0    730.5
     1     1    19     3     3    20     0     2  -148.0   44.473 -140.984   2741.4    730.9
     1     1    19     3     3    19     0     1  -149.0   44.572 -140.961   2759.0    729.1
     1     1    19     3     3    18     0     0  -150.0   44.684 -140.935   2785.4    726.5
     1     1    19     3     3    17     0     1  -151.0   44.802 -140.917   2814.3    723.0
     1     1    19     3     3    16     0     2  -152.0   44.918 -140.916   2840.1    720.4
     1     1    19     3     3    15     0     3  -153.0   45.033 -140.931   2862.4    718.1
     1     1    19     3     3    14     0     2  -154.0   45.140 -140.962   2878.7    716.4
     1     1    19     3     3    13     0     1  -155.0   45.233 -141.003   2887.1    715.7
     1     1    19     3     3    12     0     0  -156.0   45.313 -141.053   2887.7    715.7
     1     1    19     3     3    11     0     1  -157.0   45.375 -141.104   2885.8    716.3
     1     1    19     3     3    10     0     2  -158.0   45.417 -141.149   2886.7    716.1
     1     1    19     3     3     9     0     3  -159.0   45.437 -141.191   2890.6    715.7
     1     1    19     3     3     8     0     2  -160.0   45.444 -141.226   2895.0    715.0
     1     1    19     3     3     7     0     1  -161.0   45.445 -141.251   2897.8    714.6
     1     1    19     3     3     6     0     0  -162.0   45.442 -141.268   2898.8    714.4
     1     1    19     3     3     5     0     1  -163.0   45.436 -141.276   2902.9    714.3
     1     1    19     3     3     4     0     2  -164.0   45.430 -141.280   2915.1    712.9
     1     1    19     3     3     3     0     3  -165.0   45.423 -141.278   2935.5    710.8
     1     1    19     3     3     2     0     2  -166.0   45.414 -141.274   2955.8    708.1
     1     1    19     3     3     1     0     1  -167.0   45.398 -141.269   2967.4    706.8
     1     1    19     3     3     0     0     0  -168.0   45.375 -141.260   2970.3    706.4
     1     1    19     3     2    23     0     1  -169.0   45.348 -141.251   2969.5    706.8
     1     1    19     3     2    22     0     2  -170.0   45.321 -141.246   2969.8    706.6
     1     1    19     3     2    21     0     3  -171.0   45.294 -141.242   2971.1    706.4
     1     1    19     3     2    20     0     2  -172.0   45.267 -141.240   2977.6    706.0
     1     1    19     3     2    19     0     1  -173.0   45.241 -141.234   2993.6    704.3
     1     1    19     3     2    18     0     0  -174.0   45.217 -141.227   3019.5    701.8
     1     1    19     3     2    17     0     1  -175.0   45.196 -141.223   3049.5    698.3
     1     1    19     3     2    16     0     2  -176.0   45.177 -141.231   3077.7    695.6
     1     1    19     3     2    15     0     3  -177.0   45.160 -141.250   3104.9    692.9
     1     1    19     3     2    14     0     2  -178.0   45.143 -141.276   3133.6    690.4
     1     1    19     3     2    13     0     1  -179.0   45.120 -141.301   3166.0    687.4
     1     1    19     3     2    12     0     0  -180.0   45.092 -141.326   3202.5    684.0
     1     1    19     3     2    11     0     1  -181.0   45.062 -141.347   3234.7    680.3
     1     1    19     3     2    10     0     2  -182.0   45.030 -141.361   3254.4    678.5
     1     1    19     3     2     9     0     3  -183.0   44.994 -141.366   3261.3    677.8
     1     1    19     3     2     8     0     2  -184.0   44.958 -141.364   3265.6    678.3
     1     1    19     3     2     7     0     1  -185.0   44.928 -141.355   3277.9    677.2
     1     1    19     3     2     6     0     0  -186.0   44.903 -141.340   3298.6    675.3
     1     1    19     3     2     5     0     1  -187.0   44.886 -141.318   3326.2    672.5
     1     1    19     3     2     4     0     2  -188.0   44.876 -141.290   3358.8    669.5
     1     1    19     3     2     3     0     3  -189.0   44.874 -141.254   3396.1    666.0
     1     1    19     3     2     2     0     2  -190.0   44.877 -141.219   3429.3    662.4
     1     1    19     3     2     1     0     1  -191.0   44.882 -141.192   3449.5    660.7
     1     1    19     3     2     0     0     0  -192.0   44.888 -141.171   3456.6    660.1
     1     1    19     3     1    23     0     1  -193.0   44.892 -141.152   3457.0    660.7
     1     1    19     3     1    22     0     2  -194.0   44.890 -141.128   3457.2    660.7
     1     1    19     3     1    21     0     3  -195.0   44.880 -141.100   3457.3    660.7
     1     1    19     3     1    20     0     2  -196.0   44.873 -141.065   3457.3    660.7
     1     1    19     3     1    19     0     1  -197.0   44.875 -141.021   3457.4    660.6
     1     1    19     3     1    18     0     0  -198.0   44.885 -140.970   3457.2    660.6
     1     1    19     3     1    17     0     1  -199.0   44.904 -140.918   3465.7    660.6
     1     1    19     3     1    16     0     2  -200.0   44.936 -140.873   3492.2    658.2
     1     1    19     3     1    15     0     3  -201.0   44.980 -140.835   3537.1    654.3
     1     1    19     3     1    14     0     2  -202.0   45.034 -140.803   3582.6    649.0
     1     1    19     3     1    13     0     1  -203.0   45.093 -140.772   3611.2    646.6
     1     1    19     3     1    12     0     0  -204.0   45.159 -140.741   3622.8    645.6
     1     1    19     3     1    11     0     1  -205.0   45.234 -140.714   3625.3    646.0
     1     1    19     3     1    10     0     2  -206.0   45.321 -140.697   3625.8    646.0
     1     1    19     3     1     9     0     3  -207.0   45.419 -140.688   3624.4    646.1
     1     1    19     3     1     8     0     2  -208.0   45.526 -140.684   3627.6    646.3
     1     1    19     3     1     7     0     1  -209.0   45.643 -140.680   3641.7    645.1
     1     1    19     3     1     6     0     0  -210.0   45.769 -140.673   3666.4    642.9
     1     1    19     3     1     5     0     1  -211.0   45.910 -140.665   3695.4    639.8
     1     1    19     3     1     4     0     2  -212.0   46.071 -140.656   3720.6    637.4
     1     1    19     3     1     3     0     3  -213.0   46.251 -140.648   3742.4    635.4
     1     1    19     3     1     2     0     2  -214.0   46.443 -140.643   3762.7    633.7
     1     1    19     3     1     1     0     1  -215.0   46.643 -140.638   3782.9    632.0
     1     1    19     3     1     0     0     0  -216.0   46.852 -140.631   3805.5    630.2
     1     1    19     2    28    23     0     1  -217.0   47.073 -140.615   3826.7    627.9
     1     1    19     2    28    22     0     2  -218.0   47.312 -140.588   3839.7    626.5
     1     1    19     2    28    21     0     3  -219.0   47.568 -140.543   3843.8    626.1
     1     1    19     2    28    20     0     2  -220.0   47.843 -140.483   3845.1    626.3
     1     1    19     2    28    19     0     1  -221.0   48.135 -140.409   3850.0    625.7
     1     1    19     2    28    18     0     0  -222.0   48.447 -140.320   3860.0    624.8
     1     1    19     2    28    17     0     1  -223.0   48.779 -140.215   3869.5    623.4
     1     1    19     2    28    16     0     2  -224.0   49.130 -140.090   3869.6    623.1
     1     1    19     2    28    15     0     3  -225.0   49.496 -139.940   3860.9    624.1
     1     1    19     2    28    14     0     2  -226.0   49.872 -139.762   3854.5    625.3
     1     1    19     2    28    13     0     1  -227.0   50.255 -139.550   3855.4    625.0
     1     1    19     2    28    12     0     0  -228.0   50.649 -139.298   3862.0    624.6
     1     1    19     2    28    11     0     1  -229.0   51.055 -139.005   3869.5    623.5
     1     1    19     2    28    10     0     2  -230.0   51.464 -138.675   3871.0    623.2
     1     1    19     2    28     9     0     3  -231.0   51.871 -138.305   3865.1    623.7
     1     1    19     2    28     8     0     2  -232.0   52.280 -137.895   3856.0    624.9
     1     1    19     2    28     7     0     1  -233.0   52.680 -137.456   3850.7    625.6
     1     1    19     2    28     6     0     0  -234.0   53.071 -136.988   3857.8    625.6
     1     1    19     2    28     5     0     1  -235.0   53.447 -136.491   3869.5    623.6
     1     1    19     2    28     4     0     2  -236.0   53.801 -135.960   3874.7    623.6
     1     1    19     2    28     3     0     3  -237.0   54.127 -135.382   3877.0    623.7
     1     1    19     2    28     2     0     2  -238.0   54.429 -134.765   3889.7    623.7
     1     1    19     2    28     1     0     1  -239.0   54.724 -134.106   3948.8    620.8
     1     1    19     2    28     0     0     0  -240.0   55.031 -133.402   4044.0    605.4
