     7     1
    GDAS    18    12     1     0     0
    GDAS    19     1     1     0     0
    GDAS    19     2     1     0     0
    GDAS    19     3     1     0     0
    GDAS    19     4     1     0     0
    GDAS    19     5     1     0     0
    GDAS    19     6     1     0     0
     1 BACKWARD OMEGA   
    19     1     7    18   21.319 -157.670    10.0
     1 PRESSURE
     1     1    19     1     7    18     0     0     0.0   21.319 -157.670     10.0   1017.4
     1     1    19     1     7    17     0     1    -1.0   21.406 -157.558     11.4   1016.6
     1     1    19     1     7    16     0     2    -2.0   21.494 -157.443     13.5   1015.5
     1     1    19     1     7    15     0     3    -3.0   21.581 -157.325     16.3   1014.3
     1     1    19     1     7    14     0     2    -4.0   21.665 -157.207     19.8   1013.9
     1     1    19     1     7    13     0     1    -5.0   21.750 -157.094     23.7   1013.6
     1     1    19     1     7    12     0     0    -6.0   21.836 -156.985     27.3   1013.5
     1     1    19     1     7    11     0     1    -7.0   21.924 -156.883     29.7   1014.6
     1     1    19     1     7    10     0     2    -8.0   22.013 -156.788     30.4   1015.9
     1     1    19     1     7     9     0     3    -9.0   22.103 -156.702     30.4   1016.9
     1     1    19     1     7     8     0     2   -10.0   22.190 -156.639     30.5   1017.0
     1     1    19     1     7     7     0     1   -11.0   22.274 -156.607     30.9   1017.0
     1     1    19     1     7     6     0     0   -12.0   22.354 -156.600     31.8   1017.0
     1     1    19     1     7     5     0     1   -13.0   22.423 -156.621     32.7   1016.7
     1     1    19     1     7     4     0     2   -14.0   22.480 -156.674     33.1   1016.6
     1     1    19     1     7     3     0     3   -15.0   22.535 -156.759     32.8   1016.5
     1     1    19     1     7     2     0     2   -16.0   22.569 -156.854     32.6   1016.2
     1     1    19     1     7     1     0     1   -17.0   22.558 -156.940     32.5   1015.8
     1     1    19     1     7     0     0     0   -18.0   22.506 -157.021     32.5   1015.2
     1     1    19     1     6    23     0     1   -19.0   22.428 -157.087     32.9   1015.8
     1     1    19     1     6    22     0     2   -20.0   22.339 -157.128     33.5   1016.3
     1     1    19     1     6    21     0     3   -21.0   22.236 -157.142     34.1   1016.9
     1     1    19     1     6    20     0     2   -22.0   22.120 -157.128     34.0   1015.9
     1     1    19     1     6    19     0     1   -23.0   21.988 -157.080     32.7   1014.6
     1     1    19     1     6    18     0     0   -24.0   21.846 -157.002     30.3   1013.1
     1     1    19     1     6    17     0     1   -25.0   21.716 -156.913     28.0   1013.0
     1     1    19     1     6    16     0     2   -26.0   21.610 -156.823     26.5   1012.8
     1     1    19     1     6    15     0     3   -27.0   21.523 -156.725     25.9   1012.5
     1     1    19     1     6    14     0     2   -28.0   21.440 -156.613     26.4   1012.6
     1     1    19     1     6    13     0     1   -29.0   21.351 -156.483     28.9   1012.5
     1     1    19     1     6    12     0     0   -30.0   21.249 -156.331     35.0   1012.1
     1     1    19     1     6    11     0     1   -31.0   21.130 -156.145     47.0   1012.8
     1     1    19     1     6    10     0     2   -32.0   20.990 -155.907     68.5   1012.5
     1     1    19     1     6     9     0     3   -33.0   20.851 -155.658     95.2   1008.6
     1     1    19     1     6     8     0     2   -34.0   20.719 -155.426    121.5   1005.8
     1     1    19     1     6     7     0     1   -35.0   20.574 -155.207    155.1   1002.5
     1     1    19     1     6     6     0     0   -36.0   20.401 -154.988    213.6    996.4
     1     1    19     1     6     5     0     1   -37.0   20.224 -154.754    289.5    985.0
     1     1    19     1     6     4     0     2   -38.0   20.086 -154.499    347.6    977.3
     1     1    19     1     6     3     0     3   -39.0   20.000 -154.219    381.4    973.2
     1     1    19     1     6     2     0     2   -40.0   19.959 -153.920    393.9    972.2
     1     1    19     1     6     1     0     1   -41.0   19.943 -153.610    396.5    972.7
     1     1    19     1     6     0     0     0   -42.0   19.941 -153.284    397.2    972.7
     1     1    19     1     5    23     0     1   -43.0   19.963 -152.939    397.1    973.2
     1     1    19     1     5    22     0     2   -44.0   20.015 -152.582    397.6    973.7
     1     1    19     1     5    21     0     3   -45.0   20.091 -152.216    398.1    974.1
     1     1    19     1     5    20     0     2   -46.0   20.183 -151.846    401.7    974.0
     1     1    19     1     5    19     0     1   -47.0   20.286 -151.480    409.0    972.8
     1     1    19     1     5    18     0     0   -48.0   20.400 -151.116    413.8    972.0
     1     1    19     1     5    17     0     1   -49.0   20.526 -150.757    415.4    971.6
     1     1    19     1     5    16     0     2   -50.0   20.664 -150.404    416.9    971.1
     1     1    19     1     5    15     0     3   -51.0   20.812 -150.062    420.9    970.3
     1     1    19     1     5    14     0     2   -52.0   20.967 -149.728    427.2    969.7
     1     1    19     1     5    13     0     1   -53.0   21.129 -149.402    433.1    968.9
     1     1    19     1     5    12     0     0   -54.0   21.295 -149.084    435.7    968.6
     1     1    19     1     5    11     0     1   -55.0   21.470 -148.772    436.6    969.1
     1     1    19     1     5    10     0     2   -56.0   21.662 -148.463    438.4    969.4
     1     1    19     1     5     9     0     3   -57.0   21.870 -148.156    442.5    969.3
     1     1    19     1     5     8     0     2   -58.0   22.092 -147.858    449.4    968.6
     1     1    19     1     5     7     0     1   -59.0   22.323 -147.581    457.5    967.6
     1     1    19     1     5     6     0     0   -60.0   22.568 -147.323    463.8    966.8
     1     1    19     1     5     5     0     1   -61.0   22.827 -147.081    468.4    966.1
     1     1    19     1     5     4     0     2   -62.0   23.099 -146.851    475.4    965.2
     1     1    19     1     5     3     0     3   -63.0   23.382 -146.637    485.1    963.4
     1     1    19     1     5     2     0     2   -64.0   23.672 -146.436    492.4    962.1
     1     1    19     1     5     1     0     1   -65.0   23.969 -146.245    499.0    961.8
     1     1    19     1     5     0     0     0   -66.0   24.278 -146.068    510.9    960.4
     1     1    19     1     4    23     0     1   -67.0   24.595 -145.910    520.6    958.7
     1     1    19     1     4    22     0     2   -68.0   24.916 -145.771    524.3    959.1
     1     1    19     1     4    21     0     3   -69.0   25.244 -145.647    529.0    959.1
     1     1    19     1     4    20     0     2   -70.0   25.580 -145.546    536.8    958.2
     1     1    19     1     4    19     0     1   -71.0   25.922 -145.475    550.2    956.9
     1     1    19     1     4    18     0     0   -72.0   26.272 -145.434    569.7    954.5
     1     1    19     1     4    17     0     1   -73.0   26.631 -145.425    587.7    951.6
     1     1    19     1     4    16     0     2   -74.0   26.995 -145.448    604.1    950.1
     1     1    19     1     4    15     0     3   -75.0   27.360 -145.506    627.9    947.5
     1     1    19     1     4    14     0     2   -76.0   27.723 -145.604    654.8    943.5
     1     1    19     1     4    13     0     1   -77.0   28.085 -145.742    675.4    941.0
     1     1    19     1     4    12     0     0   -78.0   28.447 -145.925    690.9    939.5
     1     1    19     1     4    11     0     1   -79.0   28.803 -146.148    709.3    938.2
     1     1    19     1     4    10     0     2   -80.0   29.156 -146.400    734.1    935.2
     1     1    19     1     4     9     0     3   -81.0   29.504 -146.683    758.2    932.1
     1     1    19     1     4     8     0     2   -82.0   29.842 -146.995    780.5    930.0
     1     1    19     1     4     7     0     1   -83.0   30.170 -147.333    804.2    927.4
     1     1    19     1     4     6     0     0   -84.0   30.487 -147.700    827.7    924.7
     1     1    19     1     4     5     0     1   -85.0   30.798 -148.095    853.9    922.1
     1     1    19     1     4     4     0     2   -86.0   31.111 -148.507    884.7    918.3
     1     1    19     1     4     3     0     3   -87.0   31.419 -148.941    911.4    914.2
     1     1    19     1     4     2     0     2   -88.0   31.717 -149.403    936.6    912.2
     1     1    19     1     4     1     0     1   -89.0   31.998 -149.900    969.8    908.4
     1     1    19     1     4     0     0     0   -90.0   32.260 -150.437   1002.0    903.5
     1     1    19     1     3    23     0     1   -91.0   32.506 -150.993   1026.7    901.7
     1     1    19     1     3    22     0     2   -92.0   32.738 -151.547   1049.9    899.8
     1     1    19     1     3    21     0     3   -93.0   32.941 -152.106   1067.3    897.8
     1     1    19     1     3    20     0     2   -94.0   33.123 -152.684   1082.8    897.1
     1     1    19     1     3    19     0     1   -95.0   33.295 -153.284   1102.0    894.7
     1     1    19     1     3    18     0     0   -96.0   33.449 -153.911   1127.8    892.7
     1     1    19     1     3    17     0     1   -97.0   33.578 -154.543   1161.6    888.5
     1     1    19     1     3    16     0     2   -98.0   33.684 -155.155   1190.8    884.4
     1     1    19     1     3    15     0     3   -99.0   33.764 -155.753   1210.2    882.3
     1     1    19     1     3    14     0     2  -100.0   33.820 -156.331   1225.2    881.3
     1     1    19     1     3    13     0     1  -101.0   33.857 -156.883   1237.1    879.7
     1     1    19     1     3    12     0     0  -102.0   33.870 -157.413   1244.2    879.3
     1     1    19     1     3    11     0     1  -103.0   33.869 -157.911   1254.8    879.1
     1     1    19     1     3    10     0     2  -104.0   33.864 -158.355   1274.4    877.1
     1     1    19     1     3     9     0     3  -105.0   33.846 -158.733   1303.5    874.3
     1     1    19     1     3     8     0     2  -106.0   33.826 -159.067   1337.0    870.1
     1     1    19     1     3     7     0     1  -107.0   33.820 -159.377   1367.8    866.7
     1     1    19     1     3     6     0     0  -108.0   33.824 -159.655   1394.6    863.9
     1     1    19     1     3     5     0     1  -109.0   33.841 -159.906   1423.9    861.3
     1     1    19     1     3     4     0     2  -110.0   33.875 -160.140   1463.4    857.0
     1     1    19     1     3     3     0     3  -111.0   33.928 -160.353   1515.8    851.5
     1     1    19     1     3     2     0     2  -112.0   33.995 -160.565   1575.0    844.2
     1     1    19     1     3     1     0     1  -113.0   34.073 -160.800   1631.6    837.8
     1     1    19     1     3     0     0     0  -114.0   34.165 -161.055   1683.2    832.3
     1     1    19     1     2    23     0     1  -115.0   34.267 -161.342   1727.2    827.7
     1     1    19     1     2    22     0     2  -116.0   34.379 -161.665   1764.3    824.3
     1     1    19     1     2    21     0     3  -117.0   34.509 -162.019   1797.1    821.1
     1     1    19     1     2    20     0     2  -118.0   34.650 -162.411   1830.0    817.7
     1     1    19     1     2    19     0     1  -119.0   34.792 -162.852   1871.1    813.4
     1     1    19     1     2    18     0     0  -120.0   34.933 -163.335   1927.9    807.4
     1     1    19     1     2    17     0     1  -121.0   35.055 -163.842   2002.4    799.3
     1     1    19     1     2    16     0     2  -122.0   35.146 -164.360   2086.5    789.8
     1     1    19     1     2    15     0     3  -123.0   35.212 -164.880   2181.6    781.1
     1     1    19     1     2    14     0     2  -124.0   35.260 -165.402   2280.3    769.7
     1     1    19     1     2    13     0     1  -125.0   35.297 -165.928   2368.4    761.5
     1     1    19     1     2    12     0     0  -126.0   35.333 -166.463   2460.0    753.3
     1     1    19     1     2    11     0     1  -127.0   35.379 -167.009   2566.2    743.1
     1     1    19     1     2    10     0     2  -128.0   35.440 -167.565   2684.0    731.3
     1     1    19     1     2     9     0     3  -129.0   35.515 -168.132   2805.6    719.3
     1     1    19     1     2     8     0     2  -130.0   35.607 -168.731   2927.1    707.6
     1     1    19     1     2     7     0     1  -131.0   35.720 -169.371   3051.6    696.3
     1     1    19     1     2     6     0     0  -132.0   35.865 -170.044   3185.9    684.1
     1     1    19     1     2     5     0     1  -133.0   36.027 -170.764   3330.1    670.2
     1     1    19     1     2     4     0     2  -134.0   36.175 -171.542   3466.2    656.2
     1     1    19     1     2     3     0     3  -135.0   36.307 -172.377   3585.2    646.2
     1     1    19     1     2     2     0     2  -136.0   36.423 -173.281   3702.4    635.7
     1     1    19     1     2     1     0     1  -137.0   36.515 -174.242   3812.4    626.3
     1     1    19     1     2     0     0     0  -138.0   36.569 -175.233   3930.2    615.6
     1     1    19     1     1    23     0     1  -139.0   36.600 -176.237   3968.1    612.1
     1     1    19     1     1    22     0     2  -140.0   36.597 -177.226   3963.7    613.1
     1     1    19     1     1    21     0     3  -141.0   36.574 -178.208   3937.2    614.0
     1     1    19     1     1    20     0     2  -142.0   36.540 -179.211   3870.7    620.2
     1     1    19     1     1    19     0     1  -143.0   36.509  179.777   3809.6    624.8
     1     1    19     1     1    18     0     0  -144.0   36.478  178.738   3724.1    630.9
     1     1    19     1     1    17     0     1  -145.0   36.432  177.689   3617.3    641.5
     1     1    19     1     1    16     0     2  -146.0   36.379  176.667   3562.6    644.9
     1     1    19     1     1    15     0     3  -147.0   36.309  175.628   3492.3    651.3
     1     1    19     1     1    14     0     2  -148.0   36.238  174.585   3469.4    652.9
     1     1    19     1     1    13     0     1  -149.0   36.180  173.564   3430.6    655.6
     1     1    19     1     1    12     0     0  -150.0   36.086  172.543   3346.7    664.1
     1     1    19     1     1    11     0     1  -151.0   35.990  171.557   3305.4    668.9
     1     1    19     1     1    10     0     2  -152.0   35.931  170.641   3338.0    663.5
     1     1    19     1     1     9     0     3  -153.0   35.831  169.790   3333.6    664.7
     1     1    19     1     1     8     0     2  -154.0   35.716  168.983   3312.5    666.2
     1     1    19     1     1     7     0     1  -155.0   35.619  168.197   3277.1    670.0
     1     1    19     1     1     6     0     0  -156.0   35.515  167.432   3239.0    672.8
     1     1    19     1     1     5     0     1  -157.0   35.420  166.708   3193.8    677.6
     1     1    19     1     1     4     0     2  -158.0   35.354  166.024   3154.4    679.8
     1     1    19     1     1     3     0     3  -159.0   35.300  165.377   3101.8    684.6
     1     1    19     1     1     2     0     2  -160.0   35.267  164.758   3042.4    690.4
     1     1    19     1     1     1     0     1  -161.0   35.260  164.153   2972.6    696.0
     1     1    19     1     1     0     0     0  -162.0   35.268  163.563   2896.7    704.5
     1     1    18    12    31    23     0     1  -163.0   35.297  162.991   2839.7    710.7
     1     1    18    12    31    22     0     2  -164.0   35.349  162.430   2806.6    713.4
     1     1    18    12    31    21     0     3  -165.0   35.406  161.882   2789.0    714.7
     1     1    18    12    31    20     0     2  -166.0   35.474  161.334   2790.9    714.9
     1     1    18    12    31    19     0     1  -167.0   35.562  160.779   2810.5    711.8
     1     1    18    12    31    18     0     0  -168.0   35.657  160.232   2835.8    708.9
     1     1    18    12    31    17     0     1  -169.0   35.767  159.690   2876.3    706.3
     1     1    18    12    31    16     0     2  -170.0   35.895  159.150   2949.2    699.9
     1     1    18    12    31    15     0     3  -171.0   36.028  158.615   3034.4    689.8
     1     1    18    12    31    14     0     2  -172.0   36.175  158.086   3108.8    683.1
     1     1    18    12    31    13     0     1  -173.0   36.346  157.563   3173.0    677.3
     1     1    18    12    31    12     0     0  -174.0   36.532  157.041   3240.2    672.2
     1     1    18    12    31    11     0     1  -175.0   36.737  156.509   3308.5    664.4
     1     1    18    12    31    10     0     2  -176.0   36.968  155.983   3341.1    659.4
     1     1    18    12    31     9     0     3  -177.0   37.221  155.489   3341.6    661.4
     1     1    18    12    31     8     0     2  -178.0   37.498  154.998   3366.3    661.2
     1     1    18    12    31     7     0     1  -179.0   37.802  154.493   3432.3    653.8
     1     1    18    12    31     6     0     0  -180.0   38.131  153.988   3513.4    645.3
     1     1    18    12    31     5     0     1  -181.0   38.465  153.486   3602.0    637.4
     1     1    18    12    31     4     0     2  -182.0   38.797  152.979   3702.1    628.2
     1     1    18    12    31     3     0     3  -183.0   39.135  152.467   3818.5    618.4
     1     1    18    12    31     2     0     2  -184.0   39.476  151.981   3944.7    606.4
     1     1    18    12    31     1     0     1  -185.0   39.822  151.548   4060.4    595.7
     1     1    18    12    31     0     0     0  -186.0   40.179  151.181   4162.1    587.6
     1     1    18    12    30    23     0     1  -187.0   40.548  150.871   4262.4    579.4
     1     1    18    12    30    22     0     2  -188.0   40.935  150.613   4375.2    570.3
     1     1    18    12    30    21     0     3  -189.0   41.350  150.421   4506.9    559.2
     1     1    18    12    30    20     0     2  -190.0   41.797  150.293   4646.2    546.7
     1     1    18    12    30    19     0     1  -191.0   42.280  150.218   4777.8    535.5
     1     1    18    12    30    18     0     0  -192.0   42.804  150.199   4893.9    525.6
     1     1    18    12    30    17     0     1  -193.0   43.351  150.228   4973.5    517.6
     1     1    18    12    30    16     0     2  -194.0   43.905  150.296   4999.4    514.8
     1     1    18    12    30    15     0     3  -195.0   44.465  150.409   4990.6    516.2
     1     1    18    12    30    14     0     2  -196.0   45.018  150.574   4986.4    517.0
     1     1    18    12    30    13     0     1  -197.0   45.550  150.794   4991.8    513.3
     1     1    18    12    30    12     0     0  -198.0   46.061  151.076   4994.3    513.1
     1     1    18    12    30    11     0     1  -199.0   46.530  151.425   4986.6    515.1
     1     1    18    12    30    10     0     2  -200.0   46.942  151.870   4991.7    512.3
     1     1    18    12    30     9     0     3  -201.0   47.307  152.403   5004.8    511.5
     1     1    18    12    30     8     0     2  -202.0   47.642  153.006   5013.9    509.8
     1     1    18    12    30     7     0     1  -203.0   47.947  153.688   5009.8    509.5
     1     1    18    12    30     6     0     0  -204.0   48.221  154.435   4979.8    509.8
     1     1    18    12    30     5     0     1  -205.0   48.483  155.172   4930.0    514.4
     1     1    18    12    30     4     0     2  -206.0   48.736  155.881   4881.9    516.7
     1     1    18    12    30     3     0     3  -207.0   48.989  156.565   4803.6    520.9
     1     1    18    12    30     2     0     2  -208.0   49.225  157.203   4728.1    530.0
     1     1    18    12    30     1     0     1  -209.0   49.418  157.812   4693.0    531.4
     1     1    18    12    30     0     0     0  -210.0   49.582  158.400   4676.8    531.4
     1     1    18    12    29    23     0     1  -211.0   49.728  158.973   4670.4    531.7
     1     1    18    12    29    22     0     2  -212.0   49.859  159.533   4669.0    531.0
     1     1    18    12    29    21     0     3  -213.0   49.965  160.057   4675.0    531.0
     1     1    18    12    29    20     0     2  -214.0   50.042  160.575   4689.9    528.7
     1     1    18    12    29    19     0     1  -215.0   50.097  161.113   4702.6    527.1
     1     1    18    12    29    18     0     0  -216.0   50.139  161.665   4708.6    526.0
     1     1    18    12    29    17     0     1  -217.0   50.176  162.247   4700.5    525.7
     1     1    18    12    29    16     0     2  -218.0   50.207  162.886   4682.0    527.2
     1     1    18    12    29    15     0     3  -219.0   50.228  163.579   4663.3    528.2
     1     1    18    12    29    14     0     2  -220.0   50.257  164.307   4631.2    529.2
     1     1    18    12    29    13     0     1  -221.0   50.324  165.051   4570.4    533.6
     1     1    18    12    29    12     0     0  -222.0   50.437  165.792   4504.0    540.1
     1     1    18    12    29    11     0     1  -223.0   50.575  166.502   4442.4    543.5
     1     1    18    12    29    10     0     2  -224.0   50.725  167.165   4346.6    550.0
     1     1    18    12    29     9     0     3  -225.0   50.901  167.784   4212.0    561.0
     1     1    18    12    29     8     0     2  -226.0   51.100  168.371   3988.9    574.5
     1     1    18    12    29     7     0     1  -227.0   51.309  168.916   3642.5    605.4
     1     1    18    12    29     6     0     0  -228.0   51.525  169.462   3204.8    643.3
     1     1    18    12    29     5     0     1  -229.0   51.749  170.062   2735.5    690.7
     1     1    18    12    29     4     0     2  -230.0   51.967  170.768   2366.8    731.4
     1     1    18    12    29     3     0     3  -231.0   52.149  171.573   2161.0    743.8
     1     1    18    12    29     2     0     2  -232.0   52.273  172.472   1986.2    760.0
     1     1    18    12    29     1     0     1  -233.0   52.336  173.491   1787.5    782.5
     1     1    18    12    29     0     0     0  -234.0   52.309  174.631   1651.4    799.3
     1     1    18    12    28    23     0     1  -235.0   52.141  175.808   1545.9    810.3
     1     1    18    12    28    22     0     2  -236.0   51.828  176.948   1400.7    827.6
     1     1    18    12    28    21     0     3  -237.0   51.423  177.977   1264.1    844.1
     1     1    18    12    28    20     0     2  -238.0   50.934  178.886   1097.9    862.7
     1     1    18    12    28    19     0     1  -239.0   50.371  179.764    922.0    885.3
     1     1    18    12    28    18     0     0  -240.0   49.748 -179.385    786.2    902.0
