     7     1
    GDAS    18    12     1     0     0
    GDAS    19     1     1     0     0
    GDAS    19     2     1     0     0
    GDAS    19     3     1     0     0
    GDAS    19     4     1     0     0
    GDAS    19     5     1     0     0
    GDAS    19     6     1     0     0
     1 BACKWARD OMEGA   
    19     2    21    18   21.319 -157.670    10.0
     1 PRESSURE
     1     1    19     2    21    18     0     0     0.0   21.319 -157.670     10.0   1011.7
     1     1    19     2    21    17     0     1    -1.0   21.364 -157.644     14.9   1011.1
     1     1    19     2    21    16     0     2    -2.0   21.412 -157.622     23.6   1009.9
     1     1    19     2    21    15     0     3    -3.0   21.461 -157.606     37.3   1008.5
     1     1    19     2    21    14     0     2    -4.0   21.506 -157.588     55.0   1007.1
     1     1    19     2    21    13     0     1    -5.0   21.542 -157.564     73.9   1004.5
     1     1    19     2    21    12     0     0    -6.0   21.568 -157.534     91.6   1002.3
     1     1    19     2    21    11     0     1    -7.0   21.590 -157.502    110.0   1000.9
     1     1    19     2    21    10     0     2    -8.0   21.614 -157.473    131.5    999.2
     1     1    19     2    21     9     0     3    -9.0   21.638 -157.447    157.1    996.7
     1     1    19     2    21     8     0     2   -10.0   21.659 -157.421    184.3    992.8
     1     1    19     2    21     7     0     1   -11.0   21.676 -157.395    210.3    989.6
     1     1    19     2    21     6     0     0   -12.0   21.690 -157.368    234.8    986.8
     1     1    19     2    21     5     0     1   -13.0   21.703 -157.348    260.0    984.0
     1     1    19     2    21     4     0     2   -14.0   21.716 -157.342    287.6    980.3
     1     1    19     2    21     3     0     3   -15.0   21.726 -157.350    317.9    976.4
     1     1    19     2    21     2     0     2   -16.0   21.730 -157.360    347.5    972.6
     1     1    19     2    21     1     0     1   -17.0   21.720 -157.358    372.7    969.8
     1     1    19     2    21     0     0     0   -18.0   21.696 -157.348    393.2    967.5
     1     1    19     2    20    23     0     1   -19.0   21.669 -157.337    415.9    966.0
     1     1    19     2    20    22     0     2   -20.0   21.647 -157.334    448.3    962.7
     1     1    19     2    20    21     0     3   -21.0   21.631 -157.337    490.0    957.9
     1     1    19     2    20    20     0     2   -22.0   21.612 -157.344    532.9    951.9
     1     1    19     2    20    19     0     1   -23.0   21.587 -157.355    569.9    947.6
     1     1    19     2    20    18     0     0   -24.0   21.556 -157.370    601.4    944.0
     1     1    19     2    20    17     0     1   -25.0   21.523 -157.395    635.4    940.8
     1     1    19     2    20    16     0     2   -26.0   21.492 -157.436    678.0    935.3
     1     1    19     2    20    15     0     3   -27.0   21.463 -157.492    727.8    929.3
     1     1    19     2    20    14     0     2   -28.0   21.438 -157.559    781.3    923.4
     1     1    19     2    20    13     0     1   -29.0   21.413 -157.629    835.6    917.9
     1     1    19     2    20    12     0     0   -30.0   21.394 -157.702    890.2    912.6
     1     1    19     2    20    11     0     1   -31.0   21.382 -157.774    937.8    907.0
     1     1    19     2    20    10     0     2   -32.0   21.377 -157.844    971.8    903.9
     1     1    19     2    20     9     0     3   -33.0   21.382 -157.909    993.1    902.2
     1     1    19     2    20     8     0     2   -34.0   21.394 -157.980   1008.6    901.2
     1     1    19     2    20     7     0     1   -35.0   21.410 -158.067   1025.2    899.3
     1     1    19     2    20     6     0     0   -36.0   21.425 -158.169   1044.8    897.1
     1     1    19     2    20     5     0     1   -37.0   21.433 -158.276   1061.8    894.4
     1     1    19     2    20     4     0     2   -38.0   21.429 -158.378   1070.1    893.4
     1     1    19     2    20     3     0     3   -39.0   21.415 -158.474   1072.2    893.1
     1     1    19     2    20     2     0     2   -40.0   21.384 -158.573   1065.5    893.7
     1     1    19     2    20     1     0     1   -41.0   21.331 -158.677   1048.2    895.8
     1     1    19     2    20     0     0     0   -42.0   21.258 -158.783   1023.1    898.8
     1     1    19     2    19    23     0     1   -43.0   21.159 -158.859   1012.5    902.5
     1     1    19     2    19    22     0     2   -44.0   21.026 -158.885   1037.7    899.9
     1     1    19     2    19    21     0     3   -45.0   20.853 -158.874   1100.6    893.8
     1     1    19     2    19    20     0     2   -46.0   20.667 -158.857   1171.7    883.0
     1     1    19     2    19    19     0     1   -47.0   20.494 -158.849   1206.4    878.4
     1     1    19     2    19    18     0     0   -48.0   20.329 -158.845   1196.8    878.8
     1     1    19     2    19    17     0     1   -49.0   20.163 -158.844   1179.3    884.3
     1     1    19     2    19    16     0     2   -50.0   19.983 -158.870   1192.0    882.7
     1     1    19     2    19    15     0     3   -51.0   19.791 -158.934   1236.8    877.6
     1     1    19     2    19    14     0     2   -52.0   19.592 -159.028   1298.8    869.5
     1     1    19     2    19    13     0     1   -53.0   19.396 -159.121   1356.7    863.1
     1     1    19     2    19    12     0     0   -54.0   19.209 -159.201   1399.5    858.3
     1     1    19     2    19    11     0     1   -55.0   19.037 -159.271   1428.0    856.5
     1     1    19     2    19    10     0     2   -56.0   18.878 -159.333   1456.2    854.8
     1     1    19     2    19     9     0     3   -57.0   18.725 -159.395   1490.3    851.7
     1     1    19     2    19     8     0     2   -58.0   18.569 -159.463   1530.3    847.3
     1     1    19     2    19     7     0     1   -59.0   18.399 -159.539   1576.0    842.2
     1     1    19     2    19     6     0     0   -60.0   18.208 -159.624   1626.2    836.7
     1     1    19     2    19     5     0     1   -61.0   17.988 -159.720   1668.6    831.1
     1     1    19     2    19     4     0     2   -62.0   17.748 -159.827   1689.8    828.7
     1     1    19     2    19     3     0     3   -63.0   17.495 -159.937   1690.0    828.6
     1     1    19     2    19     2     0     2   -64.0   17.220 -160.042   1676.2    830.5
     1     1    19     2    19     1     0     1   -65.0   16.919 -160.137   1655.0    832.9
     1     1    19     2    19     0     0     0   -66.0   16.596 -160.228   1636.0    835.7
     1     1    19     2    18    23     0     1   -67.0   16.278 -160.308   1623.0    837.0
     1     1    19     2    18    22     0     2   -68.0   15.983 -160.361   1599.1    838.7
     1     1    19     2    18    21     0     3   -69.0   15.703 -160.388   1566.9    843.9
     1     1    19     2    18    20     0     2   -70.0   15.437 -160.400   1555.9    846.5
     1     1    19     2    18    19     0     1   -71.0   15.182 -160.408   1575.9    843.7
     1     1    19     2    18    18     0     0   -72.0   14.930 -160.417   1616.0    838.9
     1     1    19     2    18    17     0     1   -73.0   14.706 -160.424   1669.4    833.2
     1     1    19     2    18    16     0     2   -74.0   14.527 -160.428   1733.3    826.7
     1     1    19     2    18    15     0     3   -75.0   14.384 -160.436   1805.5    819.3
     1     1    19     2    18    14     0     2   -76.0   14.265 -160.448   1874.4    811.8
     1     1    19     2    18    13     0     1   -77.0   14.160 -160.458   1932.6    806.2
     1     1    19     2    18    12     0     0   -78.0   14.070 -160.464   1983.2    801.7
     1     1    19     2    18    11     0     1   -79.0   13.994 -160.461   2019.3    797.6
     1     1    19     2    18    10     0     2   -80.0   13.938 -160.445   2030.6    796.6
     1     1    19     2    18     9     0     3   -81.0   13.912 -160.410   2016.6    798.6
     1     1    19     2    18     8     0     2   -82.0   13.913 -160.361   1993.3    801.9
     1     1    19     2    18     7     0     1   -83.0   13.931 -160.309   1972.8    803.6
     1     1    19     2    18     6     0     0   -84.0   13.972 -160.252   1955.0    805.0
     1     1    19     2    18     5     0     1   -85.0   14.037 -160.192   1946.0    806.2
     1     1    19     2    18     4     0     2   -86.0   14.119 -160.136   1951.0    805.3
     1     1    19     2    18     3     0     3   -87.0   14.211 -160.086   1967.6    803.2
     1     1    19     2    18     2     0     2   -88.0   14.303 -160.037   1989.1    800.8
     1     1    19     2    18     1     0     1   -89.0   14.391 -159.983   2008.1    799.0
     1     1    19     2    18     0     0     0   -90.0   14.472 -159.923   2022.6    797.7
     1     1    19     2    17    23     0     1   -91.0   14.549 -159.852   2032.3    797.3
     1     1    19     2    17    22     0     2   -92.0   14.623 -159.768   2038.1    797.3
     1     1    19     2    17    21     0     3   -93.0   14.699 -159.673   2041.2    797.5
     1     1    19     2    17    20     0     2   -94.0   14.781 -159.567   2048.1    797.2
     1     1    19     2    17    19     0     1   -95.0   14.871 -159.455   2065.0    795.4
     1     1    19     2    17    18     0     0   -96.0   14.969 -159.337   2092.0    792.7
     1     1    19     2    17    17     0     1   -97.0   15.069 -159.220   2126.7    789.0
     1     1    19     2    17    16     0     2   -98.0   15.162 -159.110   2165.0    785.1
     1     1    19     2    17    15     0     3   -99.0   15.252 -159.010   2203.8    781.2
     1     1    19     2    17    14     0     2  -100.0   15.343 -158.920   2236.1    778.0
     1     1    19     2    17    13     0     1  -101.0   15.440 -158.837   2257.7    776.3
     1     1    19     2    17    12     0     0  -102.0   15.541 -158.761   2270.0    775.5
     1     1    19     2    17    11     0     1  -103.0   15.649 -158.695   2278.7    775.3
     1     1    19     2    17    10     0     2  -104.0   15.765 -158.645   2289.3    774.6
     1     1    19     2    17     9     0     3  -105.0   15.887 -158.609   2303.5    773.6
     1     1    19     2    17     8     0     2  -106.0   16.013 -158.592   2321.6    771.7
     1     1    19     2    17     7     0     1  -107.0   16.140 -158.598   2341.7    769.7
     1     1    19     2    17     6     0     0  -108.0   16.269 -158.620   2362.2    767.6
     1     1    19     2    17     5     0     1  -109.0   16.401 -158.656   2387.4    765.3
     1     1    19     2    17     4     0     2  -110.0   16.531 -158.703   2423.3    761.6
     1     1    19     2    17     3     0     3  -111.0   16.660 -158.758   2471.5    756.8
     1     1    19     2    17     2     0     2  -112.0   16.787 -158.815   2528.6    751.3
     1     1    19     2    17     1     0     1  -113.0   16.912 -158.872   2590.7    745.9
     1     1    19     2    17     0     0     0  -114.0   17.037 -158.929   2657.7    740.0
     1     1    19     2    16    23     0     1  -115.0   17.168 -158.987   2722.9    734.0
     1     1    19     2    16    22     0     2  -116.0   17.308 -159.045   2777.4    729.2
     1     1    19     2    16    21     0     3  -117.0   17.456 -159.108   2816.9    725.8
     1     1    19     2    16    20     0     2  -118.0   17.612 -159.172   2846.5    723.6
     1     1    19     2    16    19     0     1  -119.0   17.779 -159.239   2876.0    720.9
     1     1    19     2    16    18     0     0  -120.0   17.955 -159.312   2910.3    717.9
     1     1    19     2    16    17     0     1  -121.0   18.135 -159.391   2949.4    713.9
     1     1    19     2    16    16     0     2  -122.0   18.316 -159.472   2989.7    710.1
     1     1    19     2    16    15     0     3  -123.0   18.495 -159.554   3030.1    706.3
     1     1    19     2    16    14     0     2  -124.0   18.676 -159.631   3073.6    702.9
     1     1    19     2    16    13     0     1  -125.0   18.857 -159.702   3124.6    698.6
     1     1    19     2    16    12     0     0  -126.0   19.039 -159.767   3184.0    693.6
     1     1    19     2    16    11     0     1  -127.0   19.232 -159.819   3246.8    687.9
     1     1    19     2    16    10     0     2  -128.0   19.444 -159.851   3305.9    682.8
     1     1    19     2    16     9     0     3  -129.0   19.668 -159.869   3358.2    678.4
     1     1    19     2    16     8     0     2  -130.0   19.910 -159.875   3407.8    674.5
     1     1    19     2    16     7     0     1  -131.0   20.174 -159.873   3461.4    670.0
     1     1    19     2    16     6     0     0  -132.0   20.455 -159.863   3520.0    665.0
     1     1    19     2    16     5     0     1  -133.0   20.745 -159.860   3586.3    659.5
     1     1    19     2    16     4     0     2  -134.0   21.043 -159.876   3663.3    652.9
     1     1    19     2    16     3     0     3  -135.0   21.351 -159.915   3740.0    645.5
     1     1    19     2    16     2     0     2  -136.0   21.661 -159.962   3797.7    640.3
     1     1    19     2    16     1     0     1  -137.0   21.962 -160.006   3828.3    637.9
     1     1    19     2    16     0     0     0  -138.0   22.256 -160.034   3855.4    637.8
     1     1    19     2    15    23     0     1  -139.0   22.553 -160.022   3911.4    634.1
     1     1    19     2    15    22     0     2  -140.0   22.860 -159.952   3999.1    627.0
     1     1    19     2    15    21     0     3  -141.0   23.172 -159.834   4103.4    618.1
     1     1    19     2    15    20     0     2  -142.0   23.479 -159.688   4208.6    609.4
     1     1    19     2    15    19     0     1  -143.0   23.774 -159.529   4313.1    601.4
     1     1    19     2    15    18     0     0  -144.0   24.060 -159.363   4419.9    593.1
     1     1    19     2    15    17     0     1  -145.0   24.340 -159.183   4529.0    584.6
     1     1    19     2    15    16     0     2  -146.0   24.616 -158.979   4639.7    576.0
     1     1    19     2    15    15     0     3  -147.0   24.892 -158.750   4748.5    567.5
     1     1    19     2    15    14     0     2  -148.0   25.171 -158.504   4858.9    559.9
     1     1    19     2    15    13     0     1  -149.0   25.457 -158.249   4970.2    551.3
     1     1    19     2    15    12     0     0  -150.0   25.744 -157.993   5075.1    543.7
     1     1    19     2    15    11     0     1  -151.0   26.033 -157.738   5170.2    537.0
     1     1    19     2    15    10     0     2  -152.0   26.320 -157.482   5257.2    531.4
     1     1    19     2    15     9     0     3  -153.0   26.608 -157.221   5341.6    525.8
     1     1    19     2    15     8     0     2  -154.0   26.888 -156.954   5432.2    519.9
     1     1    19     2    15     7     0     1  -155.0   27.154 -156.676   5536.6    512.6
     1     1    19     2    15     6     0     0  -156.0   27.409 -156.384   5653.0    504.5
     1     1    19     2    15     5     0     1  -157.0   27.657 -156.067   5769.2    495.8
     1     1    19     2    15     4     0     2  -158.0   27.904 -155.715   5874.0    488.5
     1     1    19     2    15     3     0     3  -159.0   28.157 -155.330   5969.7    482.2
     1     1    19     2    15     2     0     2  -160.0   28.408 -154.914   6066.7    476.2
     1     1    19     2    15     1     0     1  -161.0   28.649 -154.469   6169.4    469.4
     1     1    19     2    15     0     0     0  -162.0   28.878 -154.002   6281.7    462.6
     1     1    19     2    14    23     0     1  -163.0   29.098 -153.515   6382.6    454.7
     1     1    19     2    14    22     0     2  -164.0   29.308 -153.011   6441.5    451.0
     1     1    19     2    14    21     0     3  -165.0   29.505 -152.501   6459.1    450.2
     1     1    19     2    14    20     0     2  -166.0   29.691 -151.997   6450.4    451.2
     1     1    19     2    14    19     0     1  -167.0   29.871 -151.502   6431.0    452.5
     1     1    19     2    14    18     0     0  -168.0   30.047 -151.019   6423.0    453.9
     1     1    19     2    14    17     0     1  -169.0   30.221 -150.557   6425.5    452.4
     1     1    19     2    14    16     0     2  -170.0   30.388 -150.121   6412.4    452.5
     1     1    19     2    14    15     0     3  -171.0   30.547 -149.714   6370.1    454.6
     1     1    19     2    14    14     0     2  -172.0   30.699 -149.333   6317.7    459.4
     1     1    19     2    14    13     0     1  -173.0   30.841 -148.972   6289.5    461.6
     1     1    19     2    14    12     0     0  -174.0   30.974 -148.627   6308.4    461.2
     1     1    19     2    14    11     0     1  -175.0   31.104 -148.297   6360.7    456.2
     1     1    19     2    14    10     0     2  -176.0   31.243 -147.978   6412.1    452.4
     1     1    19     2    14     9     0     3  -177.0   31.404 -147.666   6448.7    449.5
     1     1    19     2    14     8     0     2  -178.0   31.601 -147.350   6480.3    448.2
     1     1    19     2    14     7     0     1  -179.0   31.846 -147.021   6522.6    445.2
     1     1    19     2    14     6     0     0  -180.0   32.154 -146.682   6584.3    441.5
     1     1    19     2    14     5     0     1  -181.0   32.537 -146.345   6659.1    435.5
     1     1    19     2    14     4     0     2  -182.0   33.005 -146.018   6743.2    430.2
     1     1    19     2    14     3     0     3  -183.0   33.560 -145.701   6839.5    423.3
     1     1    19     2    14     2     0     2  -184.0   34.204 -145.387   6927.5    416.4
     1     1    19     2    14     1     0     1  -185.0   34.940 -145.069   6958.6    412.2
     1     1    19     2    14     0     0     0  -186.0   35.754 -144.741   6957.9    414.1
     1     1    19     2    13    23     0     1  -187.0   36.633 -144.403   6975.5    412.3
     1     1    19     2    13    22     0     2  -188.0   37.571 -144.054   6984.6    411.5
     1     1    19     2    13    21     0     3  -189.0   38.537 -143.696   6964.8    412.5
     1     1    19     2    13    20     0     2  -190.0   39.490 -143.349   6923.7    415.1
     1     1    19     2    13    19     0     1  -191.0   40.406 -143.042   6868.6    418.9
     1     1    19     2    13    18     0     0  -192.0   41.288 -142.790   6831.7    421.5
     1     1    19     2    13    17     0     1  -193.0   42.122 -142.601   6818.1    422.5
     1     1    19     2    13    16     0     2  -194.0   42.905 -142.469   6824.1    422.5
     1     1    19     2    13    15     0     3  -195.0   43.636 -142.401   6849.1    421.2
     1     1    19     2    13    14     0     2  -196.0   44.314 -142.399   6879.3    419.7
     1     1    19     2    13    13     0     1  -197.0   44.947 -142.448   6906.8    418.1
     1     1    19     2    13    12     0     0  -198.0   45.542 -142.546   6944.4    417.1
     1     1    19     2    13    11     0     1  -199.0   46.100 -142.692   7001.2    413.9
     1     1    19     2    13    10     0     2  -200.0   46.627 -142.876   7054.1    410.0
     1     1    19     2    13     9     0     3  -201.0   47.134 -143.077   7075.6    408.6
     1     1    19     2    13     8     0     2  -202.0   47.638 -143.305   7069.7    409.7
     1     1    19     2    13     7     0     1  -203.0   48.150 -143.579   7066.0    411.0
     1     1    19     2    13     6     0     0  -204.0   48.671 -143.907   7098.1    410.2
     1     1    19     2    13     5     0     1  -205.0   49.201 -144.310   7144.5    405.5
     1     1    19     2    13     4     0     2  -206.0   49.732 -144.798   7165.3    404.4
     1     1    19     2    13     3     0     3  -207.0   50.248 -145.374   7176.8    404.9
     1     1    19     2    13     2     0     2  -208.0   50.733 -146.048   7201.5    404.0
     1     1    19     2    13     1     0     1  -209.0   51.172 -146.815   7231.6    402.0
     1     1    19     2    13     0     0     0  -210.0   51.559 -147.661   7268.4    400.5
     1     1    19     2    12    23     0     1  -211.0   51.881 -148.582   7316.2    397.9
     1     1    19     2    12    22     0     2  -212.0   52.135 -149.565   7372.3    394.8
     1     1    19     2    12    21     0     3  -213.0   52.332 -150.573   7413.0    392.4
     1     1    19     2    12    20     0     2  -214.0   52.475 -151.608   7394.2    393.9
     1     1    19     2    12    19     0     1  -215.0   52.562 -152.673   7345.3    397.4
     1     1    19     2    12    18     0     0  -216.0   52.606 -153.753   7329.5    398.6
     1     1    19     2    12    17     0     1  -217.0   52.591 -154.850   7339.7    398.1
     1     1    19     2    12    16     0     2  -218.0   52.502 -155.951   7385.0    396.2
     1     1    19     2    12    15     0     3  -219.0   52.352 -157.042   7437.9    392.9
     1     1    19     2    12    14     0     2  -220.0   52.146 -158.106   7480.6    391.2
     1     1    19     2    12    13     0     1  -221.0   51.892 -159.131   7521.5    389.3
     1     1    19     2    12    12     0     0  -222.0   51.601 -160.108   7556.1    387.7
     1     1    19     2    12    11     0     1  -223.0   51.285 -161.019   7590.5    386.2
     1     1    19     2    12    10     0     2  -224.0   50.958 -161.870   7637.3    384.1
     1     1    19     2    12     9     0     3  -225.0   50.631 -162.681   7692.4    381.2
     1     1    19     2    12     8     0     2  -226.0   50.304 -163.457   7737.8    378.9
     1     1    19     2    12     7     0     1  -227.0   49.973 -164.199   7756.4    378.2
     1     1    19     2    12     6     0     0  -228.0   49.643 -164.913   7740.4    378.4
     1     1    19     2    12     5     0     1  -229.0   49.316 -165.598   7701.1    381.4
     1     1    19     2    12     4     0     2  -230.0   48.989 -166.260   7664.5    384.1
     1     1    19     2    12     3     0     3  -231.0   48.670 -166.923   7648.0    385.5
     1     1    19     2    12     2     0     2  -232.0   48.352 -167.599   7638.1    384.9
     1     1    19     2    12     1     0     1  -233.0   48.022 -168.285   7614.8    386.3
     1     1    19     2    12     0     0     0  -234.0   47.675 -168.997   7585.0    388.4
     1     1    19     2    11    23     0     1  -235.0   47.319 -169.732   7554.1    390.0
     1     1    19     2    11    22     0     2  -236.0   46.958 -170.467   7531.1    391.9
     1     1    19     2    11    21     0     3  -237.0   46.579 -171.195   7528.6    392.1
     1     1    19     2    11    20     0     2  -238.0   46.179 -171.925   7564.3    391.0
     1     1    19     2    11    19     0     1  -239.0   45.767 -172.671   7646.2    385.9
     1     1    19     2    11    18     0     0  -240.0   45.340 -173.434   7761.5    378.7
