     7     1
    GDAS    19     6     1     0     0
    GDAS    19     7     1     0     0
    GDAS    19     8     1     0     0
    GDAS    19     9     1     0     0
    GDAS    19    10     1     0     0
    GDAS    19    11     1     0     0
    GDAS    19    12     1     0     0
     1 BACKWARD OMEGA   
    19    10     9     6   21.319 -157.670    10.0
     1 PRESSURE
     1     1    19    10     9     6     0     0     0.0   21.319 -157.670     10.0   1009.4
     1     1    19    10     9     5     0     1    -1.0   21.367 -157.500     33.5   1005.5
     1     1    19    10     9     4     0     2    -2.0   21.396 -157.344     68.2   1000.1
     1     1    19    10     9     3     0     3    -3.0   21.414 -157.201     99.8    994.4
     1     1    19    10     9     2     0     2    -4.0   21.434 -157.077    114.5    991.7
     1     1    19    10     9     1     0     1    -5.0   21.462 -156.973    107.2    992.3
     1     1    19    10     9     0     0     0    -6.0   21.490 -156.888     84.7    996.0
     1     1    19    10     8    23     0     1    -7.0   21.505 -156.803     65.7   1001.5
     1     1    19    10     8    22     0     2    -8.0   21.495 -156.701     57.3   1003.2
     1     1    19    10     8    21     0     3    -9.0   21.463 -156.585     55.7   1004.4
     1     1    19    10     8    20     0     2   -10.0   21.414 -156.456     59.5   1004.3
     1     1    19    10     8    19     0     1   -11.0   21.352 -156.318     67.3   1003.6
     1     1    19    10     8    18     0     0   -12.0   21.274 -156.171     77.5   1002.8
     1     1    19    10     8    17     0     1   -13.0   21.181 -156.015     88.5   1002.1
     1     1    19    10     8    16     0     2   -14.0   21.091 -155.852     99.3   1000.5
     1     1    19    10     8    15     0     3   -15.0   21.020 -155.689    108.8    999.0
     1     1    19    10     8    14     0     2   -16.0   20.969 -155.526    114.8    998.2
     1     1    19    10     8    13     0     1   -17.0   20.930 -155.366    116.6    998.0
     1     1    19    10     8    12     0     0   -18.0   20.898 -155.208    115.3    998.1
     1     1    19    10     8    11     0     1   -19.0   20.868 -155.050    113.0    999.0
     1     1    19    10     8    10     0     2   -20.0   20.842 -154.894    111.9    999.6
     1     1    19    10     8     9     0     3   -21.0   20.816 -154.742    112.5   1000.0
     1     1    19    10     8     8     0     2   -22.0   20.798 -154.598    113.7    999.7
     1     1    19    10     8     7     0     1   -23.0   20.797 -154.464    113.3    999.7
     1     1    19    10     8     6     0     0   -24.0   20.815 -154.340    111.7    999.9
     1     1    19    10     8     5     0     1   -25.0   20.842 -154.225    111.8    999.7
     1     1    19    10     8     4     0     2   -26.0   20.870 -154.119    116.1    998.8
     1     1    19    10     8     3     0     3   -27.0   20.895 -154.019    124.9    997.4
     1     1    19    10     8     2     0     2   -28.0   20.917 -153.932    135.0    996.2
     1     1    19    10     8     1     0     1   -29.0   20.932 -153.866    142.6    995.4
     1     1    19    10     8     0     0     0   -30.0   20.942 -153.818    147.4    994.8
     1     1    19    10     7    23     0     1   -31.0   20.948 -153.779    149.2    995.1
     1     1    19    10     7    22     0     2   -32.0   20.951 -153.737    147.6    995.8
     1     1    19    10     7    21     0     3   -33.0   20.952 -153.691    142.8    996.9
     1     1    19    10     7    20     0     2   -34.0   20.943 -153.648    138.2    997.7
     1     1    19    10     7    19     0     1   -35.0   20.921 -153.612    136.6    997.8
     1     1    19    10     7    18     0     0   -36.0   20.887 -153.585    138.0    997.6
     1     1    19    10     7    17     0     1   -37.0   20.848 -153.555    141.4    996.6
     1     1    19    10     7    16     0     2   -38.0   20.809 -153.512    146.3    995.4
     1     1    19    10     7    15     0     3   -39.0   20.771 -153.455    152.9    994.0
     1     1    19    10     7    14     0     2   -40.0   20.736 -153.393    160.3    993.0
     1     1    19    10     7    13     0     1   -41.0   20.705 -153.334    165.8    992.2
     1     1    19    10     7    12     0     0   -42.0   20.673 -153.277    167.9    991.9
     1     1    19    10     7    11     0     1   -43.0   20.644 -153.224    169.5    992.5
     1     1    19    10     7    10     0     2   -44.0   20.623 -153.178    175.0    992.1
     1     1    19    10     7     9     0     3   -45.0   20.614 -153.140    185.4    991.2
     1     1    19    10     7     8     0     2   -46.0   20.614 -153.110    199.2    989.5
     1     1    19    10     7     7     0     1   -47.0   20.623 -153.084    214.8    987.8
     1     1    19    10     7     6     0     0   -48.0   20.640 -153.064    233.0    986.0
     1     1    19    10     7     5     0     1   -49.0   20.666 -153.049    252.3    983.2
     1     1    19    10     7     4     0     2   -50.0   20.705 -153.038    270.3    980.5
     1     1    19    10     7     3     0     3   -51.0   20.760 -153.034    286.4    977.8
     1     1    19    10     7     2     0     2   -52.0   20.816 -153.043    299.0    976.0
     1     1    19    10     7     1     0     1   -53.0   20.863 -153.072    306.4    975.1
     1     1    19    10     7     0     0     0   -54.0   20.898 -153.122    308.8    974.8
     1     1    19    10     6    23     0     1   -55.0   20.922 -153.175    304.1    975.7
     1     1    19    10     6    22     0     2   -56.0   20.930 -153.213    290.9    977.9
     1     1    19    10     6    21     0     3   -57.0   20.922 -153.234    271.0    981.1
     1     1    19    10     6    20     0     2   -58.0   20.904 -153.250    251.1    983.9
     1     1    19    10     6    19     0     1   -59.0   20.879 -153.272    236.4    985.5
     1     1    19    10     6    18     0     0   -60.0   20.848 -153.301    226.5    986.6
     1     1    19    10     6    17     0     1   -61.0   20.817 -153.326    223.0    986.9
     1     1    19    10     6    16     0     2   -62.0   20.789 -153.337    226.8    986.1
     1     1    19    10     6    15     0     3   -63.0   20.763 -153.335    237.3    984.6
     1     1    19    10     6    14     0     2   -64.0   20.736 -153.317    250.9    983.0
     1     1    19    10     6    13     0     1   -65.0   20.707 -153.284    263.7    981.8
     1     1    19    10     6    12     0     0   -66.0   20.677 -153.237    275.2    980.4
     1     1    19    10     6    11     0     1   -67.0   20.649 -153.178    286.5    979.9
     1     1    19    10     6    10     0     2   -68.0   20.626 -153.108    298.5    979.0
     1     1    19    10     6     9     0     3   -69.0   20.606 -153.028    310.6    978.2
     1     1    19    10     6     8     0     2   -70.0   20.592 -152.940    317.7    976.6
     1     1    19    10     6     7     0     1   -71.0   20.590 -152.847    315.7    976.7
     1     1    19    10     6     6     0     0   -72.0   20.597 -152.745    305.1    977.8
     1     1    19    10     6     5     0     1   -73.0   20.615 -152.642    291.9    979.7
     1     1    19    10     6     4     0     2   -74.0   20.641 -152.546    282.1    980.7
     1     1    19    10     6     3     0     3   -75.0   20.674 -152.462    277.6    981.0
     1     1    19    10     6     2     0     2   -76.0   20.707 -152.383    276.9    980.7
     1     1    19    10     6     1     0     1   -77.0   20.734 -152.303    276.1    980.7
     1     1    19    10     6     0     0     0   -78.0   20.754 -152.222    273.0    980.9
     1     1    19    10     5    23     0     1   -79.0   20.758 -152.131    270.9    982.4
     1     1    19    10     5    22     0     2   -80.0   20.737 -152.019    273.9    982.7
     1     1    19    10     5    21     0     3   -81.0   20.697 -151.885    280.9    982.5
     1     1    19    10     5    20     0     2   -82.0   20.657 -151.731    287.1    981.1
     1     1    19    10     5    19     0     1   -83.0   20.628 -151.565    288.5    981.1
     1     1    19    10     5    18     0     0   -84.0   20.610 -151.385    288.2    981.3
     1     1    19    10     5    17     0     1   -85.0   20.597 -151.192    293.6    981.1
     1     1    19    10     5    16     0     2   -86.0   20.579 -150.987    312.4    978.6
     1     1    19    10     5    15     0     3   -87.0   20.559 -150.768    342.2    974.4
     1     1    19    10     5    14     0     2   -88.0   20.540 -150.537    368.4    970.3
     1     1    19    10     5    13     0     1   -89.0   20.521 -150.295    384.7    969.0
     1     1    19    10     5    12     0     0   -90.0   20.498 -150.048    403.1    967.8
     1     1    19    10     5    11     0     1   -91.0   20.471 -149.788    424.5    965.4
     1     1    19    10     5    10     0     2   -92.0   20.445 -149.509    443.9    963.8
     1     1    19    10     5     9     0     3   -93.0   20.422 -149.219    469.0    961.9
     1     1    19    10     5     8     0     2   -94.0   20.410 -148.921    500.9    957.7
     1     1    19    10     5     7     0     1   -95.0   20.413 -148.616    535.4    954.0
     1     1    19    10     5     6     0     0   -96.0   20.430 -148.299    576.4    950.0
     1     1    19    10     5     5     0     1   -97.0   20.455 -147.976    622.9    944.4
     1     1    19    10     5     4     0     2   -98.0   20.481 -147.653    666.9    938.9
     1     1    19    10     5     3     0     3   -99.0   20.509 -147.337    699.7    934.3
     1     1    19    10     5     2     0     2  -100.0   20.539 -147.025    722.5    932.4
     1     1    19    10     5     1     0     1  -101.0   20.575 -146.712    744.0    930.1
     1     1    19    10     5     0     0     0  -102.0   20.615 -146.398    768.1    927.6
     1     1    19    10     4    23     0     1  -103.0   20.651 -146.079    795.8    925.1
     1     1    19    10     4    22     0     2  -104.0   20.680 -145.748    827.2    922.6
     1     1    19    10     4    21     0     3  -105.0   20.706 -145.402    865.3    919.4
     1     1    19    10     4    20     0     2  -106.0   20.735 -145.051    906.4    914.5
     1     1    19    10     4    19     0     1  -107.0   20.770 -144.701    940.6    910.2
     1     1    19    10     4    18     0     0  -108.0   20.811 -144.356    957.9    907.9
     1     1    19    10     4    17     0     1  -109.0   20.855 -144.015    968.0    908.1
     1     1    19    10     4    16     0     2  -110.0   20.897 -143.679    988.7    905.8
     1     1    19    10     4    15     0     3  -111.0   20.931 -143.358   1019.3    901.9
     1     1    19    10     4    14     0     2  -112.0   20.961 -143.055   1046.4    897.8
     1     1    19    10     4    13     0     1  -113.0   20.999 -142.761   1063.2    896.0
     1     1    19    10     4    12     0     0  -114.0   21.045 -142.468   1090.3    894.7
     1     1    19    10     4    11     0     1  -115.0   21.087 -142.174   1140.3    889.6
     1     1    19    10     4    10     0     2  -116.0   21.120 -141.876   1203.4    883.2
     1     1    19    10     4     9     0     3  -117.0   21.145 -141.573   1262.5    876.1
     1     1    19    10     4     8     0     2  -118.0   21.168 -141.259   1300.1    871.7
     1     1    19    10     4     7     0     1  -119.0   21.203 -140.931   1315.5    870.6
     1     1    19    10     4     6     0     0  -120.0   21.252 -140.591   1321.0    870.9
     1     1    19    10     4     5     0     1  -121.0   21.306 -140.248   1329.7    870.2
     1     1    19    10     4     4     0     2  -122.0   21.360 -139.917   1348.6    868.1
     1     1    19    10     4     3     0     3  -123.0   21.414 -139.597   1370.0    864.5
     1     1    19    10     4     2     0     2  -124.0   21.466 -139.283   1386.2    862.8
     1     1    19    10     4     1     0     1  -125.0   21.520 -138.970   1402.1    861.2
     1     1    19    10     4     0     0     0  -126.0   21.574 -138.667   1422.1    858.9
     1     1    19    10     3    23     0     1  -127.0   21.628 -138.375   1437.7    856.8
     1     1    19    10     3    22     0     2  -128.0   21.677 -138.083   1437.2    857.1
     1     1    19    10     3    21     0     3  -129.0   21.720 -137.787   1426.3    859.3
     1     1    19    10     3    20     0     2  -130.0   21.764 -137.495   1421.9    860.7
     1     1    19    10     3    19     0     1  -131.0   21.809 -137.209   1425.4    859.5
     1     1    19    10     3    18     0     0  -132.0   21.853 -136.919   1424.6    859.2
     1     1    19    10     3    17     0     1  -133.0   21.900 -136.635   1423.7    859.9
     1     1    19    10     3    16     0     2  -134.0   21.955 -136.368   1409.1    859.0
     1     1    19    10     3    15     0     3  -135.0   22.015 -136.104   1338.3    863.8
     1     1    19    10     3    14     0     2  -136.0   22.081 -135.827   1239.8    878.7
     1     1    19    10     3    13     0     1  -137.0   22.154 -135.535   1159.3    886.7
     1     1    19    10     3    12     0     0  -138.0   22.230 -135.236   1091.2    892.9
     1     1    19    10     3    11     0     1  -139.0   22.306 -134.929   1042.1    899.6
     1     1    19    10     3    10     0     2  -140.0   22.376 -134.622   1021.8    902.3
     1     1    19    10     3     9     0     3  -141.0   22.439 -134.322   1025.0    902.0
     1     1    19    10     3     8     0     2  -142.0   22.503 -134.030   1033.2    899.9
     1     1    19    10     3     7     0     1  -143.0   22.576 -133.745   1034.4    899.9
     1     1    19    10     3     6     0     0  -144.0   22.657 -133.460   1036.6    900.7
     1     1    19    10     3     5     0     1  -145.0   22.746 -133.173   1045.5    898.9
     1     1    19    10     3     4     0     2  -146.0   22.842 -132.882   1052.1    897.2
     1     1    19    10     3     3     0     3  -147.0   22.945 -132.588   1053.9    896.8
     1     1    19    10     3     2     0     2  -148.0   23.046 -132.306   1045.8    896.6
     1     1    19    10     3     1     0     1  -149.0   23.136 -132.041   1012.4    899.2
     1     1    19    10     3     0     0     0  -150.0   23.216 -131.780    949.1    906.0
     1     1    19    10     2    23     0     1  -151.0   23.305 -131.517    883.4    916.5
     1     1    19    10     2    22     0     2  -152.0   23.404 -131.254    839.6    921.2
     1     1    19    10     2    21     0     3  -153.0   23.504 -130.991    814.9    923.8
     1     1    19    10     2    20     0     2  -154.0   23.604 -130.733    808.8    925.2
     1     1    19    10     2    19     0     1  -155.0   23.714 -130.489    830.0    924.3
     1     1    19    10     2    18     0     0  -156.0   23.835 -130.259    887.7    919.1
     1     1    19    10     2    17     0     1  -157.0   23.953 -130.036    930.4    908.0
     1     1    19    10     2    16     0     2  -158.0   24.060 -129.803    901.2    909.7
     1     1    19    10     2    15     0     3  -159.0   24.162 -129.559    815.1    921.5
     1     1    19    10     2    14     0     2  -160.0   24.261 -129.323    736.2    933.9
     1     1    19    10     2    13     0     1  -161.0   24.353 -129.100    683.8    937.9
     1     1    19    10     2    12     0     0  -162.0   24.436 -128.880    636.0    942.2
     1     1    19    10     2    11     0     1  -163.0   24.518 -128.660    601.6    947.7
     1     1    19    10     2    10     0     2  -164.0   24.605 -128.438    597.5    948.3
     1     1    19    10     2     9     0     3  -165.0   24.695 -128.213    625.1    945.7
     1     1    19    10     2     8     0     2  -166.0   24.792 -127.987    657.1    939.3
     1     1    19    10     2     7     0     1  -167.0   24.898 -127.767    668.9    939.1
     1     1    19    10     2     6     0     0  -168.0   25.015 -127.554    672.4    939.7
     1     1    19    10     2     5     0     1  -169.0   25.148 -127.350    676.1    939.1
     1     1    19    10     2     4     0     2  -170.0   25.295 -127.153    668.8    937.9
     1     1    19    10     2     3     0     3  -171.0   25.455 -126.959    634.3    941.2
     1     1    19    10     2     2     0     2  -172.0   25.624 -126.775    599.9    948.0
     1     1    19    10     2     1     0     1  -173.0   25.797 -126.610    591.3    948.6
     1     1    19    10     2     0     0     0  -174.0   25.978 -126.469    611.5    946.9
     1     1    19    10     1    23     0     1  -175.0   26.161 -126.343    647.1    941.3
     1     1    19    10     1    22     0     2  -176.0   26.341 -126.220    677.2    937.7
     1     1    19    10     1    21     0     3  -177.0   26.519 -126.094    701.4    935.2
     1     1    19    10     1    20     0     2  -178.0   26.701 -125.974    730.7    933.5
     1     1    19    10     1    19     0     1  -179.0   26.892 -125.873    783.3    929.1
     1     1    19    10     1    18     0     0  -180.0   27.093 -125.799    876.1    920.5
     1     1    19    10     1    17     0     1  -181.0   27.290 -125.739    965.6    904.4
     1     1    19    10     1    16     0     2  -182.0   27.480 -125.682   1002.6    900.5
     1     1    19    10     1    15     0     3  -183.0   27.673 -125.629    994.1    901.4
     1     1    19    10     1    14     0     2  -184.0   27.872 -125.585    960.0    906.7
     1     1    19    10     1    13     0     1  -185.0   28.073 -125.554    926.1    911.1
     1     1    19    10     1    12     0     0  -186.0   28.278 -125.535    910.8    913.7
     1     1    19    10     1    11     0     1  -187.0   28.477 -125.523    915.3    912.5
     1     1    19    10     1    10     0     2  -188.0   28.664 -125.510    917.8    911.1
     1     1    19    10     1     9     0     3  -189.0   28.840 -125.497    895.2    912.7
     1     1    19    10     1     8     0     2  -190.0   29.016 -125.484    868.4    919.3
     1     1    19    10     1     7     0     1  -191.0   29.205 -125.472    875.3    919.2
     1     1    19    10     1     6     0     0  -192.0   29.408 -125.464    918.4    914.3
     1     1    19    10     1     5     0     1  -193.0   29.621 -125.465    966.0    905.5
     1     1    19    10     1     4     0     2  -194.0   29.841 -125.474    986.0    902.9
     1     1    19    10     1     3     0     3  -195.0   30.070 -125.493    979.9    903.8
     1     1    19    10     1     2     0     2  -196.0   30.298 -125.517    966.1    906.8
     1     1    19    10     1     1     0     1  -197.0   30.518 -125.546    948.9    907.6
     1     1    19    10     1     0     0     0  -198.0   30.736 -125.585    908.7    911.0
     1     1    19     9    30    23     0     1  -199.0   30.957 -125.637    869.8    919.5
     1     1    19     9    30    22     0     2  -200.0   31.176 -125.701    866.5    920.2
     1     1    19     9    30    21     0     3  -201.0   31.389 -125.773    894.8    917.0
     1     1    19     9    30    20     0     2  -202.0   31.590 -125.855    923.5    911.0
     1     1    19     9    30    19     0     1  -203.0   31.782 -125.946    951.1    910.7
     1     1    19     9    30    18     0     0  -204.0   31.975 -126.052   1021.3    905.4
     1     1    19     9    30    17     0     1  -205.0   32.177 -126.174   1114.7    891.0
     1     1    19     9    30    16     0     2  -206.0   32.378 -126.308   1188.6    882.1
     1     1    19     9    30    15     0     3  -207.0   32.569 -126.452   1235.2    876.4
     1     1    19     9    30    14     0     2  -208.0   32.755 -126.598   1259.3    874.5
     1     1    19     9    30    13     0     1  -209.0   32.946 -126.747   1282.5    873.5
     1     1    19     9    30    12     0     0  -210.0   33.143 -126.908   1327.2    869.5
     1     1    19     9    30    11     0     1  -211.0   33.341 -127.076   1383.3    861.8
     1     1    19     9    30    10     0     2  -212.0   33.543 -127.237   1434.7    856.8
     1     1    19     9    30     9     0     3  -213.0   33.762 -127.392   1489.0    851.9
     1     1    19     9    30     8     0     2  -214.0   33.998 -127.545   1548.4    845.4
     1     1    19     9    30     7     0     1  -215.0   34.241 -127.697   1589.8    839.1
     1     1    19     9    30     6     0     0  -216.0   34.487 -127.852   1603.7    838.7
     1     1    19     9    30     5     0     1  -217.0   34.744 -128.013   1610.1    839.1
     1     1    19     9    30     4     0     2  -218.0   35.016 -128.184   1622.2    837.9
     1     1    19     9    30     3     0     3  -219.0   35.304 -128.364   1634.4    835.8
     1     1    19     9    30     2     0     2  -220.0   35.599 -128.554   1645.2    835.1
     1     1    19     9    30     1     0     1  -221.0   35.896 -128.751   1661.0    833.4
     1     1    19     9    30     0     0     0  -222.0   36.199 -128.957   1681.2    831.1
     1     1    19     9    29    23     0     1  -223.0   36.506 -129.166   1710.2    829.2
     1     1    19     9    29    22     0     2  -224.0   36.820 -129.366   1748.3    825.1
     1     1    19     9    29    21     0     3  -225.0   37.142 -129.558   1778.3    821.5
     1     1    19     9    29    20     0     2  -226.0   37.472 -129.750   1805.0    820.3
     1     1    19     9    29    19     0     1  -227.0   37.825 -129.944   1835.3    816.8
     1     1    19     9    29    18     0     0  -228.0   38.204 -130.134   1859.7    814.0
     1     1    19     9    29    17     0     1  -229.0   38.594 -130.321   1874.9    812.2
     1     1    19     9    29    16     0     2  -230.0   38.981 -130.505   1883.3    811.3
     1     1    19     9    29    15     0     3  -231.0   39.373 -130.685   1883.7    810.7
     1     1    19     9    29    14     0     2  -232.0   39.777 -130.863   1886.8    811.7
     1     1    19     9    29    13     0     1  -233.0   40.192 -131.032   1904.2    809.6
     1     1    19     9    29    12     0     0  -234.0   40.608 -131.189   1930.2    806.6
     1     1    19     9    29    11     0     1  -235.0   41.030 -131.335   1954.8    804.0
     1     1    19     9    29    10     0     2  -236.0   41.471 -131.463   1972.9    802.9
     1     1    19     9    29     9     0     3  -237.0   41.931 -131.564   1989.4    802.0
     1     1    19     9    29     8     0     2  -238.0   42.406 -131.648   2011.4    800.1
     1     1    19     9    29     7     0     1  -239.0   42.895 -131.727   2043.1    796.8
     1     1    19     9    29     6     0     0  -240.0   43.399 -131.790   2077.7    792.6
