     7     1
    GDAS    18    12     1     0     0
    GDAS    19     1     1     0     0
    GDAS    19     2     1     0     0
    GDAS    19     3     1     0     0
    GDAS    19     4     1     0     0
    GDAS    19     5     1     0     0
    GDAS    19     6     1     0     0
     1 BACKWARD OMEGA   
    19     2    18    12   21.319 -157.670    10.0
     1 PRESSURE
     1     1    19     2    18    12     0     0     0.0   21.319 -157.670     10.0   1010.6
     1     1    19     2    18    11     0     1    -1.0   21.454 -157.636     16.6   1010.3
     1     1    19     2    18    10     0     2    -2.0   21.607 -157.608     26.4   1009.6
     1     1    19     2    18     9     0     3    -3.0   21.786 -157.588     36.6   1009.1
     1     1    19     2    18     8     0     2    -4.0   21.997 -157.582     43.7   1008.8
     1     1    19     2    18     7     0     1    -5.0   22.234 -157.593     48.8   1008.5
     1     1    19     2    18     6     0     0    -6.0   22.495 -157.620     55.9   1007.8
     1     1    19     2    18     5     0     1    -7.0   22.787 -157.656     63.4   1006.2
     1     1    19     2    18     4     0     2    -8.0   23.118 -157.689     68.7   1005.1
     1     1    19     2    18     3     0     3    -9.0   23.493 -157.718     71.8   1004.4
     1     1    19     2    18     2     0     2   -10.0   23.909 -157.746     74.0   1004.4
     1     1    19     2    18     1     0     1   -11.0   24.355 -157.770     75.8   1004.2
     1     1    19     2    18     0     0     0   -12.0   24.822 -157.780     76.7   1004.4
     1     1    19     2    17    23     0     1   -13.0   25.309 -157.761     77.0   1005.2
     1     1    19     2    17    22     0     2   -14.0   25.812 -157.704     77.1   1006.2
     1     1    19     2    17    21     0     3   -15.0   26.332 -157.609     77.1   1007.3
     1     1    19     2    17    20     0     2   -16.0   26.866 -157.477     77.1   1007.5
     1     1    19     2    17    19     0     1   -17.0   27.408 -157.306     77.1   1008.1
     1     1    19     2    17    18     0     0   -18.0   27.949 -157.096     77.1   1008.5
     1     1    19     2    17    17     0     1   -19.0   28.483 -156.843     77.1   1009.3
     1     1    19     2    17    16     0     2   -20.0   29.004 -156.534     77.1   1009.7
     1     1    19     2    17    15     0     3   -21.0   29.499 -156.177     77.1   1010.3
     1     1    19     2    17    14     0     2   -22.0   29.952 -155.780     78.0   1011.5
     1     1    19     2    17    13     0     1   -23.0   30.357 -155.356     80.5   1012.5
     1     1    19     2    17    12     0     0   -24.0   30.700 -154.921     83.5   1013.9
     1     1    19     2    17    11     0     1   -25.0   30.983 -154.477     86.1   1014.7
     1     1    19     2    17    10     0     2   -26.0   31.212 -154.015     88.5   1014.6
     1     1    19     2    17     9     0     3   -27.0   31.393 -153.534     90.6   1014.5
     1     1    19     2    17     8     0     2   -28.0   31.537 -153.040     92.9   1014.5
     1     1    19     2    17     7     0     1   -29.0   31.652 -152.537     94.8   1014.5
     1     1    19     2    17     6     0     0   -30.0   31.743 -152.022     96.7   1014.6
     1     1    19     2    17     5     0     1   -31.0   31.809 -151.496     99.8   1014.2
     1     1    19     2    17     4     0     2   -32.0   31.849 -150.962    103.4   1013.6
     1     1    19     2    17     3     0     3   -33.0   31.867 -150.429    105.8   1013.1
     1     1    19     2    17     2     0     2   -34.0   31.873 -149.904    107.0   1014.1
     1     1    19     2    17     1     0     1   -35.0   31.874 -149.376    107.5   1015.1
     1     1    19     2    17     0     0     0   -36.0   31.868 -148.846    107.6   1015.6
     1     1    19     2    16    23     0     1   -37.0   31.861 -148.315    107.6   1015.9
     1     1    19     2    16    22     0     2   -38.0   31.861 -147.779    107.6   1016.2
     1     1    19     2    16    21     0     3   -39.0   31.873 -147.245    107.6   1016.6
     1     1    19     2    16    20     0     2   -40.0   31.898 -146.718    107.4   1017.5
     1     1    19     2    16    19     0     1   -41.0   31.937 -146.198    107.2   1018.5
     1     1    19     2    16    18     0     0   -42.0   31.990 -145.690    107.1   1019.5
     1     1    19     2    16    17     0     1   -43.0   32.050 -145.196    108.5   1019.4
     1     1    19     2    16    16     0     2   -44.0   32.112 -144.721    112.1   1018.8
     1     1    19     2    16    15     0     3   -45.0   32.180 -144.266    115.2   1018.1
     1     1    19     2    16    14     0     2   -46.0   32.262 -143.825    117.8   1017.9
     1     1    19     2    16    13     0     1   -47.0   32.360 -143.395    121.4   1017.5
     1     1    19     2    16    12     0     0   -48.0   32.474 -142.980    125.8   1017.0
     1     1    19     2    16    11     0     1   -49.0   32.599 -142.587    130.1   1016.4
     1     1    19     2    16    10     0     2   -50.0   32.731 -142.222    133.1   1016.0
     1     1    19     2    16     9     0     3   -51.0   32.874 -141.884    134.9   1015.8
     1     1    19     2    16     8     0     2   -52.0   33.039 -141.572    136.3   1015.8
     1     1    19     2    16     7     0     1   -53.0   33.239 -141.293    138.6   1016.0
     1     1    19     2    16     6     0     0   -54.0   33.470 -141.054    142.2   1016.1
     1     1    19     2    16     5     0     1   -55.0   33.713 -140.853    148.3   1015.1
     1     1    19     2    16     4     0     2   -56.0   33.958 -140.686    156.2   1013.2
     1     1    19     2    16     3     0     3   -57.0   34.211 -140.553    163.2   1011.4
     1     1    19     2    16     2     0     2   -58.0   34.469 -140.452    170.1   1010.7
     1     1    19     2    16     1     0     1   -59.0   34.728 -140.386    179.2   1009.5
     1     1    19     2    16     0     0     0   -60.0   34.985 -140.355    191.8   1007.8
     1     1    19     2    15    23     0     1   -61.0   35.258 -140.353    205.9   1005.7
     1     1    19     2    15    22     0     2   -62.0   35.566 -140.370    219.4   1004.1
     1     1    19     2    15    21     0     3   -63.0   35.909 -140.410    234.2   1002.4
     1     1    19     2    15    20     0     2   -64.0   36.278 -140.485    251.5   1000.0
     1     1    19     2    15    19     0     1   -65.0   36.663 -140.605    271.6    997.3
     1     1    19     2    15    18     0     0   -66.0   37.061 -140.773    295.8    993.7
     1     1    19     2    15    17     0     1   -67.0   37.460 -140.991    321.3    989.5
     1     1    19     2    15    16     0     2   -68.0   37.854 -141.254    342.6    986.3
     1     1    19     2    15    15     0     3   -69.0   38.250 -141.551    361.7    983.9
     1     1    19     2    15    14     0     2   -70.0   38.648 -141.871    383.1    981.0
     1     1    19     2    15    13     0     1   -71.0   39.048 -142.210    407.0    977.7
     1     1    19     2    15    12     0     0   -72.0   39.448 -142.575    432.6    974.3
     1     1    19     2    15    11     0     1   -73.0   39.856 -142.950    458.7    970.8
     1     1    19     2    15    10     0     2   -74.0   40.281 -143.320    481.6    967.5
     1     1    19     2    15     9     0     3   -75.0   40.719 -143.689    496.7    965.3
     1     1    19     2    15     8     0     2   -76.0   41.166 -144.074    510.3    964.3
     1     1    19     2    15     7     0     1   -77.0   41.620 -144.486    531.3    961.2
     1     1    19     2    15     6     0     0   -78.0   42.076 -144.922    558.8    957.6
     1     1    19     2    15     5     0     1   -79.0   42.536 -145.369    588.1    953.3
     1     1    19     2    15     4     0     2   -80.0   43.007 -145.813    618.6    950.0
     1     1    19     2    15     3     0     3   -81.0   43.492 -146.254    653.6    945.4
     1     1    19     2    15     2     0     2   -82.0   43.979 -146.702    684.9    940.4
     1     1    19     2    15     1     0     1   -83.0   44.461 -147.161    709.5    937.7
     1     1    19     2    15     0     0     0   -84.0   44.936 -147.624    730.1    935.0
     1     1    19     2    14    23     0     1   -85.0   45.402 -148.089    741.5    933.4
     1     1    19     2    14    22     0     2   -86.0   45.863 -148.559    746.1    933.7
     1     1    19     2    14    21     0     3   -87.0   46.323 -149.037    749.9    933.4
     1     1    19     2    14    20     0     2   -88.0   46.779 -149.525    757.3    933.0
     1     1    19     2    14    19     0     1   -89.0   47.228 -150.021    773.2    931.1
     1     1    19     2    14    18     0     0   -90.0   47.665 -150.523    801.8    928.3
     1     1    19     2    14    17     0     1   -91.0   48.083 -151.024    833.0    923.4
     1     1    19     2    14    16     0     2   -92.0   48.479 -151.527    854.0    921.3
     1     1    19     2    14    15     0     3   -93.0   48.857 -152.032    867.4    920.2
     1     1    19     2    14    14     0     2   -94.0   49.214 -152.540    877.0    919.6
     1     1    19     2    14    13     0     1   -95.0   49.548 -153.046    888.1    919.0
     1     1    19     2    14    12     0     0   -96.0   49.864 -153.544    903.6    917.4
     1     1    19     2    14    11     0     1   -97.0   50.166 -154.029    922.1    915.3
     1     1    19     2    14    10     0     2   -98.0   50.463 -154.497    944.5    913.2
     1     1    19     2    14     9     0     3   -99.0   50.762 -154.950    973.4    910.1
     1     1    19     2    14     8     0     2  -100.0   51.056 -155.393   1003.8    906.2
     1     1    19     2    14     7     0     1  -101.0   51.340 -155.827   1029.8    903.4
     1     1    19     2    14     6     0     0  -102.0   51.617 -156.255   1048.7    901.2
     1     1    19     2    14     5     0     1  -103.0   51.889 -156.685   1060.7    900.2
     1     1    19     2    14     4     0     2  -104.0   52.155 -157.127   1075.1    899.4
     1     1    19     2    14     3     0     3  -105.0   52.414 -157.582   1101.8    896.9
     1     1    19     2    14     2     0     2  -106.0   52.666 -158.040   1133.2    892.5
     1     1    19     2    14     1     0     1  -107.0   52.912 -158.496   1161.3    890.1
     1     1    19     2    14     0     0     0  -108.0   53.154 -158.955   1196.0    887.1
     1     1    19     2    13    23     0     1  -109.0   53.396 -159.405   1240.1    881.3
     1     1    19     2    13    22     0     2  -110.0   53.641 -159.844   1289.1    875.6
     1     1    19     2    13    21     0     3  -111.0   53.898 -160.288   1347.5    869.4
     1     1    19     2    13    20     0     2  -112.0   54.172 -160.748   1422.8    861.1
     1     1    19     2    13    19     0     1  -113.0   54.453 -161.231   1510.6    850.5
     1     1    19     2    13    18     0     0  -114.0   54.747 -161.775   1665.5    838.6
     1     1    19     2    13    17     0     1  -115.0   55.061 -162.460   1941.2    801.8
     1     1    19     2    13    16     0     2  -116.0   55.354 -163.267   2199.5    768.5
     1     1    19     2    13    15     0     3  -117.0   55.584 -164.163   2321.7    762.2
     1     1    19     2    13    14     0     2  -118.0   55.747 -165.061   2383.4    756.7
     1     1    19     2    13    13     0     1  -119.0   55.874 -165.925   2435.2    751.5
     1     1    19     2    13    12     0     0  -120.0   55.970 -166.754   2463.2    748.2
     1     1    19     2    13    11     0     1  -121.0   56.051 -167.561   2465.3    748.2
     1     1    19     2    13    10     0     2  -122.0   56.140 -168.377   2488.6    745.0
     1     1    19     2    13     9     0     3  -123.0   56.230 -169.214   2525.1    740.9
     1     1    19     2    13     8     0     2  -124.0   56.308 -170.088   2588.0    734.3
     1     1    19     2    13     7     0     1  -125.0   56.374 -171.008   2687.2    724.4
     1     1    19     2    13     6     0     0  -126.0   56.433 -171.979   2796.4    712.2
     1     1    19     2    13     5     0     1  -127.0   56.462 -172.997   2872.2    704.0
     1     1    19     2    13     4     0     2  -128.0   56.442 -174.063   2946.3    696.9
     1     1    19     2    13     3     0     3  -129.0   56.387 -175.186   3054.5    685.8
     1     1    19     2    13     2     0     2  -130.0   56.303 -176.339   3160.3    674.7
     1     1    19     2    13     1     0     1  -131.0   56.169 -177.464   3245.3    666.9
     1     1    19     2    13     0     0     0  -132.0   55.961 -178.592   3348.4    656.4
     1     1    19     2    12    23     0     1  -133.0   55.731 -179.806   3433.0    648.0
     1     1    19     2    12    22     0     2  -134.0   55.505  178.998   3501.4    641.1
     1     1    19     2    12    21     0     3  -135.0   55.252  177.953   3561.5    634.3
     1     1    19     2    12    20     0     2  -136.0   54.983  177.006   3589.0    631.2
     1     1    19     2    12    19     0     1  -137.0   54.698  176.036   3590.2    631.3
     1     1    19     2    12    18     0     0  -138.0   54.373  175.068   3573.6    632.0
     1     1    19     2    12    17     0     1  -139.0   54.045  174.121   3561.1    633.1
     1     1    19     2    12    16     0     2  -140.0   53.729  173.168   3546.2    632.0
     1     1    19     2    12    15     0     3  -141.0   53.390  172.201   3532.4    633.6
     1     1    19     2    12    14     0     2  -142.0   53.038  171.246   3534.8    634.4
     1     1    19     2    12    13     0     1  -143.0   52.679  170.274   3550.2    632.4
     1     1    19     2    12    12     0     0  -144.0   52.303  169.268   3568.7    630.3
     1     1    19     2    12    11     0     1  -145.0   51.932  168.260   3577.3    629.2
     1     1    19     2    12    10     0     2  -146.0   51.564  167.222   3589.7    628.1
     1     1    19     2    12     9     0     3  -147.0   51.207  166.205   3619.2    624.9
     1     1    19     2    12     8     0     2  -148.0   50.849  165.205   3659.7    621.1
     1     1    19     2    12     7     0     1  -149.0   50.490  164.165   3707.9    616.3
     1     1    19     2    12     6     0     0  -150.0   50.140  163.142   3747.3    612.5
     1     1    19     2    12     5     0     1  -151.0   49.798  162.136   3777.3    609.8
     1     1    19     2    12     4     0     2  -152.0   49.470  161.110   3817.1    605.8
     1     1    19     2    12     3     0     3  -153.0   49.167  160.070   3854.6    601.8
     1     1    19     2    12     2     0     2  -154.0   48.891  159.006   3897.5    598.3
     1     1    19     2    12     1     0     1  -155.0   48.629  157.938   3944.6    594.0
     1     1    19     2    12     0     0     0  -156.0   48.391  156.857   3998.3    589.7
     1     1    19     2    11    23     0     1  -157.0   48.173  155.766   4056.1    583.8
     1     1    19     2    11    22     0     2  -158.0   47.976  154.687   4085.3    581.0
     1     1    19     2    11    21     0     3  -159.0   47.813  153.591   4106.1    579.4
     1     1    19     2    11    20     0     2  -160.0   47.671  152.488   4131.5    576.3
     1     1    19     2    11    19     0     1  -161.0   47.531  151.371   4148.2    575.0
     1     1    19     2    11    18     0     0  -162.0   47.405  150.255   4162.0    574.2
     1     1    19     2    11    17     0     1  -163.0   47.288  149.125   4205.0    570.7
     1     1    19     2    11    16     0     2  -164.0   47.158  148.008   4258.9    566.2
     1     1    19     2    11    15     0     3  -165.0   47.042  146.890   4302.3    562.0
     1     1    19     2    11    14     0     2  -166.0   46.946  145.780   4283.4    563.7
     1     1    19     2    11    13     0     1  -167.0   46.880  144.674   4233.7    568.3
     1     1    19     2    11    12     0     0  -168.0   46.829  143.530   4168.6    566.2
     1     1    19     2    11    11     0     1  -169.0   46.775  142.358   4159.1    564.6
     1     1    19     2    11    10     0     2  -170.0   46.719  141.199   4238.0    565.9
     1     1    19     2    11     9     0     3  -171.0   46.677  140.098   4299.0    563.9
     1     1    19     2    11     8     0     2  -172.0   46.669  139.064   4348.2    559.0
     1     1    19     2    11     7     0     1  -173.0   46.694  138.088   4130.9    536.0
     1     1    19     2    11     6     0     0  -174.0   46.756  137.067   3917.1    519.1
     1     1    19     2    11     5     0     1  -175.0   46.862  135.981   4113.8    543.5
     1     1    19     2    11     4     0     2  -176.0   46.989  134.947   4249.6    549.6
     1     1    19     2    11     3     0     3  -177.0   47.107  133.998   4272.5    557.3
     1     1    19     2    11     2     0     2  -178.0   47.229  133.112   4267.6    561.1
     1     1    19     2    11     1     0     1  -179.0   47.378  132.257   4283.5    561.3
     1     1    19     2    11     0     0     0  -180.0   47.548  131.409   4343.0    550.6
     1     1    19     2    10    23     0     1  -181.0   47.727  130.574   4323.9    543.3
     1     1    19     2    10    22     0     2  -182.0   47.897  129.743   4306.1    533.7
     1     1    19     2    10    21     0     3  -183.0   48.057  128.924   4360.2    528.6
     1     1    19     2    10    20     0     2  -184.0   48.205  128.142   4430.4    523.6
     1     1    19     2    10    19     0     1  -185.0   48.348  127.398   4468.3    524.7
     1     1    19     2    10    18     0     0  -186.0   48.486  126.677   4492.5    525.0
     1     1    19     2    10    17     0     1  -187.0   48.623  125.979   4512.6    526.0
     1     1    19     2    10    16     0     2  -188.0   48.765  125.316   4522.5    527.0
     1     1    19     2    10    15     0     3  -189.0   48.916  124.689   4531.1    525.1
     1     1    19     2    10    14     0     2  -190.0   49.073  124.092   4544.9    518.9
     1     1    19     2    10    13     0     1  -191.0   49.229  123.505   4550.2    508.1
     1     1    19     2    10    12     0     0  -192.0   49.381  122.909   4537.3    498.1
     1     1    19     2    10    11     0     1  -193.0   49.529  122.294   4519.6    485.4
     1     1    19     2    10    10     0     2  -194.0   49.671  121.670   4530.6    478.8
     1     1    19     2    10     9     0     3  -195.0   49.807  121.066   4550.8    480.0
     1     1    19     2    10     8     0     2  -196.0   49.939  120.496   4573.8    484.4
     1     1    19     2    10     7     0     1  -197.0   50.068  119.960   4600.9    488.3
     1     1    19     2    10     6     0     0  -198.0   50.191  119.446   4632.1    491.2
     1     1    19     2    10     5     0     1  -199.0   50.311  118.947   4658.6    492.0
     1     1    19     2    10     4     0     2  -200.0   50.436  118.465   4649.6    485.5
     1     1    19     2    10     3     0     3  -201.0   50.567  117.996   4633.4    479.8
     1     1    19     2    10     2     0     2  -202.0   50.708  117.531   4628.6    476.0
     1     1    19     2    10     1     0     1  -203.0   50.854  117.067   4626.4    469.9
     1     1    19     2    10     0     0     0  -204.0   51.002  116.617   4647.3    471.0
     1     1    19     2     9    23     0     1  -205.0   51.146  116.177   4682.3    477.1
     1     1    19     2     9    22     0     2  -206.0   51.282  115.729   4694.5    479.5
     1     1    19     2     9    21     0     3  -207.0   51.413  115.267   4682.6    479.8
     1     1    19     2     9    20     0     2  -208.0   51.542  114.798   4659.4    479.0
     1     1    19     2     9    19     0     1  -209.0   51.668  114.334   4635.9    478.0
     1     1    19     2     9    18     0     0  -210.0   51.789  113.876   4609.9    478.3
     1     1    19     2     9    17     0     1  -211.0   51.907  113.435   4586.2    479.2
     1     1    19     2     9    16     0     2  -212.0   52.029  113.022   4578.8    478.9
     1     1    19     2     9    15     0     3  -213.0   52.153  112.631   4577.2    474.2
     1     1    19     2     9    14     0     2  -214.0   52.283  112.255   4583.5    470.1
     1     1    19     2     9    13     0     1  -215.0   52.417  111.888   4592.6    468.7
     1     1    19     2     9    12     0     0  -216.0   52.557  111.525   4599.0    467.1
     1     1    19     2     9    11     0     1  -217.0   52.693  111.155   4587.6    463.2
     1     1    19     2     9    10     0     2  -218.0   52.822  110.782   4561.4    460.7
     1     1    19     2     9     9     0     3  -219.0   52.947  110.420   4534.2    460.1
     1     1    19     2     9     8     0     2  -220.0   53.067  110.083   4522.5    460.4
     1     1    19     2     9     7     0     1  -221.0   53.182  109.775   4544.2    467.0
     1     1    19     2     9     6     0     0  -222.0   53.297  109.492   4578.2    475.7
     1     1    19     2     9     5     0     1  -223.0   53.417  109.234   4619.5    484.5
     1     1    19     2     9     4     0     2  -224.0   53.545  109.001   4666.5    493.6
     1     1    19     2     9     3     0     3  -225.0   53.680  108.785   4674.1    491.1
     1     1    19     2     9     2     0     2  -226.0   53.821  108.575   4658.6    485.1
     1     1    19     2     9     1     0     1  -227.0   53.967  108.365   4613.5    475.4
     1     1    19     2     9     0     0     0  -228.0   54.114  108.161   4560.0    469.3
     1     1    19     2     8    23     0     1  -229.0   54.265  107.951   4530.3    470.7
     1     1    19     2     8    22     0     2  -230.0   54.425  107.724   4549.1    479.9
     1     1    19     2     8    21     0     3  -231.0   54.592  107.483   4573.7    486.1
     1     1    19     2     8    20     0     2  -232.0   54.762  107.241   4591.7    490.6
     1     1    19     2     8    19     0     1  -233.0   54.925  107.012   4600.7    493.3
     1     1    19     2     8    18     0     0  -234.0   55.081  106.799   4603.7    494.1
     1     1    19     2     8    17     0     1  -235.0   55.234  106.600   4610.9    494.1
     1     1    19     2     8    16     0     2  -236.0   55.385  106.409   4625.0    493.7
     1     1    19     2     8    15     0     3  -237.0   55.537  106.223   4642.4    493.4
     1     1    19     2     8    14     0     2  -238.0   55.688  106.036   4658.5    493.7
     1     1    19     2     8    13     0     1  -239.0   55.838  105.846   4665.1    493.2
     1     1    19     2     8    12     0     0  -240.0   55.986  105.656   4664.0    492.3
