     7     1
    GDAS    19     6     1     0     0
    GDAS    19     7     1     0     0
    GDAS    19     8     1     0     0
    GDAS    19     9     1     0     0
    GDAS    19    10     1     0     0
    GDAS    19    11     1     0     0
    GDAS    19    12     1     0     0
     1 BACKWARD OMEGA   
    19    10    28     0   21.319 -157.670    10.0
     1 PRESSURE
     1     1    19    10    28     0     0     0     0.0   21.319 -157.670     10.0   1008.0
     1     1    19    10    27    23     0     1    -1.0   21.455 -157.461    106.2    998.3
     1     1    19    10    27    22     0     2    -2.0   21.568 -157.233    219.4    984.9
     1     1    19    10    27    21     0     3    -3.0   21.660 -156.999    332.4    972.3
     1     1    19    10    27    20     0     2    -4.0   21.738 -156.766    416.6    962.6
     1     1    19    10    27    19     0     1    -5.0   21.808 -156.540    455.5    959.6
     1     1    19    10    27    18     0     0    -6.0   21.883 -156.327    457.8    960.3
     1     1    19    10    27    17     0     1    -7.0   21.967 -156.124    453.0    963.9
     1     1    19    10    27    16     0     2    -8.0   22.054 -155.918    474.3    962.5
     1     1    19    10    27    15     0     3    -9.0   22.137 -155.717    521.2    955.5
     1     1    19    10    27    14     0     2   -10.0   22.214 -155.522    561.8    948.8
     1     1    19    10    27    13     0     1   -11.0   22.283 -155.329    585.9    947.3
     1     1    19    10    27    12     0     0   -12.0   22.349 -155.136    615.4    945.3
     1     1    19    10    27    11     0     1   -13.0   22.413 -154.942    652.8    940.9
     1     1    19    10    27    10     0     2   -14.0   22.477 -154.748    683.7    937.4
     1     1    19    10    27     9     0     3   -15.0   22.543 -154.556    702.3    935.8
     1     1    19    10    27     8     0     2   -16.0   22.610 -154.360    715.4    935.1
     1     1    19    10    27     7     0     1   -17.0   22.673 -154.153    734.8    933.4
     1     1    19    10    27     6     0     0   -18.0   22.731 -153.932    769.6    930.0
     1     1    19    10    27     5     0     1   -19.0   22.781 -153.706    806.3    923.9
     1     1    19    10    27     4     0     2   -20.0   22.820 -153.485    825.4    921.4
     1     1    19    10    27     3     0     3   -21.0   22.857 -153.266    823.9    921.0
     1     1    19    10    27     2     0     2   -22.0   22.892 -153.050    816.7    923.5
     1     1    19    10    27     1     0     1   -23.0   22.922 -152.833    822.7    923.2
     1     1    19    10    27     0     0     0   -24.0   22.945 -152.612    836.5    921.0
     1     1    19    10    26    23     0     1   -25.0   22.963 -152.387    849.4    920.4
     1     1    19    10    26    22     0     2   -26.0   22.989 -152.159    872.5    920.0
     1     1    19    10    26    21     0     3   -27.0   23.033 -151.931    924.1    915.9
     1     1    19    10    26    20     0     2   -28.0   23.085 -151.701    978.5    906.2
     1     1    19    10    26    19     0     1   -29.0   23.128 -151.461   1010.7    904.1
     1     1    19    10    26    18     0     0   -30.0   23.161 -151.215   1048.6    901.4
     1     1    19    10    26    17     0     1   -31.0   23.191 -150.965   1107.8    895.1
     1     1    19    10    26    16     0     2   -32.0   23.227 -150.711   1173.4    886.4
     1     1    19    10    26    15     0     3   -33.0   23.265 -150.461   1215.1    880.0
     1     1    19    10    26    14     0     2   -34.0   23.297 -150.213   1228.6    879.4
     1     1    19    10    26    13     0     1   -35.0   23.327 -149.962   1239.9    880.0
     1     1    19    10    26    12     0     0   -36.0   23.365 -149.705   1270.8    876.8
     1     1    19    10    26    11     0     1   -37.0   23.410 -149.444   1307.4    871.7
     1     1    19    10    26    10     0     2   -38.0   23.455 -149.177   1337.4    869.7
     1     1    19    10    26     9     0     3   -39.0   23.501 -148.903   1373.0    867.0
     1     1    19    10    26     8     0     2   -40.0   23.557 -148.632   1411.0    862.5
     1     1    19    10    26     7     0     1   -41.0   23.623 -148.370   1435.5    859.3
     1     1    19    10    26     6     0     0   -42.0   23.694 -148.110   1437.0    859.1
     1     1    19    10    26     5     0     1   -43.0   23.766 -147.855   1417.4    861.1
     1     1    19    10    26     4     0     2   -44.0   23.836 -147.611   1384.7    864.4
     1     1    19    10    26     3     0     3   -45.0   23.901 -147.374   1347.6    868.3
     1     1    19    10    26     2     0     2   -46.0   23.951 -147.137   1323.0    871.8
     1     1    19    10    26     1     0     1   -47.0   23.983 -146.901   1323.5    871.4
     1     1    19    10    26     0     0     0   -48.0   24.003 -146.666   1342.7    868.6
     1     1    19    10    25    23     0     1   -49.0   24.019 -146.425   1365.8    866.0
     1     1    19    10    25    22     0     2   -50.0   24.036 -146.167   1381.6    864.9
     1     1    19    10    25    21     0     3   -51.0   24.046 -145.888   1387.4    864.7
     1     1    19    10    25    20     0     2   -52.0   24.052 -145.610   1385.1    865.4
     1     1    19    10    25    19     0     1   -53.0   24.058 -145.343   1373.2    866.1
     1     1    19    10    25    18     0     0   -54.0   24.062 -145.070   1339.3    869.0
     1     1    19    10    25    17     0     1   -55.0   24.061 -144.796   1286.6    875.1
     1     1    19    10    25    16     0     2   -56.0   24.064 -144.541   1232.2    880.9
     1     1    19    10    25    15     0     3   -57.0   24.075 -144.305   1183.7    886.0
     1     1    19    10    25    14     0     2   -58.0   24.090 -144.071   1134.1    890.0
     1     1    19    10    25    13     0     1   -59.0   24.104 -143.827   1080.9    896.0
     1     1    19    10    25    12     0     0   -60.0   24.119 -143.578   1045.2    901.0
     1     1    19    10    25    11     0     1   -61.0   24.138 -143.332   1031.2    901.9
     1     1    19    10    25    10     0     2   -62.0   24.152 -143.091   1011.4    902.5
     1     1    19    10    25     9     0     3   -63.0   24.156 -142.851    964.1    907.7
     1     1    19    10    25     8     0     2   -64.0   24.156 -142.610    921.8    916.4
     1     1    19    10    25     7     0     1   -65.0   24.161 -142.367    910.4    916.3
     1     1    19    10    25     6     0     0   -66.0   24.168 -142.112    901.0    915.8
     1     1    19    10    25     5     0     1   -67.0   24.177 -141.846    877.7    917.8
     1     1    19    10    25     4     0     2   -68.0   24.194 -141.575    845.4    921.0
     1     1    19    10    25     3     0     3   -69.0   24.214 -141.296    810.6    924.2
     1     1    19    10    25     2     0     2   -70.0   24.236 -141.008    782.0    927.8
     1     1    19    10    25     1     0     1   -71.0   24.262 -140.720    768.2    929.4
     1     1    19    10    25     0     0     0   -72.0   24.291 -140.434    769.2    928.9
     1     1    19    10    24    23     0     1   -73.0   24.324 -140.150    782.1    927.9
     1     1    19    10    24    22     0     2   -74.0   24.361 -139.872    798.8    925.9
     1     1    19    10    24    21     0     3   -75.0   24.405 -139.604    811.0    924.9
     1     1    19    10    24    20     0     2   -76.0   24.455 -139.343    818.7    924.8
     1     1    19    10    24    19     0     1   -77.0   24.511 -139.087    828.0    924.8
     1     1    19    10    24    18     0     0   -78.0   24.572 -138.839    842.0    923.7
     1     1    19    10    24    17     0     1   -79.0   24.633 -138.597    853.1    921.5
     1     1    19    10    24    16     0     2   -80.0   24.695 -138.362    858.7    920.7
     1     1    19    10    24    15     0     3   -81.0   24.754 -138.137    866.0    919.9
     1     1    19    10    24    14     0     2   -82.0   24.808 -137.920    872.8    918.5
     1     1    19    10    24    13     0     1   -83.0   24.855 -137.707    870.3    918.5
     1     1    19    10    24    12     0     0   -84.0   24.897 -137.496    855.0    919.8
     1     1    19    10    24    11     0     1   -85.0   24.937 -137.275    839.5    923.0
     1     1    19    10    24    10     0     2   -86.0   24.977 -137.037    835.9    923.1
     1     1    19    10    24     9     0     3   -87.0   25.015 -136.784    835.4    922.7
     1     1    19    10    24     8     0     2   -88.0   25.058 -136.512    836.4    923.2
     1     1    19    10    24     7     0     1   -89.0   25.110 -136.224    846.9    922.7
     1     1    19    10    24     6     0     0   -90.0   25.172 -135.926    873.3    920.5
     1     1    19    10    24     5     0     1   -91.0   25.247 -135.628    898.8    915.2
     1     1    19    10    24     4     0     2   -92.0   25.343 -135.330    907.0    914.2
     1     1    19    10    24     3     0     3   -93.0   25.461 -135.028    903.7    914.5
     1     1    19    10    24     2     0     2   -94.0   25.594 -134.727    897.5    915.8
     1     1    19    10    24     1     0     1   -95.0   25.733 -134.435    893.0    916.2
     1     1    19    10    24     0     0     0   -96.0   25.879 -134.153    891.7    916.7
     1     1    19    10    23    23     0     1   -97.0   26.028 -133.871    899.7    916.5
     1     1    19    10    23    22     0     2   -98.0   26.180 -133.578    915.0    914.5
     1     1    19    10    23    21     0     3   -99.0   26.334 -133.275    927.4    912.9
     1     1    19    10    23    20     0     2  -100.0   26.493 -132.972    933.3    913.0
     1     1    19    10    23    19     0     1  -101.0   26.659 -132.678    936.8    913.5
     1     1    19    10    23    18     0     0  -102.0   26.824 -132.396    937.0    913.7
     1     1    19    10    23    17     0     1  -103.0   26.989 -132.119    921.3    914.0
     1     1    19    10    23    16     0     2  -104.0   27.165 -131.841    890.4    918.1
     1     1    19    10    23    15     0     3  -105.0   27.354 -131.557    860.8    921.4
     1     1    19    10    23    14     0     2  -106.0   27.549 -131.269    838.3    923.7
     1     1    19    10    23    13     0     1  -107.0   27.739 -130.984    812.4    925.3
     1     1    19    10    23    12     0     0  -108.0   27.922 -130.703    775.3    929.5
     1     1    19    10    23    11     0     1  -109.0   28.104 -130.420    740.3    934.7
     1     1    19    10    23    10     0     2  -110.0   28.289 -130.124    713.0    937.3
     1     1    19    10    23     9     0     3  -111.0   28.477 -129.815    689.8    940.2
     1     1    19    10    23     8     0     2  -112.0   28.665 -129.499    675.4    942.6
     1     1    19    10    23     7     0     1  -113.0   28.853 -129.180    666.2    943.3
     1     1    19    10    23     6     0     0  -114.0   29.039 -128.856    646.6    944.9
     1     1    19    10    23     5     0     1  -115.0   29.241 -128.523    619.0    948.8
     1     1    19    10    23     4     0     2  -116.0   29.468 -128.180    592.6    951.0
     1     1    19    10    23     3     0     3  -117.0   29.717 -127.833    566.5    953.7
     1     1    19    10    23     2     0     2  -118.0   29.985 -127.495    537.4    956.3
     1     1    19    10    23     1     0     1  -119.0   30.273 -127.179    506.9    960.4
     1     1    19    10    23     0     0     0  -120.0   30.578 -126.886    484.2    963.4
     1     1    19    10    22    23     0     1  -121.0   30.887 -126.615    478.3    965.3
     1     1    19    10    22    22     0     2  -122.0   31.182 -126.356    485.4    963.6
     1     1    19    10    22    21     0     3  -123.0   31.458 -126.098    497.5    962.7
     1     1    19    10    22    20     0     2  -124.0   31.728 -125.833    506.7    961.2
     1     1    19    10    22    19     0     1  -125.0   32.013 -125.558    506.8    962.0
     1     1    19    10    22    18     0     0  -126.0   32.312 -125.273    510.4    963.3
     1     1    19    10    22    17     0     1  -127.0   32.627 -124.987    513.8    960.9
     1     1    19    10    22    16     0     2  -128.0   32.983 -124.728    498.6    961.7
     1     1    19    10    22    15     0     3  -129.0   33.395 -124.499    465.3    965.7
     1     1    19    10    22    14     0     2  -130.0   33.860 -124.289    443.6    971.2
     1     1    19    10    22    13     0     1  -131.0   34.333 -124.103    463.0    969.4
     1     1    19    10    22    12     0     0  -132.0   34.766 -123.944    512.1    962.4
     1     1    19    10    22    11     0     1  -133.0   35.174 -123.799    554.4    955.3
     1     1    19    10    22    10     0     2  -134.0   35.603 -123.678    569.6    954.1
     1     1    19    10    22     9     0     3  -135.0   36.048 -123.590    563.8    955.4
     1     1    19    10    22     8     0     2  -136.0   36.482 -123.535    559.4    957.9
     1     1    19    10    22     7     0     1  -137.0   36.882 -123.508    574.1    956.3
     1     1    19    10    22     6     0     0  -138.0   37.240 -123.502    607.4    953.1
     1     1    19    10    22     5     0     1  -139.0   37.558 -123.499    655.2    947.2
     1     1    19    10    22     4     0     2  -140.0   37.848 -123.494    710.1    940.5
     1     1    19    10    22     3     0     3  -141.0   38.122 -123.493    768.9    930.3
     1     1    19    10    22     2     0     2  -142.0   38.366 -123.487    830.1    916.8
     1     1    19    10    22     1     0     1  -143.0   38.563 -123.467    884.9    903.6
     1     1    19    10    22     0     0     0  -144.0   38.723 -123.436    913.2    893.7
     1     1    19    10    21    23     0     1  -145.0   38.873 -123.408    926.4    888.5
     1     1    19    10    21    22     0     2  -146.0   39.036 -123.394    955.4    878.9
     1     1    19    10    21    21     0     3  -147.0   39.214 -123.387    993.8    861.9
     1     1    19    10    21    20     0     2  -148.0   39.404 -123.384   1020.2    846.7
     1     1    19    10    21    19     0     1  -149.0   39.622 -123.388   1049.7    832.8
     1     1    19    10    21    18     0     0  -150.0   39.904 -123.393   1134.6    810.7
     1     1    19    10    21    17     0     1  -151.0   40.267 -123.427   1296.7    787.6
     1     1    19    10    21    16     0     2  -152.0   40.665 -123.533   1499.7    775.9
     1     1    19    10    21    15     0     3  -153.0   41.064 -123.724   1707.2    772.3
     1     1    19    10    21    14     0     2  -154.0   41.453 -123.970   1871.0    775.7
     1     1    19    10    21    13     0     1  -155.0   41.824 -124.266   2014.5    772.6
     1     1    19    10    21    12     0     0  -156.0   42.159 -124.628   2189.4    770.8
     1     1    19    10    21    11     0     1  -157.0   42.457 -125.040   2336.2    770.0
     1     1    19    10    21    10     0     2  -158.0   42.739 -125.502   2374.6    765.7
     1     1    19    10    21     9     0     3  -159.0   42.999 -125.999   2351.3    770.8
     1     1    19    10    21     8     0     2  -160.0   43.237 -126.518   2336.5    775.3
     1     1    19    10    21     7     0     1  -161.0   43.472 -127.066   2333.0    771.9
     1     1    19    10    21     6     0     0  -162.0   43.698 -127.637   2329.7    774.6
     1     1    19    10    21     5     0     1  -163.0   43.919 -128.233   2355.6    771.8
     1     1    19    10    21     4     0     2  -164.0   44.146 -128.870   2384.0    766.1
     1     1    19    10    21     3     0     3  -165.0   44.378 -129.546   2392.3    765.2
     1     1    19    10    21     2     0     2  -166.0   44.609 -130.265   2390.9    765.6
     1     1    19    10    21     1     0     1  -167.0   44.835 -131.034   2396.3    765.7
     1     1    19    10    21     0     0     0  -168.0   45.039 -131.844   2404.8    763.7
     1     1    19    10    20    23     0     1  -169.0   45.217 -132.693   2408.1    763.5
     1     1    19    10    20    22     0     2  -170.0   45.399 -133.582   2435.3    760.3
     1     1    19    10    20    21     0     3  -171.0   45.573 -134.482   2463.9    757.1
     1     1    19    10    20    20     0     2  -172.0   45.708 -135.419   2481.9    755.4
     1     1    19    10    20    19     0     1  -173.0   45.805 -136.404   2520.5    752.1
     1     1    19    10    20    18     0     0  -174.0   45.890 -137.421   2567.0    747.5
     1     1    19    10    20    17     0     1  -175.0   45.929 -138.435   2615.1    742.1
     1     1    19    10    20    16     0     2  -176.0   45.928 -139.458   2665.5    738.0
     1     1    19    10    20    15     0     3  -177.0   45.902 -140.503   2739.4    731.0
     1     1    19    10    20    14     0     2  -178.0   45.852 -141.572   2863.0    718.9
     1     1    19    10    20    13     0     1  -179.0   45.741 -142.681   2961.6    709.1
     1     1    19    10    20    12     0     0  -180.0   45.595 -143.765   3001.9    707.7
     1     1    19    10    20    11     0     1  -181.0   45.392 -144.844   3052.1    702.9
     1     1    19    10    20    10     0     2  -182.0   45.165 -145.938   3140.8    696.1
     1     1    19    10    20     9     0     3  -183.0   44.958 -147.022   3226.3    686.1
     1     1    19    10    20     8     0     2  -184.0   44.698 -148.066   3225.2    686.9
     1     1    19    10    20     7     0     1  -185.0   44.390 -149.090   3196.8    691.1
     1     1    19    10    20     6     0     0  -186.0   44.075 -150.070   3201.0    690.9
     1     1    19    10    20     5     0     1  -187.0   43.770 -150.982   3201.3    690.1
     1     1    19    10    20     4     0     2  -188.0   43.449 -151.869   3225.6    688.8
     1     1    19    10    20     3     0     3  -189.0   43.095 -152.769   3207.4    687.7
     1     1    19    10    20     2     0     2  -190.0   42.775 -153.594   3096.2    700.8
     1     1    19    10    20     1     0     1  -191.0   42.507 -154.427   3042.9    703.7
     1     1    19    10    20     0     0     0  -192.0   42.200 -155.208   2891.3    716.6
     1     1    19    10    19    23     0     1  -193.0   41.915 -155.993   2810.6    729.4
     1     1    19    10    19    22     0     2  -194.0   41.669 -156.825   2851.9    719.8
     1     1    19    10    19    21     0     3  -195.0   41.417 -157.596   2786.0    727.2
     1     1    19    10    19    20     0     2  -196.0   41.186 -158.300   2679.4    739.4
     1     1    19    10    19    19     0     1  -197.0   40.935 -159.069   2723.1    741.2
     1     1    19    10    19    18     0     0  -198.0   40.629 -159.862   2755.2    729.7
     1     1    19    10    19    17     0     1  -199.0   40.303 -160.603   2668.1    736.0
     1     1    19    10    19    16     0     2  -200.0   39.997 -161.301   2502.0    757.8
     1     1    19    10    19    15     0     3  -201.0   39.705 -162.021   2473.4    757.6
     1     1    19    10    19    14     0     2  -202.0   39.425 -162.699   2180.4    757.2
     1     1    19    10    19    13     0     1  -203.0   39.166 -163.328   1753.5    833.2
     1     1    19    10    19    12     0     0  -204.0   38.880 -163.980   1568.5    862.0
     1     1    19    10    19    11     0     1  -205.0   38.575 -164.627   1526.0    845.0
     1     1    19    10    19    10     0     2  -206.0   38.295 -165.216   1450.5    856.8
     1     1    19    10    19     9     0     3  -207.0   38.015 -165.810   1414.4    865.1
     1     1    19    10    19     8     0     2  -208.0   37.735 -166.406   1410.5    860.5
     1     1    19    10    19     7     0     1  -209.0   37.472 -166.963   1376.4    862.9
     1     1    19    10    19     6     0     0  -210.0   37.230 -167.501   1322.8    870.9
     1     1    19    10    19     5     0     1  -211.0   37.010 -168.040   1286.6    876.1
     1     1    19    10    19     4     0     2  -212.0   36.803 -168.584   1262.3    876.3
     1     1    19    10    19     3     0     3  -213.0   36.608 -169.130   1242.2    879.4
     1     1    19    10    19     2     0     2  -214.0   36.416 -169.671   1225.9    880.3
     1     1    19    10    19     1     0     1  -215.0   36.223 -170.191   1185.3    883.4
     1     1    19    10    19     0     0     0  -216.0   36.032 -170.700   1142.5    892.3
     1     1    19    10    18    23     0     1  -217.0   35.837 -171.203   1124.0    893.4
     1     1    19    10    18    22     0     2  -218.0   35.636 -171.688   1105.4    894.2
     1     1    19    10    18    21     0     3  -219.0   35.436 -172.153   1086.1    897.8
     1     1    19    10    18    20     0     2  -220.0   35.237 -172.604   1076.0    898.7
     1     1    19    10    18    19     0     1  -221.0   35.035 -173.041   1069.6    899.2
     1     1    19    10    18    18     0     0  -222.0   34.832 -173.456   1060.9    899.8
     1     1    19    10    18    17     0     1  -223.0   34.637 -173.834   1050.7    901.2
     1     1    19    10    18    16     0     2  -224.0   34.446 -174.174   1044.4    902.0
     1     1    19    10    18    15     0     3  -225.0   34.258 -174.484   1042.2    901.9
     1     1    19    10    18    14     0     2  -226.0   34.076 -174.768   1042.6    902.6
     1     1    19    10    18    13     0     1  -227.0   33.911 -175.021   1043.7    902.8
     1     1    19    10    18    12     0     0  -228.0   33.769 -175.244   1043.8    903.5
     1     1    19    10    18    11     0     1  -229.0   33.646 -175.453   1043.5    903.8
     1     1    19    10    18    10     0     2  -230.0   33.539 -175.658   1040.8    904.4
     1     1    19    10    18     9     0     3  -231.0   33.446 -175.864   1037.1    905.3
     1     1    19    10    18     8     0     2  -232.0   33.366 -176.077   1035.3    905.8
     1     1    19    10    18     7     0     1  -233.0   33.300 -176.304   1034.4    905.7
     1     1    19    10    18     6     0     0  -234.0   33.245 -176.546   1028.6    906.0
     1     1    19    10    18     5     0     1  -235.0   33.191 -176.799   1017.6    907.2
     1     1    19    10    18     4     0     2  -236.0   33.126 -177.065   1006.0    908.3
     1     1    19    10    18     3     0     3  -237.0   33.050 -177.344   1006.7    909.1
     1     1    19    10    18     2     0     2  -238.0   32.961 -177.624   1031.6    906.9
     1     1    19    10    18     1     0     1  -239.0   32.855 -177.890   1072.9    902.2
     1     1    19    10    18     0     0     0  -240.0   32.730 -178.138   1115.6    897.6
