     7     1
    GDAS    19     6     1     0     0
    GDAS    19     7     1     0     0
    GDAS    19     8     1     0     0
    GDAS    19     9     1     0     0
    GDAS    19    10     1     0     0
    GDAS    19    11     1     0     0
    GDAS    19    12     1     0     0
     1 BACKWARD OMEGA   
    19    12     7     0   21.319 -157.670    10.0
     1 PRESSURE
     1     1    19    12     7     0     0     0     0.0   21.319 -157.670     10.0   1007.6
     1     1    19    12     6    23     0     1    -1.0   21.364 -157.469     14.5   1007.9
     1     1    19    12     6    22     0     2    -2.0   21.408 -157.278     30.3   1006.5
     1     1    19    12     6    21     0     3    -3.0   21.460 -157.099     70.8   1002.9
     1     1    19    12     6    20     0     2    -4.0   21.507 -156.918    114.1    995.0
     1     1    19    12     6    19     0     1    -5.0   21.534 -156.725    144.6    992.5
     1     1    19    12     6    18     0     0    -6.0   21.548 -156.516    163.2    991.2
     1     1    19    12     6    17     0     1    -7.0   21.562 -156.284    180.9    991.2
     1     1    19    12     6    16     0     2    -8.0   21.576 -156.032    217.6    989.0
     1     1    19    12     6    15     0     3    -9.0   21.590 -155.772    281.3    981.7
     1     1    19    12     6    14     0     2   -10.0   21.607 -155.506    314.1    971.6
     1     1    19    12     6    13     0     1   -11.0   21.640 -155.232    284.0    977.4
     1     1    19    12     6    12     0     0   -12.0   21.694 -154.955    240.5    985.3
     1     1    19    12     6    11     0     1   -13.0   21.757 -154.681    205.8    989.9
     1     1    19    12     6    10     0     2   -14.0   21.818 -154.419    180.9    993.4
     1     1    19    12     6     9     0     3   -15.0   21.874 -154.171    166.7    995.9
     1     1    19    12     6     8     0     2   -16.0   21.928 -153.929    157.6    996.4
     1     1    19    12     6     7     0     1   -17.0   21.985 -153.686    144.8    997.8
     1     1    19    12     6     6     0     0   -18.0   22.050 -153.440    124.1   1000.2
     1     1    19    12     6     5     0     1   -19.0   22.122 -153.189    100.1   1003.0
     1     1    19    12     6     4     0     2   -20.0   22.206 -152.933     79.1   1005.6
     1     1    19    12     6     3     0     3   -21.0   22.295 -152.684     64.7   1007.7
     1     1    19    12     6     2     0     2   -22.0   22.387 -152.450     57.7   1008.0
     1     1    19    12     6     1     0     1   -23.0   22.483 -152.236     55.8   1007.4
     1     1    19    12     6     0     0     0   -24.0   22.586 -152.042     55.8   1006.6
     1     1    19    12     5    23     0     1   -25.0   22.695 -151.860     55.2   1007.6
     1     1    19    12     5    22     0     2   -26.0   22.814 -151.681     54.3   1008.7
     1     1    19    12     5    21     0     3   -27.0   22.946 -151.507     55.0   1009.8
     1     1    19    12     5    20     0     2   -28.0   23.098 -151.329     56.8   1009.5
     1     1    19    12     5    19     0     1   -29.0   23.263 -151.145     57.6   1009.3
     1     1    19    12     5    18     0     0   -30.0   23.430 -150.960     56.1   1009.6
     1     1    19    12     5    17     0     1   -31.0   23.599 -150.793     54.2   1009.8
     1     1    19    12     5    16     0     2   -32.0   23.778 -150.651     54.2   1009.6
     1     1    19    12     5    15     0     3   -33.0   23.970 -150.525     57.3   1009.2
     1     1    19    12     5    14     0     2   -34.0   24.176 -150.406     61.7   1008.3
     1     1    19    12     5    13     0     1   -35.0   24.385 -150.292     63.9   1008.1
     1     1    19    12     5    12     0     0   -36.0   24.593 -150.186     65.3   1008.3
     1     1    19    12     5    11     0     1   -37.0   24.800 -150.097     68.4   1008.7
     1     1    19    12     5    10     0     2   -38.0   25.020 -150.030     73.1   1008.6
     1     1    19    12     5     9     0     3   -39.0   25.256 -149.985     75.4   1008.5
     1     1    19    12     5     8     0     2   -40.0   25.485 -149.951     74.1   1008.9
     1     1    19    12     5     7     0     1   -41.0   25.702 -149.923     71.5   1009.6
     1     1    19    12     5     6     0     0   -42.0   25.916 -149.903     70.2   1010.0
     1     1    19    12     5     5     0     1   -43.0   26.141 -149.894     71.3   1009.6
     1     1    19    12     5     4     0     2   -44.0   26.383 -149.894     75.1   1008.7
     1     1    19    12     5     3     0     3   -45.0   26.627 -149.907     82.1   1007.6
     1     1    19    12     5     2     0     2   -46.0   26.861 -149.928     91.2   1005.8
     1     1    19    12     5     1     0     1   -47.0   27.087 -149.957     98.1   1004.2
     1     1    19    12     5     0     0     0   -48.0   27.309 -149.997    100.2   1003.7
     1     1    19    12     4    23     0     1   -49.0   27.517 -150.045    100.5   1004.7
     1     1    19    12     4    22     0     2   -50.0   27.702 -150.089    101.2   1005.4
     1     1    19    12     4    21     0     3   -51.0   27.867 -150.122    101.7   1006.0
     1     1    19    12     4    20     0     2   -52.0   28.024 -150.142    102.4   1006.2
     1     1    19    12     4    19     0     1   -53.0   28.183 -150.154    104.0   1006.2
     1     1    19    12     4    18     0     0   -54.0   28.339 -150.166    106.1   1006.2
     1     1    19    12     4    17     0     1   -55.0   28.491 -150.171    107.5   1005.8
     1     1    19    12     4    16     0     2   -56.0   28.638 -150.160    108.2   1005.5
     1     1    19    12     4    15     0     3   -57.0   28.785 -150.129    108.3   1005.3
     1     1    19    12     4    14     0     2   -58.0   28.928 -150.089    111.2   1005.5
     1     1    19    12     4    13     0     1   -59.0   29.058 -150.051    120.2   1004.8
     1     1    19    12     4    12     0     0   -60.0   29.170 -150.014    134.1   1003.5
     1     1    19    12     4    11     0     1   -61.0   29.268 -149.964    146.1   1002.0
     1     1    19    12     4    10     0     2   -62.0   29.358 -149.887    152.5   1002.0
     1     1    19    12     4     9     0     3   -63.0   29.434 -149.785    157.2   1002.1
     1     1    19    12     4     8     0     2   -64.0   29.508 -149.672    163.3   1001.7
     1     1    19    12     4     7     0     1   -65.0   29.592 -149.560    171.8   1000.8
     1     1    19    12     4     6     0     0   -66.0   29.691 -149.447    181.6    999.8
     1     1    19    12     4     5     0     1   -67.0   29.799 -149.336    188.6    998.4
     1     1    19    12     4     4     0     2   -68.0   29.905 -149.233    186.3    998.3
     1     1    19    12     4     3     0     3   -69.0   30.006 -149.140    171.5    999.8
     1     1    19    12     4     2     0     2   -70.0   30.099 -149.042    155.2   1003.2
     1     1    19    12     4     1     0     1   -71.0   30.181 -148.921    147.4   1003.8
     1     1    19    12     4     0     0     0   -72.0   30.252 -148.780    145.6   1003.6
     1     1    19    12     3    23     0     1   -73.0   30.313 -148.630    146.9   1004.0
     1     1    19    12     3    22     0     2   -74.0   30.363 -148.482    150.5   1004.4
     1     1    19    12     3    21     0     3   -75.0   30.405 -148.337    157.4   1004.4
     1     1    19    12     3    20     0     2   -76.0   30.447 -148.183    165.7   1003.2
     1     1    19    12     3    19     0     1   -77.0   30.497 -148.009    171.2   1002.5
     1     1    19    12     3    18     0     0   -78.0   30.552 -147.817    175.7   1002.6
     1     1    19    12     3    17     0     1   -79.0   30.620 -147.631    186.9   1001.3
     1     1    19    12     3    16     0     2   -80.0   30.708 -147.471    207.1    998.3
     1     1    19    12     3    15     0     3   -81.0   30.818 -147.329    232.9    994.8
     1     1    19    12     3    14     0     2   -82.0   30.936 -147.194    257.7    992.1
     1     1    19    12     3    13     0     1   -83.0   31.050 -147.052    277.0    990.0
     1     1    19    12     3    12     0     0   -84.0   31.159 -146.899    290.4    988.5
     1     1    19    12     3    11     0     1   -85.0   31.270 -146.732    297.9    987.7
     1     1    19    12     3    10     0     2   -86.0   31.387 -146.548    301.0    987.6
     1     1    19    12     3     9     0     3   -87.0   31.506 -146.348    300.4    987.7
     1     1    19    12     3     8     0     2   -88.0   31.629 -146.147    301.1    988.5
     1     1    19    12     3     7     0     1   -89.0   31.765 -145.959    308.4    987.7
     1     1    19    12     3     6     0     0   -90.0   31.917 -145.777    315.8    986.3
     1     1    19    12     3     5     0     1   -91.0   32.079 -145.597    316.8    985.5
     1     1    19    12     3     4     0     2   -92.0   32.250 -145.413    309.9    985.8
     1     1    19    12     3     3     0     3   -93.0   32.431 -145.222    294.5    987.2
     1     1    19    12     3     2     0     2   -94.0   32.619 -145.022    276.5    989.6
     1     1    19    12     3     1     0     1   -95.0   32.810 -144.817    261.4    990.8
     1     1    19    12     3     0     0     0   -96.0   33.009 -144.609    246.8    991.5
     1     1    19    12     2    23     0     1   -97.0   33.225 -144.410    235.4    994.0
     1     1    19    12     2    22     0     2   -98.0   33.460 -144.236    228.6    995.1
     1     1    19    12     2    21     0     3   -99.0   33.713 -144.088    222.3    996.5
     1     1    19    12     2    20     0     2  -100.0   33.981 -143.964    222.5    997.2
     1     1    19    12     2    19     0     1  -101.0   34.255 -143.850    235.4    995.7
     1     1    19    12     2    18     0     0  -102.0   34.532 -143.742    261.4    993.0
     1     1    19    12     2    17     0     1  -103.0   34.810 -143.631    297.7    987.7
     1     1    19    12     2    16     0     2  -104.0   35.084 -143.515    335.9    982.1
     1     1    19    12     2    15     0     3  -105.0   35.354 -143.397    367.7    977.4
     1     1    19    12     2    14     0     2  -106.0   35.623 -143.287    391.4    975.1
     1     1    19    12     2    13     0     1  -107.0   35.901 -143.188    413.6    973.1
     1     1    19    12     2    12     0     0  -108.0   36.189 -143.097    438.3    970.4
     1     1    19    12     2    11     0     1  -109.0   36.479 -143.015    460.9    966.9
     1     1    19    12     2    10     0     2  -110.0   36.765 -142.940    481.0    964.9
     1     1    19    12     2     9     0     3  -111.0   37.050 -142.873    506.2    962.1
     1     1    19    12     2     8     0     2  -112.0   37.342 -142.802    530.9    957.8
     1     1    19    12     2     7     0     1  -113.0   37.642 -142.723    549.9    955.7
     1     1    19    12     2     6     0     0  -114.0   37.940 -142.637    568.6    953.2
     1     1    19    12     2     5     0     1  -115.0   38.244 -142.564    586.4    950.6
     1     1    19    12     2     4     0     2  -116.0   38.566 -142.521    608.3    948.5
     1     1    19    12     2     3     0     3  -117.0   38.905 -142.503    645.7    944.8
     1     1    19    12     2     2     0     2  -118.0   39.249 -142.502    695.8    937.4
     1     1    19    12     2     1     0     1  -119.0   39.587 -142.506    745.5    931.0
     1     1    19    12     2     0     0     0  -120.0   39.922 -142.513    787.1    925.8
     1     1    19    12     1    23     0     1  -121.0   40.257 -142.530    828.4    922.3
     1     1    19    12     1    22     0     2  -122.0   40.599 -142.568    886.5    916.5
     1     1    19    12     1    21     0     3  -123.0   40.954 -142.622    971.8    907.0
     1     1    19    12     1    20     0     2  -124.0   41.320 -142.679   1046.5    894.0
     1     1    19    12     1    19     0     1  -125.0   41.680 -142.730   1067.4    891.7
     1     1    19    12     1    18     0     0  -126.0   42.030 -142.773   1042.5    894.9
     1     1    19    12     1    17     0     1  -127.0   42.374 -142.824   1020.7    901.4
     1     1    19    12     1    16     0     2  -128.0   42.720 -142.886   1023.0    899.0
     1     1    19    12     1    15     0     3  -129.0   43.056 -142.941   1019.1    897.1
     1     1    19    12     1    14     0     2  -130.0   43.384 -142.998   1006.7    900.0
     1     1    19    12     1    13     0     1  -131.0   43.709 -143.063   1001.8    900.8
     1     1    19    12     1    12     0     0  -132.0   44.024 -143.123   1008.9    899.8
     1     1    19    12     1    11     0     1  -133.0   44.341 -143.184   1024.9    897.7
     1     1    19    12     1    10     0     2  -134.0   44.671 -143.258   1044.1    895.2
     1     1    19    12     1     9     0     3  -135.0   45.011 -143.334   1064.8    893.0
     1     1    19    12     1     8     0     2  -136.0   45.344 -143.412   1094.7    890.3
     1     1    19    12     1     7     0     1  -137.0   45.660 -143.502   1124.6    885.3
     1     1    19    12     1     6     0     0  -138.0   45.954 -143.607   1127.4    883.8
     1     1    19    12     1     5     0     1  -139.0   46.238 -143.726   1116.0    887.1
     1     1    19    12     1     4     0     2  -140.0   46.526 -143.856   1105.0    887.6
     1     1    19    12     1     3     0     3  -141.0   46.810 -143.998   1070.8    889.1
     1     1    19    12     1     2     0     2  -142.0   47.074 -144.147   1024.5    897.1
     1     1    19    12     1     1     0     1  -143.0   47.320 -144.303   1000.1    900.8
     1     1    19    12     1     0     0     0  -144.0   47.547 -144.462   1004.2    900.0
     1     1    19    11    30    23     0     1  -145.0   47.757 -144.628   1031.7    896.4
     1     1    19    11    30    22     0     2  -146.0   47.952 -144.799   1075.6    890.7
     1     1    19    11    30    21     0     3  -147.0   48.135 -144.971   1118.0    884.4
     1     1    19    11    30    20     0     2  -148.0   48.319 -145.160   1156.2    881.1
     1     1    19    11    30    19     0     1  -149.0   48.517 -145.382   1197.6    876.3
     1     1    19    11    30    18     0     0  -150.0   48.720 -145.631   1242.0    871.1
     1     1    19    11    30    17     0     1  -151.0   48.927 -145.899   1278.8    865.4
     1     1    19    11    30    16     0     2  -152.0   49.147 -146.187   1296.5    862.7
     1     1    19    11    30    15     0     3  -153.0   49.380 -146.498   1296.4    862.5
     1     1    19    11    30    14     0     2  -154.0   49.613 -146.864   1292.7    863.4
     1     1    19    11    30    13     0     1  -155.0   49.842 -147.305   1309.4    862.6
     1     1    19    11    30    12     0     0  -156.0   50.059 -147.812   1401.4    856.3
     1     1    19    11    30    11     0     1  -157.0   50.270 -148.361   1523.8    833.3
     1     1    19    11    30    10     0     2  -158.0   50.500 -148.923   1558.9    826.5
     1     1    19    11    30     9     0     3  -159.0   50.736 -149.495   1541.1    833.8
     1     1    19    11    30     8     0     2  -160.0   50.971 -150.059   1606.6    834.1
     1     1    19    11    30     7     0     1  -161.0   51.247 -150.621   1730.3    809.5
     1     1    19    11    30     6     0     0  -162.0   51.555 -151.189   1770.8    801.4
     1     1    19    11    30     5     0     1  -163.0   51.890 -151.770   1772.8    807.8
     1     1    19    11    30     4     0     2  -164.0   52.260 -152.351   1778.3    803.1
     1     1    19    11    30     3     0     3  -165.0   52.643 -152.903   1718.2    804.7
     1     1    19    11    30     2     0     2  -166.0   53.028 -153.440   1639.6    820.3
     1     1    19    11    30     1     0     1  -167.0   53.396 -153.978   1610.0    821.7
     1     1    19    11    30     0     0     0  -168.0   53.732 -154.507   1587.9    820.6
     1     1    19    11    29    23     0     1  -169.0   54.039 -154.995   1538.3    824.5
     1     1    19    11    29    22     0     2  -170.0   54.335 -155.418   1481.7    833.1
     1     1    19    11    29    21     0     3  -171.0   54.614 -155.765   1434.1    836.4
     1     1    19    11    29    20     0     2  -172.0   54.888 -156.043   1411.8    841.0
     1     1    19    11    29    19     0     1  -173.0   55.183 -156.257   1427.9    837.0
     1     1    19    11    29    18     0     0  -174.0   55.501 -156.387   1454.1    832.7
     1     1    19    11    29    17     0     1  -175.0   55.822 -156.445   1457.4    829.8
     1     1    19    11    29    16     0     2  -176.0   56.146 -156.467   1441.5    830.9
     1     1    19    11    29    15     0     3  -177.0   56.456 -156.455   1481.7    826.8
     1     1    19    11    29    14     0     2  -178.0   56.701 -156.375   1591.8    812.0
     1     1    19    11    29    13     0     1  -179.0   56.870 -156.201   1693.4    797.6
     1     1    19    11    29    12     0     0  -180.0   57.017 -155.886   1732.1    797.2
     1     1    19    11    29    11     0     1  -181.0   57.135 -155.508   1720.8    796.8
     1     1    19    11    29    10     0     2  -182.0   57.213 -155.093   1662.0    799.1
     1     1    19    11    29     9     0     3  -183.0   57.248 -154.609   1543.8    808.3
     1     1    19    11    29     8     0     2  -184.0   57.215 -154.098   1366.3    820.0
     1     1    19    11    29     7     0     1  -185.0   57.107 -153.598   1040.6    850.2
     1     1    19    11    29     6     0     0  -186.0   56.911 -153.084    610.5    915.4
     1     1    19    11    29     5     0     1  -187.0   56.647 -152.483    372.8    962.4
     1     1    19    11    29     4     0     2  -188.0   56.285 -151.766    303.2    956.4
     1     1    19    11    29     3     0     3  -189.0   55.835 -150.957    277.9    954.7
     1     1    19    11    29     2     0     2  -190.0   55.293 -150.131    252.7    958.2
     1     1    19    11    29     1     0     1  -191.0   54.686 -149.311    231.6    961.8
     1     1    19    11    29     0     0     0  -192.0   54.018 -148.551    211.3    965.9
     1     1    19    11    28    23     0     1  -193.0   53.305 -147.871    199.3    969.5
     1     1    19    11    28    22     0     2  -194.0   52.599 -147.244    197.9    972.9
     1     1    19    11    28    21     0     3  -195.0   51.898 -146.660    197.7    973.7
     1     1    19    11    28    20     0     2  -196.0   51.211 -146.118    201.4    977.7
     1     1    19    11    28    19     0     1  -197.0   50.540 -145.620    210.0    977.1
     1     1    19    11    28    18     0     0  -198.0   49.896 -145.147    213.0    979.7
     1     1    19    11    28    17     0     1  -199.0   49.296 -144.696    221.7    981.1
     1     1    19    11    28    16     0     2  -200.0   48.752 -144.283    237.4    980.7
     1     1    19    11    28    15     0     3  -201.0   48.262 -143.911    249.9    980.0
     1     1    19    11    28    14     0     2  -202.0   47.822 -143.573    256.6    981.9
     1     1    19    11    28    13     0     1  -203.0   47.425 -143.258    261.1    983.0
     1     1    19    11    28    12     0     0  -204.0   47.076 -142.973    266.3    984.7
     1     1    19    11    28    11     0     1  -205.0   46.781 -142.705    274.3    984.3
     1     1    19    11    28    10     0     2  -206.0   46.552 -142.434    282.2    984.1
     1     1    19    11    28     9     0     3  -207.0   46.389 -142.152    290.7    983.8
     1     1    19    11    28     8     0     2  -208.0   46.293 -141.871    304.1    983.4
     1     1    19    11    28     7     0     1  -209.0   46.259 -141.608    321.0    981.7
     1     1    19    11    28     6     0     0  -210.0   46.279 -141.362    330.4    980.7
     1     1    19    11    28     5     0     1  -211.0   46.344 -141.141    331.7    981.5
     1     1    19    11    28     4     0     2  -212.0   46.448 -140.955    336.6    981.8
     1     1    19    11    28     3     0     3  -213.0   46.587 -140.803    350.8    980.4
     1     1    19    11    28     2     0     2  -214.0   46.759 -140.664    369.6    978.1
     1     1    19    11    28     1     0     1  -215.0   46.962 -140.520    387.0    976.8
     1     1    19    11    28     0     0     0  -216.0   47.192 -140.378    400.1    975.6
     1     1    19    11    27    23     0     1  -217.0   47.442 -140.235    408.4    975.1
     1     1    19    11    27    22     0     2  -218.0   47.707 -140.079    416.5    974.6
     1     1    19    11    27    21     0     3  -219.0   47.991 -139.901    433.9    973.5
     1     1    19    11    27    20     0     2  -220.0   48.298 -139.715    464.4    969.6
     1     1    19    11    27    19     0     1  -221.0   48.628 -139.537    495.0    965.4
     1     1    19    11    27    18     0     0  -222.0   48.974 -139.366    514.7    963.2
     1     1    19    11    27    17     0     1  -223.0   49.332 -139.198    528.0    962.4
     1     1    19    11    27    16     0     2  -224.0   49.706 -139.035    545.9    960.5
     1     1    19    11    27    15     0     3  -225.0   50.096 -138.874    569.2    957.5
     1     1    19    11    27    14     0     2  -226.0   50.503 -138.699    587.2    954.7
     1     1    19    11    27    13     0     1  -227.0   50.924 -138.509    601.7    954.3
     1     1    19    11    27    12     0     0  -228.0   51.359 -138.324    631.3    952.3
     1     1    19    11    27    11     0     1  -229.0   51.797 -138.157    678.9    945.6
     1     1    19    11    27    10     0     2  -230.0   52.228 -138.010    725.8    938.4
     1     1    19    11    27     9     0     3  -231.0   52.653 -137.884    770.4    934.2
     1     1    19    11    27     8     0     2  -232.0   53.073 -137.762    825.9    928.4
     1     1    19    11    27     7     0     1  -233.0   53.487 -137.624    874.2    920.7
     1     1    19    11    27     6     0     0  -234.0   53.892 -137.461    887.9    918.7
     1     1    19    11    27     5     0     1  -235.0   54.284 -137.285    885.5    921.3
     1     1    19    11    27     4     0     2  -236.0   54.668 -137.119    898.6    919.9
     1     1    19    11    27     3     0     3  -237.0   55.050 -136.958    931.4    915.3
     1     1    19    11    27     2     0     2  -238.0   55.420 -136.801    976.0    909.0
     1     1    19    11    27     1     0     1  -239.0   55.766 -136.652   1032.5    902.9
     1     1    19    11    27     0     0     0  -240.0   56.089 -136.503   1113.1    894.2
