     7     1
    GDAS    19     6     1     0     0
    GDAS    19     7     1     0     0
    GDAS    19     8     1     0     0
    GDAS    19     9     1     0     0
    GDAS    19    10     1     0     0
    GDAS    19    11     1     0     0
    GDAS    19    12     1     0     0
     1 BACKWARD OMEGA   
    19    12    11    18   21.319 -157.670    10.0
     1 PRESSURE
     1     1    19    12    11    18     0     0     0.0   21.319 -157.670     10.0   1015.6
     1     1    19    12    11    17     0     1    -1.0   21.314 -157.582     12.5   1014.4
     1     1    19    12    11    16     0     2    -2.0   21.316 -157.496     18.0   1012.6
     1     1    19    12    11    15     0     3    -3.0   21.321 -157.410     29.4   1010.2
     1     1    19    12    11    14     0     2    -4.0   21.326 -157.324     50.8   1007.1
     1     1    19    12    11    13     0     1    -5.0   21.331 -157.239     79.7   1002.1
     1     1    19    12    11    12     0     0    -6.0   21.337 -157.152    105.8    997.9
     1     1    19    12    11    11     0     1    -7.0   21.344 -157.057    130.4    995.6
     1     1    19    12    11    10     0     2    -8.0   21.345 -156.943    158.2    992.9
     1     1    19    12    11     9     0     3    -9.0   21.337 -156.804    188.5    990.4
     1     1    19    12    11     8     0     2   -10.0   21.316 -156.644    222.7    987.5
     1     1    19    12    11     7     0     1   -11.0   21.281 -156.468    261.7    984.0
     1     1    19    12    11     6     0     0   -12.0   21.224 -156.273    298.3    979.8
     1     1    19    12    11     5     0     1   -13.0   21.144 -156.058    318.7    977.7
     1     1    19    12    11     4     0     2   -14.0   21.052 -155.837    329.6    978.1
     1     1    19    12    11     3     0     3   -15.0   20.968 -155.626    349.7    976.0
     1     1    19    12    11     2     0     2   -16.0   20.890 -155.431    382.2    971.9
     1     1    19    12    11     1     0     1   -17.0   20.811 -155.253    419.1    967.2
     1     1    19    12    11     0     0     0   -18.0   20.732 -155.091    448.9    962.9
     1     1    19    12    10    23     0     1   -19.0   20.643 -154.932    474.5    961.8
     1     1    19    12    10    22     0     2   -20.0   20.540 -154.764    506.0    959.4
     1     1    19    12    10    21     0     3   -21.0   20.428 -154.590    545.2    955.8
     1     1    19    12    10    20     0     2   -22.0   20.315 -154.411    579.3    950.8
     1     1    19    12    10    19     0     1   -23.0   20.207 -154.227    600.7    948.9
     1     1    19    12    10    18     0     0   -24.0   20.104 -154.036    621.5    947.5
     1     1    19    12    10    17     0     1   -25.0   20.009 -153.840    644.0    944.1
     1     1    19    12    10    16     0     2   -26.0   19.923 -153.646    660.6    941.7
     1     1    19    12    10    15     0     3   -27.0   19.841 -153.453    670.2    940.2
     1     1    19    12    10    14     0     2   -28.0   19.768 -153.256    682.0    939.5
     1     1    19    12    10    13     0     1   -29.0   19.712 -153.053    697.8    936.6
     1     1    19    12    10    12     0     0   -30.0   19.674 -152.845    712.4    934.7
     1     1    19    12    10    11     0     1   -31.0   19.643 -152.638    726.6    933.6
     1     1    19    12    10    10     0     2   -32.0   19.609 -152.435    736.3    932.8
     1     1    19    12    10     9     0     3   -33.0   19.569 -152.236    738.5    932.9
     1     1    19    12    10     8     0     2   -34.0   19.528 -152.035    737.2    933.3
     1     1    19    12    10     7     0     1   -35.0   19.493 -151.825    738.4    932.9
     1     1    19    12    10     6     0     0   -36.0   19.468 -151.607    746.0    932.0
     1     1    19    12    10     5     0     1   -37.0   19.453 -151.390    757.3    929.9
     1     1    19    12    10     4     0     2   -38.0   19.440 -151.184    764.6    928.5
     1     1    19    12    10     3     0     3   -39.0   19.422 -150.988    762.2    928.0
     1     1    19    12    10     2     0     2   -40.0   19.400 -150.796    759.2    929.2
     1     1    19    12    10     1     0     1   -41.0   19.377 -150.604    769.0    927.8
     1     1    19    12    10     0     0     0   -42.0   19.353 -150.416    793.0    924.9
     1     1    19    12     9    23     0     1   -43.0   19.330 -150.229    821.1    921.8
     1     1    19    12     9    22     0     2   -44.0   19.306 -150.038    839.8    920.6
     1     1    19    12     9    21     0     3   -45.0   19.281 -149.842    842.9    920.9
     1     1    19    12     9    20     0     2   -46.0   19.260 -149.644    840.1    922.4
     1     1    19    12     9    19     0     1   -47.0   19.247 -149.451    845.9    922.1
     1     1    19    12     9    18     0     0   -48.0   19.238 -149.264    864.8    920.5
     1     1    19    12     9    17     0     1   -49.0   19.232 -149.085    893.2    916.4
     1     1    19    12     9    16     0     2   -50.0   19.225 -148.913    920.9    912.5
     1     1    19    12     9    15     0     3   -51.0   19.216 -148.745    943.4    909.4
     1     1    19    12     9    14     0     2   -52.0   19.209 -148.584    959.9    907.5
     1     1    19    12     9    13     0     1   -53.0   19.204 -148.433    980.3    906.2
     1     1    19    12     9    12     0     0   -54.0   19.201 -148.288   1023.4    902.4
     1     1    19    12     9    11     0     1   -55.0   19.204 -148.151   1099.1    895.0
     1     1    19    12     9    10     0     2   -56.0   19.217 -148.026   1212.2    884.4
     1     1    19    12     9     9     0     3   -57.0   19.241 -147.916   1368.6    868.6
     1     1    19    12     9     8     0     2   -58.0   19.278 -147.826   1533.0    848.3
     1     1    19    12     9     7     0     1   -59.0   19.324 -147.760   1660.9    834.7
     1     1    19    12     9     6     0     0   -60.0   19.380 -147.721   1760.0    826.5
     1     1    19    12     9     5     0     1   -61.0   19.440 -147.712   1828.5    818.1
     1     1    19    12     9     4     0     2   -62.0   19.496 -147.729   1855.6    815.5
     1     1    19    12     9     3     0     3   -63.0   19.540 -147.767   1848.9    816.2
     1     1    19    12     9     2     0     2   -64.0   19.567 -147.810   1841.5    819.5
     1     1    19    12     9     1     0     1   -65.0   19.578 -147.853   1864.6    817.1
     1     1    19    12     9     0     0     0   -66.0   19.575 -147.903   1919.9    811.5
     1     1    19    12     8    23     0     1   -67.0   19.562 -147.959   1986.1    803.5
     1     1    19    12     8    22     0     2   -68.0   19.539 -148.013   2042.2    798.9
     1     1    19    12     8    21     0     3   -69.0   19.502 -148.064   2088.8    795.1
     1     1    19    12     8    20     0     2   -70.0   19.459 -148.113   2124.5    791.6
     1     1    19    12     8    19     0     1   -71.0   19.414 -148.162   2143.4    789.4
     1     1    19    12     8    18     0     0   -72.0   19.368 -148.208   2138.4    789.5
     1     1    19    12     8    17     0     1   -73.0   19.326 -148.250   2128.7    792.1
     1     1    19    12     8    16     0     2   -74.0   19.290 -148.291   2141.9    791.1
     1     1    19    12     8    15     0     3   -75.0   19.258 -148.336   2189.2    786.9
     1     1    19    12     8    14     0     2   -76.0   19.229 -148.387   2251.6    778.8
     1     1    19    12     8    13     0     1   -77.0   19.200 -148.437   2301.0    774.0
     1     1    19    12     8    12     0     0   -78.0   19.171 -148.483   2336.0    770.6
     1     1    19    12     8    11     0     1   -79.0   19.144 -148.523   2367.3    769.0
     1     1    19    12     8    10     0     2   -80.0   19.117 -148.552   2403.7    765.7
     1     1    19    12     8     9     0     3   -81.0   19.094 -148.573   2440.5    762.4
     1     1    19    12     8     8     0     2   -82.0   19.080 -148.595   2473.5    759.2
     1     1    19    12     8     7     0     1   -83.0   19.078 -148.632   2503.3    756.7
     1     1    19    12     8     6     0     0   -84.0   19.087 -148.681   2532.0    754.2
     1     1    19    12     8     5     0     1   -85.0   19.105 -148.743   2562.2    751.0
     1     1    19    12     8     4     0     2   -86.0   19.132 -148.813   2596.9    747.2
     1     1    19    12     8     3     0     3   -87.0   19.170 -148.887   2639.2    743.0
     1     1    19    12     8     2     0     2   -88.0   19.217 -148.961   2687.2    738.1
     1     1    19    12     8     1     0     1   -89.0   19.262 -149.028   2729.0    733.8
     1     1    19    12     8     0     0     0   -90.0   19.305 -149.089   2755.1    730.7
     1     1    19    12     7    23     0     1   -91.0   19.332 -149.167   2785.5    730.6
     1     1    19    12     7    22     0     2   -92.0   19.337 -149.282   2849.3    725.7
     1     1    19    12     7    21     0     3   -93.0   19.330 -149.423   2958.4    717.0
     1     1    19    12     7    20     0     2   -94.0   19.324 -149.560   3114.6    702.9
     1     1    19    12     7    19     0     1   -95.0   19.332 -149.677   3274.0    686.2
     1     1    19    12     7    18     0     0   -96.0   19.370 -149.776   3380.6    675.8
     1     1    19    12     7    17     0     1   -97.0   19.424 -149.870   3455.0    672.5
     1     1    19    12     7    16     0     2   -98.0   19.475 -149.970   3540.9    665.2
     1     1    19    12     7    15     0     3   -99.0   19.506 -150.082   3651.6    656.3
     1     1    19    12     7    14     0     2  -100.0   19.531 -150.231   3819.6    644.5
     1     1    19    12     7    13     0     1  -101.0   19.575 -150.439   4030.5    625.5
     1     1    19    12     7    12     0     0  -102.0   19.637 -150.694   4237.6    607.7
     1     1    19    12     7    11     0     1  -103.0   19.726 -150.961   4370.9    594.5
     1     1    19    12     7    10     0     2  -104.0   19.833 -151.187   4371.8    594.4
     1     1    19    12     7     9     0     3  -105.0   19.927 -151.357   4242.5    604.6
     1     1    19    12     7     8     0     2  -106.0   19.993 -151.478   4071.7    623.9
     1     1    19    12     7     7     0     1  -107.0   20.042 -151.576   3961.8    633.9
     1     1    19    12     7     6     0     0  -108.0   20.087 -151.660   3932.8    636.0
     1     1    19    12     7     5     0     1  -109.0   20.118 -151.730   3971.0    631.4
     1     1    19    12     7     4     0     2  -110.0   20.120 -151.784   4059.4    624.5
     1     1    19    12     7     3     0     3  -111.0   20.084 -151.831   4202.2    613.3
     1     1    19    12     7     2     0     2  -112.0   20.010 -151.885   4277.9    597.7
     1     1    19    12     7     1     0     1  -113.0   19.921 -151.919   4127.4    607.3
     1     1    19    12     7     0     0     0  -114.0   19.841 -151.924   3721.7    637.7
     1     1    19    12     6    23     0     1  -115.0   19.793 -151.876   3216.7    693.5
     1     1    19    12     6    22     0     2  -116.0   19.776 -151.782   2771.5    730.8
     1     1    19    12     6    21     0     3  -117.0   19.768 -151.634   2334.4    768.3
     1     1    19    12     6    20     0     2  -118.0   19.768 -151.454   1990.8    811.7
     1     1    19    12     6    19     0     1  -119.0   19.789 -151.283   1804.4    826.6
     1     1    19    12     6    18     0     0  -120.0   19.828 -151.130   1725.6    831.9
     1     1    19    12     6    17     0     1  -121.0   19.873 -150.998   1662.8    831.1
     1     1    19    12     6    16     0     2  -122.0   19.896 -150.874   1561.2    842.7
     1     1    19    12     6    15     0     3  -123.0   19.902 -150.749   1447.1    855.3
     1     1    19    12     6    14     0     2  -124.0   19.902 -150.620   1352.8    866.8
     1     1    19    12     6    13     0     1  -125.0   19.904 -150.489   1297.2    871.8
     1     1    19    12     6    12     0     0  -126.0   19.910 -150.362   1271.1    873.9
     1     1    19    12     6    11     0     1  -127.0   19.918 -150.237   1250.7    874.5
     1     1    19    12     6    10     0     2  -128.0   19.923 -150.111   1212.4    878.7
     1     1    19    12     6     9     0     3  -129.0   19.922 -149.982   1150.4    885.7
     1     1    19    12     6     8     0     2  -130.0   19.913 -149.848   1082.4    894.7
     1     1    19    12     6     7     0     1  -131.0   19.906 -149.711   1024.6    900.8
     1     1    19    12     6     6     0     0  -132.0   19.907 -149.575    974.2    906.4
     1     1    19    12     6     5     0     1  -133.0   19.912 -149.433    925.9    910.8
     1     1    19    12     6     4     0     2  -134.0   19.912 -149.285    881.8    915.8
     1     1    19    12     6     3     0     3  -135.0   19.906 -149.136    852.2    918.9
     1     1    19    12     6     2     0     2  -136.0   19.893 -148.996    836.4    919.7
     1     1    19    12     6     1     0     1  -137.0   19.880 -148.867    819.8    919.9
     1     1    19    12     6     0     0     0  -138.0   19.872 -148.743    793.0    922.5
     1     1    19    12     5    23     0     1  -139.0   19.865 -148.620    751.0    927.4
     1     1    19    12     5    22     0     2  -140.0   19.852 -148.495    689.4    935.3
     1     1    19    12     5    21     0     3  -141.0   19.831 -148.368    611.3    945.4
     1     1    19    12     5    20     0     2  -142.0   19.809 -148.242    526.0    955.3
     1     1    19    12     5    19     0     1  -143.0   19.787 -148.112    440.6    965.3
     1     1    19    12     5    18     0     0  -144.0   19.763 -147.974    359.0    974.4
     1     1    19    12     5    17     0     1  -145.0   19.741 -147.837    297.1    983.0
     1     1    19    12     5    16     0     2  -146.0   19.725 -147.710    258.9    986.5
     1     1    19    12     5    15     0     3  -147.0   19.717 -147.589    235.6    988.5
     1     1    19    12     5    14     0     2  -148.0   19.718 -147.471    223.4    989.3
     1     1    19    12     5    13     0     1  -149.0   19.728 -147.353    218.5    989.2
     1     1    19    12     5    12     0     0  -150.0   19.744 -147.236    215.4    988.9
     1     1    19    12     5    11     0     1  -151.0   19.766 -147.115    211.8    989.8
     1     1    19    12     5    10     0     2  -152.0   19.793 -146.988    208.4    990.8
     1     1    19    12     5     9     0     3  -153.0   19.825 -146.859    206.6    991.6
     1     1    19    12     5     8     0     2  -154.0   19.857 -146.729    206.1    991.5
     1     1    19    12     5     7     0     1  -155.0   19.890 -146.595    206.8    991.4
     1     1    19    12     5     6     0     0  -156.0   19.924 -146.455    210.3    991.1
     1     1    19    12     5     5     0     1  -157.0   19.959 -146.315    216.5    989.9
     1     1    19    12     5     4     0     2  -158.0   19.995 -146.179    222.8    988.6
     1     1    19    12     5     3     0     3  -159.0   20.029 -146.046    226.3    987.5
     1     1    19    12     5     2     0     2  -160.0   20.068 -145.910    231.5    987.3
     1     1    19    12     5     1     0     1  -161.0   20.115 -145.766    245.0    985.6
     1     1    19    12     5     0     0     0  -162.0   20.170 -145.619    267.8    982.9
     1     1    19    12     4    23     0     1  -163.0   20.226 -145.468    297.1    979.8
     1     1    19    12     4    22     0     2  -164.0   20.278 -145.311    329.7    976.8
     1     1    19    12     4    21     0     3  -165.0   20.323 -145.151    364.6    973.7
     1     1    19    12     4    20     0     2  -166.0   20.362 -144.990    392.9    970.0
     1     1    19    12     4    19     0     1  -167.0   20.397 -144.824    405.2    968.9
     1     1    19    12     4    18     0     0  -168.0   20.429 -144.652    405.3    969.5
     1     1    19    12     4    17     0     1  -169.0   20.463 -144.477    409.8    970.1
     1     1    19    12     4    16     0     2  -170.0   20.499 -144.298    434.9    967.5
     1     1    19    12     4    15     0     3  -171.0   20.538 -144.120    489.3    961.5
     1     1    19    12     4    14     0     2  -172.0   20.576 -143.950    556.9    951.3
     1     1    19    12     4    13     0     1  -173.0   20.610 -143.791    601.4    945.5
     1     1    19    12     4    12     0     0  -174.0   20.642 -143.634    611.3    944.4
     1     1    19    12     4    11     0     1  -175.0   20.670 -143.461    606.1    947.2
     1     1    19    12     4    10     0     2  -176.0   20.695 -143.256    607.2    947.7
     1     1    19    12     4     9     0     3  -177.0   20.718 -143.022    621.1    946.8
     1     1    19    12     4     8     0     2  -178.0   20.756 -142.772    644.9    943.7
     1     1    19    12     4     7     0     1  -179.0   20.823 -142.520    664.3    940.8
     1     1    19    12     4     6     0     0  -180.0   20.923 -142.273    666.5    940.0
     1     1    19    12     4     5     0     1  -181.0   21.053 -142.041    662.6    942.4
     1     1    19    12     4     4     0     2  -182.0   21.196 -141.831    686.3    941.2
     1     1    19    12     4     3     0     3  -183.0   21.340 -141.645    750.3    933.8
     1     1    19    12     4     2     0     2  -184.0   21.474 -141.484    836.2    922.2
     1     1    19    12     4     1     0     1  -185.0   21.589 -141.342    911.6    912.5
     1     1    19    12     4     0     0     0  -186.0   21.685 -141.215    953.3    906.0
     1     1    19    12     3    23     0     1  -187.0   21.780 -141.085    951.1    907.0
     1     1    19    12     3    22     0     2  -188.0   21.895 -140.935    908.0    912.9
     1     1    19    12     3    21     0     3  -189.0   22.039 -140.758    836.0    922.2
     1     1    19    12     3    20     0     2  -190.0   22.204 -140.579    780.7    931.8
     1     1    19    12     3    19     0     1  -191.0   22.376 -140.427    762.9    933.0
     1     1    19    12     3    18     0     0  -192.0   22.553 -140.311    781.4    931.9
     1     1    19    12     3    17     0     1  -193.0   22.723 -140.221    828.6    924.7
     1     1    19    12     3    16     0     2  -194.0   22.872 -140.135    854.6    918.5
     1     1    19    12     3    15     0     3  -195.0   23.003 -140.038    810.0    920.2
     1     1    19    12     3    14     0     2  -196.0   23.133 -139.942    741.6    934.9
     1     1    19    12     3    13     0     1  -197.0   23.257 -139.876    703.1    938.2
     1     1    19    12     3    12     0     0  -198.0   23.374 -139.838    678.6    940.3
     1     1    19    12     3    11     0     1  -199.0   23.488 -139.800    664.0    942.4
     1     1    19    12     3    10     0     2  -200.0   23.601 -139.736    659.2    942.9
     1     1    19    12     3     9     0     3  -201.0   23.713 -139.647    659.1    942.7
     1     1    19    12     3     8     0     2  -202.0   23.827 -139.545    656.5    942.5
     1     1    19    12     3     7     0     1  -203.0   23.951 -139.443    644.7    943.6
     1     1    19    12     3     6     0     0  -204.0   24.085 -139.340    621.9    946.3
     1     1    19    12     3     5     0     1  -205.0   24.236 -139.241    605.0    949.2
     1     1    19    12     3     4     0     2  -206.0   24.411 -139.156    607.7    948.3
     1     1    19    12     3     3     0     3  -207.0   24.609 -139.085    626.7    945.7
     1     1    19    12     3     2     0     2  -208.0   24.813 -139.026    640.8    941.5
     1     1    19    12     3     1     0     1  -209.0   25.009 -138.969    621.5    942.3
     1     1    19    12     3     0     0     0  -210.0   25.198 -138.910    577.0    948.2
     1     1    19    12     2    23     0     1  -211.0   25.384 -138.857    546.5    954.6
     1     1    19    12     2    22     0     2  -212.0   25.572 -138.815    548.9    954.2
     1     1    19    12     2    21     0     3  -213.0   25.760 -138.778    577.9    951.3
     1     1    19    12     2    20     0     2  -214.0   25.942 -138.742    617.8    945.5
     1     1    19    12     2    19     0     1  -215.0   26.115 -138.704    645.9    941.4
     1     1    19    12     2    18     0     0  -216.0   26.278 -138.666    654.7    940.3
     1     1    19    12     2    17     0     1  -217.0   26.441 -138.629    647.3    941.0
     1     1    19    12     2    16     0     2  -218.0   26.615 -138.594    629.2    942.9
     1     1    19    12     2    15     0     3  -219.0   26.800 -138.559    607.4    945.1
     1     1    19    12     2    14     0     2  -220.0   26.991 -138.530    592.6    947.0
     1     1    19    12     2    13     0     1  -221.0   27.180 -138.510    587.5    947.0
     1     1    19    12     2    12     0     0  -222.0   27.369 -138.495    591.4    946.6
     1     1    19    12     2    11     0     1  -223.0   27.567 -138.481    601.6    945.2
     1     1    19    12     2    10     0     2  -224.0   27.776 -138.466    609.7    944.1
     1     1    19    12     2     9     0     3  -225.0   27.994 -138.455    607.8    944.0
     1     1    19    12     2     8     0     2  -226.0   28.217 -138.448    596.9    945.3
     1     1    19    12     2     7     0     1  -227.0   28.452 -138.445    583.5    946.4
     1     1    19    12     2     6     0     0  -228.0   28.706 -138.456    568.4    947.8
     1     1    19    12     2     5     0     1  -229.0   28.983 -138.483    565.9    949.1
     1     1    19    12     2     4     0     2  -230.0   29.272 -138.516    586.7    945.9
     1     1    19    12     2     3     0     3  -231.0   29.569 -138.553    618.4    941.1
     1     1    19    12     2     2     0     2  -232.0   29.871 -138.599    628.2    936.9
     1     1    19    12     2     1     0     1  -233.0   30.179 -138.659    606.3    940.3
     1     1    19    12     2     0     0     0  -234.0   30.497 -138.730    572.3    944.0
     1     1    19    12     1    23     0     1  -235.0   30.832 -138.807    533.2    948.5
     1     1    19    12     1    22     0     2  -236.0   31.192 -138.887    497.1    953.4
     1     1    19    12     1    21     0     3  -237.0   31.580 -138.971    486.8    956.5
     1     1    19    12     1    20     0     2  -238.0   31.992 -139.054    507.7    952.7
     1     1    19    12     1    19     0     1  -239.0   32.422 -139.128    536.9    948.0
     1     1    19    12     1    18     0     0  -240.0   32.863 -139.194    585.6    945.0
