     7     1
    GDAS    19     6     1     0     0
    GDAS    19     7     1     0     0
    GDAS    19     8     1     0     0
    GDAS    19     9     1     0     0
    GDAS    19    10     1     0     0
    GDAS    19    11     1     0     0
    GDAS    19    12     1     0     0
     1 BACKWARD OMEGA   
    19    11     1    18   21.319 -157.670    10.0
     1 PRESSURE
     1     1    19    11     1    18     0     0     0.0   21.319 -157.670     10.0   1010.2
     1     1    19    11     1    17     0     1    -1.0   21.296 -157.701     12.6   1008.7
     1     1    19    11     1    16     0     2    -2.0   21.289 -157.739     13.6   1007.8
     1     1    19    11     1    15     0     3    -3.0   21.296 -157.783     13.2   1007.0
     1     1    19    11     1    14     0     2    -4.0   21.305 -157.830     12.1   1007.3
     1     1    19    11     1    13     0     1    -5.0   21.303 -157.879     11.0   1007.6
     1     1    19    11     1    12     0     0    -6.0   21.290 -157.932      9.9   1008.0
     1     1    19    11     1    11     0     1    -7.0   21.270 -157.992      9.2   1009.5
     1     1    19    11     1    10     0     2    -8.0   21.249 -158.059      8.9   1010.7
     1     1    19    11     1     9     0     3    -9.0   21.230 -158.136      9.3   1011.9
     1     1    19    11     1     8     0     2   -10.0   21.215 -158.218      9.8   1010.9
     1     1    19    11     1     7     0     1   -11.0   21.202 -158.304     10.0   1009.9
     1     1    19    11     1     6     0     0   -12.0   21.189 -158.392     10.0   1009.0
     1     1    19    11     1     5     0     1   -13.0   21.175 -158.479      9.8   1009.2
     1     1    19    11     1     4     0     2   -14.0   21.156 -158.562      9.3   1009.3
     1     1    19    11     1     3     0     3   -15.0   21.132 -158.638      8.4   1009.5
     1     1    19    11     1     2     0     2   -16.0   21.100 -158.707      7.3   1008.9
     1     1    19    11     1     1     0     1   -17.0   21.055 -158.771      5.7   1008.3
     1     1    19    11     1     0     0     0   -18.0   20.996 -158.831      3.4   1007.6
     1     1    19    10    31    23     0     1   -19.0   20.932 -158.888      1.2   1009.1
     1     1    19    10    31    22     0     2   -20.0   20.870 -158.944      0.0   1010.5
     1     1    19    10    31    21     0     3   -21.0   20.808 -158.999      0.0   1012.0
     1     1    19    10    31    20     0     2   -22.0   20.749 -159.051      0.0   1011.3
     1     1    19    10    31    19     0     1   -23.0   20.696 -159.102      0.0   1010.7
     1     1    19    10    31    18     0     0   -24.0   20.648 -159.150      0.0   1010.0
     1     1    19    10    31    17     0     1   -25.0   20.604 -159.197      0.0   1009.7
     1     1    19    10    31    16     0     2   -26.0   20.562 -159.242      0.0   1009.4
     1     1    19    10    31    15     0     3   -27.0   20.522 -159.287      0.0   1009.1
     1     1    19    10    31    14     0     2   -28.0   20.482 -159.329      0.0   1008.3
     1     1    19    10    31    13     0     1   -29.0   20.445 -159.365      0.0   1007.5
     1     1    19    10    31    12     0     0   -30.0   20.408 -159.396      0.0   1006.6
     1     1    19    10    31    11     0     1   -31.0   20.369 -159.424      0.0   1007.4
     1     1    19    10    31    10     0     2   -32.0   20.325 -159.451      0.0   1008.1
     1     1    19    10    31     9     0     3   -33.0   20.277 -159.477      0.0   1008.9
     1     1    19    10    31     8     0     2   -34.0   20.233 -159.503      0.0   1008.9
     1     1    19    10    31     7     0     1   -35.0   20.202 -159.530      0.0   1009.0
     1     1    19    10    31     6     0     0   -36.0   20.184 -159.557      0.0   1009.0
     1     1    19    10    31     5     0     1   -37.0   20.170 -159.587      0.0   1008.4
     1     1    19    10    31     4     0     2   -38.0   20.154 -159.624      0.0   1007.7
     1     1    19    10    31     3     0     3   -39.0   20.135 -159.667      0.0   1007.0
     1     1    19    10    31     2     0     2   -40.0   20.116 -159.715      0.0   1007.2
     1     1    19    10    31     1     0     1   -41.0   20.099 -159.766      0.0   1007.4
     1     1    19    10    31     0     0     0   -42.0   20.086 -159.822      0.0   1007.5
     1     1    19    10    30    23     0     1   -43.0   20.072 -159.875      0.0   1008.2
     1     1    19    10    30    22     0     2   -44.0   20.053 -159.912      0.0   1009.0
     1     1    19    10    30    21     0     3   -45.0   20.029 -159.931      0.0   1009.7
     1     1    19    10    30    20     0     2   -46.0   20.005 -159.940      0.0   1009.7
     1     1    19    10    30    19     0     1   -47.0   19.986 -159.945      0.0   1009.8
     1     1    19    10    30    18     0     0   -48.0   19.973 -159.947      0.0   1009.8
     1     1    19    10    30    17     0     1   -49.0   19.959 -159.942      0.0   1009.4
     1     1    19    10    30    16     0     2   -50.0   19.940 -159.929      0.0   1009.0
     1     1    19    10    30    15     0     3   -51.0   19.916 -159.906      0.0   1008.6
     1     1    19    10    30    14     0     2   -52.0   19.895 -159.882      0.0   1008.8
     1     1    19    10    30    13     0     1   -53.0   19.883 -159.862      0.0   1008.9
     1     1    19    10    30    12     0     0   -54.0   19.878 -159.846      0.0   1009.1
     1     1    19    10    30    11     0     1   -55.0   19.880 -159.828      0.0   1010.1
     1     1    19    10    30    10     0     2   -56.0   19.887 -159.802      0.0   1011.2
     1     1    19    10    30     9     0     3   -57.0   19.900 -159.768      0.0   1012.3
     1     1    19    10    30     8     0     2   -58.0   19.917 -159.732      0.0   1011.1
     1     1    19    10    30     7     0     1   -59.0   19.941 -159.700      0.1   1010.0
     1     1    19    10    30     6     0     0   -60.0   19.970 -159.673      0.4   1008.9
     1     1    19    10    30     5     0     1   -61.0   20.005 -159.649      0.6   1008.7
     1     1    19    10    30     4     0     2   -62.0   20.043 -159.630      0.8   1008.5
     1     1    19    10    30     3     0     3   -63.0   20.084 -159.615      0.9   1008.3
     1     1    19    10    30     2     0     2   -64.0   20.118 -159.603      1.1   1008.7
     1     1    19    10    30     1     0     1   -65.0   20.132 -159.592      1.2   1009.0
     1     1    19    10    30     0     0     0   -66.0   20.126 -159.581      1.2   1009.3
     1     1    19    10    29    23     0     1   -67.0   20.110 -159.558      1.2   1010.3
     1     1    19    10    29    22     0     2   -68.0   20.094 -159.515      1.2   1011.3
     1     1    19    10    29    21     0     3   -69.0   20.074 -159.452      1.2   1012.4
     1     1    19    10    29    20     0     2   -70.0   20.057 -159.377      1.2   1011.5
     1     1    19    10    29    19     0     1   -71.0   20.049 -159.295      1.2   1010.6
     1     1    19    10    29    18     0     0   -72.0   20.052 -159.203      1.1   1009.7
     1     1    19    10    29    17     0     1   -73.0   20.066 -159.103      1.6   1009.6
     1     1    19    10    29    16     0     2   -74.0   20.092 -158.999      3.1   1009.5
     1     1    19    10    29    15     0     3   -75.0   20.125 -158.894      5.6   1009.4
     1     1    19    10    29    14     0     2   -76.0   20.156 -158.795      7.6   1009.7
     1     1    19    10    29    13     0     1   -77.0   20.178 -158.700      8.4   1010.0
     1     1    19    10    29    12     0     0   -78.0   20.194 -158.605      8.3   1010.4
     1     1    19    10    29    11     0     1   -79.0   20.202 -158.502      7.6   1010.3
     1     1    19    10    29    10     0     2   -80.0   20.204 -158.383      6.9   1010.2
     1     1    19    10    29     9     0     3   -81.0   20.206 -158.246      6.1   1010.1
     1     1    19    10    29     8     0     2   -82.0   20.214 -158.099      5.6   1010.3
     1     1    19    10    29     7     0     1   -83.0   20.231 -157.949      6.4   1010.4
     1     1    19    10    29     6     0     0   -84.0   20.263 -157.791     11.9   1010.2
     1     1    19    10    29     5     0     1   -85.0   20.314 -157.616     24.5   1007.4
     1     1    19    10    29     4     0     2   -86.0   20.380 -157.424     43.0   1004.2
     1     1    19    10    29     3     0     3   -87.0   20.453 -157.225     64.9   1000.4
     1     1    19    10    29     2     0     2   -88.0   20.524 -157.021     98.8    995.7
     1     1    19    10    29     1     0     1   -89.0   20.588 -156.813    159.3    988.9
     1     1    19    10    29     0     0     0   -90.0   20.634 -156.609    240.7    979.6
     1     1    19    10    28    23     0     1   -91.0   20.660 -156.401    327.1    970.7
     1     1    19    10    28    22     0     2   -92.0   20.666 -156.187    385.8    964.5
     1     1    19    10    28    21     0     3   -93.0   20.655 -155.972    382.5    965.4
     1     1    19    10    28    20     0     2   -94.0   20.647 -155.758    351.1    973.7
     1     1    19    10    28    19     0     1   -95.0   20.651 -155.534    328.1    976.0
     1     1    19    10    28    18     0     0   -96.0   20.662 -155.291    308.5    978.3
     1     1    19    10    28    17     0     1   -97.0   20.675 -155.041    292.6    980.0
     1     1    19    10    28    16     0     2   -98.0   20.692 -154.803    280.1    980.9
     1     1    19    10    28    15     0     3   -99.0   20.716 -154.574    269.8    981.8
     1     1    19    10    28    14     0     2  -100.0   20.740 -154.340    263.9    982.5
     1     1    19    10    28    13     0     1  -101.0   20.762 -154.099    261.5    982.2
     1     1    19    10    28    12     0     0  -102.0   20.785 -153.862    260.0    982.2
     1     1    19    10    28    11     0     1  -103.0   20.812 -153.619    261.7    982.9
     1     1    19    10    28    10     0     2  -104.0   20.842 -153.354    265.4    982.9
     1     1    19    10    28     9     0     3  -105.0   20.862 -153.075    262.3    983.4
     1     1    19    10    28     8     0     2  -106.0   20.884 -152.792    254.3    985.0
     1     1    19    10    28     7     0     1  -107.0   20.922 -152.507    250.1    985.7
     1     1    19    10    28     6     0     0  -108.0   20.977 -152.214    251.5    985.6
     1     1    19    10    28     5     0     1  -109.0   21.042 -151.912    256.1    984.5
     1     1    19    10    28     4     0     2  -110.0   21.110 -151.611    260.6    983.6
     1     1    19    10    28     3     0     3  -111.0   21.183 -151.311    266.7    982.8
     1     1    19    10    28     2     0     2  -112.0   21.257 -151.011    276.4    981.4
     1     1    19    10    28     1     0     1  -113.0   21.324 -150.714    283.8    979.7
     1     1    19    10    28     0     0     0  -114.0   21.383 -150.423    289.5    979.5
     1     1    19    10    27    23     0     1  -115.0   21.438 -150.131    297.0    979.2
     1     1    19    10    27    22     0     2  -116.0   21.494 -149.834    298.7    979.1
     1     1    19    10    27    21     0     3  -117.0   21.549 -149.528    291.8    980.9
     1     1    19    10    27    20     0     2  -118.0   21.610 -149.215    285.6    982.6
     1     1    19    10    27    19     0     1  -119.0   21.680 -148.895    284.0    982.6
     1     1    19    10    27    18     0     0  -120.0   21.757 -148.575    280.9    982.8
     1     1    19    10    27    17     0     1  -121.0   21.842 -148.266    270.5    983.5
     1     1    19    10    27    16     0     2  -122.0   21.939 -147.968    260.1    985.4
     1     1    19    10    27    15     0     3  -123.0   22.052 -147.676    265.6    985.2
     1     1    19    10    27    14     0     2  -124.0   22.168 -147.395    285.5    981.7
     1     1    19    10    27    13     0     1  -125.0   22.272 -147.118    302.3    978.4
     1     1    19    10    27    12     0     0  -126.0   22.368 -146.843    303.6    977.7
     1     1    19    10    27    11     0     1  -127.0   22.456 -146.577    299.4    980.3
     1     1    19    10    27    10     0     2  -128.0   22.537 -146.318    300.7    980.5
     1     1    19    10    27     9     0     3  -129.0   22.613 -146.050    306.7    980.4
     1     1    19    10    27     8     0     2  -130.0   22.691 -145.774    321.5    979.1
     1     1    19    10    27     7     0     1  -131.0   22.776 -145.497    347.4    975.9
     1     1    19    10    27     6     0     0  -132.0   22.870 -145.217    382.2    972.0
     1     1    19    10    27     5     0     1  -133.0   22.969 -144.943    416.7    967.4
     1     1    19    10    27     4     0     2  -134.0   23.075 -144.683    441.5    964.3
     1     1    19    10    27     3     0     3  -135.0   23.188 -144.436    458.0    962.4
     1     1    19    10    27     2     0     2  -136.0   23.307 -144.196    467.2    961.1
     1     1    19    10    27     1     0     1  -137.0   23.426 -143.954    473.5    960.9
     1     1    19    10    27     0     0     0  -138.0   23.547 -143.713    480.3    959.7
     1     1    19    10    26    23     0     1  -139.0   23.666 -143.479    485.7    960.0
     1     1    19    10    26    22     0     2  -140.0   23.783 -143.258    493.8    960.4
     1     1    19    10    26    21     0     3  -141.0   23.898 -143.050    514.2    959.6
     1     1    19    10    26    20     0     2  -142.0   24.008 -142.848    547.2    955.3
     1     1    19    10    26    19     0     1  -143.0   24.111 -142.646    581.4    951.0
     1     1    19    10    26    18     0     0  -144.0   24.208 -142.442    608.8    948.1
     1     1    19    10    26    17     0     1  -145.0   24.302 -142.236    632.3    945.6
     1     1    19    10    26    16     0     2  -146.0   24.398 -142.029    666.0    942.3
     1     1    19    10    26    15     0     3  -147.0   24.497 -141.823    714.5    935.8
     1     1    19    10    26    14     0     2  -148.0   24.594 -141.618    750.9    929.2
     1     1    19    10    26    13     0     1  -149.0   24.686 -141.417    755.5    929.1
     1     1    19    10    26    12     0     0  -150.0   24.772 -141.219    732.8    931.7
     1     1    19    10    26    11     0     1  -151.0   24.854 -141.023    700.2    937.6
     1     1    19    10    26    10     0     2  -152.0   24.934 -140.829    686.6    940.9
     1     1    19    10    26     9     0     3  -153.0   25.012 -140.635    704.1    939.2
     1     1    19    10    26     8     0     2  -154.0   25.094 -140.441    731.6    933.9
     1     1    19    10    26     7     0     1  -155.0   25.186 -140.241    746.9    932.4
     1     1    19    10    26     6     0     0  -156.0   25.290 -140.035    750.0    932.3
     1     1    19    10    26     5     0     1  -157.0   25.400 -139.829    752.2    932.8
     1     1    19    10    26     4     0     2  -158.0   25.511 -139.629    762.9    931.1
     1     1    19    10    26     3     0     3  -159.0   25.623 -139.436    779.5    928.8
     1     1    19    10    26     2     0     2  -160.0   25.728 -139.251    792.4    926.5
     1     1    19    10    26     1     0     1  -161.0   25.823 -139.073    786.8    926.5
     1     1    19    10    26     0     0     0  -162.0   25.909 -138.899    757.3    929.6
     1     1    19    10    25    23     0     1  -163.0   25.986 -138.723    724.1    935.9
     1     1    19    10    25    22     0     2  -164.0   26.056 -138.536    707.0    938.2
     1     1    19    10    25    21     0     3  -165.0   26.120 -138.336    700.5    938.8
     1     1    19    10    25    20     0     2  -166.0   26.187 -138.128    702.6    939.2
     1     1    19    10    25    19     0     1  -167.0   26.263 -137.918    713.7    938.0
     1     1    19    10    25    18     0     0  -168.0   26.348 -137.709    731.5    936.3
     1     1    19    10    25    17     0     1  -169.0   26.440 -137.505    750.3    933.3
     1     1    19    10    25    16     0     2  -170.0   26.541 -137.307    765.3    931.3
     1     1    19    10    25    15     0     3  -171.0   26.649 -137.117    775.6    929.7
     1     1    19    10    25    14     0     2  -172.0   26.753 -136.937    783.1    929.0
     1     1    19    10    25    13     0     1  -173.0   26.844 -136.775    790.8    927.9
     1     1    19    10    25    12     0     0  -174.0   26.921 -136.627    796.4    926.9
     1     1    19    10    25    11     0     1  -175.0   26.988 -136.474    807.3    926.9
     1     1    19    10    25    10     0     2  -176.0   27.051 -136.299    836.2    924.4
     1     1    19    10    25     9     0     3  -177.0   27.109 -136.098    889.8    919.2
     1     1    19    10    25     8     0     2  -178.0   27.162 -135.865    930.9    910.4
     1     1    19    10    25     7     0     1  -179.0   27.218 -135.609    931.4    911.5
     1     1    19    10    25     6     0     0  -180.0   27.279 -135.341    918.3    915.0
     1     1    19    10    25     5     0     1  -181.0   27.345 -135.064    915.6    915.5
     1     1    19    10    25     4     0     2  -182.0   27.419 -134.777    922.2    913.4
     1     1    19    10    25     3     0     3  -183.0   27.501 -134.485    924.9    912.2
     1     1    19    10    25     2     0     2  -184.0   27.587 -134.194    924.5    912.8
     1     1    19    10    25     1     0     1  -185.0   27.672 -133.907    928.5    912.5
     1     1    19    10    25     0     0     0  -186.0   27.754 -133.622    942.5    911.4
     1     1    19    10    24    23     0     1  -187.0   27.840 -133.338    963.8    908.6
     1     1    19    10    24    22     0     2  -188.0   27.935 -133.051    979.2    906.5
     1     1    19    10    24    21     0     3  -189.0   28.041 -132.757    982.1    906.4
     1     1    19    10    24    20     0     2  -190.0   28.154 -132.459    983.9    907.9
     1     1    19    10    24    19     0     1  -191.0   28.269 -132.156    989.4    907.1
     1     1    19    10    24    18     0     0  -192.0   28.391 -131.840    989.0    907.2
     1     1    19    10    24    17     0     1  -193.0   28.522 -131.527    980.8    907.9
     1     1    19    10    24    16     0     2  -194.0   28.661 -131.235    972.1    908.8
     1     1    19    10    24    15     0     3  -195.0   28.807 -130.961    967.1    909.1
     1     1    19    10    24    14     0     2  -196.0   28.956 -130.700    957.0    909.1
     1     1    19    10    24    13     0     1  -197.0   29.109 -130.448    940.1    911.7
     1     1    19    10    24    12     0     0  -198.0   29.262 -130.206    930.0    913.3
     1     1    19    10    24    11     0     1  -199.0   29.412 -129.959    924.4    913.3
     1     1    19    10    24    10     0     2  -200.0   29.562 -129.706    913.9    914.2
     1     1    19    10    24     9     0     3  -201.0   29.713 -129.462    896.2    916.2
     1     1    19    10    24     8     0     2  -202.0   29.868 -129.224    876.4    919.2
     1     1    19    10    24     7     0     1  -203.0   30.039 -128.988    857.6    921.2
     1     1    19    10    24     6     0     0  -204.0   30.225 -128.743    837.4    923.4
     1     1    19    10    24     5     0     1  -205.0   30.427 -128.471    819.8    925.5
     1     1    19    10    24     4     0     2  -206.0   30.653 -128.186    813.5    926.3
     1     1    19    10    24     3     0     3  -207.0   30.908 -127.931    828.9    925.1
     1     1    19    10    24     2     0     2  -208.0   31.177 -127.695    851.2    920.7
     1     1    19    10    24     1     0     1  -209.0   31.456 -127.445    857.1    920.1
     1     1    19    10    24     0     0     0  -210.0   31.757 -127.216    853.7    921.3
     1     1    19    10    23    23     0     1  -211.0   32.076 -127.006    849.2    922.1
     1     1    19    10    23    22     0     2  -212.0   32.407 -126.787    849.4    922.8
     1     1    19    10    23    21     0     3  -213.0   32.750 -126.594    863.4    921.8
     1     1    19    10    23    20     0     2  -214.0   33.112 -126.418    896.3    919.0
     1     1    19    10    23    19     0     1  -215.0   33.496 -126.229    934.6    913.8
     1     1    19    10    23    18     0     0  -216.0   33.892 -126.058    966.3    910.9
     1     1    19    10    23    17     0     1  -217.0   34.314 -125.909    986.6    907.8
     1     1    19    10    23    16     0     2  -218.0   34.784 -125.777    991.9    907.3
     1     1    19    10    23    15     0     3  -219.0   35.291 -125.688    989.7    907.7
     1     1    19    10    23    14     0     2  -220.0   35.813 -125.621    994.8    908.4
     1     1    19    10    23    13     0     1  -221.0   36.344 -125.571   1014.8    906.4
     1     1    19    10    23    12     0     0  -222.0   36.889 -125.566   1045.6    903.4
     1     1    19    10    23    11     0     1  -223.0   37.430 -125.585   1086.8    899.5
     1     1    19    10    23    10     0     2  -224.0   37.950 -125.613   1153.6    894.1
     1     1    19    10    23     9     0     3  -225.0   38.438 -125.675   1242.9    883.4
     1     1    19    10    23     8     0     2  -226.0   38.896 -125.741   1335.1    873.7
     1     1    19    10    23     7     0     1  -227.0   39.328 -125.772   1432.5    865.7
     1     1    19    10    23     6     0     0  -228.0   39.724 -125.773   1551.8    854.7
     1     1    19    10    23     5     0     1  -229.0   40.096 -125.764   1695.2    839.7
     1     1    19    10    23     4     0     2  -230.0   40.455 -125.762   1839.6    823.8
     1     1    19    10    23     3     0     3  -231.0   40.807 -125.781   1961.2    811.4
     1     1    19    10    23     2     0     2  -232.0   41.140 -125.817   2054.1    802.4
     1     1    19    10    23     1     0     1  -233.0   41.445 -125.864   2112.3    797.0
     1     1    19    10    23     0     0     0  -234.0   41.738 -125.947   2117.6    795.2
     1     1    19    10    22    23     0     1  -235.0   42.019 -126.080   2097.2    801.8
     1     1    19    10    22    22     0     2  -236.0   42.276 -126.253   2128.5    801.5
     1     1    19    10    22    21     0     3  -237.0   42.507 -126.467   2224.1    791.2
     1     1    19    10    22    20     0     2  -238.0   42.732 -126.726   2322.4    777.8
     1     1    19    10    22    19     0     1  -239.0   42.972 -127.038   2359.9    773.2
     1     1    19    10    22    18     0     0  -240.0   43.210 -127.373   2368.5    776.7
