     7     1
    GDAS    19     6     1     0     0
    GDAS    19     7     1     0     0
    GDAS    19     8     1     0     0
    GDAS    19     9     1     0     0
    GDAS    19    10     1     0     0
    GDAS    19    11     1     0     0
    GDAS    19    12     1     0     0
     1 BACKWARD OMEGA   
    19     8     3     6   21.319 -157.670    10.0
     1 PRESSURE
     1     1    19     8     3     6     0     0     0.0   21.319 -157.670     10.0   1010.9
     1     1    19     8     3     5     0     1    -1.0   21.405 -157.434     70.1   1004.8
     1     1    19     8     3     4     0     2    -2.0   21.448 -157.121    190.7    987.2
     1     1    19     8     3     3     0     3    -3.0   21.429 -156.758    301.2    970.0
     1     1    19     8     3     2     0     2    -4.0   21.340 -156.386    349.1    967.3
     1     1    19     8     3     1     0     1    -5.0   21.178 -155.984    326.3    972.1
     1     1    19     8     3     0     0     0    -6.0   20.966 -155.555    295.8    983.9
     1     1    19     8     2    23     0     1    -7.0   20.778 -155.147    298.1    980.3
     1     1    19     8     2    22     0     2    -8.0   20.636 -154.773    285.5    980.2
     1     1    19     8     2    21     0     3    -9.0   20.536 -154.416    255.3    985.9
     1     1    19     8     2    20     0     2   -10.0   20.485 -154.048    237.3    989.3
     1     1    19     8     2    19     0     1   -11.0   20.467 -153.665    239.9    988.4
     1     1    19     8     2    18     0     0   -12.0   20.458 -153.297    260.5    987.1
     1     1    19     8     2    17     0     1   -13.0   20.444 -152.947    293.8    981.4
     1     1    19     8     2    16     0     2   -14.0   20.418 -152.592    321.4    976.6
     1     1    19     8     2    15     0     3   -15.0   20.379 -152.221    341.0    974.4
     1     1    19     8     2    14     0     2   -16.0   20.335 -151.844    355.3    972.5
     1     1    19     8     2    13     0     1   -17.0   20.294 -151.466    362.1    971.8
     1     1    19     8     2    12     0     0   -18.0   20.261 -151.082    367.4    971.6
     1     1    19     8     2    11     0     1   -19.0   20.238 -150.695    379.2    971.4
     1     1    19     8     2    10     0     2   -20.0   20.223 -150.306    402.4    969.7
     1     1    19     8     2     9     0     3   -21.0   20.213 -149.907    436.0    966.5
     1     1    19     8     2     8     0     2   -22.0   20.209 -149.502    465.3    961.6
     1     1    19     8     2     7     0     1   -23.0   20.216 -149.096    494.3    960.1
     1     1    19     8     2     6     0     0   -24.0   20.234 -148.695    538.8    955.1
     1     1    19     8     2     5     0     1   -25.0   20.260 -148.309    579.7    948.5
     1     1    19     8     2     4     0     2   -26.0   20.294 -147.935    605.9    946.1
     1     1    19     8     2     3     0     3   -27.0   20.336 -147.567    625.9    943.9
     1     1    19     8     2     2     0     2   -28.0   20.375 -147.208    637.9    942.3
     1     1    19     8     2     1     0     1   -29.0   20.406 -146.861    641.9    942.3
     1     1    19     8     2     0     0     0   -30.0   20.427 -146.524    646.7    942.6
     1     1    19     8     1    23     0     1   -31.0   20.440 -146.192    658.4    941.7
     1     1    19     8     1    22     0     2   -32.0   20.444 -145.856    666.7    940.0
     1     1    19     8     1    21     0     3   -33.0   20.443 -145.514    653.4    941.0
     1     1    19     8     1    20     0     2   -34.0   20.448 -145.158    624.4    945.8
     1     1    19     8     1    19     0     1   -35.0   20.465 -144.797    601.4    948.9
     1     1    19     8     1    18     0     0   -36.0   20.493 -144.437    587.1    950.0
     1     1    19     8     1    17     0     1   -37.0   20.532 -144.076    576.8    950.6
     1     1    19     8     1    16     0     2   -38.0   20.578 -143.716    573.1    950.8
     1     1    19     8     1    15     0     3   -39.0   20.624 -143.351    574.1    949.6
     1     1    19     8     1    14     0     2   -40.0   20.669 -142.979    575.0    949.5
     1     1    19     8     1    13     0     1   -41.0   20.717 -142.613    584.0    949.4
     1     1    19     8     1    12     0     0   -42.0   20.770 -142.254    608.3    946.7
     1     1    19     8     1    11     0     1   -43.0   20.818 -141.899    634.1    943.3
     1     1    19     8     1    10     0     2   -44.0   20.856 -141.549    646.0    942.3
     1     1    19     8     1     9     0     3   -45.0   20.892 -141.199    653.8    943.2
     1     1    19     8     1     8     0     2   -46.0   20.930 -140.850    663.9    941.5
     1     1    19     8     1     7     0     1   -47.0   20.975 -140.499    674.4    940.5
     1     1    19     8     1     6     0     0   -48.0   21.028 -140.137    700.6    938.9
     1     1    19     8     1     5     0     1   -49.0   21.091 -139.770    734.7    932.2
     1     1    19     8     1     4     0     2   -50.0   21.164 -139.407    754.0    929.5
     1     1    19     8     1     3     0     3   -51.0   21.243 -139.047    757.2    928.6
     1     1    19     8     1     2     0     2   -52.0   21.325 -138.692    760.8    930.1
     1     1    19     8     1     1     0     1   -53.0   21.410 -138.357    773.8    928.1
     1     1    19     8     1     0     0     0   -54.0   21.504 -138.046    777.4    926.5
     1     1    19     7    31    23     0     1   -55.0   21.606 -137.749    768.1    928.8
     1     1    19     7    31    22     0     2   -56.0   21.706 -137.453    761.9    930.9
     1     1    19     7    31    21     0     3   -57.0   21.802 -137.157    780.1    930.7
     1     1    19     7    31    20     0     2   -58.0   21.890 -136.862    804.4    925.0
     1     1    19     7    31    19     0     1   -59.0   21.975 -136.569    792.9    925.2
     1     1    19     7    31    18     0     0   -60.0   22.065 -136.277    743.9    931.5
     1     1    19     7    31    17     0     1   -61.0   22.160 -135.980    700.6    939.6
     1     1    19     7    31    16     0     2   -62.0   22.250 -135.674    687.3    939.6
     1     1    19     7    31    15     0     3   -63.0   22.332 -135.362    697.0    937.8
     1     1    19     7    31    14     0     2   -64.0   22.410 -135.049    710.8    934.2
     1     1    19     7    31    13     0     1   -65.0   22.491 -134.744    716.3    934.5
     1     1    19     7    31    12     0     0   -66.0   22.573 -134.441    728.2    934.0
     1     1    19     7    31    11     0     1   -67.0   22.658 -134.138    750.3    931.4
     1     1    19     7    31    10     0     2   -68.0   22.752 -133.841    763.3    928.8
     1     1    19     7    31     9     0     3   -69.0   22.859 -133.554    750.1    930.4
     1     1    19     7    31     8     0     2   -70.0   22.979 -133.272    731.8    935.0
     1     1    19     7    31     7     0     1   -71.0   23.106 -132.981    736.0    935.1
     1     1    19     7    31     6     0     0   -72.0   23.238 -132.679    758.3    931.7
     1     1    19     7    31     5     0     1   -73.0   23.375 -132.373    778.3    928.0
     1     1    19     7    31     4     0     2   -74.0   23.523 -132.069    788.8    927.1
     1     1    19     7    31     3     0     3   -75.0   23.684 -131.759    800.6    926.2
     1     1    19     7    31     2     0     2   -76.0   23.843 -131.448    817.1    923.9
     1     1    19     7    31     1     0     1   -77.0   23.989 -131.150    837.5    921.9
     1     1    19     7    31     0     0     0   -78.0   24.126 -130.870    862.0    919.1
     1     1    19     7    30    23     0     1   -79.0   24.263 -130.598    876.1    916.5
     1     1    19     7    30    22     0     2   -80.0   24.405 -130.317    873.7    918.0
     1     1    19     7    30    21     0     3   -81.0   24.549 -130.034    870.4    919.4
     1     1    19     7    30    20     0     2   -82.0   24.690 -129.755    872.4    919.2
     1     1    19     7    30    19     0     1   -83.0   24.825 -129.481    880.3    918.6
     1     1    19     7    30    18     0     0   -84.0   24.954 -129.208    891.3    917.0
     1     1    19     7    30    17     0     1   -85.0   25.081 -128.936    891.9    915.7
     1     1    19     7    30    16     0     2   -86.0   25.217 -128.667    882.7    917.8
     1     1    19     7    30    15     0     3   -87.0   25.361 -128.402    879.2    918.4
     1     1    19     7    30    14     0     2   -88.0   25.506 -128.143    884.4    917.4
     1     1    19     7    30    13     0     1   -89.0   25.645 -127.894    895.5    915.6
     1     1    19     7    30    12     0     0   -90.0   25.775 -127.649    914.4    913.5
     1     1    19     7    30    11     0     1   -91.0   25.902 -127.403    942.0    910.5
     1     1    19     7    30    10     0     2   -92.0   26.036 -127.156    973.3    907.2
     1     1    19     7    30     9     0     3   -93.0   26.179 -126.911    999.1    904.1
     1     1    19     7    30     8     0     2   -94.0   26.331 -126.665   1012.7    902.9
     1     1    19     7    30     7     0     1   -95.0   26.492 -126.412   1022.0    903.1
     1     1    19     7    30     6     0     0   -96.0   26.660 -126.157   1042.3    902.0
     1     1    19     7    30     5     0     1   -97.0   26.838 -125.912   1060.4    898.0
     1     1    19     7    30     4     0     2   -98.0   27.035 -125.685   1047.7    898.2
     1     1    19     7    30     3     0     3   -99.0   27.257 -125.475    999.3    903.5
     1     1    19     7    30     2     0     2  -100.0   27.499 -125.285    954.6    911.7
     1     1    19     7    30     1     0     1  -101.0   27.744 -125.123    950.3    912.2
     1     1    19     7    30     0     0     0  -102.0   27.987 -124.994    980.9    908.2
     1     1    19     7    29    23     0     1  -103.0   28.218 -124.883   1017.9    902.3
     1     1    19     7    29    22     0     2  -104.0   28.430 -124.770   1041.1    900.6
     1     1    19     7    29    21     0     3  -105.0   28.627 -124.656   1054.0    899.8
     1     1    19     7    29    20     0     2  -106.0   28.815 -124.539   1059.7    899.6
     1     1    19     7    29    19     0     1  -107.0   29.000 -124.419   1059.7    899.8
     1     1    19     7    29    18     0     0  -108.0   29.184 -124.299   1052.1    900.6
     1     1    19     7    29    17     0     1  -109.0   29.373 -124.182   1035.8    902.0
     1     1    19     7    29    16     0     2  -110.0   29.575 -124.069   1012.3    904.3
     1     1    19     7    29    15     0     3  -111.0   29.794 -123.964    986.2    907.1
     1     1    19     7    29    14     0     2  -112.0   30.028 -123.865    972.2    909.6
     1     1    19     7    29    13     0     1  -113.0   30.269 -123.768    976.1    908.4
     1     1    19     7    29    12     0     0  -114.0   30.513 -123.675    988.8    906.4
     1     1    19     7    29    11     0     1  -115.0   30.764 -123.594    991.6    904.7
     1     1    19     7    29    10     0     2  -116.0   31.035 -123.531    967.3    907.2
     1     1    19     7    29     9     0     3  -117.0   31.332 -123.493    922.9    913.1
     1     1    19     7    29     8     0     2  -118.0   31.657 -123.482    886.5    919.3
     1     1    19     7    29     7     0     1  -119.0   31.996 -123.502    872.2    920.5
     1     1    19     7    29     6     0     0  -120.0   32.339 -123.551    880.2    920.4
     1     1    19     7    29     5     0     1  -121.0   32.682 -123.630    909.0    916.6
     1     1    19     7    29     4     0     2  -122.0   33.028 -123.741    939.1    911.7
     1     1    19     7    29     3     0     3  -123.0   33.383 -123.888    947.4    909.8
     1     1    19     7    29     2     0     2  -124.0   33.743 -124.053    948.4    912.1
     1     1    19     7    29     1     0     1  -125.0   34.096 -124.223    965.2    910.3
     1     1    19     7    29     0     0     0  -126.0   34.440 -124.400    984.5    907.0
     1     1    19     7    28    23     0     1  -127.0   34.787 -124.573    993.0    906.2
     1     1    19     7    28    22     0     2  -128.0   35.143 -124.734   1002.3    906.7
     1     1    19     7    28    21     0     3  -129.0   35.494 -124.883   1020.7    904.4
     1     1    19     7    28    20     0     2  -130.0   35.847 -125.023   1042.7    902.4
     1     1    19     7    28    19     0     1  -131.0   36.218 -125.154   1074.1    900.2
     1     1    19     7    28    18     0     0  -132.0   36.603 -125.274   1113.7    895.7
     1     1    19     7    28    17     0     1  -133.0   37.004 -125.390   1147.5    891.4
     1     1    19     7    28    16     0     2  -134.0   37.426 -125.517   1178.9    888.7
     1     1    19     7    28    15     0     3  -135.0   37.867 -125.658   1215.3    884.3
     1     1    19     7    28    14     0     2  -136.0   38.313 -125.819   1273.1    880.1
     1     1    19     7    28    13     0     1  -137.0   38.742 -126.012   1353.8    870.4
     1     1    19     7    28    12     0     0  -138.0   39.144 -126.236   1426.4    861.9
     1     1    19     7    28    11     0     1  -139.0   39.515 -126.471   1493.3    857.7
     1     1    19     7    28    10     0     2  -140.0   39.843 -126.717   1566.2    849.8
     1     1    19     7    28     9     0     3  -141.0   40.122 -126.994   1643.8    842.9
     1     1    19     7    28     8     0     2  -142.0   40.368 -127.292   1732.3    834.6
     1     1    19     7    28     7     0     1  -143.0   40.594 -127.590   1827.9    825.9
     1     1    19     7    28     6     0     0  -144.0   40.792 -127.899   1927.4    816.2
     1     1    19     7    28     5     0     1  -145.0   40.972 -128.241   2018.6    806.4
     1     1    19     7    28     4     0     2  -146.0   41.146 -128.626   2106.4    799.4
     1     1    19     7    28     3     0     3  -147.0   41.306 -129.052   2210.0    789.9
     1     1    19     7    28     2     0     2  -148.0   41.447 -129.518   2311.8    778.6
     1     1    19     7    28     1     0     1  -149.0   41.564 -130.026   2390.9    771.4
     1     1    19     7    28     0     0     0  -150.0   41.654 -130.581   2457.2    766.1
     1     1    19     7    27    23     0     1  -151.0   41.717 -131.166   2528.2    760.4
     1     1    19     7    27    22     0     2  -152.0   41.750 -131.768   2607.6    752.7
     1     1    19     7    27    21     0     3  -153.0   41.749 -132.392   2686.3    745.3
     1     1    19     7    27    20     0     2  -154.0   41.725 -133.026   2737.4    738.7
     1     1    19     7    27    19     0     1  -155.0   41.694 -133.641   2775.1    738.4
     1     1    19     7    27    18     0     0  -156.0   41.641 -134.223   2827.9    733.2
     1     1    19     7    27    17     0     1  -157.0   41.570 -134.777   2872.5    727.1
     1     1    19     7    27    16     0     2  -158.0   41.504 -135.322   2902.2    725.3
     1     1    19     7    27    15     0     3  -159.0   41.433 -135.869   2924.7    722.6
     1     1    19     7    27    14     0     2  -160.0   41.352 -136.429   2942.6    721.3
     1     1    19     7    27    13     0     1  -161.0   41.257 -137.016   2959.2    719.3
     1     1    19     7    27    12     0     0  -162.0   41.142 -137.621   2959.8    718.0
     1     1    19     7    27    11     0     1  -163.0   41.006 -138.215   2943.0    720.6
     1     1    19     7    27    10     0     2  -164.0   40.857 -138.772   2936.2    722.4
     1     1    19     7    27     9     0     3  -165.0   40.707 -139.296   2931.1    720.8
     1     1    19     7    27     8     0     2  -166.0   40.556 -139.817   2913.3    723.0
     1     1    19     7    27     7     0     1  -167.0   40.403 -140.337   2898.7    725.2
     1     1    19     7    27     6     0     0  -168.0   40.248 -140.841   2890.9    725.3
     1     1    19     7    27     5     0     1  -169.0   40.095 -141.338   2896.6    725.7
     1     1    19     7    27     4     0     2  -170.0   39.947 -141.851   2930.5    722.4
     1     1    19     7    27     3     0     3  -171.0   39.807 -142.376   2971.6    716.4
     1     1    19     7    27     2     0     2  -172.0   39.663 -142.904   2989.1    714.1
     1     1    19     7    27     1     0     1  -173.0   39.512 -143.433   2990.2    715.2
     1     1    19     7    27     0     0     0  -174.0   39.354 -143.957   2989.8    715.2
     1     1    19     7    26    23     0     1  -175.0   39.195 -144.478   2977.7    715.3
     1     1    19     7    26    22     0     2  -176.0   39.043 -145.004   2933.6    718.3
     1     1    19     7    26    21     0     3  -177.0   38.898 -145.527   2880.2    725.8
     1     1    19     7    26    20     0     2  -178.0   38.766 -146.041   2848.0    728.6
     1     1    19     7    26    19     0     1  -179.0   38.658 -146.548   2827.8    729.5
     1     1    19     7    26    18     0     0  -180.0   38.575 -147.043   2817.1    731.1
     1     1    19     7    26    17     0     1  -181.0   38.511 -147.539   2803.5    730.2
     1     1    19     7    26    16     0     2  -182.0   38.462 -148.049   2770.8    733.2
     1     1    19     7    26    15     0     3  -183.0   38.432 -148.578   2740.3    737.1
     1     1    19     7    26    14     0     2  -184.0   38.419 -149.112   2721.0    738.3
     1     1    19     7    26    13     0     1  -185.0   38.414 -149.639   2704.8    739.7
     1     1    19     7    26    12     0     0  -186.0   38.417 -150.160   2696.7    741.0
     1     1    19     7    26    11     0     1  -187.0   38.435 -150.681   2694.2    740.6
     1     1    19     7    26    10     0     2  -188.0   38.472 -151.199   2692.4    741.3
     1     1    19     7    26     9     0     3  -189.0   38.527 -151.708   2692.7    741.2
     1     1    19     7    26     8     0     2  -190.0   38.603 -152.219   2689.6    741.2
     1     1    19     7    26     7     0     1  -191.0   38.701 -152.742   2677.5    742.0
     1     1    19     7    26     6     0     0  -192.0   38.815 -153.271   2654.2    744.1
     1     1    19     7    26     5     0     1  -193.0   38.936 -153.803   2634.0    747.1
     1     1    19     7    26     4     0     2  -194.0   39.057 -154.341   2625.8    747.4
     1     1    19     7    26     3     0     3  -195.0   39.182 -154.880   2620.1    747.5
     1     1    19     7    26     2     0     2  -196.0   39.309 -155.408   2612.1    748.3
     1     1    19     7    26     1     0     1  -197.0   39.432 -155.920   2598.0    749.4
     1     1    19     7    26     0     0     0  -198.0   39.554 -156.414   2578.5    751.6
     1     1    19     7    25    23     0     1  -199.0   39.680 -156.896   2556.5    753.6
     1     1    19     7    25    22     0     2  -200.0   39.818 -157.376   2532.4    755.9
     1     1    19     7    25    21     0     3  -201.0   39.974 -157.860   2513.3    758.2
     1     1    19     7    25    20     0     2  -202.0   40.146 -158.347   2500.0    758.9
     1     1    19     7    25    19     0     1  -203.0   40.327 -158.830   2485.4    760.1
     1     1    19     7    25    18     0     0  -204.0   40.520 -159.311   2474.4    761.6
     1     1    19     7    25    17     0     1  -205.0   40.720 -159.791   2469.8    761.3
     1     1    19     7    25    16     0     2  -206.0   40.914 -160.274   2468.0    761.0
     1     1    19     7    25    15     0     3  -207.0   41.103 -160.754   2457.4    760.6
     1     1    19     7    25    14     0     2  -208.0   41.287 -161.221   2441.3    763.5
     1     1    19     7    25    13     0     1  -209.0   41.465 -161.672   2433.4    764.3
     1     1    19     7    25    12     0     0  -210.0   41.640 -162.116   2430.4    764.5
     1     1    19     7    25    11     0     1  -211.0   41.812 -162.546   2432.5    764.6
     1     1    19     7    25    10     0     2  -212.0   41.979 -162.956   2437.7    763.8
     1     1    19     7    25     9     0     3  -213.0   42.144 -163.344   2443.7    763.5
     1     1    19     7    25     8     0     2  -214.0   42.320 -163.718   2451.9    762.5
     1     1    19     7    25     7     0     1  -215.0   42.523 -164.083   2460.5    761.3
     1     1    19     7    25     6     0     0  -216.0   42.755 -164.436   2468.0    760.4
     1     1    19     7    25     5     0     1  -217.0   42.999 -164.782   2473.1    759.4
     1     1    19     7    25     4     0     2  -218.0   43.246 -165.135   2474.2    759.0
     1     1    19     7    25     3     0     3  -219.0   43.506 -165.503   2474.4    758.9
     1     1    19     7    25     2     0     2  -220.0   43.779 -165.877   2481.1    758.7
     1     1    19     7    25     1     0     1  -221.0   44.061 -166.246   2497.6    757.0
     1     1    19     7    25     0     0     0  -222.0   44.361 -166.626   2520.4    754.6
     1     1    19     7    24    23     0     1  -223.0   44.679 -167.035   2548.2    751.9
     1     1    19     7    24    22     0     2  -224.0   44.997 -167.452   2582.0    748.4
     1     1    19     7    24    21     0     3  -225.0   45.326 -167.881   2633.7    744.5
     1     1    19     7    24    20     0     2  -226.0   45.665 -168.340   2692.2    736.8
     1     1    19     7    24    19     0     1  -227.0   45.993 -168.802   2739.8    733.0
     1     1    19     7    24    18     0     0  -228.0   46.330 -169.270   2794.9    728.4
     1     1    19     7    24    17     0     1  -229.0   46.686 -169.772   2849.6    721.7
     1     1    19     7    24    16     0     2  -230.0   47.042 -170.290   2893.5    717.9
     1     1    19     7    24    15     0     3  -231.0   47.409 -170.826   2936.0    714.0
     1     1    19     7    24    14     0     2  -232.0   47.788 -171.397   2971.5    709.9
     1     1    19     7    24    13     0     1  -233.0   48.156 -171.989   3005.2    708.1
     1     1    19     7    24    12     0     0  -234.0   48.532 -172.624   3032.5    703.8
     1     1    19     7    24    11     0     1  -235.0   48.916 -173.309   3054.3    703.6
     1     1    19     7    24    10     0     2  -236.0   49.292 -174.042   3072.6    700.2
     1     1    19     7    24     9     0     3  -237.0   49.666 -174.835   3105.9    698.6
     1     1    19     7    24     8     0     2  -238.0   50.042 -175.715   3167.9    691.9
     1     1    19     7    24     7     0     1  -239.0   50.383 -176.668   3216.4    687.5
     1     1    19     7    24     6     0     0  -240.0   50.708 -177.703   3256.5    683.3
