     7     1
    GDAS    19     6     1     0     0
    GDAS    19     7     1     0     0
    GDAS    19     8     1     0     0
    GDAS    19     9     1     0     0
    GDAS    19    10     1     0     0
    GDAS    19    11     1     0     0
    GDAS    19    12     1     0     0
     1 BACKWARD OMEGA   
    19    10    25    18   21.319 -157.670    10.0
     1 PRESSURE
     1     1    19    10    25    18     0     0     0.0   21.319 -157.670     10.0   1010.0
     1     1    19    10    25    17     0     1    -1.0   21.310 -157.584     25.4   1007.5
     1     1    19    10    25    16     0     2    -2.0   21.307 -157.491     55.4   1003.5
     1     1    19    10    25    15     0     3    -3.0   21.308 -157.393     95.1    996.9
     1     1    19    10    25    14     0     2    -4.0   21.306 -157.300    133.8    991.9
     1     1    19    10    25    13     0     1    -5.0   21.297 -157.220    167.6    987.0
     1     1    19    10    25    12     0     0    -6.0   21.278 -157.156    193.8    983.1
     1     1    19    10    25    11     0     1    -7.0   21.257 -157.099    215.3    981.2
     1     1    19    10    25    10     0     2    -8.0   21.236 -157.037    235.3    978.8
     1     1    19    10    25     9     0     3    -9.0   21.213 -156.968    251.4    977.4
     1     1    19    10    25     8     0     2   -10.0   21.190 -156.883    274.5    976.5
     1     1    19    10    25     7     0     1   -11.0   21.162 -156.771    312.8    972.0
     1     1    19    10    25     6     0     0   -12.0   21.117 -156.629    360.3    966.9
     1     1    19    10    25     5     0     1   -13.0   21.054 -156.465    398.4    961.7
     1     1    19    10    25     4     0     2   -14.0   20.983 -156.290    421.3    961.0
     1     1    19    10    25     3     0     3   -15.0   20.919 -156.111    446.4    960.3
     1     1    19    10    25     2     0     2   -16.0   20.855 -155.933    493.4    957.2
     1     1    19    10    25     1     0     1   -17.0   20.784 -155.768    559.4    948.4
     1     1    19    10    25     0     0     0   -18.0   20.707 -155.620    629.0    941.3
     1     1    19    10    24    23     0     1   -19.0   20.626 -155.481    696.3    933.5
     1     1    19    10    24    22     0     2   -20.0   20.545 -155.337    757.3    927.6
     1     1    19    10    24    21     0     3   -21.0   20.462 -155.185    814.3    922.0
     1     1    19    10    24    20     0     2   -22.0   20.368 -155.024    878.3    916.8
     1     1    19    10    24    19     0     1   -23.0   20.255 -154.859    955.1    907.9
     1     1    19    10    24    18     0     0   -24.0   20.135 -154.694   1029.1    899.2
     1     1    19    10    24    17     0     1   -25.0   20.018 -154.533   1086.8    892.2
     1     1    19    10    24    16     0     2   -26.0   19.912 -154.375   1129.8    888.2
     1     1    19    10    24    15     0     3   -27.0   19.821 -154.216   1170.3    884.3
     1     1    19    10    24    14     0     2   -28.0   19.746 -154.046   1215.1    879.8
     1     1    19    10    24    13     0     1   -29.0   19.689 -153.856   1261.0    874.7
     1     1    19    10    24    12     0     0   -30.0   19.645 -153.653   1287.6    870.5
     1     1    19    10    24    11     0     1   -31.0   19.601 -153.440   1289.9    871.8
     1     1    19    10    24    10     0     2   -32.0   19.550 -153.217   1294.4    873.2
     1     1    19    10    24     9     0     3   -33.0   19.491 -152.979   1325.6    871.5
     1     1    19    10    24     8     0     2   -34.0   19.440 -152.733   1369.6    864.6
     1     1    19    10    24     7     0     1   -35.0   19.407 -152.487   1406.7    861.2
     1     1    19    10    24     6     0     0   -36.0   19.389 -152.230   1440.2    857.9
     1     1    19    10    24     5     0     1   -37.0   19.376 -151.959   1467.6    854.5
     1     1    19    10    24     4     0     2   -38.0   19.365 -151.682   1485.0    852.2
     1     1    19    10    24     3     0     3   -39.0   19.361 -151.401   1483.8    851.2
     1     1    19    10    24     2     0     2   -40.0   19.362 -151.117   1469.7    853.7
     1     1    19    10    24     1     0     1   -41.0   19.362 -150.827   1457.9    854.8
     1     1    19    10    24     0     0     0   -42.0   19.357 -150.530   1453.0    855.5
     1     1    19    10    23    23     0     1   -43.0   19.351 -150.220   1452.9    855.7
     1     1    19    10    23    22     0     2   -44.0   19.349 -149.892   1448.7    856.5
     1     1    19    10    23    21     0     3   -45.0   19.351 -149.549   1440.2    858.4
     1     1    19    10    23    20     0     2   -46.0   19.358 -149.200   1432.6    859.3
     1     1    19    10    23    19     0     1   -47.0   19.370 -148.849   1419.6    859.9
     1     1    19    10    23    18     0     0   -48.0   19.389 -148.497   1396.3    862.5
     1     1    19    10    23    17     0     1   -49.0   19.414 -148.148   1373.4    865.5
     1     1    19    10    23    16     0     2   -50.0   19.443 -147.800   1353.5    866.7
     1     1    19    10    23    15     0     3   -51.0   19.470 -147.454   1330.9    868.8
     1     1    19    10    23    14     0     2   -52.0   19.491 -147.111   1296.9    871.3
     1     1    19    10    23    13     0     1   -53.0   19.505 -146.769   1249.1    876.9
     1     1    19    10    23    12     0     0   -54.0   19.518 -146.421   1208.4    882.8
     1     1    19    10    23    11     0     1   -55.0   19.531 -146.065   1185.2    885.1
     1     1    19    10    23    10     0     2   -56.0   19.546 -145.703   1157.7    887.0
     1     1    19    10    23     9     0     3   -57.0   19.566 -145.339   1119.3    892.4
     1     1    19    10    23     8     0     2   -58.0   19.591 -144.971   1093.7    896.5
     1     1    19    10    23     7     0     1   -59.0   19.617 -144.592   1088.5    896.1
     1     1    19    10    23     6     0     0   -60.0   19.635 -144.199   1106.9    895.2
     1     1    19    10    23     5     0     1   -61.0   19.649 -143.800   1145.9    889.5
     1     1    19    10    23     4     0     2   -62.0   19.669 -143.408   1188.7    884.4
     1     1    19    10    23     3     0     3   -63.0   19.698 -143.018   1235.4    879.4
     1     1    19    10    23     2     0     2   -64.0   19.731 -142.636   1262.1    873.7
     1     1    19    10    23     1     0     1   -65.0   19.766 -142.261   1260.3    875.4
     1     1    19    10    23     0     0     0   -66.0   19.805 -141.881   1256.9    876.9
     1     1    19    10    22    23     0     1   -67.0   19.845 -141.499   1257.7    876.8
     1     1    19    10    22    22     0     2   -68.0   19.886 -141.116   1240.3    877.6
     1     1    19    10    22    21     0     3   -69.0   19.930 -140.721   1182.7    883.7
     1     1    19    10    22    20     0     2   -70.0   19.988 -140.318   1100.2    894.7
     1     1    19    10    22    19     0     1   -71.0   20.068 -139.925    994.9    904.0
     1     1    19    10    22    18     0     0   -72.0   20.166 -139.537    898.8    920.4
     1     1    19    10    22    17     0     1   -73.0   20.272 -139.148    861.4    924.0
     1     1    19    10    22    16     0     2   -74.0   20.379 -138.766    854.1    921.4
     1     1    19    10    22    15     0     3   -75.0   20.487 -138.402    842.9    921.6
     1     1    19    10    22    14     0     2   -76.0   20.595 -138.048    830.9    923.5
     1     1    19    10    22    13     0     1   -77.0   20.704 -137.694    832.2    923.9
     1     1    19    10    22    12     0     0   -78.0   20.811 -137.334    863.3    921.5
     1     1    19    10    22    11     0     1   -79.0   20.908 -136.964    909.1    914.1
     1     1    19    10    22    10     0     2   -80.0   21.000 -136.586    928.5    910.7
     1     1    19    10    22     9     0     3   -81.0   21.097 -136.209    940.6    913.4
     1     1    19    10    22     8     0     2   -82.0   21.207 -135.836    964.4    909.5
     1     1    19    10    22     7     0     1   -83.0   21.329 -135.466    976.7    907.7
     1     1    19    10    22     6     0     0   -84.0   21.461 -135.097    978.2    908.8
     1     1    19    10    22     5     0     1   -85.0   21.598 -134.734    975.7    908.5
     1     1    19    10    22     4     0     2   -86.0   21.735 -134.381    977.4    908.9
     1     1    19    10    22     3     0     3   -87.0   21.872 -134.035   1009.3    906.7
     1     1    19    10    22     2     0     2   -88.0   22.006 -133.694   1050.1    898.3
     1     1    19    10    22     1     0     1   -89.0   22.138 -133.363   1059.6    896.5
     1     1    19    10    22     0     0     0   -90.0   22.273 -133.045   1033.5    899.2
     1     1    19    10    21    23     0     1   -91.0   22.421 -132.728   1001.2    905.8
     1     1    19    10    21    22     0     2   -92.0   22.585 -132.397    989.3    907.2
     1     1    19    10    21    21     0     3   -93.0   22.763 -132.057   1001.0    906.7
     1     1    19    10    21    20     0     2   -94.0   22.949 -131.706   1030.8    902.8
     1     1    19    10    21    19     0     1   -95.0   23.137 -131.349   1059.9    899.4
     1     1    19    10    21    18     0     0   -96.0   23.322 -130.984   1080.5    897.7
     1     1    19    10    21    17     0     1   -97.0   23.511 -130.624   1099.5    896.0
     1     1    19    10    21    16     0     2   -98.0   23.709 -130.277   1114.3    893.5
     1     1    19    10    21    15     0     3   -99.0   23.912 -129.935   1107.3    892.8
     1     1    19    10    21    14     0     2  -100.0   24.118 -129.598   1088.9    896.5
     1     1    19    10    21    13     0     1  -101.0   24.327 -129.256   1080.3    897.4
     1     1    19    10    21    12     0     0  -102.0   24.533 -128.907   1082.4    896.7
     1     1    19    10    21    11     0     1  -103.0   24.742 -128.552   1090.2    895.7
     1     1    19    10    21    10     0     2  -104.0   24.961 -128.187   1097.3    894.7
     1     1    19    10    21     9     0     3  -105.0   25.188 -127.813   1100.9    894.3
     1     1    19    10    21     8     0     2  -106.0   25.426 -127.435   1098.1    894.7
     1     1    19    10    21     7     0     1  -107.0   25.682 -127.057   1087.3    896.5
     1     1    19    10    21     6     0     0  -108.0   25.952 -126.675   1080.0    898.7
     1     1    19    10    21     5     0     1  -109.0   26.241 -126.294   1080.1    897.7
     1     1    19    10    21     4     0     2  -110.0   26.558 -125.917   1080.9    897.1
     1     1    19    10    21     3     0     3  -111.0   26.898 -125.547   1077.3    896.6
     1     1    19    10    21     2     0     2  -112.0   27.259 -125.195   1070.2    897.6
     1     1    19    10    21     1     0     1  -113.0   27.642 -124.867   1069.4    897.9
     1     1    19    10    21     0     0     0  -114.0   28.041 -124.570   1079.4    896.7
     1     1    19    10    20    23     0     1  -115.0   28.454 -124.298   1097.6    894.8
     1     1    19    10    20    22     0     2  -116.0   28.882 -124.045   1114.8    892.6
     1     1    19    10    20    21     0     3  -117.0   29.322 -123.815   1125.3    891.8
     1     1    19    10    20    20     0     2  -118.0   29.773 -123.608   1133.0    891.8
     1     1    19    10    20    19     0     1  -119.0   30.241 -123.421   1147.3    891.4
     1     1    19    10    20    18     0     0  -120.0   30.716 -123.252   1166.5    889.1
     1     1    19    10    20    17     0     1  -121.0   31.194 -123.101   1185.2    886.8
     1     1    19    10    20    16     0     2  -122.0   31.676 -122.975   1206.2    883.7
     1     1    19    10    20    15     0     3  -123.0   32.156 -122.885   1222.0    880.7
     1     1    19    10    20    14     0     2  -124.0   32.652 -122.825   1258.0    880.0
     1     1    19    10    20    13     0     1  -125.0   33.166 -122.793   1337.9    870.5
     1     1    19    10    20    12     0     0  -126.0   33.672 -122.791   1434.5    858.9
     1     1    19    10    20    11     0     1  -127.0   34.168 -122.807   1521.1    849.4
     1     1    19    10    20    10     0     2  -128.0   34.664 -122.841   1598.8    842.5
     1     1    19    10    20     9     0     3  -129.0   35.153 -122.907   1690.1    834.5
     1     1    19    10    20     8     0     2  -130.0   35.641 -123.011   1807.0    823.3
     1     1    19    10    20     7     0     1  -131.0   36.136 -123.155   1947.7    809.4
     1     1    19    10    20     6     0     0  -132.0   36.631 -123.323   2088.3    794.0
     1     1    19    10    20     5     0     1  -133.0   37.118 -123.525   2209.9    782.4
     1     1    19    10    20     4     0     2  -134.0   37.598 -123.801   2322.8    772.0
     1     1    19    10    20     3     0     3  -135.0   38.087 -124.173   2457.0    760.9
     1     1    19    10    20     2     0     2  -136.0   38.573 -124.627   2612.5    744.7
     1     1    19    10    20     1     0     1  -137.0   39.039 -125.154   2745.4    730.1
     1     1    19    10    20     0     0     0  -138.0   39.486 -125.756   2819.8    722.3
     1     1    19    10    19    23     0     1  -139.0   39.902 -126.412   2865.7    721.3
     1     1    19    10    19    22     0     2  -140.0   40.278 -127.106   2935.0    715.9
     1     1    19    10    19    21     0     3  -141.0   40.622 -127.872   3052.8    706.2
     1     1    19    10    19    20     0     2  -142.0   40.977 -128.748   3282.7    687.4
     1     1    19    10    19    19     0     1  -143.0   41.380 -129.715   3463.8    660.9
     1     1    19    10    19    18     0     0  -144.0   41.707 -130.713   3285.5    685.1
     1     1    19    10    19    17     0     1  -145.0   41.950 -131.717   3176.4    694.2
     1     1    19    10    19    16     0     2  -146.0   42.178 -132.762   3150.8    694.5
     1     1    19    10    19    15     0     3  -147.0   42.339 -133.846   3090.0    698.2
     1     1    19    10    19    14     0     2  -148.0   42.443 -134.924   3001.6    708.7
     1     1    19    10    19    13     0     1  -149.0   42.545 -135.964   2921.8    713.4
     1     1    19    10    19    12     0     0  -150.0   42.571 -136.956   2874.6    721.0
     1     1    19    10    19    11     0     1  -151.0   42.577 -137.953   2878.3    717.9
     1     1    19    10    19    10     0     2  -152.0   42.611 -138.900   2835.6    723.1
     1     1    19    10    19     9     0     3  -153.0   42.610 -139.756   2779.8    729.0
     1     1    19    10    19     8     0     2  -154.0   42.576 -140.567   2734.7    732.3
     1     1    19    10    19     7     0     1  -155.0   42.564 -141.359   2656.6    741.0
     1     1    19    10    19     6     0     0  -156.0   42.546 -142.078   2635.9    742.9
     1     1    19    10    19     5     0     1  -157.0   42.522 -142.774   2648.8    741.3
     1     1    19    10    19     4     0     2  -158.0   42.520 -143.496   2662.4    739.6
     1     1    19    10    19     3     0     3  -159.0   42.532 -144.212   2662.3    738.9
     1     1    19    10    19     2     0     2  -160.0   42.551 -144.912   2661.5    740.8
     1     1    19    10    19     1     0     1  -161.0   42.573 -145.620   2696.1    739.3
     1     1    19    10    19     0     0     0  -162.0   42.592 -146.344   2790.1    731.5
     1     1    19    10    18    23     0     1  -163.0   42.630 -147.091   2868.3    717.5
     1     1    19    10    18    22     0     2  -164.0   42.684 -147.845   2866.0    721.3
     1     1    19    10    18    21     0     3  -165.0   42.742 -148.598   2849.0    723.8
     1     1    19    10    18    20     0     2  -166.0   42.788 -149.378   2863.2    721.4
     1     1    19    10    18    19     0     1  -167.0   42.835 -150.178   2863.8    722.2
     1     1    19    10    18    18     0     0  -168.0   42.891 -150.985   2908.1    718.1
     1     1    19    10    18    17     0     1  -169.0   42.942 -151.832   2953.9    713.0
     1     1    19    10    18    16     0     2  -170.0   42.972 -152.707   2974.0    710.7
     1     1    19    10    18    15     0     3  -171.0   42.978 -153.568   2942.9    712.9
     1     1    19    10    18    14     0     2  -172.0   42.968 -154.421   2865.8    721.2
     1     1    19    10    18    13     0     1  -173.0   42.948 -155.262   2827.9    724.5
     1     1    19    10    18    12     0     0  -174.0   42.924 -156.084   2772.7    728.8
     1     1    19    10    18    11     0     1  -175.0   42.905 -156.873   2729.6    734.4
     1     1    19    10    18    10     0     2  -176.0   42.892 -157.662   2747.2    732.2
     1     1    19    10    18     9     0     3  -177.0   42.896 -158.459   2794.4    728.4
     1     1    19    10    18     8     0     2  -178.0   42.911 -159.260   2879.0    719.8
     1     1    19    10    18     7     0     1  -179.0   42.915 -160.091   2918.7    715.7
     1     1    19    10    18     6     0     0  -180.0   42.906 -160.926   2916.8    716.8
     1     1    19    10    18     5     0     1  -181.0   42.901 -161.750   2927.3    716.0
     1     1    19    10    18     4     0     2  -182.0   42.897 -162.582   2969.3    711.8
     1     1    19    10    18     3     0     3  -183.0   42.872 -163.429   3013.2    706.9
     1     1    19    10    18     2     0     2  -184.0   42.840 -164.275   3017.0    707.2
     1     1    19    10    18     1     0     1  -185.0   42.807 -165.130   3016.8    707.6
     1     1    19    10    18     0     0     0  -186.0   42.778 -165.997   3048.2    705.3
     1     1    19    10    17    23     0     1  -187.0   42.729 -166.880   3014.2    706.5
     1     1    19    10    17    22     0     2  -188.0   42.663 -167.754   2966.0    713.7
     1     1    19    10    17    21     0     3  -189.0   42.606 -168.623   2994.6    709.4
     1     1    19    10    17    20     0     2  -190.0   42.552 -169.513   2992.9    709.8
     1     1    19    10    17    19     0     1  -191.0   42.479 -170.400   2990.9    710.2
     1     1    19    10    17    18     0     0  -192.0   42.403 -171.287   3014.5    707.6
     1     1    19    10    17    17     0     1  -193.0   42.317 -172.158   3022.8    706.6
     1     1    19    10    17    16     0     2  -194.0   42.228 -173.016   3029.6    706.5
     1     1    19    10    17    15     0     3  -195.0   42.152 -173.860   3072.5    703.1
     1     1    19    10    17    14     0     2  -196.0   42.062 -174.701   3123.5    697.9
     1     1    19    10    17    13     0     1  -197.0   41.940 -175.550   3114.1    698.5
     1     1    19    10    17    12     0     0  -198.0   41.823 -176.371   3045.7    706.9
     1     1    19    10    17    11     0     1  -199.0   41.688 -177.162   3056.9    704.9
     1     1    19    10    17    10     0     2  -200.0   41.535 -177.908   3048.9    704.9
     1     1    19    10    17     9     0     3  -201.0   41.385 -178.629   3014.6    709.6
     1     1    19    10    17     8     0     2  -202.0   41.249 -179.323   2973.7    711.1
     1     1    19    10    17     7     0     1  -203.0   41.124 -179.983   2929.5    717.4
     1     1    19    10    17     6     0     0  -204.0   41.005  179.377   2929.1    719.8
     1     1    19    10    17     5     0     1  -205.0   40.885  178.752   2962.8    713.6
     1     1    19    10    17     4     0     2  -206.0   40.762  178.146   2987.1    710.5
     1     1    19    10    17     3     0     3  -207.0   40.638  177.569   2997.3    710.1
     1     1    19    10    17     2     0     2  -208.0   40.510  177.026   3004.3    710.2
     1     1    19    10    17     1     0     1  -209.0   40.389  176.507   3020.4    710.1
     1     1    19    10    17     0     0     0  -210.0   40.278  176.003   3069.6    707.5
     1     1    19    10    16    23     0     1  -211.0   40.176  175.517   3127.6    699.6
     1     1    19    10    16    22     0     2  -212.0   40.078  175.054   3160.0    697.2
     1     1    19    10    16    21     0     3  -213.0   39.980  174.612   3167.6    696.6
     1     1    19    10    16    20     0     2  -214.0   39.888  174.176   3151.8    698.1
     1     1    19    10    16    19     0     1  -215.0   39.797  173.743   3116.6    701.1
     1     1    19    10    16    18     0     0  -216.0   39.692  173.320   3057.6    705.7
     1     1    19    10    16    17     0     1  -217.0   39.570  172.911   2990.4    713.3
     1     1    19    10    16    16     0     2  -218.0   39.441  172.518   2945.7    718.0
     1     1    19    10    16    15     0     3  -219.0   39.302  172.141   2921.8    719.0
     1     1    19    10    16    14     0     2  -220.0   39.157  171.796   2891.4    720.7
     1     1    19    10    16    13     0     1  -221.0   39.008  171.501   2855.1    725.7
     1     1    19    10    16    12     0     0  -222.0   38.848  171.256   2831.5    728.4
     1     1    19    10    16    11     0     1  -223.0   38.685  171.029   2814.3    729.0
     1     1    19    10    16    10     0     2  -224.0   38.536  170.803   2798.7    730.7
     1     1    19    10    16     9     0     3  -225.0   38.405  170.588   2795.5    731.5
     1     1    19    10    16     8     0     2  -226.0   38.292  170.384   2790.6    730.1
     1     1    19    10    16     7     0     1  -227.0   38.201  170.189   2761.5    732.3
     1     1    19    10    16     6     0     0  -228.0   38.135  170.012   2703.6    737.4
     1     1    19    10    16     5     0     1  -229.0   38.072  169.835   2641.0    745.0
     1     1    19    10    16     4     0     2  -230.0   37.997  169.637   2598.1    748.4
     1     1    19    10    16     3     0     3  -231.0   37.917  169.410   2572.7    750.7
     1     1    19    10    16     2     0     2  -232.0   37.835  169.161   2564.0    751.6
     1     1    19    10    16     1     0     1  -233.0   37.751  168.899   2563.4    751.4
     1     1    19    10    16     0     0     0  -234.0   37.653  168.633   2558.8    751.6
     1     1    19    10    15    23     0     1  -235.0   37.542  168.372   2542.0    752.8
     1     1    19    10    15    22     0     2  -236.0   37.433  168.119   2514.6    755.6
     1     1    19    10    15    21     0     3  -237.0   37.326  167.872   2482.0    758.6
     1     1    19    10    15    20     0     2  -238.0   37.220  167.619   2452.9    762.0
     1     1    19    10    15    19     0     1  -239.0   37.116  167.350   2432.4    763.8
     1     1    19    10    15    18     0     0  -240.0   37.026  167.064   2420.7    765.0
