     7     1
    GDAS    18    12     1     0     0
    GDAS    19     1     1     0     0
    GDAS    19     2     1     0     0
    GDAS    19     3     1     0     0
    GDAS    19     4     1     0     0
    GDAS    19     5     1     0     0
    GDAS    19     6     1     0     0
     1 BACKWARD OMEGA   
    19     5    19     0   21.319 -157.670    10.0
     1 PRESSURE
     1     1    19     5    19     0     0     0     0.0   21.319 -157.670     10.0   1014.7
     1     1    19     5    18    23     0     1    -1.0   21.429 -157.464     12.9   1014.5
     1     1    19     5    18    22     0     2    -2.0   21.523 -157.247     18.1   1014.2
     1     1    19     5    18    21     0     3    -3.0   21.604 -157.022     26.7   1013.6
     1     1    19     5    18    20     0     2    -4.0   21.674 -156.792     36.8   1013.4
     1     1    19     5    18    19     0     1    -5.0   21.738 -156.560     43.9   1013.6
     1     1    19     5    18    18     0     0    -6.0   21.802 -156.327     47.4   1014.1
     1     1    19     5    18    17     0     1    -7.0   21.863 -156.088     48.1   1014.2
     1     1    19     5    18    16     0     2    -8.0   21.920 -155.848     48.0   1014.1
     1     1    19     5    18    15     0     3    -9.0   21.974 -155.612     47.9   1013.9
     1     1    19     5    18    14     0     2   -10.0   22.031 -155.380     47.9   1014.0
     1     1    19     5    18    13     0     1   -11.0   22.094 -155.148     47.9   1014.2
     1     1    19     5    18    12     0     0   -12.0   22.161 -154.919     47.9   1014.3
     1     1    19     5    18    11     0     1   -13.0   22.227 -154.692     47.9   1014.3
     1     1    19     5    18    10     0     2   -14.0   22.288 -154.465     47.9   1014.3
     1     1    19     5    18     9     0     3   -15.0   22.345 -154.238     47.9   1014.3
     1     1    19     5    18     8     0     2   -16.0   22.401 -154.010     47.5   1014.5
     1     1    19     5    18     7     0     1   -17.0   22.466 -153.783     46.1   1014.7
     1     1    19     5    18     6     0     0   -18.0   22.539 -153.555     43.7   1015.1
     1     1    19     5    18     5     0     1   -19.0   22.623 -153.331     41.2   1015.3
     1     1    19     5    18     4     0     2   -20.0   22.724 -153.114     39.6   1015.3
     1     1    19     5    18     3     0     3   -21.0   22.842 -152.906     38.9   1015.3
     1     1    19     5    18     2     0     2   -22.0   22.971 -152.711     38.4   1015.5
     1     1    19     5    18     1     0     1   -23.0   23.098 -152.537     37.1   1016.1
     1     1    19     5    18     0     0     0   -24.0   23.220 -152.386     35.7   1016.6
     1     1    19     5    17    23     0     1   -25.0   23.337 -152.252     34.7   1016.7
     1     1    19     5    17    22     0     2   -26.0   23.449 -152.127     34.2   1016.6
     1     1    19     5    17    21     0     3   -27.0   23.564 -152.010     34.0   1016.5
     1     1    19     5    17    20     0     2   -28.0   23.686 -151.895     34.3   1016.8
     1     1    19     5    17    19     0     1   -29.0   23.814 -151.780     34.5   1017.1
     1     1    19     5    17    18     0     0   -30.0   23.947 -151.667     33.9   1017.4
     1     1    19     5    17    17     0     1   -31.0   24.064 -151.555     32.5   1016.5
     1     1    19     5    17    16     0     2   -32.0   24.144 -151.442     30.7   1015.9
     1     1    19     5    17    15     0     3   -33.0   24.188 -151.331     28.6   1015.2
     1     1    19     5    17    14     0     2   -34.0   24.211 -151.215     26.6   1015.6
     1     1    19     5    17    13     0     1   -35.0   24.231 -151.089     25.3   1015.8
     1     1    19     5    17    12     0     0   -36.0   24.247 -150.952     24.8   1015.9
     1     1    19     5    17    11     0     1   -37.0   24.268 -150.804     24.4   1016.0
     1     1    19     5    17    10     0     2   -38.0   24.302 -150.646     23.6   1016.3
     1     1    19     5    17     9     0     3   -39.0   24.352 -150.477     22.4   1016.5
     1     1    19     5    17     8     0     2   -40.0   24.414 -150.308     21.3   1017.0
     1     1    19     5    17     7     0     1   -41.0   24.487 -150.152     20.7   1017.3
     1     1    19     5    17     6     0     0   -42.0   24.570 -150.011     20.5   1017.5
     1     1    19     5    17     5     0     1   -43.0   24.654 -149.889     20.6   1017.4
     1     1    19     5    17     4     0     2   -44.0   24.729 -149.787     20.8   1017.4
     1     1    19     5    17     3     0     3   -45.0   24.799 -149.702     21.2   1017.2
     1     1    19     5    17     2     0     2   -46.0   24.860 -149.626     21.7   1017.5
     1     1    19     5    17     1     0     1   -47.0   24.908 -149.546     22.5   1017.8
     1     1    19     5    17     0     0     0   -48.0   24.944 -149.464     23.6   1018.0
     1     1    19     5    16    23     0     1   -49.0   24.972 -149.378     25.1   1017.4
     1     1    19     5    16    22     0     2   -50.0   24.995 -149.290     26.9   1016.9
     1     1    19     5    16    21     0     3   -51.0   25.012 -149.199     28.9   1016.3
     1     1    19     5    16    20     0     2   -52.0   25.030 -149.105     30.9   1016.3
     1     1    19     5    16    19     0     1   -53.0   25.053 -149.006     32.1   1016.4
     1     1    19     5    16    18     0     0   -54.0   25.082 -148.899     32.4   1016.6
     1     1    19     5    16    17     0     1   -55.0   25.124 -148.786     32.1   1016.5
     1     1    19     5    16    16     0     2   -56.0   25.182 -148.669     31.9   1016.3
     1     1    19     5    16    15     0     3   -57.0   25.256 -148.551     31.9   1016.1
     1     1    19     5    16    14     0     2   -58.0   25.347 -148.435     31.9   1015.9
     1     1    19     5    16    13     0     1   -59.0   25.452 -148.326     31.9   1015.6
     1     1    19     5    16    12     0     0   -60.0   25.569 -148.226     31.9   1015.5
     1     1    19     5    16    11     0     1   -61.0   25.690 -148.140     31.7   1016.0
     1     1    19     5    16    10     0     2   -62.0   25.809 -148.072     31.2   1016.5
     1     1    19     5    16     9     0     3   -63.0   25.925 -148.026     30.9   1016.7
     1     1    19     5    16     8     0     2   -64.0   26.048 -147.997     30.7   1016.8
     1     1    19     5    16     7     0     1   -65.0   26.186 -147.971     30.7   1016.9
     1     1    19     5    16     6     0     0   -66.0   26.339 -147.944     30.7   1016.9
     1     1    19     5    16     5     0     1   -67.0   26.495 -147.917     30.7   1016.5
     1     1    19     5    16     4     0     2   -68.0   26.644 -147.895     30.6   1016.1
     1     1    19     5    16     3     0     3   -69.0   26.787 -147.889     30.5   1015.7
     1     1    19     5    16     2     0     2   -70.0   26.927 -147.902     30.9   1015.0
     1     1    19     5    16     1     0     1   -71.0   27.071 -147.928     32.6   1014.1
     1     1    19     5    16     0     0     0   -72.0   27.219 -147.961     35.6   1013.0
     1     1    19     5    15    23     0     1   -73.0   27.369 -147.991     39.1   1013.4
     1     1    19     5    15    22     0     2   -74.0   27.521 -148.018     42.0   1013.8
     1     1    19     5    15    21     0     3   -75.0   27.673 -148.049     44.6   1014.3
     1     1    19     5    15    20     0     2   -76.0   27.829 -148.096     47.3   1014.1
     1     1    19     5    15    19     0     1   -77.0   27.995 -148.162     50.6   1013.8
     1     1    19     5    15    18     0     0   -78.0   28.169 -148.240     54.4   1013.4
     1     1    19     5    15    17     0     1   -79.0   28.344 -148.318     58.3   1012.4
     1     1    19     5    15    16     0     2   -80.0   28.515 -148.396     62.4   1011.3
     1     1    19     5    15    15     0     3   -81.0   28.685 -148.481     67.9   1010.1
     1     1    19     5    15    14     0     2   -82.0   28.860 -148.584     74.2   1008.9
     1     1    19     5    15    13     0     1   -83.0   29.047 -148.710     79.0   1008.0
     1     1    19     5    15    12     0     0   -84.0   29.246 -148.854     80.8   1007.6
     1     1    19     5    15    11     0     1   -85.0   29.445 -149.008     81.6   1007.7
     1     1    19     5    15    10     0     2   -86.0   29.632 -149.172     84.6   1007.2
     1     1    19     5    15     9     0     3   -87.0   29.813 -149.356     90.2   1006.4
     1     1    19     5    15     8     0     2   -88.0   29.993 -149.564     96.8   1005.3
     1     1    19     5    15     7     0     1   -89.0   30.180 -149.790    103.9   1004.5
     1     1    19     5    15     6     0     0   -90.0   30.373 -150.028    115.0   1003.4
     1     1    19     5    15     5     0     1   -91.0   30.562 -150.281    127.7   1001.3
     1     1    19     5    15     4     0     2   -92.0   30.737 -150.558    135.9   1000.1
     1     1    19     5    15     3     0     3   -93.0   30.903 -150.878    138.7    999.4
     1     1    19     5    15     2     0     2   -94.0   31.067 -151.232    138.7    999.7
     1     1    19     5    15     1     0     1   -95.0   31.236 -151.600    138.8    999.7
     1     1    19     5    15     0     0     0   -96.0   31.411 -151.987    138.8    999.6
     1     1    19     5    14    23     0     1   -97.0   31.584 -152.386    138.8    999.8
     1     1    19     5    14    22     0     2   -98.0   31.748 -152.794    138.8    999.9
     1     1    19     5    14    21     0     3   -99.0   31.907 -153.221    138.8   1000.0
     1     1    19     5    14    20     0     2  -100.0   32.064 -153.664    138.8    999.9
     1     1    19     5    14    19     0     1  -101.0   32.228 -154.116    138.9    999.8
     1     1    19     5    14    18     0     0  -102.0   32.398 -154.582    139.2    999.7
     1     1    19     5    14    17     0     1  -103.0   32.569 -155.054    138.7    999.4
     1     1    19     5    14    16     0     2  -104.0   32.733 -155.525    137.2    999.3
     1     1    19     5    14    15     0     3  -105.0   32.893 -156.013    136.3    999.2
     1     1    19     5    14    14     0     2  -106.0   33.049 -156.511    134.0    999.2
     1     1    19     5    14    13     0     1  -107.0   33.195 -157.000    124.8    999.9
     1     1    19     5    14    12     0     0  -108.0   33.328 -157.484    110.4   1001.8
     1     1    19     5    14    11     0     1  -109.0   33.455 -157.958     99.2   1003.7
     1     1    19     5    14    10     0     2  -110.0   33.583 -158.420     94.0   1004.5
     1     1    19     5    14     9     0     3  -111.0   33.712 -158.885     92.6   1004.9
     1     1    19     5    14     8     0     2  -112.0   33.840 -159.360     91.7   1004.5
     1     1    19     5    14     7     0     1  -113.0   33.962 -159.847     90.3   1004.4
     1     1    19     5    14     6     0     0  -114.0   34.078 -160.345     89.9   1004.1
     1     1    19     5    14     5     0     1  -115.0   34.177 -160.843     90.6   1004.2
     1     1    19     5    14     4     0     2  -116.0   34.246 -161.336     91.4   1004.3
     1     1    19     5    14     3     0     3  -117.0   34.286 -161.835     89.5   1004.3
     1     1    19     5    14     2     0     2  -118.0   34.306 -162.330     86.2   1005.3
     1     1    19     5    14     1     0     1  -119.0   34.312 -162.816     84.8   1005.6
     1     1    19     5    14     0     0     0  -120.0   34.302 -163.297     84.6   1005.7
     1     1    19     5    13    23     0     1  -121.0   34.279 -163.772     84.0   1005.7
     1     1    19     5    13    22     0     2  -122.0   34.245 -164.238     82.7   1005.9
     1     1    19     5    13    21     0     3  -123.0   34.201 -164.696     81.5   1006.2
     1     1    19     5    13    20     0     2  -124.0   34.148 -165.149     79.4   1006.4
     1     1    19     5    13    19     0     1  -125.0   34.084 -165.594     74.5   1007.0
     1     1    19     5    13    18     0     0  -126.0   34.010 -166.032     67.4   1008.2
     1     1    19     5    13    17     0     1  -127.0   33.926 -166.456     61.2   1009.3
     1     1    19     5    13    16     0     2  -128.0   33.829 -166.871     56.6   1009.5
     1     1    19     5    13    15     0     3  -129.0   33.722 -167.279     51.9   1009.7
     1     1    19     5    13    14     0     2  -130.0   33.605 -167.685     46.8   1010.4
     1     1    19     5    13    13     0     1  -131.0   33.475 -168.090     41.7   1011.0
     1     1    19     5    13    12     0     0  -132.0   33.326 -168.493     36.7   1011.7
     1     1    19     5    13    11     0     1  -133.0   33.166 -168.881     33.0   1012.2
     1     1    19     5    13    10     0     2  -134.0   33.000 -169.247     30.6   1012.3
     1     1    19     5    13     9     0     3  -135.0   32.834 -169.594     28.6   1012.4
     1     1    19     5    13     8     0     2  -136.0   32.672 -169.923     26.9   1012.6
     1     1    19     5    13     7     0     1  -137.0   32.513 -170.240     25.8   1012.8
     1     1    19     5    13     6     0     0  -138.0   32.356 -170.547     25.5   1012.8
     1     1    19     5    13     5     0     1  -139.0   32.192 -170.849     25.4   1012.5
     1     1    19     5    13     4     0     2  -140.0   32.015 -171.150     25.2   1012.4
     1     1    19     5    13     3     0     3  -141.0   31.827 -171.450     25.2   1012.2
     1     1    19     5    13     2     0     2  -142.0   31.639 -171.739     25.2   1012.3
     1     1    19     5    13     1     0     1  -143.0   31.456 -172.009     25.2   1012.4
     1     1    19     5    13     0     0     0  -144.0   31.279 -172.261     25.2   1012.5
     1     1    19     5    12    23     0     1  -145.0   31.101 -172.502     25.7   1013.4
     1     1    19     5    12    22     0     2  -146.0   30.917 -172.738     27.2   1014.4
     1     1    19     5    12    21     0     3  -147.0   30.726 -172.971     29.5   1015.0
     1     1    19     5    12    20     0     2  -148.0   30.535 -173.195     31.5   1014.5
     1     1    19     5    12    19     0     1  -149.0   30.349 -173.408     32.7   1014.2
     1     1    19     5    12    18     0     0  -150.0   30.167 -173.610     33.1   1014.2
     1     1    19     5    12    17     0     1  -151.0   29.990 -173.803     33.1   1014.4
     1     1    19     5    12    16     0     2  -152.0   29.819 -173.990     33.1   1014.2
     1     1    19     5    12    15     0     3  -153.0   29.651 -174.169     33.1   1014.0
     1     1    19     5    12    14     0     2  -154.0   29.488 -174.335     33.1   1014.1
     1     1    19     5    12    13     0     1  -155.0   29.331 -174.486     33.1   1014.2
     1     1    19     5    12    12     0     0  -156.0   29.186 -174.622     33.1   1014.2
     1     1    19     5    12    11     0     1  -157.0   29.052 -174.746     33.1   1014.2
     1     1    19     5    12    10     0     2  -158.0   28.927 -174.859     33.0   1014.1
     1     1    19     5    12     9     0     3  -159.0   28.813 -174.963     33.0   1014.0
     1     1    19     5    12     8     0     2  -160.0   28.709 -175.061     33.0   1013.9
     1     1    19     5    12     7     0     1  -161.0   28.615 -175.158     33.0   1013.9
     1     1    19     5    12     6     0     0  -162.0   28.531 -175.255     33.0   1013.8
     1     1    19     5    12     5     0     1  -163.0   28.447 -175.358     33.0   1013.6
     1     1    19     5    12     4     0     2  -164.0   28.358 -175.469     33.0   1013.4
     1     1    19     5    12     3     0     3  -165.0   28.262 -175.586     33.0   1013.1
     1     1    19     5    12     2     0     2  -166.0   28.163 -175.701     33.0   1014.2
     1     1    19     5    12     1     0     1  -167.0   28.061 -175.806     33.0   1015.3
     1     1    19     5    12     0     0     0  -168.0   27.957 -175.899     33.0   1016.4
     1     1    19     5    11    23     0     1  -169.0   27.849 -175.981     33.0   1016.4
     1     1    19     5    11    22     0     2  -170.0   27.736 -176.052     33.0   1016.3
     1     1    19     5    11    21     0     3  -171.0   27.619 -176.110     33.0   1016.3
     1     1    19     5    11    20     0     2  -172.0   27.505 -176.153     33.5   1016.2
     1     1    19     5    11    19     0     1  -173.0   27.399 -176.180     35.2   1016.0
     1     1    19     5    11    18     0     0  -174.0   27.300 -176.189     38.2   1015.7
     1     1    19     5    11    17     0     1  -175.0   27.211 -176.183     41.4   1015.1
     1     1    19     5    11    16     0     2  -176.0   27.131 -176.164     43.4   1014.8
     1     1    19     5    11    15     0     3  -177.0   27.060 -176.131     44.1   1014.6
     1     1    19     5    11    14     0     2  -178.0   27.000 -176.084     43.3   1014.8
     1     1    19     5    11    13     0     1  -179.0   26.949 -176.025     41.1   1015.0
     1     1    19     5    11    12     0     0  -180.0   26.907 -175.954     37.6   1015.4
     1     1    19     5    11    11     0     1  -181.0   26.873 -175.877     34.3   1016.0
     1     1    19     5    11    10     0     2  -182.0   26.848 -175.801     32.5   1016.3
     1     1    19     5    11     9     0     3  -183.0   26.832 -175.726     31.9   1016.4
     1     1    19     5    11     8     0     2  -184.0   26.820 -175.653     31.9   1016.4
     1     1    19     5    11     7     0     1  -185.0   26.809 -175.583     31.9   1016.5
     1     1    19     5    11     6     0     0  -186.0   26.798 -175.517     31.9   1016.6
     1     1    19     5    11     5     0     1  -187.0   26.788 -175.452     32.4   1016.7
     1     1    19     5    11     4     0     2  -188.0   26.779 -175.389     33.9   1016.7
     1     1    19     5    11     3     0     3  -189.0   26.771 -175.328     36.7   1016.6
     1     1    19     5    11     2     0     2  -190.0   26.762 -175.266     39.7   1016.5
     1     1    19     5    11     1     0     1  -191.0   26.750 -175.203     41.6   1016.7
     1     1    19     5    11     0     0     0  -192.0   26.737 -175.138     42.2   1016.9
     1     1    19     5    10    23     0     1  -193.0   26.724 -175.070     42.8   1017.3
     1     1    19     5    10    22     0     2  -194.0   26.713 -174.999     44.4   1017.4
     1     1    19     5    10    21     0     3  -195.0   26.703 -174.925     46.9   1017.4
     1     1    19     5    10    20     0     2  -196.0   26.695 -174.848     50.2   1016.4
     1     1    19     5    10    19     0     1  -197.0   26.689 -174.769     53.8   1015.4
     1     1    19     5    10    18     0     0  -198.0   26.684 -174.687     57.8   1014.2
     1     1    19     5    10    17     0     1  -199.0   26.679 -174.597     62.2   1013.8
     1     1    19     5    10    16     0     2  -200.0   26.672 -174.495     66.7   1013.4
     1     1    19     5    10    15     0     3  -201.0   26.664 -174.380     71.4   1013.0
     1     1    19     5    10    14     0     2  -202.0   26.664 -174.258     74.6   1012.6
     1     1    19     5    10    13     0     1  -203.0   26.684 -174.133     73.9   1013.0
     1     1    19     5    10    12     0     0  -204.0   26.724 -174.007     69.7   1014.0
     1     1    19     5    10    11     0     1  -205.0   26.783 -173.890     64.9   1015.6
     1     1    19     5    10    10     0     2  -206.0   26.858 -173.788     62.3   1016.4
     1     1    19     5    10     9     0     3  -207.0   26.950 -173.703     61.5   1017.0
     1     1    19     5    10     8     0     2  -208.0   27.046 -173.639     61.5   1016.0
     1     1    19     5    10     7     0     1  -209.0   27.137 -173.597     61.5   1015.2
     1     1    19     5    10     6     0     0  -210.0   27.221 -173.578     61.5   1014.4
     1     1    19     5    10     5     0     1  -211.0   27.288 -173.575     61.5   1014.4
     1     1    19     5    10     4     0     2  -212.0   27.328 -173.577     61.5   1014.4
     1     1    19     5    10     3     0     3  -213.0   27.343 -173.583     61.5   1014.4
     1     1    19     5    10     2     0     2  -214.0   27.338 -173.587     61.5   1014.7
     1     1    19     5    10     1     0     1  -215.0   27.322 -173.581     61.5   1014.9
     1     1    19     5    10     0     0     0  -216.0   27.295 -173.564     61.5   1015.2
     1     1    19     5     9    23     0     1  -217.0   27.259 -173.537     61.5   1015.0
     1     1    19     5     9    22     0     2  -218.0   27.216 -173.497     61.5   1014.9
     1     1    19     5     9    21     0     3  -219.0   27.168 -173.444     61.5   1014.7
     1     1    19     5     9    20     0     2  -220.0   27.116 -173.375     61.5   1014.8
     1     1    19     5     9    19     0     1  -221.0   27.065 -173.285     61.5   1014.8
     1     1    19     5     9    18     0     0  -222.0   27.014 -173.176     61.5   1014.9
     1     1    19     5     9    17     0     1  -223.0   26.971 -173.047     61.5   1014.8
     1     1    19     5     9    16     0     2  -224.0   26.940 -172.897     61.5   1014.7
     1     1    19     5     9    15     0     3  -225.0   26.924 -172.728     61.5   1014.5
     1     1    19     5     9    14     0     2  -226.0   26.923 -172.544     61.5   1014.6
     1     1    19     5     9    13     0     1  -227.0   26.939 -172.351     61.5   1014.7
     1     1    19     5     9    12     0     0  -228.0   26.972 -172.150     61.5   1014.8
     1     1    19     5     9    11     0     1  -229.0   27.022 -171.944     61.5   1014.9
     1     1    19     5     9    10     0     2  -230.0   27.085 -171.738     61.5   1015.0
     1     1    19     5     9     9     0     3  -231.0   27.162 -171.533     61.5   1015.1
     1     1    19     5     9     8     0     2  -232.0   27.247 -171.331     61.5   1015.1
     1     1    19     5     9     7     0     1  -233.0   27.335 -171.134     61.5   1015.1
     1     1    19     5     9     6     0     0  -234.0   27.424 -170.941     61.5   1015.1
     1     1    19     5     9     5     0     1  -235.0   27.514 -170.754     61.5   1014.9
     1     1    19     5     9     4     0     2  -236.0   27.608 -170.576     61.5   1014.7
     1     1    19     5     9     3     0     3  -237.0   27.704 -170.406     61.5   1014.6
     1     1    19     5     9     2     0     2  -238.0   27.802 -170.243     61.5   1014.8
     1     1    19     5     9     1     0     1  -239.0   27.904 -170.083     61.5   1014.9
     1     1    19     5     9     0     0     0  -240.0   28.010 -169.927     61.5   1015.1
