     7     1
    GDAS    19     6     1     0     0
    GDAS    19     7     1     0     0
    GDAS    19     8     1     0     0
    GDAS    19     9     1     0     0
    GDAS    19    10     1     0     0
    GDAS    19    11     1     0     0
    GDAS    19    12     1     0     0
     1 BACKWARD OMEGA   
    19    12     6     6   21.319 -157.670    10.0
     1 PRESSURE
     1     1    19    12     6     6     0     0     0.0   21.319 -157.670     10.0   1010.9
     1     1    19    12     6     5     0     1    -1.0   21.386 -157.442     46.0   1006.8
     1     1    19    12     6     4     0     2    -2.0   21.443 -157.202    132.7    994.7
     1     1    19    12     6     3     0     3    -3.0   21.492 -156.939    230.3    980.9
     1     1    19    12     6     2     0     2    -4.0   21.525 -156.663    304.4    972.5
     1     1    19    12     6     1     0     1    -5.0   21.542 -156.382    343.7    969.7
     1     1    19    12     6     0     0     0    -6.0   21.542 -156.098    348.9    970.4
     1     1    19    12     5    23     0     1    -7.0   21.533 -155.811    335.7    975.1
     1     1    19    12     5    22     0     2    -8.0   21.532 -155.520    324.9    977.8
     1     1    19    12     5    21     0     3    -9.0   21.550 -155.224    322.7    979.0
     1     1    19    12     5    20     0     2   -10.0   21.595 -154.930    323.2    978.2
     1     1    19    12     5    19     0     1   -11.0   21.664 -154.648    318.2    978.7
     1     1    19    12     5    18     0     0   -12.0   21.758 -154.381    305.1    980.2
     1     1    19    12     5    17     0     1   -13.0   21.875 -154.132    291.1    982.9
     1     1    19    12     5    16     0     2   -14.0   22.002 -153.908    284.9    983.7
     1     1    19    12     5    15     0     3   -15.0   22.135 -153.715    286.2    983.3
     1     1    19    12     5    14     0     2   -16.0   22.269 -153.532    286.5    982.3
     1     1    19    12     5    13     0     1   -17.0   22.404 -153.345    282.7    983.1
     1     1    19    12     5    12     0     0   -18.0   22.539 -153.152    281.4    983.4
     1     1    19    12     5    11     0     1   -19.0   22.673 -152.956    284.1    983.5
     1     1    19    12     5    10     0     2   -20.0   22.802 -152.763    288.1    983.3
     1     1    19    12     5     9     0     3   -21.0   22.917 -152.573    289.6    983.3
     1     1    19    12     5     8     0     2   -22.0   23.030 -152.398    286.4    983.7
     1     1    19    12     5     7     0     1   -23.0   23.161 -152.259    281.8    984.7
     1     1    19    12     5     6     0     0   -24.0   23.314 -152.159    281.7    985.1
     1     1    19    12     5     5     0     1   -25.0   23.476 -152.069    283.3    984.0
     1     1    19    12     5     4     0     2   -26.0   23.636 -151.968    279.8    983.9
     1     1    19    12     5     3     0     3   -27.0   23.794 -151.858    267.0    984.9
     1     1    19    12     5     2     0     2   -28.0   23.946 -151.741    252.6    987.1
     1     1    19    12     5     1     0     1   -29.0   24.084 -151.621    243.8    987.5
     1     1    19    12     5     0     0     0   -30.0   24.208 -151.504    238.2    987.7
     1     1    19    12     4    23     0     1   -31.0   24.312 -151.389    234.7    988.8
     1     1    19    12     4    22     0     2   -32.0   24.387 -151.274    232.9    989.7
     1     1    19    12     4    21     0     3   -33.0   24.431 -151.157    231.4    990.3
     1     1    19    12     4    20     0     2   -34.0   24.462 -151.045    224.9    990.6
     1     1    19    12     4    19     0     1   -35.0   24.501 -150.947    211.7    992.5
     1     1    19    12     4    18     0     0   -36.0   24.549 -150.858    196.5    994.7
     1     1    19    12     4    17     0     1   -37.0   24.595 -150.767    187.8    996.2
     1     1    19    12     4    16     0     2   -38.0   24.632 -150.667    187.4    995.6
     1     1    19    12     4    15     0     3   -39.0   24.661 -150.557    188.5    994.8
     1     1    19    12     4    14     0     2   -40.0   24.677 -150.437    182.9    995.0
     1     1    19    12     4    13     0     1   -41.0   24.676 -150.308    167.1    997.1
     1     1    19    12     4    12     0     0   -42.0   24.657 -150.170    144.6   1000.2
     1     1    19    12     4    11     0     1   -43.0   24.627 -150.025    120.1   1003.6
     1     1    19    12     4    10     0     2   -44.0   24.600 -149.875     99.8   1006.5
     1     1    19    12     4     9     0     3   -45.0   24.581 -149.715     87.2   1008.0
     1     1    19    12     4     8     0     2   -46.0   24.570 -149.545     82.6   1008.6
     1     1    19    12     4     7     0     1   -47.0   24.566 -149.363     84.0   1008.2
     1     1    19    12     4     6     0     0   -48.0   24.562 -149.172     86.4   1007.7
     1     1    19    12     4     5     0     1   -49.0   24.551 -148.968     85.8   1007.4
     1     1    19    12     4     4     0     2   -50.0   24.534 -148.753     82.5   1007.7
     1     1    19    12     4     3     0     3   -51.0   24.515 -148.520     78.4   1008.0
     1     1    19    12     4     2     0     2   -52.0   24.500 -148.273     75.6   1008.5
     1     1    19    12     4     1     0     1   -53.0   24.493 -148.018     74.9   1008.5
     1     1    19    12     4     0     0     0   -54.0   24.494 -147.763     74.9   1008.5
     1     1    19    12     3    23     0     1   -55.0   24.506 -147.512     74.3   1009.5
     1     1    19    12     3    22     0     2   -56.0   24.537 -147.256     72.2   1010.7
     1     1    19    12     3    21     0     3   -57.0   24.586 -146.990     68.2   1012.2
     1     1    19    12     3    20     0     2   -58.0   24.650 -146.729     64.2   1013.3
     1     1    19    12     3    19     0     1   -59.0   24.727 -146.486     62.0   1013.7
     1     1    19    12     3    18     0     0   -60.0   24.817 -146.251     61.1   1014.0
     1     1    19    12     3    17     0     1   -61.0   24.919 -146.019     62.4   1013.7
     1     1    19    12     3    16     0     2   -62.0   25.027 -145.795     67.3   1012.7
     1     1    19    12     3    15     0     3   -63.0   25.137 -145.581     74.4   1011.4
     1     1    19    12     3    14     0     2   -64.0   25.251 -145.376     81.8   1009.7
     1     1    19    12     3    13     0     1   -65.0   25.368 -145.184     89.7   1008.4
     1     1    19    12     3    12     0     0   -66.0   25.489 -145.008     98.6   1006.9
     1     1    19    12     3    11     0     1   -67.0   25.606 -144.834    105.9   1006.3
     1     1    19    12     3    10     0     2   -68.0   25.711 -144.650    110.1   1006.3
     1     1    19    12     3     9     0     3   -69.0   25.812 -144.458    112.7   1006.5
     1     1    19    12     3     8     0     2   -70.0   25.916 -144.259    115.1   1006.5
     1     1    19    12     3     7     0     1   -71.0   26.032 -144.053    119.2   1006.3
     1     1    19    12     3     6     0     0   -72.0   26.160 -143.843    124.9   1005.7
     1     1    19    12     3     5     0     1   -73.0   26.302 -143.630    130.0   1004.3
     1     1    19    12     3     4     0     2   -74.0   26.463 -143.415    132.6   1003.4
     1     1    19    12     3     3     0     3   -75.0   26.645 -143.205    134.1   1002.7
     1     1    19    12     3     2     0     2   -76.0   26.840 -143.002    135.6   1002.3
     1     1    19    12     3     1     0     1   -77.0   27.040 -142.804    140.2   1001.8
     1     1    19    12     3     0     0     0   -78.0   27.249 -142.610    150.7   1000.1
     1     1    19    12     2    23     0     1   -79.0   27.465 -142.418    160.9    998.4
     1     1    19    12     2    22     0     2   -80.0   27.684 -142.218    168.4    998.2
     1     1    19    12     2    21     0     3   -81.0   27.905 -142.008    183.0    997.5
     1     1    19    12     2    20     0     2   -82.0   28.138 -141.799    204.9    994.2
     1     1    19    12     2    19     0     1   -83.0   28.389 -141.607    221.9    991.9
     1     1    19    12     2    18     0     0   -84.0   28.650 -141.436    231.8    991.1
     1     1    19    12     2    17     0     1   -85.0   28.911 -141.277    238.6    990.0
     1     1    19    12     2    16     0     2   -86.0   29.168 -141.114    242.0    988.7
     1     1    19    12     2    15     0     3   -87.0   29.422 -140.948    240.4    988.4
     1     1    19    12     2    14     0     2   -88.0   29.678 -140.791    238.4    988.8
     1     1    19    12     2    13     0     1   -89.0   29.943 -140.642    242.7    988.4
     1     1    19    12     2    12     0     0   -90.0   30.218 -140.494    254.5    986.6
     1     1    19    12     2    11     0     1   -91.0   30.496 -140.345    267.0    984.8
     1     1    19    12     2    10     0     2   -92.0   30.778 -140.192    278.1    983.7
     1     1    19    12     2     9     0     3   -93.0   31.072 -140.034    292.1    982.2
     1     1    19    12     2     8     0     2   -94.0   31.382 -139.877    300.6    979.5
     1     1    19    12     2     7     0     1   -95.0   31.710 -139.727    304.4    980.0
     1     1    19    12     2     6     0     0   -96.0   32.065 -139.587    322.1    978.5
     1     1    19    12     2     5     0     1   -97.0   32.441 -139.460    343.6    973.2
     1     1    19    12     2     4     0     2   -98.0   32.827 -139.343    359.2    971.8
     1     1    19    12     2     3     0     3   -99.0   33.235 -139.225    382.3    969.1
     1     1    19    12     2     2     0     2  -100.0   33.662 -139.106    402.4    964.9
     1     1    19    12     2     1     0     1  -101.0   34.096 -138.996    402.3    964.0
     1     1    19    12     2     0     0     0  -102.0   34.528 -138.903    381.3    965.7
     1     1    19    12     1    23     0     1  -103.0   34.960 -138.818    350.7    970.1
     1     1    19    12     1    22     0     2  -104.0   35.395 -138.729    327.0    973.8
     1     1    19    12     1    21     0     3  -105.0   35.829 -138.632    319.2    974.8
     1     1    19    12     1    20     0     2  -106.0   36.272 -138.530    327.3    973.3
     1     1    19    12     1    19     0     1  -107.0   36.738 -138.424    347.4    970.6
     1     1    19    12     1    18     0     0  -108.0   37.226 -138.304    376.1    967.1
     1     1    19    12     1    17     0     1  -109.0   37.726 -138.180    402.8    962.5
     1     1    19    12     1    16     0     2  -110.0   38.230 -138.066    407.1    960.2
     1     1    19    12     1    15     0     3  -111.0   38.743 -137.960    406.5    962.2
     1     1    19    12     1    14     0     2  -112.0   39.255 -137.861    410.5    959.5
     1     1    19    12     1    13     0     1  -113.0   39.760 -137.775    410.1    960.0
     1     1    19    12     1    12     0     0  -114.0   40.265 -137.705    414.5    959.4
     1     1    19    12     1    11     0     1  -115.0   40.779 -137.636    414.5    958.1
     1     1    19    12     1    10     0     2  -116.0   41.299 -137.541    413.7    959.4
     1     1    19    12     1     9     0     3  -117.0   41.821 -137.409    436.3    957.9
     1     1    19    12     1     8     0     2  -118.0   42.324 -137.240    471.9    950.7
     1     1    19    12     1     7     0     1  -119.0   42.792 -137.039    492.8    947.4
     1     1    19    12     1     6     0     0  -120.0   43.226 -136.814    494.6    947.0
     1     1    19    12     1     5     0     1  -121.0   43.638 -136.551    491.0    948.6
     1     1    19    12     1     4     0     2  -122.0   44.033 -136.223    499.9    948.0
     1     1    19    12     1     3     0     3  -123.0   44.410 -135.827    515.2    944.5
     1     1    19    12     1     2     0     2  -124.0   44.755 -135.403    526.6    943.6
     1     1    19    12     1     1     0     1  -125.0   45.060 -134.982    545.0    942.6
     1     1    19    12     1     0     0     0  -126.0   45.325 -134.566    563.5    938.9
     1     1    19    11    30    23     0     1  -127.0   45.543 -134.135    561.2    938.5
     1     1    19    11    30    22     0     2  -128.0   45.707 -133.666    548.2    941.8
     1     1    19    11    30    21     0     3  -129.0   45.811 -133.169    557.1    942.6
     1     1    19    11    30    20     0     2  -130.0   45.862 -132.659    588.7    937.9
     1     1    19    11    30    19     0     1  -131.0   45.868 -132.158    616.1    934.2
     1     1    19    11    30    18     0     0  -132.0   45.841 -131.675    619.7    933.3
     1     1    19    11    30    17     0     1  -133.0   45.788 -131.200    614.2    936.0
     1     1    19    11    30    16     0     2  -134.0   45.709 -130.738    632.6    935.2
     1     1    19    11    30    15     0     3  -135.0   45.602 -130.311    663.5    928.6
     1     1    19    11    30    14     0     2  -136.0   45.471 -129.927    679.1    926.6
     1     1    19    11    30    13     0     1  -137.0   45.327 -129.590    685.4    927.9
     1     1    19    11    30    12     0     0  -138.0   45.170 -129.317    694.2    927.0
     1     1    19    11    30    11     0     1  -139.0   45.003 -129.103    705.0    925.7
     1     1    19    11    30    10     0     2  -140.0   44.832 -128.914    719.1    923.9
     1     1    19    11    30     9     0     3  -141.0   44.654 -128.733    740.8    921.4
     1     1    19    11    30     8     0     2  -142.0   44.477 -128.563    761.2    918.3
     1     1    19    11    30     7     0     1  -143.0   44.308 -128.414    764.5    917.8
     1     1    19    11    30     6     0     0  -144.0   44.147 -128.299    735.7    920.2
     1     1    19    11    30     5     0     1  -145.0   43.998 -128.220    678.6    928.3
     1     1    19    11    30     4     0     2  -146.0   43.874 -128.163    623.0    937.1
     1     1    19    11    30     3     0     3  -147.0   43.779 -128.118    588.7    941.2
     1     1    19    11    30     2     0     2  -148.0   43.704 -128.093    578.7    942.4
     1     1    19    11    30     1     0     1  -149.0   43.643 -128.089    587.5    940.9
     1     1    19    11    30     0     0     0  -150.0   43.595 -128.105    605.8    938.6
     1     1    19    11    29    23     0     1  -151.0   43.563 -128.118    632.3    935.5
     1     1    19    11    29    22     0     2  -152.0   43.547 -128.107    671.9    930.6
     1     1    19    11    29    21     0     3  -153.0   43.548 -128.075    727.7    923.7
     1     1    19    11    29    20     0     2  -154.0   43.572 -128.031    785.5    915.5
     1     1    19    11    29    19     0     1  -155.0   43.628 -127.983    825.0    911.1
     1     1    19    11    29    18     0     0  -156.0   43.718 -127.926    844.6    909.4
     1     1    19    11    29    17     0     1  -157.0   43.835 -127.854    851.3    908.9
     1     1    19    11    29    16     0     2  -158.0   43.966 -127.770    843.2    908.7
     1     1    19    11    29    15     0     3  -159.0   44.104 -127.674    812.2    911.6
     1     1    19    11    29    14     0     2  -160.0   44.250 -127.567    777.0    917.6
     1     1    19    11    29    13     0     1  -161.0   44.403 -127.448    762.4    919.6
     1     1    19    11    29    12     0     0  -162.0   44.560 -127.320    776.5    918.4
     1     1    19    11    29    11     0     1  -163.0   44.717 -127.184    805.6    913.1
     1     1    19    11    29    10     0     2  -164.0   44.865 -127.037    820.1    910.2
     1     1    19    11    29     9     0     3  -165.0   45.001 -126.871    801.3    911.5
     1     1    19    11    29     8     0     2  -166.0   45.131 -126.676    769.5    918.0
     1     1    19    11    29     7     0     1  -167.0   45.253 -126.444    755.6    920.2
     1     1    19    11    29     6     0     0  -168.0   45.355 -126.184    766.3    919.4
     1     1    19    11    29     5     0     1  -169.0   45.441 -125.911    797.3    915.3
     1     1    19    11    29     4     0     2  -170.0   45.520 -125.622    828.4    910.4
     1     1    19    11    29     3     0     3  -171.0   45.591 -125.286    840.8    908.5
     1     1    19    11    29     2     0     2  -172.0   45.639 -124.896    838.0    908.6
     1     1    19    11    29     1     0     1  -173.0   45.644 -124.483    889.7    906.2
     1     1    19    11    29     0     0     0  -174.0   45.602 -124.084   1000.4    887.0
     1     1    19    11    28    23     0     1  -175.0   45.540 -123.731   1080.0    867.9
     1     1    19    11    28    22     0     2  -176.0   45.476 -123.407   1123.3    862.9
     1     1    19    11    28    21     0     3  -177.0   45.410 -123.093   1155.4    859.3
     1     1    19    11    28    20     0     2  -178.0   45.328 -122.786   1206.2    838.6
     1     1    19    11    28    19     0     1  -179.0   45.206 -122.519   1297.6    804.4
     1     1    19    11    28    18     0     0  -180.0   45.039 -122.344   1369.4    774.1
     1     1    19    11    28    17     0     1  -181.0   44.859 -122.219   1429.1    754.8
     1     1    19    11    28    16     0     2  -182.0   44.678 -122.085   1502.1    729.5
     1     1    19    11    28    15     0     3  -183.0   44.506 -121.944   1595.0    707.0
     1     1    19    11    28    14     0     2  -184.0   44.347 -121.821   1669.9    694.2
     1     1    19    11    28    13     0     1  -185.0   44.197 -121.733   1702.8    689.8
     1     1    19    11    28    12     0     0  -186.0   44.056 -121.674   1723.1    685.4
     1     1    19    11    28    11     0     1  -187.0   43.914 -121.615   1726.7    679.6
     1     1    19    11    28    10     0     2  -188.0   43.757 -121.531   1711.1    676.9
     1     1    19    11    28     9     0     3  -189.0   43.580 -121.425   1697.3    673.8
     1     1    19    11    28     8     0     2  -190.0   43.396 -121.321   1695.6    668.2
     1     1    19    11    28     7     0     1  -191.0   43.213 -121.236   1686.1    661.6
     1     1    19    11    28     6     0     0  -192.0   43.031 -121.174   1641.5    658.0
     1     1    19    11    28     5     0     1  -193.0   42.855 -121.138   1582.3    666.1
     1     1    19    11    28     4     0     2  -194.0   42.690 -121.135   1530.8    672.6
     1     1    19    11    28     3     0     3  -195.0   42.539 -121.172   1485.3    678.1
     1     1    19    11    28     2     0     2  -196.0   42.399 -121.258   1435.6    684.1
     1     1    19    11    28     1     0     1  -197.0   42.271 -121.402   1389.4    692.5
     1     1    19    11    28     0     0     0  -198.0   42.155 -121.612   1399.1    698.5
     1     1    19    11    27    23     0     1  -199.0   42.060 -121.865   1491.7    693.5
     1     1    19    11    27    22     0     2  -200.0   41.992 -122.129   1598.1    683.9
     1     1    19    11    27    21     0     3  -201.0   41.953 -122.416   1611.7    677.6
     1     1    19    11    27    20     0     2  -202.0   41.945 -122.743   1466.9    692.5
     1     1    19    11    27    19     0     1  -203.0   41.951 -123.071   1167.5    726.7
     1     1    19    11    27    18     0     0  -204.0   41.949 -123.311    849.0    788.6
     1     1    19    11    27    17     0     1  -205.0   41.951 -123.502    593.7    829.8
     1     1    19    11    27    16     0     2  -206.0   41.964 -123.691    369.4    863.9
     1     1    19    11    27    15     0     3  -207.0   41.973 -123.854    132.8    903.4
     1     1    19    11    27    14     0     2  -208.0   41.963 -123.963      0.0    926.3
     1     1    19    11    27    13     0     1  -209.0   41.951 -124.047      0.0    933.1
     1     1    19    11    27    12     0     0  -210.0   41.970 -124.145      0.0    938.7
     1     1    19    11    27    11     0     1  -211.0   42.041 -124.257      0.0    944.6
     1     1    19    11    27    10     0     2  -212.0   42.186 -124.384      0.0    953.6
     1     1    19    11    27     9     0     3  -213.0   42.429 -124.521      0.0    963.3
     1     1    19    11    27     8     0     2  -214.0   42.771 -124.640      0.0    971.6
     1     1    19    11    27     7     0     1  -215.0   43.175 -124.702      0.0    976.6
     1     1    19    11    27     6     0     0  -216.0   43.587 -124.690      0.0    979.5
     1     1    19    11    27     5     0     1  -217.0   43.974 -124.596      0.9    980.5
     1     1    19    11    27     4     0     2  -218.0   44.311 -124.412      8.3    978.1
     1     1    19    11    27     3     0     3  -219.0   44.596 -124.144     47.0    972.4
     1     1    19    11    27     2     0     2  -220.0   44.879 -123.697    344.7    952.8
     1     1    19    11    27     1     0     1  -221.0   45.060 -123.019    484.7    884.9
     1     1    19    11    27     0     0     0  -222.0   45.192 -122.423    516.6    886.6
     1     1    19    11    26    23     0     1  -223.0   45.031 -121.687    875.8    802.9
     1     1    19    11    26    22     0     2  -224.0   44.676 -121.158   1138.9    749.3
     1     1    19    11    26    21     0     3  -225.0   44.266 -120.840   1381.3    738.4
     1     1    19    11    26    20     0     2  -226.0   43.896 -120.673   1589.4    695.6
     1     1    19    11    26    19     0     1  -227.0   43.619 -120.617   1681.3    680.3
     1     1    19    11    26    18     0     0  -228.0   43.424 -120.633   1683.5    679.0
     1     1    19    11    26    17     0     1  -229.0   43.299 -120.695   1694.6    680.7
     1     1    19    11    26    16     0     2  -230.0   43.249 -120.807   1769.2    672.1
     1     1    19    11    26    15     0     3  -231.0   43.287 -120.972   1910.6    659.9
     1     1    19    11    26    14     0     2  -232.0   43.421 -121.221   2013.0    644.7
     1     1    19    11    26    13     0     1  -233.0   43.614 -121.556   1987.1    652.0
     1     1    19    11    26    12     0     0  -234.0   43.841 -121.991   1918.9    664.6
     1     1    19    11    26    11     0     1  -235.0   44.027 -122.434   1936.3    718.1
     1     1    19    11    26    10     0     2  -236.0   44.150 -122.788   1961.2    752.3
     1     1    19    11    26     9     0     3  -237.0   44.250 -123.084   1936.9    780.7
     1     1    19    11    26     8     0     2  -238.0   44.361 -123.359   1872.4    790.9
     1     1    19    11    26     7     0     1  -239.0   44.514 -123.643   1833.6    799.9
     1     1    19    11    26     6     0     0  -240.0   44.731 -123.946   1894.7    798.6
