     7     1
    GDAS    19     6     1     0     0
    GDAS    19     7     1     0     0
    GDAS    19     8     1     0     0
    GDAS    19     9     1     0     0
    GDAS    19    10     1     0     0
    GDAS    19    11     1     0     0
    GDAS    19    12     1     0     0
     1 BACKWARD OMEGA   
    19    11    23    12   21.319 -157.670    10.0
     1 PRESSURE
     1     1    19    11    23    12     0     0     0.0   21.319 -157.670     10.0   1010.0
     1     1    19    11    23    11     0     1    -1.0   21.395 -157.327     84.5   1004.7
     1     1    19    11    23    10     0     2    -2.0   21.458 -156.916    256.6    983.9
     1     1    19    11    23     9     0     3    -3.0   21.485 -156.437    396.0    961.6
     1     1    19    11    23     8     0     2    -4.0   21.485 -155.929    399.8    963.8
     1     1    19    11    23     7     0     1    -5.0   21.491 -155.437    363.5    976.2
     1     1    19    11    23     6     0     0    -6.0   21.518 -154.970    347.6    976.6
     1     1    19    11    23     5     0     1    -7.0   21.561 -154.513    342.2    977.0
     1     1    19    11    23     4     0     2    -8.0   21.616 -154.059    348.5    976.6
     1     1    19    11    23     3     0     3    -9.0   21.677 -153.611    364.4    974.2
     1     1    19    11    23     2     0     2   -10.0   21.748 -153.166    376.7    971.8
     1     1    19    11    23     1     0     1   -11.0   21.826 -152.728    378.5    971.5
     1     1    19    11    23     0     0     0   -12.0   21.917 -152.294    362.0    972.0
     1     1    19    11    22    23     0     1   -13.0   22.020 -151.861    328.1    977.8
     1     1    19    11    22    22     0     2   -14.0   22.123 -151.428    297.6    983.9
     1     1    19    11    22    21     0     3   -15.0   22.226 -151.007    279.6    986.8
     1     1    19    11    22    20     0     2   -16.0   22.339 -150.582    269.9    987.7
     1     1    19    11    22    19     0     1   -17.0   22.460 -150.143    266.2    988.1
     1     1    19    11    22    18     0     0   -18.0   22.582 -149.697    263.4    987.8
     1     1    19    11    22    17     0     1   -19.0   22.714 -149.252    253.5    988.6
     1     1    19    11    22    16     0     2   -20.0   22.860 -148.816    239.5    990.6
     1     1    19    11    22    15     0     3   -21.0   23.016 -148.392    231.3    991.9
     1     1    19    11    22    14     0     2   -22.0   23.176 -147.978    232.0    991.6
     1     1    19    11    22    13     0     1   -23.0   23.333 -147.568    236.5    990.7
     1     1    19    11    22    12     0     0   -24.0   23.485 -147.159    244.4    990.1
     1     1    19    11    22    11     0     1   -25.0   23.642 -146.751    255.6    989.0
     1     1    19    11    22    10     0     2   -26.0   23.816 -146.346    265.6    988.4
     1     1    19    11    22     9     0     3   -27.0   23.999 -145.944    275.4    987.9
     1     1    19    11    22     8     0     2   -28.0   24.188 -145.549    281.3    986.4
     1     1    19    11    22     7     0     1   -29.0   24.387 -145.167    282.2    986.9
     1     1    19    11    22     6     0     0   -30.0   24.594 -144.784    284.0    986.8
     1     1    19    11    22     5     0     1   -31.0   24.802 -144.396    281.7    986.1
     1     1    19    11    22     4     0     2   -32.0   25.008 -144.011    267.5    987.5
     1     1    19    11    22     3     0     3   -33.0   25.213 -143.638    247.9    990.3
     1     1    19    11    22     2     0     2   -34.0   25.412 -143.281    234.1    992.0
     1     1    19    11    22     1     0     1   -35.0   25.607 -142.939    227.1    992.2
     1     1    19    11    22     0     0     0   -36.0   25.802 -142.615    223.7    992.2
     1     1    19    11    21    23     0     1   -37.0   26.005 -142.308    223.3    992.9
     1     1    19    11    21    22     0     2   -38.0   26.220 -142.008    228.4    993.1
     1     1    19    11    21    21     0     3   -39.0   26.442 -141.710    239.4    992.3
     1     1    19    11    21    20     0     2   -40.0   26.668 -141.424    250.2    991.1
     1     1    19    11    21    19     0     1   -41.0   26.904 -141.157    261.8    990.9
     1     1    19    11    21    18     0     0   -42.0   27.159 -140.908    280.6    989.2
     1     1    19    11    21    17     0     1   -43.0   27.409 -140.683    300.4    985.4
     1     1    19    11    21    16     0     2   -44.0   27.632 -140.485    317.2    983.3
     1     1    19    11    21    15     0     3   -45.0   27.829 -140.307    333.1    980.8
     1     1    19    11    21    14     0     2   -46.0   28.011 -140.147    346.8    979.2
     1     1    19    11    21    13     0     1   -47.0   28.192 -140.003    356.0    978.2
     1     1    19    11    21    12     0     0   -48.0   28.369 -139.874    363.7    977.8
     1     1    19    11    21    11     0     1   -49.0   28.536 -139.751    370.9    976.9
     1     1    19    11    21    10     0     2   -50.0   28.689 -139.627    377.0    976.6
     1     1    19    11    21     9     0     3   -51.0   28.829 -139.500    385.0    975.9
     1     1    19    11    21     8     0     2   -52.0   28.966 -139.369    389.4    974.9
     1     1    19    11    21     7     0     1   -53.0   29.112 -139.232    386.0    975.5
     1     1    19    11    21     6     0     0   -54.0   29.263 -139.085    376.4    976.7
     1     1    19    11    21     5     0     1   -55.0   29.412 -138.943    376.3    978.3
     1     1    19    11    21     4     0     2   -56.0   29.555 -138.821    400.0    975.3
     1     1    19    11    21     3     0     3   -57.0   29.696 -138.719    442.8    970.0
     1     1    19    11    21     2     0     2   -58.0   29.837 -138.632    490.7    962.7
     1     1    19    11    21     1     0     1   -59.0   29.977 -138.555    533.2    957.9
     1     1    19    11    21     0     0     0   -60.0   30.117 -138.491    568.9    953.4
     1     1    19    11    20    23     0     1   -61.0   30.250 -138.430    591.7    951.3
     1     1    19    11    20    22     0     2   -62.0   30.372 -138.358    604.5    951.0
     1     1    19    11    20    21     0     3   -63.0   30.483 -138.272    616.4    950.7
     1     1    19    11    20    20     0     2   -64.0   30.589 -138.174    624.2    949.5
     1     1    19    11    20    19     0     1   -65.0   30.688 -138.071    615.5    950.1
     1     1    19    11    20    18     0     0   -66.0   30.777 -137.964    585.1    953.6
     1     1    19    11    20    17     0     1   -67.0   30.855 -137.858    559.2    959.0
     1     1    19    11    20    16     0     2   -68.0   30.925 -137.758    553.2    958.6
     1     1    19    11    20    15     0     3   -69.0   30.986 -137.663    553.3    957.5
     1     1    19    11    20    14     0     2   -70.0   31.047 -137.563    551.1    957.5
     1     1    19    11    20    13     0     1   -71.0   31.122 -137.445    541.8    958.2
     1     1    19    11    20    12     0     0   -72.0   31.208 -137.308    523.0    960.3
     1     1    19    11    20    11     0     1   -73.0   31.302 -137.150    500.4    963.6
     1     1    19    11    20    10     0     2   -74.0   31.404 -136.973    481.4    966.2
     1     1    19    11    20     9     0     3   -75.0   31.518 -136.779    469.7    967.9
     1     1    19    11    20     8     0     2   -76.0   31.646 -136.576    464.9    968.5
     1     1    19    11    20     7     0     1   -77.0   31.788 -136.369    464.8    968.6
     1     1    19    11    20     6     0     0   -78.0   31.943 -136.158    466.8    968.3
     1     1    19    11    20     5     0     1   -79.0   32.105 -135.951    467.6    967.7
     1     1    19    11    20     4     0     2   -80.0   32.275 -135.757    468.9    967.6
     1     1    19    11    20     3     0     3   -81.0   32.455 -135.577    474.4    966.5
     1     1    19    11    20     2     0     2   -82.0   32.647 -135.405    484.2    965.4
     1     1    19    11    20     1     0     1   -83.0   32.849 -135.233    496.3    963.6
     1     1    19    11    20     0     0     0   -84.0   33.057 -135.062    502.7    962.3
     1     1    19    11    19    23     0     1   -85.0   33.276 -134.885    501.4    962.7
     1     1    19    11    19    22     0     2   -86.0   33.512 -134.698    494.7    963.4
     1     1    19    11    19    21     0     3   -87.0   33.764 -134.499    486.9    964.9
     1     1    19    11    19    20     0     2   -88.0   34.029 -134.306    490.3    965.8
     1     1    19    11    19    19     0     1   -89.0   34.300 -134.137    507.9    963.7
     1     1    19    11    19    18     0     0   -90.0   34.577 -133.991    532.7    961.0
     1     1    19    11    19    17     0     1   -91.0   34.863 -133.869    556.9    957.0
     1     1    19    11    19    16     0     2   -92.0   35.166 -133.771    576.3    954.2
     1     1    19    11    19    15     0     3   -93.0   35.486 -133.699    598.2    951.7
     1     1    19    11    19    14     0     2   -94.0   35.813 -133.649    632.9    948.5
     1     1    19    11    19    13     0     1   -95.0   36.138 -133.617    676.0    942.6
     1     1    19    11    19    12     0     0   -96.0   36.460 -133.603    720.2    937.7
     1     1    19    11    19    11     0     1   -97.0   36.779 -133.618    766.9    932.6
     1     1    19    11    19    10     0     2   -98.0   37.097 -133.669    820.4    927.0
     1     1    19    11    19     9     0     3   -99.0   37.418 -133.755    877.3    920.5
     1     1    19    11    19     8     0     2  -100.0   37.743 -133.869    920.3    914.3
     1     1    19    11    19     7     0     1  -101.0   38.067 -134.004    944.5    912.2
     1     1    19    11    19     6     0     0  -102.0   38.388 -134.163    958.5    910.8
     1     1    19    11    19     5     0     1  -103.0   38.712 -134.360    969.2    909.6
     1     1    19    11    19     4     0     2  -104.0   39.038 -134.600    978.7    907.9
     1     1    19    11    19     3     0     3  -105.0   39.363 -134.877   1023.2    906.8
     1     1    19    11    19     2     0     2  -106.0   39.677 -135.189   1134.6    893.9
     1     1    19    11    19     1     0     1  -107.0   39.971 -135.506   1310.8    875.6
     1     1    19    11    19     0     0     0  -108.0   40.241 -135.804   1501.1    850.1
     1     1    19    11    18    23     0     1  -109.0   40.519 -136.138   1638.1    833.1
     1     1    19    11    18    22     0     2  -110.0   40.826 -136.542   1718.9    827.0
     1     1    19    11    18    21     0     3  -111.0   41.156 -136.987   1777.9    821.9
     1     1    19    11    18    20     0     2  -112.0   41.479 -137.498   1817.7    817.2
     1     1    19    11    18    19     0     1  -113.0   41.776 -138.083   1810.5    816.2
     1     1    19    11    18    18     0     0  -114.0   42.065 -138.692   1814.8    823.3
     1     1    19    11    18    17     0     1  -115.0   42.328 -139.338   1899.4    813.5
     1     1    19    11    18    16     0     2  -116.0   42.561 -140.032   2037.8    797.6
     1     1    19    11    18    15     0     3  -117.0   42.766 -140.742   2124.4    779.6
     1     1    19    11    18    14     0     2  -118.0   42.946 -141.443   2137.5    784.4
     1     1    19    11    18    13     0     1  -119.0   43.110 -142.127   2197.5    783.8
     1     1    19    11    18    12     0     0  -120.0   43.283 -142.779   2329.9    767.8
     1     1    19    11    18    11     0     1  -121.0   43.472 -143.431   2458.0    750.9
     1     1    19    11    18    10     0     2  -122.0   43.674 -144.095   2548.0    742.2
     1     1    19    11    18     9     0     3  -123.0   43.911 -144.735   2635.3    735.9
     1     1    19    11    18     8     0     2  -124.0   44.177 -145.387   2750.2    725.0
     1     1    19    11    18     7     0     1  -125.0   44.459 -146.117   2916.4    710.7
     1     1    19    11    18     6     0     0  -126.0   44.783 -146.887   3122.5    688.6
     1     1    19    11    18     5     0     1  -127.0   45.102 -147.645   3299.5    671.1
     1     1    19    11    18     4     0     2  -128.0   45.396 -148.426   3427.4    660.6
     1     1    19    11    18     3     0     3  -129.0   45.693 -149.204   3625.8    642.0
     1     1    19    11    18     2     0     2  -130.0   45.945 -149.931   3776.6    627.9
     1     1    19    11    18     1     0     1  -131.0   46.192 -150.560   3859.2    619.6
     1     1    19    11    18     0     0     0  -132.0   46.421 -151.094   3898.3    615.2
     1     1    19    11    17    23     0     1  -133.0   46.589 -151.538   3857.7    616.4
     1     1    19    11    17    22     0     2  -134.0   46.706 -151.875   3710.0    627.7
     1     1    19    11    17    21     0     3  -135.0   46.805 -152.108   3485.7    649.0
     1     1    19    11    17    20     0     2  -136.0   46.873 -152.264   3258.6    673.2
     1     1    19    11    17    19     0     1  -137.0   46.895 -152.367   3084.5    687.8
     1     1    19    11    17    18     0     0  -138.0   46.878 -152.408   2937.5    699.1
     1     1    19    11    17    17     0     1  -139.0   46.815 -152.415   2790.9    710.7
     1     1    19    11    17    16     0     2  -140.0   46.693 -152.409   2568.3    726.1
     1     1    19    11    17    15     0     3  -141.0   46.498 -152.303   2123.7    760.2
     1     1    19    11    17    14     0     2  -142.0   46.285 -152.054   1517.6    837.8
     1     1    19    11    17    13     0     1  -143.0   46.105 -151.800   1022.0    899.4
     1     1    19    11    17    12     0     0  -144.0   45.927 -151.610    734.5    936.3
     1     1    19    11    17    11     0     1  -145.0   45.711 -151.494    587.3    944.8
     1     1    19    11    17    10     0     2  -146.0   45.471 -151.447    500.2    952.7
     1     1    19    11    17     9     0     3  -147.0   45.224 -151.475    447.7    958.6
     1     1    19    11    17     8     0     2  -148.0   44.979 -151.558    413.8    961.3
     1     1    19    11    17     7     0     1  -149.0   44.740 -151.687    399.9    964.2
     1     1    19    11    17     6     0     0  -150.0   44.509 -151.871    414.9    962.7
     1     1    19    11    17     5     0     1  -151.0   44.290 -152.102    442.7    957.2
     1     1    19    11    17     4     0     2  -152.0   44.090 -152.369    464.0    953.9
     1     1    19    11    17     3     0     3  -153.0   43.912 -152.679    480.9    951.9
     1     1    19    11    17     2     0     2  -154.0   43.746 -153.033    500.3    949.5
     1     1    19    11    17     1     0     1  -155.0   43.580 -153.426    521.2    946.3
     1     1    19    11    17     0     0     0  -156.0   43.415 -153.862    539.0    943.9
     1     1    19    11    16    23     0     1  -157.0   43.255 -154.316    544.0    942.2
     1     1    19    11    16    22     0     2  -158.0   43.117 -154.781    542.6    944.1
     1     1    19    11    16    21     0     3  -159.0   43.010 -155.270    554.2    943.4
     1     1    19    11    16    20     0     2  -160.0   42.917 -155.768    564.2    939.5
     1     1    19    11    16    19     0     1  -161.0   42.830 -156.265    565.8    940.1
     1     1    19    11    16    18     0     0  -162.0   42.760 -156.763    574.4    939.2
     1     1    19    11    16    17     0     1  -163.0   42.712 -157.273    586.1    936.1
     1     1    19    11    16    16     0     2  -164.0   42.687 -157.810    597.4    934.6
     1     1    19    11    16    15     0     3  -165.0   42.693 -158.366    622.1    932.2
     1     1    19    11    16    14     0     2  -166.0   42.715 -158.925    661.5    926.4
     1     1    19    11    16    13     0     1  -167.0   42.740 -159.493    699.6    920.8
     1     1    19    11    16    12     0     0  -168.0   42.775 -160.076    715.1    917.1
     1     1    19    11    16    11     0     1  -169.0   42.817 -160.660    705.9    919.3
     1     1    19    11    16    10     0     2  -170.0   42.872 -161.242    702.6    921.8
     1     1    19    11    16     9     0     3  -171.0   42.952 -161.833    731.2    919.2
     1     1    19    11    16     8     0     2  -172.0   43.059 -162.422    776.5    911.0
     1     1    19    11    16     7     0     1  -173.0   43.190 -162.994    810.7    906.4
     1     1    19    11    16     6     0     0  -174.0   43.346 -163.548    824.3    903.9
     1     1    19    11    16     5     0     1  -175.0   43.511 -164.091    820.9    904.6
     1     1    19    11    16     4     0     2  -176.0   43.676 -164.634    806.3    905.1
     1     1    19    11    16     3     0     3  -177.0   43.854 -165.181    768.2    907.6
     1     1    19    11    16     2     0     2  -178.0   44.039 -165.723    740.2    915.3
     1     1    19    11    16     1     0     1  -179.0   44.227 -166.252    747.5    912.8
     1     1    19    11    16     0     0     0  -180.0   44.414 -166.762    762.7    909.2
     1     1    19    11    15    23     0     1  -181.0   44.603 -167.254    781.4    908.7
     1     1    19    11    15    22     0     2  -182.0   44.801 -167.732    803.9    905.2
     1     1    19    11    15    21     0     3  -183.0   45.018 -168.187    820.9    903.7
     1     1    19    11    15    20     0     2  -184.0   45.251 -168.635    845.1    902.1
     1     1    19    11    15    19     0     1  -185.0   45.491 -169.091    871.2    897.1
     1     1    19    11    15    18     0     0  -186.0   45.727 -169.555    870.1    895.7
     1     1    19    11    15    17     0     1  -187.0   45.957 -170.012    842.0    899.6
     1     1    19    11    15    16     0     2  -188.0   46.193 -170.444    823.7    904.0
     1     1    19    11    15    15     0     3  -189.0   46.437 -170.856    837.1    901.6
     1     1    19    11    15    14     0     2  -190.0   46.683 -171.264    854.5    897.7
     1     1    19    11    15    13     0     1  -191.0   46.919 -171.683    844.8    898.3
     1     1    19    11    15    12     0     0  -192.0   47.139 -172.116    816.6    903.5
     1     1    19    11    15    11     0     1  -193.0   47.355 -172.541    803.7    906.9
     1     1    19    11    15    10     0     2  -194.0   47.578 -172.941    810.6    905.0
     1     1    19    11    15     9     0     3  -195.0   47.804 -173.323    808.8    903.5
     1     1    19    11    15     8     0     2  -196.0   48.033 -173.700    809.0    906.7
     1     1    19    11    15     7     0     1  -197.0   48.265 -174.080    826.3    903.8
     1     1    19    11    15     6     0     0  -198.0   48.502 -174.461    832.4    901.7
     1     1    19    11    15     5     0     1  -199.0   48.751 -174.841    818.9    903.8
     1     1    19    11    15     4     0     2  -200.0   49.013 -175.220    804.6    906.5
     1     1    19    11    15     3     0     3  -201.0   49.282 -175.603    797.2    906.6
     1     1    19    11    15     2     0     2  -202.0   49.547 -175.994    785.1    907.4
     1     1    19    11    15     1     0     1  -203.0   49.809 -176.394    762.9    910.2
     1     1    19    11    15     0     0     0  -204.0   50.065 -176.807    759.4    914.1
     1     1    19    11    14    23     0     1  -205.0   50.323 -177.214    780.8    909.7
     1     1    19    11    14    22     0     2  -206.0   50.592 -177.609    799.2    906.9
     1     1    19    11    14    21     0     3  -207.0   50.870 -178.019    793.5    906.5
     1     1    19    11    14    20     0     2  -208.0   51.146 -178.435    779.9    911.3
     1     1    19    11    14    19     0     1  -209.0   51.423 -178.831    788.6    910.9
     1     1    19    11    14    18     0     0  -210.0   51.703 -179.226    789.2    907.2
     1     1    19    11    14    17     0     1  -211.0   51.985 -179.632    754.2    912.0
     1     1    19    11    14    16     0     2  -212.0   52.264  179.956    716.0    919.5
     1     1    19    11    14    15     0     3  -213.0   52.538  179.541    702.8    921.6
     1     1    19    11    14    14     0     2  -214.0   52.806  179.137    707.5    920.1
     1     1    19    11    14    13     0     1  -215.0   53.067  178.755    710.4    919.0
     1     1    19    11    14    12     0     0  -216.0   53.318  178.398    714.5    920.1
     1     1    19    11    14    11     0     1  -217.0   53.565  178.070    729.0    918.2
     1     1    19    11    14    10     0     2  -218.0   53.807  177.753    742.2    915.6
     1     1    19    11    14     9     0     3  -219.0   54.043  177.427    738.7    915.3
     1     1    19    11    14     8     0     2  -220.0   54.280  177.087    725.9    918.7
     1     1    19    11    14     7     0     1  -221.0   54.520  176.755    719.1    919.6
     1     1    19    11    14     6     0     0  -222.0   54.758  176.435    716.7    919.8
     1     1    19    11    14     5     0     1  -223.0   54.991  176.104    720.4    919.5
     1     1    19    11    14     4     0     2  -224.0   55.215  175.752    733.8    917.7
     1     1    19    11    14     3     0     3  -225.0   55.425  175.401    754.1    915.1
     1     1    19    11    14     2     0     2  -226.0   55.621  175.079    778.0    912.3
     1     1    19    11    14     1     0     1  -227.0   55.807  174.801    793.1    909.6
     1     1    19    11    14     0     0     0  -228.0   55.987  174.552    778.8    910.0
     1     1    19    11    13    23     0     1  -229.0   56.164  174.306    757.9    916.2
     1     1    19    11    13    22     0     2  -230.0   56.336  174.073    757.3    915.5
     1     1    19    11    13    21     0     3  -231.0   56.502  173.880    756.3    913.9
     1     1    19    11    13    20     0     2  -232.0   56.664  173.743    743.0    915.4
     1     1    19    11    13    19     0     1  -233.0   56.826  173.658    727.8    917.9
     1     1    19    11    13    18     0     0  -234.0   56.990  173.607    727.8    918.5
     1     1    19    11    13    17     0     1  -235.0   57.157  173.559    745.2    915.7
     1     1    19    11    13    16     0     2  -236.0   57.320  173.503    768.5    912.3
     1     1    19    11    13    15     0     3  -237.0   57.475  173.467    784.2    909.6
     1     1    19    11    13    14     0     2  -238.0   57.621  173.476    793.6    909.3
     1     1    19    11    13    13     0     1  -239.0   57.755  173.550    810.0    907.6
     1     1    19    11    13    12     0     0  -240.0   57.869  173.690    845.4    904.1
