     7     1
    GDAS    19     6     1     0     0
    GDAS    19     7     1     0     0
    GDAS    19     8     1     0     0
    GDAS    19     9     1     0     0
    GDAS    19    10     1     0     0
    GDAS    19    11     1     0     0
    GDAS    19    12     1     0     0
     1 BACKWARD OMEGA   
    19    11     7     6   21.319 -157.670    10.0
     1 PRESSURE
     1     1    19    11     7     6     0     0     0.0   21.319 -157.670     10.0   1013.8
     1     1    19    11     7     5     0     1    -1.0   21.454 -157.500     36.4   1009.7
     1     1    19    11     7     4     0     2    -2.0   21.618 -157.321     99.6   1000.7
     1     1    19    11     7     3     0     3    -3.0   21.828 -157.132    153.7    993.2
     1     1    19    11     7     2     0     2    -4.0   22.063 -156.935    168.9    992.1
     1     1    19    11     7     1     0     1    -5.0   22.280 -156.750    165.5    995.0
     1     1    19    11     7     0     0     0    -6.0   22.474 -156.585    164.3    995.2
     1     1    19    11     6    23     0     1    -7.0   22.665 -156.425    164.8    995.8
     1     1    19    11     6    22     0     2    -8.0   22.867 -156.255    168.9    996.5
     1     1    19    11     6    21     0     3    -9.0   23.084 -156.070    184.4    995.9
     1     1    19    11     6    20     0     2   -10.0   23.303 -155.905    202.3    992.3
     1     1    19    11     6    19     0     1   -11.0   23.518 -155.781    210.5    991.9
     1     1    19    11     6    18     0     0   -12.0   23.751 -155.687    217.2    991.8
     1     1    19    11     6    17     0     1   -13.0   24.007 -155.609    226.2    990.4
     1     1    19    11     6    16     0     2   -14.0   24.257 -155.552    230.8    989.0
     1     1    19    11     6    15     0     3   -15.0   24.496 -155.524    224.8    989.3
     1     1    19    11     6    14     0     2   -16.0   24.731 -155.520    211.0    991.2
     1     1    19    11     6    13     0     1   -17.0   24.964 -155.541    196.9    993.2
     1     1    19    11     6    12     0     0   -18.0   25.189 -155.586    187.6    994.4
     1     1    19    11     6    11     0     1   -19.0   25.394 -155.649    181.8    995.0
     1     1    19    11     6    10     0     2   -20.0   25.572 -155.728    174.1    996.1
     1     1    19    11     6     9     0     3   -21.0   25.733 -155.818    162.0    997.8
     1     1    19    11     6     8     0     2   -22.0   25.884 -155.901    155.7    999.7
     1     1    19    11     6     7     0     1   -23.0   26.019 -155.957    169.0    998.3
     1     1    19    11     6     6     0     0   -24.0   26.128 -155.980    205.6    993.3
     1     1    19    11     6     5     0     1   -25.0   26.217 -155.985    244.1    986.5
     1     1    19    11     6     4     0     2   -26.0   26.304 -155.978    261.1    984.2
     1     1    19    11     6     3     0     3   -27.0   26.387 -155.959    263.5    984.1
     1     1    19    11     6     2     0     2   -28.0   26.463 -155.950    270.2    984.8
     1     1    19    11     6     1     0     1   -29.0   26.533 -155.969    297.4    981.6
     1     1    19    11     6     0     0     0   -30.0   26.597 -156.017    357.7    975.4
     1     1    19    11     5    23     0     1   -31.0   26.651 -156.074    437.9    964.8
     1     1    19    11     5    22     0     2   -32.0   26.685 -156.120    502.4    956.7
     1     1    19    11     5    21     0     3   -33.0   26.698 -156.153    538.5    952.7
     1     1    19    11     5    20     0     2   -34.0   26.700 -156.169    551.0    952.1
     1     1    19    11     5    19     0     1   -35.0   26.695 -156.165    547.9    952.2
     1     1    19    11     5    18     0     0   -36.0   26.685 -156.141    530.8    954.1
     1     1    19    11     5    17     0     1   -37.0   26.679 -156.105    514.3    956.8
     1     1    19    11     5    16     0     2   -38.0   26.679 -156.073    508.9    956.9
     1     1    19    11     5    15     0     3   -39.0   26.685 -156.047    514.2    955.7
     1     1    19    11     5    14     0     2   -40.0   26.693 -156.036    529.0    953.9
     1     1    19    11     5    13     0     1   -41.0   26.704 -156.049    551.9    951.3
     1     1    19    11     5    12     0     0   -42.0   26.712 -156.086    584.2    947.9
     1     1    19    11     5    11     0     1   -43.0   26.710 -156.139    615.5    943.6
     1     1    19    11     5    10     0     2   -44.0   26.695 -156.196    631.3    941.9
     1     1    19    11     5     9     0     3   -45.0   26.675 -156.255    630.2    942.1
     1     1    19    11     5     8     0     2   -46.0   26.653 -156.317    622.5    944.0
     1     1    19    11     5     7     0     1   -47.0   26.630 -156.387    619.7    944.2
     1     1    19    11     5     6     0     0   -48.0   26.608 -156.462    622.6    943.8
     1     1    19    11     5     5     0     1   -49.0   26.588 -156.544    629.1    942.3
     1     1    19    11     5     4     0     2   -50.0   26.577 -156.640    637.4    940.8
     1     1    19    11     5     3     0     3   -51.0   26.576 -156.751    645.8    939.0
     1     1    19    11     5     2     0     2   -52.0   26.574 -156.885    629.9    938.1
     1     1    19    11     5     1     0     1   -53.0   26.552 -157.049    569.8    944.6
     1     1    19    11     5     0     0     0   -54.0   26.515 -157.244    490.5    955.5
     1     1    19    11     4    23     0     1   -55.0   26.476 -157.446    427.0    965.0
     1     1    19    11     4    22     0     2   -56.0   26.437 -157.640    383.6    969.0
     1     1    19    11     4    21     0     3   -57.0   26.395 -157.836    348.4    972.7
     1     1    19    11     4    20     0     2   -58.0   26.353 -158.040    313.9    976.1
     1     1    19    11     4    19     0     1   -59.0   26.309 -158.251    279.3    980.3
     1     1    19    11     4    18     0     0   -60.0   26.261 -158.473    249.6    983.8
     1     1    19    11     4    17     0     1   -61.0   26.216 -158.706    235.4    985.5
     1     1    19    11     4    16     0     2   -62.0   26.179 -158.951    245.8    984.0
     1     1    19    11     4    15     0     3   -63.0   26.146 -159.205    278.8    979.5
     1     1    19    11     4    14     0     2   -64.0   26.106 -159.458    312.0    973.5
     1     1    19    11     4    13     0     1   -65.0   26.055 -159.708    330.7    971.8
     1     1    19    11     4    12     0     0   -66.0   25.998 -159.964    343.5    970.9
     1     1    19    11     4    11     0     1   -67.0   25.949 -160.220    359.2    970.0
     1     1    19    11     4    10     0     2   -68.0   25.914 -160.470    380.4    968.0
     1     1    19    11     4     9     0     3   -69.0   25.887 -160.720    406.1    965.8
     1     1    19    11     4     8     0     2   -70.0   25.868 -160.974    432.8    962.5
     1     1    19    11     4     7     0     1   -71.0   25.865 -161.228    452.5    959.3
     1     1    19    11     4     6     0     0   -72.0   25.880 -161.475    459.8    958.1
     1     1    19    11     4     5     0     1   -73.0   25.914 -161.722    468.2    958.4
     1     1    19    11     4     4     0     2   -74.0   25.969 -161.976    502.8    955.2
     1     1    19    11     4     3     0     3   -75.0   26.043 -162.240    573.7    946.7
     1     1    19    11     4     2     0     2   -76.0   26.130 -162.506    652.2    935.4
     1     1    19    11     4     1     0     1   -77.0   26.226 -162.773    724.3    928.6
     1     1    19    11     4     0     0     0   -78.0   26.333 -163.049    826.3    919.8
     1     1    19    11     3    23     0     1   -79.0   26.447 -163.333    942.9    903.4
     1     1    19    11     3    22     0     2   -80.0   26.574 -163.621   1010.1    894.7
     1     1    19    11     3    21     0     3   -81.0   26.717 -163.915   1000.5    895.4
     1     1    19    11     3    20     0     2   -82.0   26.876 -164.216    956.3    905.2
     1     1    19    11     3    19     0     1   -83.0   27.045 -164.520    931.8    908.3
     1     1    19    11     3    18     0     0   -84.0   27.221 -164.827    941.8    907.8
     1     1    19    11     3    17     0     1   -85.0   27.407 -165.140    978.5    901.8
     1     1    19    11     3    16     0     2   -86.0   27.607 -165.467   1030.6    896.5
     1     1    19    11     3    15     0     3   -87.0   27.822 -165.807   1098.0    888.8
     1     1    19    11     3    14     0     2   -88.0   28.048 -166.152   1164.9    880.9
     1     1    19    11     3    13     0     1   -89.0   28.280 -166.497   1223.3    875.0
     1     1    19    11     3    12     0     0   -90.0   28.516 -166.842   1281.3    869.2
     1     1    19    11     3    11     0     1   -91.0   28.768 -167.191   1332.2    862.9
     1     1    19    11     3    10     0     2   -92.0   29.046 -167.538   1375.7    859.4
     1     1    19    11     3     9     0     3   -93.0   29.350 -167.882   1435.1    854.6
     1     1    19    11     3     8     0     2   -94.0   29.683 -168.241   1516.2    845.5
     1     1    19    11     3     7     0     1   -95.0   30.050 -168.627   1598.1    835.6
     1     1    19    11     3     6     0     0   -96.0   30.447 -169.033   1687.7    827.8
     1     1    19    11     3     5     0     1   -97.0   30.869 -169.462   1781.5    816.0
     1     1    19    11     3     4     0     2   -98.0   31.314 -169.906   1840.9    807.8
     1     1    19    11     3     3     0     3   -99.0   31.780 -170.345   1856.7    807.2
     1     1    19    11     3     2     0     2  -100.0   32.256 -170.772   1860.0    808.4
     1     1    19    11     3     1     0     1  -101.0   32.746 -171.197   1861.2    807.3
     1     1    19    11     3     0     0     0  -102.0   33.257 -171.619   1862.3    808.2
     1     1    19    11     2    23     0     1  -103.0   33.786 -172.024   1896.3    807.1
     1     1    19    11     2    22     0     2  -104.0   34.335 -172.403   1970.6    798.2
     1     1    19    11     2    21     0     3  -105.0   34.911 -172.759   2044.1    788.4
     1     1    19    11     2    20     0     2  -106.0   35.521 -173.092   2092.5    783.6
     1     1    19    11     2    19     0     1  -107.0   36.164 -173.414   2113.8    780.6
     1     1    19    11     2    18     0     0  -108.0   36.828 -173.721   2127.1    781.3
     1     1    19    11     2    17     0     1  -109.0   37.500 -174.010   2151.5    777.9
     1     1    19    11     2    16     0     2  -110.0   38.159 -174.289   2178.0    774.9
     1     1    19    11     2    15     0     3  -111.0   38.805 -174.565   2215.7    771.9
     1     1    19    11     2    14     0     2  -112.0   39.434 -174.822   2266.6    766.5
     1     1    19    11     2    13     0     1  -113.0   40.041 -175.043   2336.9    761.1
     1     1    19    11     2    12     0     0  -114.0   40.624 -175.232   2425.6    751.3
     1     1    19    11     2    11     0     1  -115.0   41.189 -175.395   2500.4    742.4
     1     1    19    11     2    10     0     2  -116.0   41.741 -175.548   2553.9    738.8
     1     1    19    11     2     9     0     3  -117.0   42.277 -175.707   2607.4    734.6
     1     1    19    11     2     8     0     2  -118.0   42.793 -175.865   2659.4    728.8
     1     1    19    11     2     7     0     1  -119.0   43.284 -176.020   2701.1    724.8
     1     1    19    11     2     6     0     0  -120.0   43.751 -176.173   2756.7    721.9
     1     1    19    11     2     5     0     1  -121.0   44.190 -176.312   2840.2    712.8
     1     1    19    11     2     4     0     2  -122.0   44.602 -176.437   2924.9    703.7
     1     1    19    11     2     3     0     3  -123.0   44.988 -176.570   2994.5    697.0
     1     1    19    11     2     2     0     2  -124.0   45.349 -176.699   3042.0    692.5
     1     1    19    11     2     1     0     1  -125.0   45.690 -176.810   3070.8    690.0
     1     1    19    11     2     0     0     0  -126.0   46.016 -176.917   3092.5    689.0
     1     1    19    11     1    23     0     1  -127.0   46.328 -177.009   3128.9    686.7
     1     1    19    11     1    22     0     2  -128.0   46.626 -177.074   3184.1    681.1
     1     1    19    11     1    21     0     3  -129.0   46.911 -177.125   3242.9    675.1
     1     1    19    11     1    20     0     2  -130.0   47.188 -177.177   3294.6    669.9
     1     1    19    11     1    19     0     1  -131.0   47.458 -177.237   3339.1    665.8
     1     1    19    11     1    18     0     0  -132.0   47.722 -177.294   3384.9    661.9
     1     1    19    11     1    17     0     1  -133.0   47.973 -177.356   3430.1    656.9
     1     1    19    11     1    16     0     2  -134.0   48.207 -177.432   3472.3    653.4
     1     1    19    11     1    15     0     3  -135.0   48.427 -177.507   3512.2    649.2
     1     1    19    11     1    14     0     2  -136.0   48.637 -177.555   3544.4    646.3
     1     1    19    11     1    13     0     1  -137.0   48.838 -177.567   3569.7    644.0
     1     1    19    11     1    12     0     0  -138.0   49.031 -177.550   3591.0    642.2
     1     1    19    11     1    11     0     1  -139.0   49.222 -177.525   3610.1    640.4
     1     1    19    11     1    10     0     2  -140.0   49.418 -177.507   3627.9    638.6
     1     1    19    11     1     9     0     3  -141.0   49.625 -177.478   3644.2    636.9
     1     1    19    11     1     8     0     2  -142.0   49.845 -177.440   3659.1    635.2
     1     1    19    11     1     7     0     1  -143.0   50.068 -177.416   3671.0    633.7
     1     1    19    11     1     6     0     0  -144.0   50.286 -177.415   3685.6    632.7
     1     1    19    11     1     5     0     1  -145.0   50.490 -177.407   3706.7    630.3
     1     1    19    11     1     4     0     2  -146.0   50.684 -177.365   3728.5    627.6
     1     1    19    11     1     3     0     3  -147.0   50.872 -177.282   3742.5    625.5
     1     1    19    11     1     2     0     2  -148.0   51.057 -177.170   3746.6    625.3
     1     1    19    11     1     1     0     1  -149.0   51.233 -177.045   3742.4    625.4
     1     1    19    11     1     0     0     0  -150.0   51.398 -176.901   3730.8    626.5
     1     1    19    10    31    23     0     1  -151.0   51.564 -176.731   3724.8    627.7
     1     1    19    10    31    22     0     2  -152.0   51.745 -176.535   3732.9    626.7
     1     1    19    10    31    21     0     3  -153.0   51.947 -176.323   3750.2    624.9
     1     1    19    10    31    20     0     2  -154.0   52.161 -176.107   3753.8    622.8
     1     1    19    10    31    19     0     1  -155.0   52.372 -175.902   3738.6    624.9
     1     1    19    10    31    18     0     0  -156.0   52.580 -175.702   3721.5    626.6
     1     1    19    10    31    17     0     1  -157.0   52.785 -175.472   3717.8    627.5
     1     1    19    10    31    16     0     2  -158.0   52.992 -175.177   3733.9    625.7
     1     1    19    10    31    15     0     3  -159.0   53.196 -174.823   3758.8    622.7
     1     1    19    10    31    14     0     2  -160.0   53.389 -174.424   3764.6    620.8
     1     1    19    10    31    13     0     1  -161.0   53.578 -173.980   3746.3    623.7
     1     1    19    10    31    12     0     0  -162.0   53.766 -173.477   3728.0    626.1
     1     1    19    10    31    11     0     1  -163.0   53.958 -172.899   3715.3    626.7
     1     1    19    10    31    10     0     2  -164.0   54.141 -172.262   3704.8    627.9
     1     1    19    10    31     9     0     3  -165.0   54.293 -171.578   3681.0    628.3
     1     1    19    10    31     8     0     2  -166.0   54.405 -170.852   3618.9    633.4
     1     1    19    10    31     7     0     1  -167.0   54.489 -170.105   3535.4    641.9
     1     1    19    10    31     6     0     0  -168.0   54.541 -169.372   3435.5    651.2
     1     1    19    10    31     5     0     1  -169.0   54.548 -168.670   3318.4    659.5
     1     1    19    10    31     4     0     2  -170.0   54.519 -167.997   3147.0    673.1
     1     1    19    10    31     3     0     3  -171.0   54.441 -167.327   3001.3    691.6
     1     1    19    10    31     2     0     2  -172.0   54.315 -166.658   3017.1    695.1
     1     1    19    10    31     1     0     1  -173.0   54.159 -166.060   3053.6    681.8
     1     1    19    10    31     0     0     0  -174.0   53.982 -165.545   3026.8    684.8
     1     1    19    10    30    23     0     1  -175.0   53.767 -165.066   2926.0    693.9
     1     1    19    10    30    22     0     2  -176.0   53.511 -164.583   2797.1    709.8
     1     1    19    10    30    21     0     3  -177.0   53.242 -164.160   2692.7    720.4
     1     1    19    10    30    20     0     2  -178.0   52.980 -163.820   2603.2    726.9
     1     1    19    10    30    19     0     1  -179.0   52.720 -163.517   2521.4    735.9
     1     1    19    10    30    18     0     0  -180.0   52.454 -163.265   2461.9    740.5
     1     1    19    10    30    17     0     1  -181.0   52.183 -163.095   2393.2    745.1
     1     1    19    10    30    16     0     2  -182.0   51.903 -163.009   2295.1    753.5
     1     1    19    10    30    15     0     3  -183.0   51.623 -162.994   2185.3    765.4
     1     1    19    10    30    14     0     2  -184.0   51.335 -163.009   2069.7    775.2
     1     1    19    10    30    13     0     1  -185.0   51.015 -163.061   1967.5    788.0
     1     1    19    10    30    12     0     0  -186.0   50.651 -163.193   1912.6    793.4
     1     1    19    10    30    11     0     1  -187.0   50.250 -163.382   1888.8    794.5
     1     1    19    10    30    10     0     2  -188.0   49.816 -163.618   1874.1    794.7
     1     1    19    10    30     9     0     3  -189.0   49.368 -163.915   1866.1    796.3
     1     1    19    10    30     8     0     2  -190.0   48.932 -164.280   1870.3    795.3
     1     1    19    10    30     7     0     1  -191.0   48.510 -164.697   1872.2    794.3
     1     1    19    10    30     6     0     0  -192.0   48.120 -165.174   1868.4    794.7
     1     1    19    10    30     5     0     1  -193.0   47.754 -165.695   1872.7    795.3
     1     1    19    10    30     4     0     2  -194.0   47.381 -166.243   1897.7    792.8
     1     1    19    10    30     3     0     3  -195.0   47.035 -166.833   1919.6    788.0
     1     1    19    10    30     2     0     2  -196.0   46.727 -167.437   1948.1    788.8
     1     1    19    10    30     1     0     1  -197.0   46.418 -168.040   2003.9    782.3
     1     1    19    10    30     0     0     0  -198.0   46.132 -168.650   2055.7    775.9
     1     1    19    10    29    23     0     1  -199.0   45.877 -169.242   2061.5    773.6
     1     1    19    10    29    22     0     2  -200.0   45.619 -169.820   2035.6    779.9
     1     1    19    10    29    21     0     3  -201.0   45.361 -170.429   2034.9    782.4
     1     1    19    10    29    20     0     2  -202.0   45.133 -171.068   2070.2    778.0
     1     1    19    10    29    19     0     1  -203.0   44.933 -171.703   2103.1    772.5
     1     1    19    10    29    18     0     0  -204.0   44.761 -172.322   2111.3    772.0
     1     1    19    10    29    17     0     1  -205.0   44.611 -172.936   2125.0    773.8
     1     1    19    10    29    16     0     2  -206.0   44.482 -173.576   2168.6    769.1
     1     1    19    10    29    15     0     3  -207.0   44.379 -174.228   2210.3    763.1
     1     1    19    10    29    14     0     2  -208.0   44.308 -174.877   2267.8    762.1
     1     1    19    10    29    13     0     1  -209.0   44.262 -175.517   2356.1    752.1
     1     1    19    10    29    12     0     0  -210.0   44.235 -176.138   2435.5    743.7
     1     1    19    10    29    11     0     1  -211.0   44.223 -176.702   2482.7    738.7
     1     1    19    10    29    10     0     2  -212.0   44.202 -177.205   2507.9    738.6
     1     1    19    10    29     9     0     3  -213.0   44.158 -177.702   2565.5    737.2
     1     1    19    10    29     8     0     2  -214.0   44.092 -178.203   2627.9    725.4
     1     1    19    10    29     7     0     1  -215.0   44.012 -178.688   2551.0    726.5
     1     1    19    10    29     6     0     0  -216.0   43.930 -179.179   2366.3    752.3
     1     1    19    10    29     5     0     1  -217.0   43.841 -179.644   2230.8    771.7
     1     1    19    10    29     4     0     2  -218.0   43.720  179.950   2179.1    775.3
     1     1    19    10    29     3     0     3  -219.0   43.560  179.556   2147.1    772.7
     1     1    19    10    29     2     0     2  -220.0   43.403  179.185   2066.7    780.4
     1     1    19    10    29     1     0     1  -221.0   43.275  178.881   1969.7    794.7
     1     1    19    10    29     0     0     0  -222.0   43.165  178.642   1882.4    803.0
     1     1    19    10    28    23     0     1  -223.0   43.062  178.421   1799.7    811.8
     1     1    19    10    28    22     0     2  -224.0   42.954  178.172   1701.1    819.8
     1     1    19    10    28    21     0     3  -225.0   42.831  177.904   1565.6    833.9
     1     1    19    10    28    20     0     2  -226.0   42.729  177.607   1487.2    851.3
     1     1    19    10    28    19     0     1  -227.0   42.662  177.262   1520.1    845.8
     1     1    19    10    28    18     0     0  -228.0   42.603  176.864   1599.7    833.5
     1     1    19    10    28    17     0     1  -229.0   42.547  176.404   1649.2    824.6
     1     1    19    10    28    16     0     2  -230.0   42.495  175.872   1659.6    825.8
     1     1    19    10    28    15     0     3  -231.0   42.432  175.292   1739.4    826.5
     1     1    19    10    28    14     0     2  -232.0   42.353  174.674   1893.9    804.4
     1     1    19    10    28    13     0     1  -233.0   42.279  174.025   2026.5    790.8
     1     1    19    10    28    12     0     0  -234.0   42.200  173.374   2127.6    782.8
     1     1    19    10    28    11     0     1  -235.0   42.121  172.726   2173.8    775.6
     1     1    19    10    28    10     0     2  -236.0   42.064  172.085   2158.1    779.1
     1     1    19    10    28     9     0     3  -237.0   42.026  171.423   2172.1    785.2
     1     1    19    10    28     8     0     2  -238.0   41.997  170.745   2257.0    773.6
     1     1    19    10    28     7     0     1  -239.0   41.998  170.094   2276.5    762.9
     1     1    19    10    28     6     0     0  -240.0   42.046  169.457   2187.2    776.1
