     7     1
    GDAS    19     6     1     0     0
    GDAS    19     7     1     0     0
    GDAS    19     8     1     0     0
    GDAS    19     9     1     0     0
    GDAS    19    10     1     0     0
    GDAS    19    11     1     0     0
    GDAS    19    12     1     0     0
     1 BACKWARD OMEGA   
    19    12    18     0   21.319 -157.670    10.0
     1 PRESSURE
     1     1    19    12    18     0     0     0     0.0   21.319 -157.670     10.0   1012.3
     1     1    19    12    17    23     0     1    -1.0   21.429 -157.350     79.9   1007.9
     1     1    19    12    17    22     0     2    -2.0   21.513 -156.918    278.8    984.9
     1     1    19    12    17    21     0     3    -3.0   21.542 -156.425    445.7    959.0
     1     1    19    12    17    20     0     2    -4.0   21.530 -155.939    484.4    956.5
     1     1    19    12    17    19     0     1    -5.0   21.521 -155.468    461.6    966.9
     1     1    19    12    17    18     0     0    -6.0   21.546 -155.004    454.5    968.5
     1     1    19    12    17    17     0     1    -7.0   21.605 -154.529    462.3    966.1
     1     1    19    12    17    16     0     2    -8.0   21.697 -154.038    478.7    964.2
     1     1    19    12    17    15     0     3    -9.0   21.822 -153.549    507.2    961.0
     1     1    19    12    17    14     0     2   -10.0   21.978 -153.073    550.7    956.2
     1     1    19    12    17    13     0     1   -11.0   22.157 -152.618    587.9    950.0
     1     1    19    12    17    12     0     0   -12.0   22.359 -152.181    588.5    949.2
     1     1    19    12    17    11     0     1   -13.0   22.572 -151.745    565.1    954.4
     1     1    19    12    17    10     0     2   -14.0   22.780 -151.298    540.8    958.4
     1     1    19    12    17     9     0     3   -15.0   22.988 -150.833    524.3    961.2
     1     1    19    12    17     8     0     2   -16.0   23.211 -150.371    536.0    961.5
     1     1    19    12    17     7     0     1   -17.0   23.457 -149.936    567.8    955.1
     1     1    19    12    17     6     0     0   -18.0   23.725 -149.517    592.4    952.0
     1     1    19    12    17     5     0     1   -19.0   24.003 -149.101    596.6    950.0
     1     1    19    12    17     4     0     2   -20.0   24.270 -148.703    591.6    952.3
     1     1    19    12    17     3     0     3   -21.0   24.534 -148.333    618.7    951.2
     1     1    19    12    17     2     0     2   -22.0   24.790 -147.979    695.4    941.6
     1     1    19    12    17     1     0     1   -23.0   25.019 -147.645    780.6    928.1
     1     1    19    12    17     0     0     0   -24.0   25.222 -147.340    834.5    921.4
     1     1    19    12    16    23     0     1   -25.0   25.398 -147.049    866.5    920.5
     1     1    19    12    16    22     0     2   -26.0   25.535 -146.763    877.0    918.3
     1     1    19    12    16    21     0     3   -27.0   25.633 -146.486    839.3    921.7
     1     1    19    12    16    20     0     2   -28.0   25.715 -146.229    789.6    931.5
     1     1    19    12    16    19     0     1   -29.0   25.807 -146.005    765.0    934.4
     1     1    19    12    16    18     0     0   -30.0   25.913 -145.812    800.0    934.6
     1     1    19    12    16    17     0     1   -31.0   26.026 -145.658    870.2    919.9
     1     1    19    12    16    16     0     2   -32.0   26.130 -145.552    884.6    916.1
     1     1    19    12    16    15     0     3   -33.0   26.222 -145.488    832.6    921.9
     1     1    19    12    16    14     0     2   -34.0   26.290 -145.441    768.1    933.3
     1     1    19    12    16    13     0     1   -35.0   26.320 -145.395    731.4    936.6
     1     1    19    12    16    12     0     0   -36.0   26.311 -145.347    718.4    937.6
     1     1    19    12    16    11     0     1   -37.0   26.274 -145.284    721.9    936.8
     1     1    19    12    16    10     0     2   -38.0   26.219 -145.195    735.7    935.8
     1     1    19    12    16     9     0     3   -39.0   26.146 -145.077    758.7    933.5
     1     1    19    12    16     8     0     2   -40.0   26.054 -144.926    780.5    930.0
     1     1    19    12    16     7     0     1   -41.0   25.942 -144.738    789.5    928.7
     1     1    19    12    16     6     0     0   -42.0   25.818 -144.518    798.1    928.8
     1     1    19    12    16     5     0     1   -43.0   25.695 -144.282    811.0    926.3
     1     1    19    12    16     4     0     2   -44.0   25.584 -144.043    815.5    925.1
     1     1    19    12    16     3     0     3   -45.0   25.485 -143.799    805.2    925.8
     1     1    19    12    16     2     0     2   -46.0   25.395 -143.548    793.0    928.3
     1     1    19    12    16     1     0     1   -47.0   25.307 -143.287    791.5    928.0
     1     1    19    12    16     0     0     0   -48.0   25.219 -143.007    798.4    927.0
     1     1    19    12    15    23     0     1   -49.0   25.138 -142.712    816.5    926.1
     1     1    19    12    15    22     0     2   -50.0   25.065 -142.408    836.2    923.4
     1     1    19    12    15    21     0     3   -51.0   25.001 -142.090    828.1    923.3
     1     1    19    12    15    20     0     2   -52.0   24.941 -141.759    801.1    929.1
     1     1    19    12    15    19     0     1   -53.0   24.874 -141.419    780.2    931.6
     1     1    19    12    15    18     0     0   -54.0   24.806 -141.070    755.1    933.6
     1     1    19    12    15    17     0     1   -55.0   24.750 -140.708    718.4    937.8
     1     1    19    12    15    16     0     2   -56.0   24.713 -140.338    681.7    942.5
     1     1    19    12    15    15     0     3   -57.0   24.694 -139.978    648.4    945.9
     1     1    19    12    15    14     0     2   -58.0   24.685 -139.620    618.6    949.1
     1     1    19    12    15    13     0     1   -59.0   24.674 -139.255    591.2    951.3
     1     1    19    12    15    12     0     0   -60.0   24.653 -138.890    560.8    953.9
     1     1    19    12    15    11     0     1   -61.0   24.631 -138.514    533.7    958.1
     1     1    19    12    15    10     0     2   -62.0   24.618 -138.115    519.4    960.2
     1     1    19    12    15     9     0     3   -63.0   24.613 -137.703    524.4    960.6
     1     1    19    12    15     8     0     2   -64.0   24.629 -137.287    540.3    957.6
     1     1    19    12    15     7     0     1   -65.0   24.679 -136.866    540.0    956.4
     1     1    19    12    15     6     0     0   -66.0   24.757 -136.437    512.5    959.8
     1     1    19    12    15     5     0     1   -67.0   24.859 -136.006    484.4    965.5
     1     1    19    12    15     4     0     2   -68.0   24.982 -135.576    480.8    965.5
     1     1    19    12    15     3     0     3   -69.0   25.128 -135.145    495.2    962.6
     1     1    19    12    15     2     0     2   -70.0   25.290 -134.725    504.6    959.4
     1     1    19    12    15     1     0     1   -71.0   25.462 -134.322    496.2    960.7
     1     1    19    12    15     0     0     0   -72.0   25.649 -133.946    472.9    963.2
     1     1    19    12    14    23     0     1   -73.0   25.846 -133.594    452.2    968.9
     1     1    19    12    14    22     0     2   -74.0   26.041 -133.259    449.8    969.7
     1     1    19    12    14    21     0     3   -75.0   26.230 -132.946    461.6    968.8
     1     1    19    12    14    20     0     2   -76.0   26.414 -132.652    477.7    966.2
     1     1    19    12    14    19     0     1   -77.0   26.598 -132.368    489.1    965.3
     1     1    19    12    14    18     0     0   -78.0   26.784 -132.093    493.9    964.8
     1     1    19    12    14    17     0     1   -79.0   26.971 -131.830    498.0    965.3
     1     1    19    12    14    16     0     2   -80.0   27.155 -131.587    508.5    963.7
     1     1    19    12    14    15     0     3   -81.0   27.334 -131.364    523.1    961.8
     1     1    19    12    14    14     0     2   -82.0   27.515 -131.163    535.2    959.7
     1     1    19    12    14    13     0     1   -83.0   27.700 -130.979    539.8    959.2
     1     1    19    12    14    12     0     0   -84.0   27.888 -130.810    532.7    959.3
     1     1    19    12    14    11     0     1   -85.0   28.075 -130.646    514.2    962.2
     1     1    19    12    14    10     0     2   -86.0   28.247 -130.483    495.3    965.4
     1     1    19    12    14     9     0     3   -87.0   28.402 -130.322    481.3    967.2
     1     1    19    12    14     8     0     2   -88.0   28.554 -130.164    474.9    968.6
     1     1    19    12    14     7     0     1   -89.0   28.717 -130.011    475.6    968.5
     1     1    19    12    14     6     0     0   -90.0   28.892 -129.861    477.4    968.4
     1     1    19    12    14     5     0     1   -91.0   29.074 -129.723    471.7    968.3
     1     1    19    12    14     4     0     2   -92.0   29.255 -129.604    457.0    970.6
     1     1    19    12    14     3     0     3   -93.0   29.431 -129.507    439.1    972.8
     1     1    19    12    14     2     0     2   -94.0   29.609 -129.436    428.6    975.0
     1     1    19    12    14     1     0     1   -95.0   29.794 -129.400    432.5    974.3
     1     1    19    12    14     0     0     0   -96.0   29.983 -129.400    445.0    972.4
     1     1    19    12    13    23     0     1   -97.0   30.154 -129.429    452.3    970.8
     1     1    19    12    13    22     0     2   -98.0   30.293 -129.482    446.0    972.2
     1     1    19    12    13    21     0     3   -99.0   30.403 -129.556    427.4    975.2
     1     1    19    12    13    20     0     2  -100.0   30.490 -129.632    407.6    978.9
     1     1    19    12    13    19     0     1  -101.0   30.555 -129.693    398.0    980.2
     1     1    19    12    13    18     0     0  -102.0   30.595 -129.736    398.1    980.6
     1     1    19    12    13    17     0     1  -103.0   30.620 -129.770    399.0    979.4
     1     1    19    12    13    16     0     2  -104.0   30.642 -129.808    390.5    980.1
     1     1    19    12    13    15     0     3  -105.0   30.662 -129.850    371.0    982.0
     1     1    19    12    13    14     0     2  -106.0   30.675 -129.883    347.8    985.4
     1     1    19    12    13    13     0     1  -107.0   30.681 -129.895    330.3    987.3
     1     1    19    12    13    12     0     0  -108.0   30.683 -129.884    319.3    988.5
     1     1    19    12    13    11     0     1  -109.0   30.685 -129.859    310.9    989.3
     1     1    19    12    13    10     0     2  -110.0   30.691 -129.829    301.8    990.8
     1     1    19    12    13     9     0     3  -111.0   30.703 -129.796    292.8    992.3
     1     1    19    12    13     8     0     2  -112.0   30.719 -129.756    286.5    993.3
     1     1    19    12    13     7     0     1  -113.0   30.735 -129.706    284.5    993.6
     1     1    19    12    13     6     0     0  -114.0   30.752 -129.645    287.1    993.3
     1     1    19    12    13     5     0     1  -115.0   30.777 -129.580    292.2    992.2
     1     1    19    12    13     4     0     2  -116.0   30.817 -129.523    296.5    991.6
     1     1    19    12    13     3     0     3  -117.0   30.872 -129.475    298.5    991.2
     1     1    19    12    13     2     0     2  -118.0   30.934 -129.445    300.9    991.0
     1     1    19    12    13     1     0     1  -119.0   30.995 -129.438    307.6    989.9
     1     1    19    12    13     0     0     0  -120.0   31.052 -129.456    318.9    988.2
     1     1    19    12    12    23     0     1  -121.0   31.100 -129.492    331.0    986.8
     1     1    19    12    12    22     0     2  -122.0   31.132 -129.540    340.5    986.2
     1     1    19    12    12    21     0     3  -123.0   31.147 -129.598    346.7    985.9
     1     1    19    12    12    20     0     2  -124.0   31.148 -129.660    354.1    986.1
     1     1    19    12    12    19     0     1  -125.0   31.140 -129.718    368.8    984.9
     1     1    19    12    12    18     0     0  -126.0   31.122 -129.770    392.1    982.9
     1     1    19    12    12    17     0     1  -127.0   31.108 -129.817    417.0    978.8
     1     1    19    12    12    16     0     2  -128.0   31.110 -129.868    433.5    976.3
     1     1    19    12    12    15     0     3  -129.0   31.127 -129.924    440.2    974.8
     1     1    19    12    12    14     0     2  -130.0   31.146 -129.993    441.0    975.0
     1     1    19    12    12    13     0     1  -131.0   31.159 -130.082    441.5    974.8
     1     1    19    12    12    12     0     0  -132.0   31.165 -130.189    442.1    974.4
     1     1    19    12    12    11     0     1  -133.0   31.164 -130.302    437.8    974.5
     1     1    19    12    12    10     0     2  -134.0   31.154 -130.415    424.6    976.1
     1     1    19    12    12     9     0     3  -135.0   31.134 -130.532    402.2    978.5
     1     1    19    12    12     8     0     2  -136.0   31.107 -130.649    382.4    981.8
     1     1    19    12    12     7     0     1  -137.0   31.080 -130.760    376.8    982.5
     1     1    19    12    12     6     0     0  -138.0   31.055 -130.862    386.6    981.5
     1     1    19    12    12     5     0     1  -139.0   31.035 -130.970    401.8    978.2
     1     1    19    12    12     4     0     2  -140.0   31.021 -131.105    411.8    976.7
     1     1    19    12    12     3     0     3  -141.0   31.011 -131.267    420.0    975.7
     1     1    19    12    12     2     0     2  -142.0   31.000 -131.457    433.8    974.4
     1     1    19    12    12     1     0     1  -143.0   30.978 -131.668    451.4    971.2
     1     1    19    12    12     0     0     0  -144.0   30.943 -131.896    461.2    969.0
     1     1    19    12    11    23     0     1  -145.0   30.890 -132.136    457.5    969.8
     1     1    19    12    11    22     0     2  -146.0   30.814 -132.385    446.7    972.0
     1     1    19    12    11    21     0     3  -147.0   30.713 -132.641    436.5    973.9
     1     1    19    12    11    20     0     2  -148.0   30.586 -132.892    431.7    975.0
     1     1    19    12    11    19     0     1  -149.0   30.434 -133.121    432.0    975.0
     1     1    19    12    11    18     0     0  -150.0   30.263 -133.321    437.2    974.9
     1     1    19    12    11    17     0     1  -151.0   30.086 -133.492    448.6    973.1
     1     1    19    12    11    16     0     2  -152.0   29.921 -133.640    465.4    970.6
     1     1    19    12    11    15     0     3  -153.0   29.768 -133.765    486.3    967.6
     1     1    19    12    11    14     0     2  -154.0   29.625 -133.880    508.6    964.5
     1     1    19    12    11    13     0     1  -155.0   29.486 -133.994    528.3    961.7
     1     1    19    12    11    12     0     0  -156.0   29.350 -134.110    539.3    959.7
     1     1    19    12    11    11     0     1  -157.0   29.213 -134.213    541.4    960.1
     1     1    19    12    11    10     0     2  -158.0   29.069 -134.291    540.2    960.8
     1     1    19    12    11     9     0     3  -159.0   28.920 -134.339    539.4    961.4
     1     1    19    12    11     8     0     2  -160.0   28.772 -134.363    542.8    961.1
     1     1    19    12    11     7     0     1  -161.0   28.629 -134.372    549.7    960.1
     1     1    19    12    11     6     0     0  -162.0   28.491 -134.365    556.0    959.2
     1     1    19    12    11     5     0     1  -163.0   28.358 -134.353    559.6    958.4
     1     1    19    12    11     4     0     2  -164.0   28.233 -134.341    560.7    957.9
     1     1    19    12    11     3     0     3  -165.0   28.114 -134.329    560.0    957.7
     1     1    19    12    11     2     0     2  -166.0   27.994 -134.314    556.4    957.6
     1     1    19    12    11     1     0     1  -167.0   27.867 -134.292    549.1    958.2
     1     1    19    12    11     0     0     0  -168.0   27.734 -134.265    540.0    959.1
     1     1    19    12    10    23     0     1  -169.0   27.598 -134.220    535.5    960.5
     1     1    19    12    10    22     0     2  -170.0   27.464 -134.146    543.7    960.2
     1     1    19    12    10    21     0     3  -171.0   27.331 -134.042    572.7    957.9
     1     1    19    12    10    20     0     2  -172.0   27.199 -133.916    620.2    952.2
     1     1    19    12    10    19     0     1  -173.0   27.072 -133.778    672.2    946.1
     1     1    19    12    10    18     0     0  -174.0   26.950 -133.628    714.4    940.5
     1     1    19    12    10    17     0     1  -175.0   26.831 -133.468    734.9    937.6
     1     1    19    12    10    16     0     2  -176.0   26.710 -133.301    737.1    937.4
     1     1    19    12    10    15     0     3  -177.0   26.583 -133.123    731.8    938.2
     1     1    19    12    10    14     0     2  -178.0   26.457 -132.932    731.2    938.7
     1     1    19    12    10    13     0     1  -179.0   26.342 -132.733    740.7    937.3
     1     1    19    12    10    12     0     0  -180.0   26.242 -132.529    760.1    935.0
     1     1    19    12    10    11     0     1  -181.0   26.156 -132.322    789.3    932.0
     1     1    19    12    10    10     0     2  -182.0   26.080 -132.112    828.7    928.0
     1     1    19    12    10     9     0     3  -183.0   26.007 -131.900    880.3    922.9
     1     1    19    12    10     8     0     2  -184.0   25.950 -131.685    922.5    915.9
     1     1    19    12    10     7     0     1  -185.0   25.923 -131.467    919.1    915.3
     1     1    19    12    10     6     0     0  -186.0   25.915 -131.247    849.6    922.5
     1     1    19    12    10     5     0     1  -187.0   25.910 -131.020    748.6    937.2
     1     1    19    12    10     4     0     2  -188.0   25.897 -130.776    679.9    947.3
     1     1    19    12    10     3     0     3  -189.0   25.882 -130.518    666.8    948.1
     1     1    19    12    10     2     0     2  -190.0   25.876 -130.259    690.4    942.5
     1     1    19    12    10     1     0     1  -191.0   25.881 -130.008    725.5    937.2
     1     1    19    12    10     0     0     0  -192.0   25.892 -129.769    761.6    932.1
     1     1    19    12     9    23     0     1  -193.0   25.916 -129.541    799.8    929.0
     1     1    19    12     9    22     0     2  -194.0   25.964 -129.327    840.2    924.5
     1     1    19    12     9    21     0     3  -195.0   26.034 -129.127    869.4    921.2
     1     1    19    12     9    20     0     2  -196.0   26.117 -128.946    870.5    920.5
     1     1    19    12     9    19     0     1  -197.0   26.197 -128.776    846.2    925.0
     1     1    19    12     9    18     0     0  -198.0   26.268 -128.607    815.8    929.4
     1     1    19    12     9    17     0     1  -199.0   26.344 -128.436    804.7    932.3
     1     1    19    12     9    16     0     2  -200.0   26.436 -128.276    817.9    929.0
     1     1    19    12     9    15     0     3  -201.0   26.549 -128.137    830.0    926.1
     1     1    19    12     9    14     0     2  -202.0   26.679 -128.011    824.1    925.8
     1     1    19    12     9    13     0     1  -203.0   26.820 -127.883    805.6    928.7
     1     1    19    12     9    12     0     0  -204.0   26.971 -127.748    798.3    930.6
     1     1    19    12     9    11     0     1  -205.0   27.128 -127.624    809.1    928.8
     1     1    19    12     9    10     0     2  -206.0   27.286 -127.519    817.7    926.7
     1     1    19    12     9     9     0     3  -207.0   27.444 -127.430    806.6    927.3
     1     1    19    12     9     8     0     2  -208.0   27.595 -127.348    783.0    931.4
     1     1    19    12     9     7     0     1  -209.0   27.735 -127.268    757.8    934.4
     1     1    19    12     9     6     0     0  -210.0   27.868 -127.191    729.3    937.6
     1     1    19    12     9     5     0     1  -211.0   28.005 -127.119    703.5    941.0
     1     1    19    12     9     4     0     2  -212.0   28.154 -127.053    694.3    942.5
     1     1    19    12     9     3     0     3  -213.0   28.315 -127.000    714.2    940.3
     1     1    19    12     9     2     0     2  -214.0   28.483 -126.976    771.9    933.9
     1     1    19    12     9     1     0     1  -215.0   28.653 -126.994    869.2    923.0
     1     1    19    12     9     0     0     0  -216.0   28.817 -127.056    992.9    907.8
     1     1    19    12     8    23     0     1  -217.0   28.967 -127.161   1127.6    893.9
     1     1    19    12     8    22     0     2  -218.0   29.104 -127.311   1262.6    878.5
     1     1    19    12     8    21     0     3  -219.0   29.228 -127.498   1373.1    865.9
     1     1    19    12     8    20     0     2  -220.0   29.335 -127.717   1426.4    858.7
     1     1    19    12     8    19     0     1  -221.0   29.429 -127.956   1422.3    861.5
     1     1    19    12     8    18     0     0  -222.0   29.511 -128.201   1400.6    865.5
     1     1    19    12     8    17     0     1  -223.0   29.583 -128.436   1390.5    867.4
     1     1    19    12     8    16     0     2  -224.0   29.647 -128.654   1396.6    865.4
     1     1    19    12     8    15     0     3  -225.0   29.710 -128.861   1400.9    863.8
     1     1    19    12     8    14     0     2  -226.0   29.769 -129.062   1403.4    864.4
     1     1    19    12     8    13     0     1  -227.0   29.822 -129.261   1419.3    863.5
     1     1    19    12     8    12     0     0  -228.0   29.870 -129.456   1463.7    859.7
     1     1    19    12     8    11     0     1  -229.0   29.920 -129.639   1514.7    851.3
     1     1    19    12     8    10     0     2  -230.0   29.973 -129.806   1541.5    848.1
     1     1    19    12     8     9     0     3  -231.0   30.028 -129.958   1547.0    847.7
     1     1    19    12     8     8     0     2  -232.0   30.088 -130.104   1555.6    849.2
     1     1    19    12     8     7     0     1  -233.0   30.159 -130.259   1581.6    845.6
     1     1    19    12     8     6     0     0  -234.0   30.235 -130.427   1612.8    842.0
     1     1    19    12     8     5     0     1  -235.0   30.308 -130.621   1636.4    838.4
     1     1    19    12     8     4     0     2  -236.0   30.372 -130.844   1651.2    837.4
     1     1    19    12     8     3     0     3  -237.0   30.431 -131.088   1665.2    835.8
     1     1    19    12     8     2     0     2  -238.0   30.481 -131.356   1653.0    834.1
     1     1    19    12     8     1     0     1  -239.0   30.523 -131.641   1604.1    840.1
     1     1    19    12     8     0     0     0  -240.0   30.564 -131.936   1548.1    847.2
