     7     1
    GDAS    18    12     1     0     0
    GDAS    19     1     1     0     0
    GDAS    19     2     1     0     0
    GDAS    19     3     1     0     0
    GDAS    19     4     1     0     0
    GDAS    19     5     1     0     0
    GDAS    19     6     1     0     0
     1 BACKWARD OMEGA   
    19     4    27     0   21.319 -157.670    10.0
     1 PRESSURE
     1     1    19     4    27     0     0     0     0.0   21.319 -157.670     10.0   1011.4
     1     1    19     4    26    23     0     1    -1.0   21.278 -157.521      9.1   1011.5
     1     1    19     4    26    22     0     2    -2.0   21.263 -157.380      8.3   1011.7
     1     1    19     4    26    21     0     3    -3.0   21.271 -157.243      7.9   1012.1
     1     1    19     4    26    20     0     2    -4.0   21.294 -157.111      8.6   1011.4
     1     1    19     4    26    19     0     1    -5.0   21.323 -156.985     11.4   1010.9
     1     1    19     4    26    18     0     0    -6.0   21.353 -156.859     18.9   1010.7
     1     1    19     4    26    17     0     1    -7.0   21.376 -156.706     33.5   1009.4
     1     1    19     4    26    16     0     2    -8.0   21.386 -156.514     53.6   1008.2
     1     1    19     4    26    15     0     3    -9.0   21.381 -156.282     78.0   1005.7
     1     1    19     4    26    14     0     2   -10.0   21.364 -156.019    105.7   1003.4
     1     1    19     4    26    13     0     1   -11.0   21.351 -155.740    135.4   1000.2
     1     1    19     4    26    12     0     0   -12.0   21.356 -155.451    161.7    996.4
     1     1    19     4    26    11     0     1   -13.0   21.374 -155.155    177.3    994.6
     1     1    19     4    26    10     0     2   -14.0   21.399 -154.861    181.3    995.0
     1     1    19     4    26     9     0     3   -15.0   21.431 -154.574    177.9    996.1
     1     1    19     4    26     8     0     2   -16.0   21.466 -154.295    172.4    997.1
     1     1    19     4    26     7     0     1   -17.0   21.501 -154.022    168.9    997.3
     1     1    19     4    26     6     0     0   -18.0   21.538 -153.757    168.0    997.2
     1     1    19     4    26     5     0     1   -19.0   21.575 -153.497    168.6    996.8
     1     1    19     4    26     4     0     2   -20.0   21.607 -153.239    169.2    996.6
     1     1    19     4    26     3     0     3   -21.0   21.636 -152.984    169.5    996.3
     1     1    19     4    26     2     0     2   -22.0   21.665 -152.728    169.5    996.4
     1     1    19     4    26     1     0     1   -23.0   21.695 -152.468    169.8    996.4
     1     1    19     4    26     0     0     0   -24.0   21.727 -152.205    170.5    996.5
     1     1    19     4    25    23     0     1   -25.0   21.765 -151.942    171.4    996.7
     1     1    19     4    25    22     0     2   -26.0   21.810 -151.680    172.2    997.0
     1     1    19     4    25    21     0     3   -27.0   21.862 -151.421    172.6    997.4
     1     1    19     4    25    20     0     2   -28.0   21.926 -151.165    172.8    997.4
     1     1    19     4    25    19     0     1   -29.0   22.002 -150.913    172.9    997.6
     1     1    19     4    25    18     0     0   -30.0   22.089 -150.663    173.0    997.7
     1     1    19     4    25    17     0     1   -31.0   22.186 -150.416    173.3    997.4
     1     1    19     4    25    16     0     2   -32.0   22.292 -150.172    174.3    997.0
     1     1    19     4    25    15     0     3   -33.0   22.405 -149.930    176.0    996.6
     1     1    19     4    25    14     0     2   -34.0   22.525 -149.692    178.0    996.3
     1     1    19     4    25    13     0     1   -35.0   22.654 -149.462    179.7    996.2
     1     1    19     4    25    12     0     0   -36.0   22.791 -149.240    180.3    996.2
     1     1    19     4    25    11     0     1   -37.0   22.929 -149.025    180.3    996.6
     1     1    19     4    25    10     0     2   -38.0   23.057 -148.817    180.3    997.0
     1     1    19     4    25     9     0     3   -39.0   23.174 -148.616    180.3    997.3
     1     1    19     4    25     8     0     2   -40.0   23.287 -148.416    180.3    997.2
     1     1    19     4    25     7     0     1   -41.0   23.400 -148.214    180.3    997.1
     1     1    19     4    25     6     0     0   -42.0   23.509 -148.009    180.3    997.0
     1     1    19     4    25     5     0     1   -43.0   23.616 -147.807    180.5    996.6
     1     1    19     4    25     4     0     2   -44.0   23.724 -147.616    180.8    996.1
     1     1    19     4    25     3     0     3   -45.0   23.835 -147.434    180.9    995.7
     1     1    19     4    25     2     0     2   -46.0   23.945 -147.263    180.9    995.9
     1     1    19     4    25     1     0     1   -47.0   24.047 -147.102    180.9    996.1
     1     1    19     4    25     0     0     0   -48.0   24.142 -146.950    180.9    996.3
     1     1    19     4    24    23     0     1   -49.0   24.224 -146.798    180.6    997.0
     1     1    19     4    24    22     0     2   -50.0   24.288 -146.635    178.9    997.8
     1     1    19     4    24    21     0     3   -51.0   24.334 -146.460    174.9    998.9
     1     1    19     4    24    20     0     2   -52.0   24.369 -146.277    169.7    999.8
     1     1    19     4    24    19     0     1   -53.0   24.400 -146.091    165.7   1000.4
     1     1    19     4    24    18     0     0   -54.0   24.431 -145.900    164.3   1000.7
     1     1    19     4    24    17     0     1   -55.0   24.458 -145.704    162.7   1000.3
     1     1    19     4    24    16     0     2   -56.0   24.475 -145.501    158.3   1000.7
     1     1    19     4    24    15     0     3   -57.0   24.479 -145.293    151.1   1001.3
     1     1    19     4    24    14     0     2   -58.0   24.476 -145.078    142.7   1002.7
     1     1    19     4    24    13     0     1   -59.0   24.470 -144.854    134.9   1003.7
     1     1    19     4    24    12     0     0   -60.0   24.463 -144.620    127.8   1004.5
     1     1    19     4    24    11     0     1   -61.0   24.456 -144.375    120.5   1005.5
     1     1    19     4    24    10     0     2   -62.0   24.450 -144.117    113.3   1006.7
     1     1    19     4    24     9     0     3   -63.0   24.443 -143.844    107.1   1007.7
     1     1    19     4    24     8     0     2   -64.0   24.439 -143.560    102.5   1008.3
     1     1    19     4    24     7     0     1   -65.0   24.443 -143.265     99.8   1008.6
     1     1    19     4    24     6     0     0   -66.0   24.457 -142.957     98.9   1008.7
     1     1    19     4    24     5     0     1   -67.0   24.480 -142.645     98.9   1008.6
     1     1    19     4    24     4     0     2   -68.0   24.513 -142.341     98.9   1008.6
     1     1    19     4    24     3     0     3   -69.0   24.556 -142.043     98.9   1008.5
     1     1    19     4    24     2     0     2   -70.0   24.609 -141.744     98.7   1008.6
     1     1    19     4    24     1     0     1   -71.0   24.671 -141.438     97.6   1008.8
     1     1    19     4    24     0     0     0   -72.0   24.742 -141.129     95.3   1009.2
     1     1    19     4    23    23     0     1   -73.0   24.818 -140.821     91.7   1009.9
     1     1    19     4    23    22     0     2   -74.0   24.894 -140.518     87.6   1011.2
     1     1    19     4    23    21     0     3   -75.0   24.972 -140.221     84.6   1012.8
     1     1    19     4    23    20     0     2   -76.0   25.055 -139.925     83.5   1013.5
     1     1    19     4    23    19     0     1   -77.0   25.140 -139.631     83.5   1013.5
     1     1    19     4    23    18     0     0   -78.0   25.222 -139.342     83.5   1013.6
     1     1    19     4    23    17     0     1   -79.0   25.304 -139.061     83.5   1013.1
     1     1    19     4    23    16     0     2   -80.0   25.386 -138.787     83.5   1012.7
     1     1    19     4    23    15     0     3   -81.0   25.467 -138.519     83.5   1012.4
     1     1    19     4    23    14     0     2   -82.0   25.547 -138.252     84.0   1012.9
     1     1    19     4    23    13     0     1   -83.0   25.627 -137.982     85.8   1013.1
     1     1    19     4    23    12     0     0   -84.0   25.709 -137.710     88.6   1012.9
     1     1    19     4    23    11     0     1   -85.0   25.794 -137.436     91.0   1012.8
     1     1    19     4    23    10     0     2   -86.0   25.882 -137.163     92.2   1013.0
     1     1    19     4    23     9     0     3   -87.0   25.973 -136.893     92.6   1013.4
     1     1    19     4    23     8     0     2   -88.0   26.073 -136.622     92.6   1013.5
     1     1    19     4    23     7     0     1   -89.0   26.187 -136.347     92.6   1013.7
     1     1    19     4    23     6     0     0   -90.0   26.315 -136.067     92.6   1014.2
     1     1    19     4    23     5     0     1   -91.0   26.454 -135.789     92.0   1013.9
     1     1    19     4    23     4     0     2   -92.0   26.598 -135.522     91.0   1013.6
     1     1    19     4    23     3     0     3   -93.0   26.750 -135.267     90.2   1013.4
     1     1    19     4    23     2     0     2   -94.0   26.903 -135.020     90.0   1014.1
     1     1    19     4    23     1     0     1   -95.0   27.054 -134.777     90.0   1014.6
     1     1    19     4    23     0     0     0   -96.0   27.202 -134.540     90.0   1014.8
     1     1    19     4    22    23     0     1   -97.0   27.351 -134.304     90.0   1015.1
     1     1    19     4    22    22     0     2   -98.0   27.508 -134.063     90.0   1015.5
     1     1    19     4    22    21     0     3   -99.0   27.674 -133.818     90.0   1016.0
     1     1    19     4    22    20     0     2  -100.0   27.849 -133.577     91.1   1016.1
     1     1    19     4    22    19     0     1  -101.0   28.029 -133.348     94.5   1015.8
     1     1    19     4    22    18     0     0  -102.0   28.211 -133.129    100.4   1015.6
     1     1    19     4    22    17     0     1  -103.0   28.400 -132.918    107.9   1014.9
     1     1    19     4    22    16     0     2  -104.0   28.601 -132.713    115.9   1014.1
     1     1    19     4    22    15     0     3  -105.0   28.818 -132.515    124.6   1013.1
     1     1    19     4    22    14     0     2  -106.0   29.044 -132.326    132.7   1012.1
     1     1    19     4    22    13     0     1  -107.0   29.270 -132.147    139.3   1011.5
     1     1    19     4    22    12     0     0  -108.0   29.491 -131.979    144.8   1011.0
     1     1    19     4    22    11     0     1  -109.0   29.706 -131.818    151.8   1010.8
     1     1    19     4    22    10     0     2  -110.0   29.921 -131.655    161.3   1009.6
     1     1    19     4    22     9     0     3  -111.0   30.141 -131.486    171.2   1008.2
     1     1    19     4    22     8     0     2  -112.0   30.371 -131.311    179.7   1007.0
     1     1    19     4    22     7     0     1  -113.0   30.613 -131.135    187.9   1006.1
     1     1    19     4    22     6     0     0  -114.0   30.870 -130.961    198.0   1005.1
     1     1    19     4    22     5     0     1  -115.0   31.139 -130.798    209.7   1003.3
     1     1    19     4    22     4     0     2  -116.0   31.414 -130.654    221.4   1001.8
     1     1    19     4    22     3     0     3  -117.0   31.693 -130.536    234.2   1000.3
     1     1    19     4    22     2     0     2  -118.0   31.974 -130.436    245.8    998.9
     1     1    19     4    22     1     0     1  -119.0   32.254 -130.347    253.0    998.3
     1     1    19     4    22     0     0     0  -120.0   32.532 -130.268    255.4    998.2
     1     1    19     4    21    23     0     1  -121.0   32.809 -130.197    255.9    998.7
     1     1    19     4    21    22     0     2  -122.0   33.089 -130.135    256.6    998.8
     1     1    19     4    21    21     0     3  -123.0   33.371 -130.079    257.1    999.1
     1     1    19     4    21    20     0     2  -124.0   33.655 -130.033    259.1    999.2
     1     1    19     4    21    19     0     1  -125.0   33.941 -129.997    264.0    998.8
     1     1    19     4    21    18     0     0  -126.0   34.230 -129.973    272.0    997.9
     1     1    19     4    21    17     0     1  -127.0   34.521 -129.963    282.1    996.1
     1     1    19     4    21    16     0     2  -128.0   34.815 -129.967    293.8    994.3
     1     1    19     4    21    15     0     3  -129.0   35.109 -129.985    308.0    992.2
     1     1    19     4    21    14     0     2  -130.0   35.397 -130.016    322.8    990.0
     1     1    19     4    21    13     0     1  -131.0   35.675 -130.058    335.6    988.4
     1     1    19     4    21    12     0     0  -132.0   35.944 -130.112    347.4    987.0
     1     1    19     4    21    11     0     1  -133.0   36.209 -130.170    360.5    985.6
     1     1    19     4    21    10     0     2  -134.0   36.475 -130.225    376.1    983.6
     1     1    19     4    21     9     0     3  -135.0   36.742 -130.280    393.9    981.5
     1     1    19     4    21     8     0     2  -136.0   37.008 -130.335    413.1    979.3
     1     1    19     4    21     7     0     1  -137.0   37.270 -130.390    432.3    977.0
     1     1    19     4    21     6     0     0  -138.0   37.525 -130.443    450.9    974.5
     1     1    19     4    21     5     0     1  -139.0   37.781 -130.499    469.2    971.8
     1     1    19     4    21     4     0     2  -140.0   38.040 -130.558    487.1    969.3
     1     1    19     4    21     3     0     3  -141.0   38.305 -130.621    505.3    966.8
     1     1    19     4    21     2     0     2  -142.0   38.571 -130.690    523.7    964.4
     1     1    19     4    21     1     0     1  -143.0   38.830 -130.771    541.3    962.1
     1     1    19     4    21     0     0     0  -144.0   39.085 -130.865    556.6    960.2
     1     1    19     4    20    23     0     1  -145.0   39.329 -130.966    570.4    958.7
     1     1    19     4    20    22     0     2  -146.0   39.562 -131.066    584.3    957.1
     1     1    19     4    20    21     0     3  -147.0   39.784 -131.169    598.8    955.5
     1     1    19     4    20    20     0     2  -148.0   40.000 -131.263    615.0    953.6
     1     1    19     4    20    19     0     1  -149.0   40.214 -131.332    631.9    951.5
     1     1    19     4    20    18     0     0  -150.0   40.428 -131.376    647.4    949.2
     1     1    19     4    20    17     0     1  -151.0   40.653 -131.405    661.4    947.3
     1     1    19     4    20    16     0     2  -152.0   40.899 -131.430    676.7    945.1
     1     1    19     4    20    15     0     3  -153.0   41.165 -131.453    695.7    942.6
     1     1    19     4    20    14     0     2  -154.0   41.443 -131.477    719.8    939.5
     1     1    19     4    20    13     0     1  -155.0   41.722 -131.506    747.1    935.8
     1     1    19     4    20    12     0     0  -156.0   42.003 -131.541    773.5    932.4
     1     1    19     4    20    11     0     1  -157.0   42.282 -131.572    797.8    929.8
     1     1    19     4    20    10     0     2  -158.0   42.556 -131.592    821.1    927.3
     1     1    19     4    20     9     0     3  -159.0   42.824 -131.603    842.7    925.0
     1     1    19     4    20     8     0     2  -160.0   43.097 -131.602    864.2    922.8
     1     1    19     4    20     7     0     1  -161.0   43.389 -131.585    886.7    920.2
     1     1    19     4    20     6     0     0  -162.0   43.696 -131.555    909.8    917.3
     1     1    19     4    20     5     0     1  -163.0   44.011 -131.525    934.0    914.0
     1     1    19     4    20     4     0     2  -164.0   44.331 -131.507    959.7    910.5
     1     1    19     4    20     3     0     3  -165.0   44.654 -131.500    986.2    907.0
     1     1    19     4    20     2     0     2  -166.0   44.979 -131.500   1013.5    903.8
     1     1    19     4    20     1     0     1  -167.0   45.306 -131.504   1044.7    900.4
     1     1    19     4    20     0     0     0  -168.0   45.630 -131.514   1084.3    896.1
     1     1    19     4    19    23     0     1  -169.0   45.949 -131.533   1128.7    890.6
     1     1    19     4    19    22     0     2  -170.0   46.264 -131.558   1169.2    885.7
     1     1    19     4    19    21     0     3  -171.0   46.577 -131.582   1199.8    881.7
     1     1    19     4    19    20     0     2  -172.0   46.889 -131.606   1219.9    879.4
     1     1    19     4    19    19     0     1  -173.0   47.198 -131.639   1231.4    877.8
     1     1    19     4    19    18     0     0  -174.0   47.499 -131.681   1233.8    877.1
     1     1    19     4    19    17     0     1  -175.0   47.796 -131.743   1232.7    877.4
     1     1    19     4    19    16     0     2  -176.0   48.089 -131.834   1236.0    876.7
     1     1    19     4    19    15     0     3  -177.0   48.370 -131.967   1249.0    875.1
     1     1    19     4    19    14     0     2  -178.0   48.627 -132.136   1274.3    871.9
     1     1    19     4    19    13     0     1  -179.0   48.850 -132.315   1306.7    867.7
     1     1    19     4    19    12     0     0  -180.0   49.041 -132.499   1338.4    863.6
     1     1    19     4    19    11     0     1  -181.0   49.200 -132.690   1361.7    860.6
     1     1    19     4    19    10     0     2  -182.0   49.328 -132.891   1371.8    859.3
     1     1    19     4    19     9     0     3  -183.0   49.425 -133.107   1369.9    859.6
     1     1    19     4    19     8     0     2  -184.0   49.504 -133.330   1364.4    860.6
     1     1    19     4    19     7     0     1  -185.0   49.572 -133.561   1362.6    860.8
     1     1    19     4    19     6     0     0  -186.0   49.623 -133.805   1366.2    860.2
     1     1    19     4    19     5     0     1  -187.0   49.643 -134.079   1372.9    858.9
     1     1    19     4    19     4     0     2  -188.0   49.629 -134.387   1379.9    857.8
     1     1    19     4    19     3     0     3  -189.0   49.582 -134.721   1386.4    856.7
     1     1    19     4    19     2     0     2  -190.0   49.506 -135.069   1388.8    856.1
     1     1    19     4    19     1     0     1  -191.0   49.413 -135.422   1381.1    856.5
     1     1    19     4    19     0     0     0  -192.0   49.308 -135.782   1353.9    858.6
     1     1    19     4    18    23     0     1  -193.0   49.187 -136.140   1316.4    864.3
     1     1    19     4    18    22     0     2  -194.0   49.045 -136.482   1290.7    867.7
     1     1    19     4    18    21     0     3  -195.0   48.883 -136.804   1262.2    868.4
     1     1    19     4    18    20     0     2  -196.0   48.713 -137.114   1212.3    874.0
     1     1    19     4    18    19     0     1  -197.0   48.548 -137.425   1158.6    881.3
     1     1    19     4    18    18     0     0  -198.0   48.380 -137.738   1109.7    885.7
     1     1    19     4    18    17     0     1  -199.0   48.207 -138.073   1061.8    890.7
     1     1    19     4    18    16     0     2  -200.0   48.035 -138.439   1020.2    895.3
     1     1    19     4    18    15     0     3  -201.0   47.868 -138.828    986.0    898.4
     1     1    19     4    18    14     0     2  -202.0   47.695 -139.237    960.7    901.8
     1     1    19     4    18    13     0     1  -203.0   47.505 -139.665    949.6    903.0
     1     1    19     4    18    12     0     0  -204.0   47.286 -140.115    948.9    902.5
     1     1    19     4    18    11     0     1  -205.0   47.050 -140.575    944.5    901.8
     1     1    19     4    18    10     0     2  -206.0   46.816 -141.022    925.3    903.9
     1     1    19     4    18     9     0     3  -207.0   46.583 -141.459    898.6    908.1
     1     1    19     4    18     8     0     2  -208.0   46.342 -141.907    875.8    910.9
     1     1    19     4    18     7     0     1  -209.0   46.084 -142.374    846.1    912.7
     1     1    19     4    18     6     0     0  -210.0   45.834 -142.817    828.9    917.9
     1     1    19     4    18     5     0     1  -211.0   45.598 -143.237    816.1    915.0
     1     1    19     4    18     4     0     2  -212.0   45.350 -143.676    774.9    919.1
     1     1    19     4    18     3     0     3  -213.0   45.046 -144.157    678.5    926.7
     1     1    19     4    18     2     0     2  -214.0   44.738 -144.603    580.9    947.3
     1     1    19     4    18     1     0     1  -215.0   44.452 -144.998    519.3    950.8
     1     1    19     4    18     0     0     0  -216.0   44.096 -145.407    460.7    957.0
     1     1    19     4    17    23     0     1  -217.0   43.712 -145.845    396.9    965.0
     1     1    19     4    17    22     0     2  -218.0   43.385 -146.245    343.9    972.7
     1     1    19     4    17    21     0     3  -219.0   43.071 -146.581    299.1    976.8
     1     1    19     4    17    20     0     2  -220.0   42.762 -146.904    265.1    983.0
     1     1    19     4    17    19     0     1  -221.0   42.486 -147.260    247.5    984.1
     1     1    19     4    17    18     0     0  -222.0   42.231 -147.629    235.8    985.2
     1     1    19     4    17    17     0     1  -223.0   41.979 -148.029    237.2    985.7
     1     1    19     4    17    16     0     2  -224.0   41.726 -148.458    246.2    982.9
     1     1    19     4    17    15     0     3  -225.0   41.489 -148.885    252.4    982.6
     1     1    19     4    17    14     0     2  -226.0   41.266 -149.316    256.3    981.7
     1     1    19     4    17    13     0     1  -227.0   41.055 -149.750    246.0    982.0
     1     1    19     4    17    12     0     0  -228.0   40.862 -150.185    229.1    985.3
     1     1    19     4    17    11     0     1  -229.0   40.698 -150.634    219.4    986.6
     1     1    19     4    17    10     0     2  -230.0   40.567 -151.104    215.5    986.5
     1     1    19     4    17     9     0     3  -231.0   40.461 -151.587    213.9    986.8
     1     1    19     4    17     8     0     2  -232.0   40.377 -152.090    213.9    986.2
     1     1    19     4    17     7     0     1  -233.0   40.308 -152.613    213.9    985.8
     1     1    19     4    17     6     0     0  -234.0   40.248 -153.144    213.9    985.5
     1     1    19     4    17     5     0     1  -235.0   40.203 -153.684    213.9    984.3
     1     1    19     4    17     4     0     2  -236.0   40.189 -154.227    213.9    983.4
     1     1    19     4    17     3     0     3  -237.0   40.204 -154.760    213.9    982.6
     1     1    19     4    17     2     0     2  -238.0   40.249 -155.276    213.9    982.0
     1     1    19     4    17     1     0     1  -239.0   40.327 -155.766    213.9    981.7
     1     1    19     4    17     0     0     0  -240.0   40.422 -156.223    213.9    981.4
