     7     1
    GDAS    19     6     1     0     0
    GDAS    19     7     1     0     0
    GDAS    19     8     1     0     0
    GDAS    19     9     1     0     0
    GDAS    19    10     1     0     0
    GDAS    19    11     1     0     0
    GDAS    19    12     1     0     0
     1 BACKWARD OMEGA   
    19    10    24    18   21.319 -157.670    10.0
     1 PRESSURE
     1     1    19    10    24    18     0     0     0.0   21.319 -157.670     10.0   1011.3
     1     1    19    10    24    17     0     1    -1.0   21.337 -157.563     23.5   1008.3
     1     1    19    10    24    16     0     2    -2.0   21.355 -157.454     45.9   1004.1
     1     1    19    10    24    15     0     3    -3.0   21.370 -157.345     70.4    999.4
     1     1    19    10    24    14     0     2    -4.0   21.378 -157.232     92.6    996.3
     1     1    19    10    24    13     0     1    -5.0   21.379 -157.110    114.0    993.3
     1     1    19    10    24    12     0     0    -6.0   21.373 -156.982    134.2    990.8
     1     1    19    10    24    11     0     1    -7.0   21.349 -156.846    155.4    989.6
     1     1    19    10    24    10     0     2    -8.0   21.304 -156.703    180.2    987.6
     1     1    19    10    24     9     0     3    -9.0   21.237 -156.555    207.5    985.5
     1     1    19    10    24     8     0     2   -10.0   21.157 -156.391    242.4    983.4
     1     1    19    10    24     7     0     1   -11.0   21.056 -156.194    289.4    979.6
     1     1    19    10    24     6     0     0   -12.0   20.919 -155.967    342.4    974.5
     1     1    19    10    24     5     0     1   -13.0   20.790 -155.746    391.0    968.4
     1     1    19    10    24     4     0     2   -14.0   20.695 -155.538    435.1    963.3
     1     1    19    10    24     3     0     3   -15.0   20.621 -155.329    471.3    958.3
     1     1    19    10    24     2     0     2   -16.0   20.546 -155.116    492.0    955.4
     1     1    19    10    24     1     0     1   -17.0   20.455 -154.903    493.5    955.3
     1     1    19    10    24     0     0     0   -18.0   20.364 -154.690    478.9    957.2
     1     1    19    10    23    23     0     1   -19.0   20.293 -154.465    457.9    961.2
     1     1    19    10    23    22     0     2   -20.0   20.250 -154.210    440.7    964.5
     1     1    19    10    23    21     0     3   -21.0   20.231 -153.926    433.0    966.5
     1     1    19    10    23    20     0     2   -22.0   20.227 -153.620    435.5    966.2
     1     1    19    10    23    19     0     1   -23.0   20.237 -153.306    452.7    964.8
     1     1    19    10    23    18     0     0   -24.0   20.264 -152.991    494.3    960.5
     1     1    19    10    23    17     0     1   -25.0   20.299 -152.671    541.9    952.5
     1     1    19    10    23    16     0     2   -26.0   20.333 -152.341    580.6    949.3
     1     1    19    10    23    15     0     3   -27.0   20.370 -152.007    630.3    945.2
     1     1    19    10    23    14     0     2   -28.0   20.407 -151.671    680.4    937.2
     1     1    19    10    23    13     0     1   -29.0   20.439 -151.330    715.3    934.0
     1     1    19    10    23    12     0     0   -30.0   20.470 -150.981    747.2    931.1
     1     1    19    10    23    11     0     1   -31.0   20.507 -150.627    785.3    928.0
     1     1    19    10    23    10     0     2   -32.0   20.554 -150.268    835.6    923.5
     1     1    19    10    23     9     0     3   -33.0   20.613 -149.896    894.6    917.4
     1     1    19    10    23     8     0     2   -34.0   20.676 -149.524    943.5    910.6
     1     1    19    10    23     7     0     1   -35.0   20.740 -149.160    987.8    907.5
     1     1    19    10    23     6     0     0   -36.0   20.817 -148.800   1052.6    901.5
     1     1    19    10    23     5     0     1   -37.0   20.895 -148.444   1132.1    891.4
     1     1    19    10    23     4     0     2   -38.0   20.960 -148.094   1217.9    883.0
     1     1    19    10    23     3     0     3   -39.0   21.015 -147.748   1312.3    872.1
     1     1    19    10    23     2     0     2   -40.0   21.070 -147.404   1395.1    861.8
     1     1    19    10    23     1     0     1   -41.0   21.129 -147.060   1461.4    856.2
     1     1    19    10    23     0     0     0   -42.0   21.188 -146.719   1514.0    849.9
     1     1    19    10    22    23     0     1   -43.0   21.247 -146.380   1540.6    847.4
     1     1    19    10    22    22     0     2   -44.0   21.302 -146.040   1546.5    848.3
     1     1    19    10    22    21     0     3   -45.0   21.353 -145.700   1545.1    849.6
     1     1    19    10    22    20     0     2   -46.0   21.406 -145.361   1549.9    850.2
     1     1    19    10    22    19     0     1   -47.0   21.460 -145.021   1569.2    848.4
     1     1    19    10    22    18     0     0   -48.0   21.511 -144.680   1610.8    845.1
     1     1    19    10    22    17     0     1   -49.0   21.564 -144.345   1662.0    837.7
     1     1    19    10    22    16     0     2   -50.0   21.619 -144.021   1695.5    833.2
     1     1    19    10    22    15     0     3   -51.0   21.673 -143.705   1709.2    832.1
     1     1    19    10    22    14     0     2   -52.0   21.725 -143.390   1715.8    832.1
     1     1    19    10    22    13     0     1   -53.0   21.771 -143.068   1714.0    831.4
     1     1    19    10    22    12     0     0   -54.0   21.809 -142.736   1698.3    833.2
     1     1    19    10    22    11     0     1   -55.0   21.846 -142.396   1687.7    835.9
     1     1    19    10    22    10     0     2   -56.0   21.891 -142.042   1688.8    835.2
     1     1    19    10    22     9     0     3   -57.0   21.939 -141.671   1680.7    834.9
     1     1    19    10    22     8     0     2   -58.0   21.988 -141.296   1663.2    838.2
     1     1    19    10    22     7     0     1   -59.0   22.037 -140.923   1650.5    839.9
     1     1    19    10    22     6     0     0   -60.0   22.086 -140.548   1648.2    841.0
     1     1    19    10    22     5     0     1   -61.0   22.138 -140.181   1658.3    839.2
     1     1    19    10    22     4     0     2   -62.0   22.195 -139.824   1673.2    836.8
     1     1    19    10    22     3     0     3   -63.0   22.257 -139.475   1706.8    834.8
     1     1    19    10    22     2     0     2   -64.0   22.320 -139.135   1759.1    827.8
     1     1    19    10    22     1     0     1   -65.0   22.383 -138.802   1796.6    822.7
     1     1    19    10    22     0     0     0   -66.0   22.446 -138.475   1813.2    821.8
     1     1    19    10    21    23     0     1   -67.0   22.503 -138.149   1818.1    821.6
     1     1    19    10    21    22     0     2   -68.0   22.552 -137.815   1811.9    822.5
     1     1    19    10    21    21     0     3   -69.0   22.595 -137.467   1789.2    824.4
     1     1    19    10    21    20     0     2   -70.0   22.640 -137.103   1770.9    828.9
     1     1    19    10    21    19     0     1   -71.0   22.691 -136.732   1788.8    828.0
     1     1    19    10    21    18     0     0   -72.0   22.745 -136.365   1847.0    822.5
     1     1    19    10    21    17     0     1   -73.0   22.798 -136.008   1905.7    812.8
     1     1    19    10    21    16     0     2   -74.0   22.847 -135.656   1937.6    810.1
     1     1    19    10    21    15     0     3   -75.0   22.890 -135.305   1964.6    808.6
     1     1    19    10    21    14     0     2   -76.0   22.925 -134.952   2011.2    804.9
     1     1    19    10    21    13     0     1   -77.0   22.956 -134.596   2057.7    797.6
     1     1    19    10    21    12     0     0   -78.0   22.990 -134.234   2073.2    795.7
     1     1    19    10    21    11     0     1   -79.0   23.039 -133.858   2068.1    797.5
     1     1    19    10    21    10     0     2   -80.0   23.110 -133.473   2067.4    798.7
     1     1    19    10    21     9     0     3   -81.0   23.199 -133.088   2076.6    797.5
     1     1    19    10    21     8     0     2   -82.0   23.302 -132.703   2086.1    796.5
     1     1    19    10    21     7     0     1   -83.0   23.416 -132.317   2089.6    796.5
     1     1    19    10    21     6     0     0   -84.0   23.545 -131.932   2090.0    797.3
     1     1    19    10    21     5     0     1   -85.0   23.691 -131.551   2095.3    796.8
     1     1    19    10    21     4     0     2   -86.0   23.856 -131.183   2115.3    795.1
     1     1    19    10    21     3     0     3   -87.0   24.042 -130.834   2156.4    791.0
     1     1    19    10    21     2     0     2   -88.0   24.238 -130.506   2195.4    785.2
     1     1    19    10    21     1     0     1   -89.0   24.436 -130.195   2223.7    783.7
     1     1    19    10    21     0     0     0   -90.0   24.638 -129.905   2259.9    780.7
     1     1    19    10    20    23     0     1   -91.0   24.838 -129.631   2296.5    776.3
     1     1    19    10    20    22     0     2   -92.0   25.033 -129.362   2321.0    774.4
     1     1    19    10    20    21     0     3   -93.0   25.225 -129.097   2346.6    773.3
     1     1    19    10    20    20     0     2   -94.0   25.414 -128.830   2379.7    770.3
     1     1    19    10    20    19     0     1   -95.0   25.600 -128.568   2410.9    767.4
     1     1    19    10    20    18     0     0   -96.0   25.784 -128.320   2429.7    765.6
     1     1    19    10    20    17     0     1   -97.0   25.967 -128.090   2434.6    764.9
     1     1    19    10    20    16     0     2   -98.0   26.150 -127.875   2435.6    764.8
     1     1    19    10    20    15     0     3   -99.0   26.333 -127.670   2436.1    763.9
     1     1    19    10    20    14     0     2  -100.0   26.519 -127.469   2434.8    764.0
     1     1    19    10    20    13     0     1  -101.0   26.709 -127.276   2433.3    764.2
     1     1    19    10    20    12     0     0  -102.0   26.896 -127.098   2435.0    764.3
     1     1    19    10    20    11     0     1  -103.0   27.084 -126.928   2451.7    763.7
     1     1    19    10    20    10     0     2  -104.0   27.281 -126.752   2485.1    760.1
     1     1    19    10    20     9     0     3  -105.0   27.487 -126.573   2520.5    756.4
     1     1    19    10    20     8     0     2  -106.0   27.701 -126.396   2549.1    753.9
     1     1    19    10    20     7     0     1  -107.0   27.921 -126.229   2574.0    752.4
     1     1    19    10    20     6     0     0  -108.0   28.146 -126.076   2594.9    750.4
     1     1    19    10    20     5     0     1  -109.0   28.386 -125.930   2602.9    749.1
     1     1    19    10    20     4     0     2  -110.0   28.649 -125.787   2601.6    749.6
     1     1    19    10    20     3     0     3  -111.0   28.934 -125.663   2604.9    749.6
     1     1    19    10    20     2     0     2  -112.0   29.229 -125.561   2627.5    748.1
     1     1    19    10    20     1     0     1  -113.0   29.519 -125.482   2675.5    743.6
     1     1    19    10    20     0     0     0  -114.0   29.802 -125.445   2741.9    737.1
     1     1    19    10    19    23     0     1  -115.0   30.076 -125.438   2811.3    730.2
     1     1    19    10    19    22     0     2  -116.0   30.338 -125.441   2876.7    724.8
     1     1    19    10    19    21     0     3  -117.0   30.586 -125.459   2945.5    719.2
     1     1    19    10    19    20     0     2  -118.0   30.823 -125.490   3025.2    712.9
     1     1    19    10    19    19     0     1  -119.0   31.052 -125.527   3116.7    705.1
     1     1    19    10    19    18     0     0  -120.0   31.273 -125.567   3206.8    696.9
     1     1    19    10    19    17     0     1  -121.0   31.492 -125.617   3272.0    689.8
     1     1    19    10    19    16     0     2  -122.0   31.713 -125.687   3297.9    687.0
     1     1    19    10    19    15     0     3  -123.0   31.938 -125.784   3279.8    687.8
     1     1    19    10    19    14     0     2  -124.0   32.165 -125.903   3241.9    693.2
     1     1    19    10    19    13     0     1  -125.0   32.389 -126.031   3227.1    695.4
     1     1    19    10    19    12     0     0  -126.0   32.604 -126.176   3259.5    693.5
     1     1    19    10    19    11     0     1  -127.0   32.817 -126.326   3347.5    685.9
     1     1    19    10    19    10     0     2  -128.0   33.038 -126.465   3471.9    674.4
     1     1    19    10    19     9     0     3  -129.0   33.268 -126.597   3600.7    662.5
     1     1    19    10    19     8     0     2  -130.0   33.514 -126.737   3711.9    653.1
     1     1    19    10    19     7     0     1  -131.0   33.784 -126.888   3803.8    646.0
     1     1    19    10    19     6     0     0  -132.0   34.078 -127.057   3880.1    639.9
     1     1    19    10    19     5     0     1  -133.0   34.393 -127.264   3948.7    634.6
     1     1    19    10    19     4     0     2  -134.0   34.725 -127.516   4020.7    629.0
     1     1    19    10    19     3     0     3  -135.0   35.066 -127.798   4106.0    622.4
     1     1    19    10    19     2     0     2  -136.0   35.405 -128.124   4183.0    614.1
     1     1    19    10    19     1     0     1  -137.0   35.736 -128.497   4225.9    610.6
     1     1    19    10    19     0     0     0  -138.0   36.072 -128.911   4252.0    609.4
     1     1    19    10    18    23     0     1  -139.0   36.410 -129.378   4284.5    607.5
     1     1    19    10    18    22     0     2  -140.0   36.735 -129.884   4318.3    603.6
     1     1    19    10    18    21     0     3  -141.0   37.048 -130.409   4334.4    602.2
     1     1    19    10    18    20     0     2  -142.0   37.350 -130.968   4353.5    602.4
     1     1    19    10    18    19     0     1  -143.0   37.643 -131.562   4389.9    598.9
     1     1    19    10    18    18     0     0  -144.0   37.942 -132.175   4423.2    595.6
     1     1    19    10    18    17     0     1  -145.0   38.243 -132.817   4461.8    593.4
     1     1    19    10    18    16     0     2  -146.0   38.543 -133.490   4515.1    588.1
     1     1    19    10    18    15     0     3  -147.0   38.852 -134.171   4594.9    583.2
     1     1    19    10    18    14     0     2  -148.0   39.174 -134.904   4700.8    573.4
     1     1    19    10    18    13     0     1  -149.0   39.501 -135.707   4750.5    568.5
     1     1    19    10    18    12     0     0  -150.0   39.836 -136.533   4753.9    569.7
     1     1    19    10    18    11     0     1  -151.0   40.163 -137.432   4783.9    565.9
     1     1    19    10    18    10     0     2  -152.0   40.457 -138.416   4769.0    567.9
     1     1    19    10    18     9     0     3  -153.0   40.765 -139.416   4775.2    566.9
     1     1    19    10    18     8     0     2  -154.0   41.052 -140.445   4794.3    565.4
     1     1    19    10    18     7     0     1  -155.0   41.305 -141.507   4826.3    563.2
     1     1    19    10    18     6     0     0  -156.0   41.584 -142.576   4900.4    557.4
     1     1    19    10    18     5     0     1  -157.0   41.877 -143.753   4995.6    552.0
     1     1    19    10    18     4     0     2  -158.0   42.156 -144.967   5143.9    537.2
     1     1    19    10    18     3     0     3  -159.0   42.422 -146.210   5185.3    536.2
     1     1    19    10    18     2     0     2  -160.0   42.657 -147.487   5222.3    532.0
     1     1    19    10    18     1     0     1  -161.0   42.852 -148.816   5174.9    538.2
     1     1    19    10    18     0     0     0  -162.0   43.037 -150.174   5175.5    536.2
     1     1    19    10    17    23     0     1  -163.0   43.208 -151.498   5118.6    540.4
     1     1    19    10    17    22     0     2  -164.0   43.333 -152.818   4997.1    549.2
     1     1    19    10    17    21     0     3  -165.0   43.411 -154.152   4948.1    554.4
     1     1    19    10    17    20     0     2  -166.0   43.460 -155.501   4939.6    553.3
     1     1    19    10    17    19     0     1  -167.0   43.498 -156.846   4889.4    558.0
     1     1    19    10    17    18     0     0  -168.0   43.550 -158.182   4924.7    555.8
     1     1    19    10    17    17     0     1  -169.0   43.588 -159.523   4904.1    554.8
     1     1    19    10    17    16     0     2  -170.0   43.561 -160.840   4806.7    564.0
     1     1    19    10    17    15     0     3  -171.0   43.538 -162.167   4783.8    566.1
     1     1    19    10    17    14     0     2  -172.0   43.500 -163.502   4749.3    567.2
     1     1    19    10    17    13     0     1  -173.0   43.412 -164.791   4665.1    574.8
     1     1    19    10    17    12     0     0  -174.0   43.303 -166.052   4603.4    579.5
     1     1    19    10    17    11     0     1  -175.0   43.177 -167.283   4563.3    582.5
     1     1    19    10    17    10     0     2  -176.0   43.022 -168.472   4505.4    588.3
     1     1    19    10    17     9     0     3  -177.0   42.861 -169.639   4491.9    587.7
     1     1    19    10    17     8     0     2  -178.0   42.721 -170.752   4455.3    592.5
     1     1    19    10    17     7     0     1  -179.0   42.567 -171.811   4447.5    592.7
     1     1    19    10    17     6     0     0  -180.0   42.422 -172.837   4426.5    594.5
     1     1    19    10    17     5     0     1  -181.0   42.297 -173.852   4434.8    595.0
     1     1    19    10    17     4     0     2  -182.0   42.152 -174.818   4477.2    590.2
     1     1    19    10    17     3     0     3  -183.0   41.984 -175.747   4461.2    591.4
     1     1    19    10    17     2     0     2  -184.0   41.797 -176.660   4399.7    597.1
     1     1    19    10    17     1     0     1  -185.0   41.588 -177.532   4342.0    602.6
     1     1    19    10    17     0     0     0  -186.0   41.375 -178.362   4328.1    603.4
     1     1    19    10    16    23     0     1  -187.0   41.158 -179.123   4280.5    607.3
     1     1    19    10    16    22     0     2  -188.0   40.944 -179.818   4236.9    611.7
     1     1    19    10    16    21     0     3  -189.0   40.728  179.536   4217.3    612.5
     1     1    19    10    16    20     0     2  -190.0   40.516  178.926   4194.5    614.8
     1     1    19    10    16    19     0     1  -191.0   40.319  178.352   4164.6    616.6
     1     1    19    10    16    18     0     0  -192.0   40.133  177.823   4131.0    620.2
     1     1    19    10    16    17     0     1  -193.0   39.951  177.333   4098.9    622.4
     1     1    19    10    16    16     0     2  -194.0   39.765  176.875   4052.5    625.0
     1     1    19    10    16    15     0     3  -195.0   39.580  176.446   4000.0    630.8
     1     1    19    10    16    14     0     2  -196.0   39.397  176.049   3961.7    634.2
     1     1    19    10    16    13     0     1  -197.0   39.212  175.690   3924.6    636.4
     1     1    19    10    16    12     0     0  -198.0   39.022  175.375   3863.1    640.7
     1     1    19    10    16    11     0     1  -199.0   38.831  175.096   3796.8    648.7
     1     1    19    10    16    10     0     2  -200.0   38.639  174.848   3767.0    651.7
     1     1    19    10    16     9     0     3  -201.0   38.450  174.632   3772.1    650.8
     1     1    19    10    16     8     0     2  -202.0   38.268  174.451   3786.8    648.1
     1     1    19    10    16     7     0     1  -203.0   38.089  174.315   3800.9    647.5
     1     1    19    10    16     6     0     0  -204.0   37.909  174.227   3826.7    645.9
     1     1    19    10    16     5     0     1  -205.0   37.733  174.164   3847.7    642.5
     1     1    19    10    16     4     0     2  -206.0   37.566  174.105   3842.9    642.4
     1     1    19    10    16     3     0     3  -207.0   37.401  174.055   3804.9    645.2
     1     1    19    10    16     2     0     2  -208.0   37.240  174.029   3750.2    651.4
     1     1    19    10    16     1     0     1  -209.0   37.089  174.046   3699.4    656.0
     1     1    19    10    16     0     0     0  -210.0   36.952  174.098   3657.1    659.8
     1     1    19    10    15    23     0     1  -211.0   36.817  174.161   3626.9    662.5
     1     1    19    10    15    22     0     2  -212.0   36.676  174.222   3608.9    664.0
     1     1    19    10    15    21     0     3  -213.0   36.526  174.286   3601.1    664.7
     1     1    19    10    15    20     0     2  -214.0   36.371  174.365   3600.5    664.4
     1     1    19    10    15    19     0     1  -215.0   36.217  174.474   3608.6    663.9
     1     1    19    10    15    18     0     0  -216.0   36.059  174.613   3633.2    662.0
     1     1    19    10    15    17     0     1  -217.0   35.907  174.784   3651.6    658.4
     1     1    19    10    15    16     0     2  -218.0   35.771  174.989   3634.5    659.5
     1     1    19    10    15    15     0     3  -219.0   35.644  175.221   3596.1    663.9
     1     1    19    10    15    14     0     2  -220.0   35.514  175.467   3573.7    667.4
     1     1    19    10    15    13     0     1  -221.0   35.382  175.729   3573.5    666.8
     1     1    19    10    15    12     0     0  -222.0   35.241  176.014   3567.9    666.0
     1     1    19    10    15    11     0     1  -223.0   35.102  176.314   3551.6    668.5
     1     1    19    10    15    10     0     2  -224.0   34.985  176.637   3552.2    669.5
     1     1    19    10    15     9     0     3  -225.0   34.892  177.005   3586.4    667.1
     1     1    19    10    15     8     0     2  -226.0   34.810  177.378   3628.5    661.1
     1     1    19    10    15     7     0     1  -227.0   34.743  177.720   3660.3    659.3
     1     1    19    10    15     6     0     0  -228.0   34.708  178.059   3698.7    656.3
     1     1    19    10    15     5     0     1  -229.0   34.691  178.387   3749.5    652.1
     1     1    19    10    15     4     0     2  -230.0   34.666  178.686   3806.0    647.0
     1     1    19    10    15     3     0     3  -231.0   34.638  178.965   3863.1    642.2
     1     1    19    10    15     2     0     2  -232.0   34.609  179.239   3918.8    637.7
     1     1    19    10    15     1     0     1  -233.0   34.579  179.518   3970.1    633.4
     1     1    19    10    15     0     0     0  -234.0   34.547  179.800   4014.3    629.7
     1     1    19    10    14    23     0     1  -235.0   34.519 -179.919   4054.2    626.9
     1     1    19    10    14    22     0     2  -236.0   34.505 -179.639   4097.7    623.8
     1     1    19    10    14    21     0     3  -237.0   34.512 -179.359   4159.3    619.8
     1     1    19    10    14    20     0     2  -238.0   34.535 -179.083   4237.9    612.4
     1     1    19    10    14    19     0     1  -239.0   34.569 -178.813   4309.4    605.4
     1     1    19    10    14    18     0     0  -240.0   34.607 -178.545   4365.0    601.0
