     7     1
    GDAS    19     6     1     0     0
    GDAS    19     7     1     0     0
    GDAS    19     8     1     0     0
    GDAS    19     9     1     0     0
    GDAS    19    10     1     0     0
    GDAS    19    11     1     0     0
    GDAS    19    12     1     0     0
     1 BACKWARD OMEGA   
    19     7     3     0   21.319 -157.670    10.0
     1 PRESSURE
     1     1    19     7     3     0     0     0     0.0   21.319 -157.670     10.0   1011.0
     1     1    19     7     2    23     0     1    -1.0   21.300 -157.522     25.5   1009.4
     1     1    19     7     2    22     0     2    -2.0   21.297 -157.361     68.6   1004.8
     1     1    19     7     2    21     0     3    -3.0   21.300 -157.182    128.9    995.4
     1     1    19     7     2    20     0     2    -4.0   21.314 -157.003    204.0    986.7
     1     1    19     7     2    19     0     1    -5.0   21.327 -156.829    290.5    977.4
     1     1    19     7     2    18     0     0    -6.0   21.326 -156.645    379.6    968.4
     1     1    19     7     2    17     0     1    -7.0   21.303 -156.442    450.3    959.5
     1     1    19     7     2    16     0     2    -8.0   21.249 -156.217    483.4    956.6
     1     1    19     7     2    15     0     3    -9.0   21.163 -155.973    472.6    958.6
     1     1    19     7     2    14     0     2   -10.0   21.061 -155.725    464.4    965.4
     1     1    19     7     2    13     0     1   -11.0   20.966 -155.485    495.4    960.6
     1     1    19     7     2    12     0     0   -12.0   20.881 -155.252    545.6    953.8
     1     1    19     7     2    11     0     1   -13.0   20.804 -155.021    584.2    948.3
     1     1    19     7     2    10     0     2   -14.0   20.729 -154.791    598.0    948.1
     1     1    19     7     2     9     0     3   -15.0   20.659 -154.558    594.7    949.0
     1     1    19     7     2     8     0     2   -16.0   20.605 -154.322    589.8    950.7
     1     1    19     7     2     7     0     1   -17.0   20.573 -154.088    595.5    949.6
     1     1    19     7     2     6     0     0   -18.0   20.562 -153.862    611.1    947.8
     1     1    19     7     2     5     0     1   -19.0   20.559 -153.636    634.6    944.8
     1     1    19     7     2     4     0     2   -20.0   20.558 -153.404    658.1    941.1
     1     1    19     7     2     3     0     3   -21.0   20.562 -153.167    671.7    938.7
     1     1    19     7     2     2     0     2   -22.0   20.570 -152.926    677.7    938.8
     1     1    19     7     2     1     0     1   -23.0   20.575 -152.678    685.2    938.1
     1     1    19     7     2     0     0     0   -24.0   20.577 -152.421    695.6    936.8
     1     1    19     7     1    23     0     1   -25.0   20.583 -152.158    709.5    935.9
     1     1    19     7     1    22     0     2   -26.0   20.600 -151.893    728.8    934.3
     1     1    19     7     1    21     0     3   -27.0   20.629 -151.634    753.2    931.9
     1     1    19     7     1    20     0     2   -28.0   20.660 -151.376    778.0    928.8
     1     1    19     7     1    19     0     1   -29.0   20.693 -151.119    805.3    926.6
     1     1    19     7     1    18     0     0   -30.0   20.736 -150.868    843.1    923.0
     1     1    19     7     1    17     0     1   -31.0   20.779 -150.629    892.3    917.3
     1     1    19     7     1    16     0     2   -32.0   20.812 -150.404    943.2    910.5
     1     1    19     7     1    15     0     3   -33.0   20.843 -150.198    980.8    905.2
     1     1    19     7     1    14     0     2   -34.0   20.876 -149.998   1000.8    903.2
     1     1    19     7     1    13     0     1   -35.0   20.904 -149.787   1011.9    902.7
     1     1    19     7     1    12     0     0   -36.0   20.925 -149.564   1018.0    901.4
     1     1    19     7     1    11     0     1   -37.0   20.940 -149.333   1021.6    902.4
     1     1    19     7     1    10     0     2   -38.0   20.959 -149.098   1031.8    902.3
     1     1    19     7     1     9     0     3   -39.0   20.987 -148.858   1054.3    901.0
     1     1    19     7     1     8     0     2   -40.0   21.012 -148.614   1087.7    896.7
     1     1    19     7     1     7     0     1   -41.0   21.031 -148.368   1123.5    892.3
     1     1    19     7     1     6     0     0   -42.0   21.061 -148.119   1155.5    888.5
     1     1    19     7     1     5     0     1   -43.0   21.102 -147.865   1184.2    885.5
     1     1    19     7     1     4     0     2   -44.0   21.140 -147.608   1210.1    882.1
     1     1    19     7     1     3     0     3   -45.0   21.175 -147.349   1229.5    879.7
     1     1    19     7     1     2     0     2   -46.0   21.210 -147.095   1245.9    878.4
     1     1    19     7     1     1     0     1   -47.0   21.246 -146.849   1267.8    876.5
     1     1    19     7     1     0     0     0   -48.0   21.278 -146.614   1294.1    873.1
     1     1    19     6    30    23     0     1   -49.0   21.299 -146.382   1314.9    870.7
     1     1    19     6    30    22     0     2   -50.0   21.316 -146.143   1327.8    870.0
     1     1    19     6    30    21     0     3   -51.0   21.344 -145.894   1340.5    869.5
     1     1    19     6    30    20     0     2   -52.0   21.374 -145.641   1363.1    867.8
     1     1    19     6    30    19     0     1   -53.0   21.406 -145.392   1410.7    864.0
     1     1    19     6    30    18     0     0   -54.0   21.468 -145.158   1498.8    855.9
     1     1    19     6    30    17     0     1   -55.0   21.545 -144.938   1586.6    842.1
     1     1    19     6    30    16     0     2   -56.0   21.606 -144.718   1639.3    836.7
     1     1    19     6    30    15     0     3   -57.0   21.654 -144.505   1673.9    834.5
     1     1    19     6    30    14     0     2   -58.0   21.703 -144.304   1704.1    831.3
     1     1    19     6    30    13     0     1   -59.0   21.756 -144.117   1722.8    828.9
     1     1    19     6    30    12     0     0   -60.0   21.807 -143.940   1723.1    828.7
     1     1    19     6    30    11     0     1   -61.0   21.854 -143.760   1721.1    831.1
     1     1    19     6    30    10     0     2   -62.0   21.893 -143.568   1737.0    830.3
     1     1    19     6    30     9     0     3   -63.0   21.921 -143.368   1776.4    827.2
     1     1    19     6    30     8     0     2   -64.0   21.953 -143.167   1819.3    820.8
     1     1    19     6    30     7     0     1   -65.0   21.999 -142.968   1843.7    818.5
     1     1    19     6    30     6     0     0   -66.0   22.060 -142.770   1851.4    817.8
     1     1    19     6    30     5     0     1   -67.0   22.128 -142.572   1855.4    818.1
     1     1    19     6    30     4     0     2   -68.0   22.198 -142.376   1860.4    816.4
     1     1    19     6    30     3     0     3   -69.0   22.276 -142.180   1853.9    816.1
     1     1    19     6    30     2     0     2   -70.0   22.355 -141.987   1838.1    818.4
     1     1    19     6    30     1     0     1   -71.0   22.424 -141.800   1824.9    820.3
     1     1    19     6    30     0     0     0   -72.0   22.483 -141.616   1814.1    820.9
     1     1    19     6    29    23     0     1   -73.0   22.537 -141.429   1805.7    822.6
     1     1    19     6    29    22     0     2   -74.0   22.588 -141.234   1803.4    823.0
     1     1    19     6    29    21     0     3   -75.0   22.640 -141.039   1804.0    823.1
     1     1    19     6    29    20     0     2   -76.0   22.689 -140.846   1810.7    823.1
     1     1    19     6    29    19     0     1   -77.0   22.732 -140.653   1826.9    821.5
     1     1    19     6    29    18     0     0   -78.0   22.780 -140.466   1848.3    819.3
     1     1    19     6    29    17     0     1   -79.0   22.834 -140.287   1863.4    816.7
     1     1    19     6    29    16     0     2   -80.0   22.890 -140.113   1859.8    816.4
     1     1    19     6    29    15     0     3   -81.0   22.941 -139.936   1829.9    818.8
     1     1    19     6    29    14     0     2   -82.0   22.985 -139.753   1795.6    824.3
     1     1    19     6    29    13     0     1   -83.0   23.030 -139.570   1786.7    825.1
     1     1    19     6    29    12     0     0   -84.0   23.080 -139.390   1797.9    823.2
     1     1    19     6    29    11     0     1   -85.0   23.138 -139.206   1815.9    821.0
     1     1    19     6    29    10     0     2   -86.0   23.202 -139.011   1837.5    819.6
     1     1    19     6    29     9     0     3   -87.0   23.276 -138.805   1861.5    817.2
     1     1    19     6    29     8     0     2   -88.0   23.356 -138.596   1872.4    815.0
     1     1    19     6    29     7     0     1   -89.0   23.444 -138.390   1866.5    816.3
     1     1    19     6    29     6     0     0   -90.0   23.537 -138.186   1854.1    818.0
     1     1    19     6    29     5     0     1   -91.0   23.631 -137.984   1844.9    819.2
     1     1    19     6    29     4     0     2   -92.0   23.719 -137.787   1845.5    819.0
     1     1    19     6    29     3     0     3   -93.0   23.799 -137.595   1857.3    817.8
     1     1    19     6    29     2     0     2   -94.0   23.871 -137.410   1883.7    815.5
     1     1    19     6    29     1     0     1   -95.0   23.936 -137.232   1928.7    811.2
     1     1    19     6    29     0     0     0   -96.0   23.998 -137.061   1991.0    805.0
     1     1    19     6    28    23     0     1   -97.0   24.060 -136.889   2047.9    797.9
     1     1    19     6    28    22     0     2   -98.0   24.119 -136.711   2080.9    795.2
     1     1    19     6    28    21     0     3   -99.0   24.178 -136.529   2094.4    794.7
     1     1    19     6    28    20     0     2  -100.0   24.239 -136.348   2099.5    794.9
     1     1    19     6    28    19     0     1  -101.0   24.306 -136.170   2104.8    794.6
     1     1    19     6    28    18     0     0  -102.0   24.377 -135.994   2113.4    794.0
     1     1    19     6    28    17     0     1  -103.0   24.454 -135.821   2123.0    792.5
     1     1    19     6    28    16     0     2  -104.0   24.537 -135.649   2132.3    791.5
     1     1    19     6    28    15     0     3  -105.0   24.628 -135.479   2146.1    790.2
     1     1    19     6    28    14     0     2  -106.0   24.723 -135.321   2156.3    788.0
     1     1    19     6    28    13     0     1  -107.0   24.821 -135.176   2145.5    788.2
     1     1    19     6    28    12     0     0  -108.0   24.921 -135.039   2103.1    791.6
     1     1    19     6    28    11     0     1  -109.0   25.022 -134.899   2060.6    799.4
     1     1    19     6    28    10     0     2  -110.0   25.122 -134.756   2054.3    800.2
     1     1    19     6    28     9     0     3  -111.0   25.222 -134.620   2076.6    797.9
     1     1    19     6    28     8     0     2  -112.0   25.316 -134.487   2102.7    793.8
     1     1    19     6    28     7     0     1  -113.0   25.399 -134.348   2113.3    792.9
     1     1    19     6    28     6     0     0  -114.0   25.474 -134.202   2108.8    793.5
     1     1    19     6    28     5     0     1  -115.0   25.543 -134.048   2101.6    795.1
     1     1    19     6    28     4     0     2  -116.0   25.608 -133.888   2103.5    794.7
     1     1    19     6    28     3     0     3  -117.0   25.664 -133.722   2111.1    793.5
     1     1    19     6    28     2     0     2  -118.0   25.716 -133.551   2115.1    792.5
     1     1    19     6    28     1     0     1  -119.0   25.767 -133.382   2107.4    793.0
     1     1    19     6    28     0     0     0  -120.0   25.816 -133.214   2083.8    795.0
     1     1    19     6    27    23     0     1  -121.0   25.862 -133.047   2053.4    799.4
     1     1    19     6    27    22     0     2  -122.0   25.902 -132.877   2034.1    802.2
     1     1    19     6    27    21     0     3  -123.0   25.938 -132.705   2031.5    802.7
     1     1    19     6    27    20     0     2  -124.0   25.977 -132.535   2039.6    801.3
     1     1    19     6    27    19     0     1  -125.0   26.028 -132.370   2053.3    799.9
     1     1    19     6    27    18     0     0  -126.0   26.091 -132.207   2072.7    798.0
     1     1    19     6    27    17     0     1  -127.0   26.160 -132.049   2094.8    795.5
     1     1    19     6    27    16     0     2  -128.0   26.233 -131.900   2116.5    793.3
     1     1    19     6    27    15     0     3  -129.0   26.311 -131.759   2139.3    791.2
     1     1    19     6    27    14     0     2  -130.0   26.386 -131.624   2157.2    788.4
     1     1    19     6    27    13     0     1  -131.0   26.448 -131.495   2162.5    787.3
     1     1    19     6    27    12     0     0  -132.0   26.499 -131.370   2154.5    787.5
     1     1    19     6    27    11     0     1  -133.0   26.544 -131.245   2140.4    789.8
     1     1    19     6    27    10     0     2  -134.0   26.592 -131.114   2123.6    791.3
     1     1    19     6    27     9     0     3  -135.0   26.644 -130.977   2097.4    793.8
     1     1    19     6    27     8     0     2  -136.0   26.697 -130.836   2081.0    797.6
     1     1    19     6    27     7     0     1  -137.0   26.748 -130.696   2093.5    796.4
     1     1    19     6    27     6     0     0  -138.0   26.795 -130.559   2128.3    793.0
     1     1    19     6    27     5     0     1  -139.0   26.840 -130.422   2165.9    787.6
     1     1    19     6    27     4     0     2  -140.0   26.892 -130.280   2189.6    785.0
     1     1    19     6    27     3     0     3  -141.0   26.952 -130.131   2199.7    783.7
     1     1    19     6    27     2     0     2  -142.0   27.016 -129.982   2207.7    783.9
     1     1    19     6    27     1     0     1  -143.0   27.080 -129.840   2225.0    782.2
     1     1    19     6    27     0     0     0  -144.0   27.142 -129.708   2250.0    779.7
     1     1    19     6    26    23     0     1  -145.0   27.202 -129.583   2275.6    777.0
     1     1    19     6    26    22     0     2  -146.0   27.257 -129.459   2297.1    775.3
     1     1    19     6    26    21     0     3  -147.0   27.306 -129.338   2317.3    773.7
     1     1    19     6    26    20     0     2  -148.0   27.356 -129.219   2338.5    771.7
     1     1    19     6    26    19     0     1  -149.0   27.412 -129.104   2361.7    769.4
     1     1    19     6    26    18     0     0  -150.0   27.475 -128.991   2388.1    767.0
     1     1    19     6    26    17     0     1  -151.0   27.546 -128.887   2417.2    763.7
     1     1    19     6    26    16     0     2  -152.0   27.627 -128.798   2447.2    760.6
     1     1    19     6    26    15     0     3  -153.0   27.719 -128.725   2478.1    757.4
     1     1    19     6    26    14     0     2  -154.0   27.814 -128.666   2507.9    754.2
     1     1    19     6    26    13     0     1  -155.0   27.901 -128.619   2533.9    751.5
     1     1    19     6    26    12     0     0  -156.0   27.978 -128.581   2556.0    749.2
     1     1    19     6    26    11     0     1  -157.0   28.047 -128.551   2577.2    747.9
     1     1    19     6    26    10     0     2  -158.0   28.111 -128.526   2601.1    746.0
     1     1    19     6    26     9     0     3  -159.0   28.168 -128.506   2628.8    743.8
     1     1    19     6    26     8     0     2  -160.0   28.218 -128.487   2655.3    741.1
     1     1    19     6    26     7     0     1  -161.0   28.264 -128.465   2673.9    739.6
     1     1    19     6    26     6     0     0  -162.0   28.307 -128.438   2683.0    738.8
     1     1    19     6    26     5     0     1  -163.0   28.349 -128.407   2689.4    738.6
     1     1    19     6    26     4     0     2  -164.0   28.396 -128.373   2701.1    737.4
     1     1    19     6    26     3     0     3  -165.0   28.445 -128.336   2719.0    735.5
     1     1    19     6    26     2     0     2  -166.0   28.494 -128.300   2737.4    733.2
     1     1    19     6    26     1     0     1  -167.0   28.541 -128.267   2752.1    731.9
     1     1    19     6    26     0     0     0  -168.0   28.587 -128.239   2765.3    730.8
     1     1    19     6    25    23     0     1  -169.0   28.630 -128.213   2777.4    729.8
     1     1    19     6    25    22     0     2  -170.0   28.670 -128.186   2787.4    729.0
     1     1    19     6    25    21     0     3  -171.0   28.707 -128.158   2794.0    728.5
     1     1    19     6    25    20     0     2  -172.0   28.740 -128.130   2796.4    728.4
     1     1    19     6    25    19     0     1  -173.0   28.770 -128.102   2794.9    728.7
     1     1    19     6    25    18     0     0  -174.0   28.797 -128.073   2790.4    729.3
     1     1    19     6    25    17     0     1  -175.0   28.824 -128.044   2783.5    729.6
     1     1    19     6    25    16     0     2  -176.0   28.858 -128.018   2772.8    730.1
     1     1    19     6    25    15     0     3  -177.0   28.898 -127.993   2755.3    731.2
     1     1    19     6    25    14     0     2  -178.0   28.940 -127.973   2735.2    733.3
     1     1    19     6    25    13     0     1  -179.0   28.979 -127.961   2720.9    734.6
     1     1    19     6    25    12     0     0  -180.0   29.016 -127.959   2715.4    735.0
     1     1    19     6    25    11     0     1  -181.0   29.049 -127.963   2724.0    734.9
     1     1    19     6    25    10     0     2  -182.0   29.076 -127.968   2750.1    732.8
     1     1    19     6    25     9     0     3  -183.0   29.095 -127.976   2792.1    729.3
     1     1    19     6    25     8     0     2  -184.0   29.104 -127.989   2832.3    724.6
     1     1    19     6    25     7     0     1  -185.0   29.101 -128.005   2855.7    722.9
     1     1    19     6    25     6     0     0  -186.0   29.088 -128.020   2863.6    722.5
     1     1    19     6    25     5     0     1  -187.0   29.067 -128.031   2866.1    723.0
     1     1    19     6    25     4     0     2  -188.0   29.041 -128.033   2873.3    722.4
     1     1    19     6    25     3     0     3  -189.0   29.012 -128.028   2886.5    721.2
     1     1    19     6    25     2     0     2  -190.0   28.981 -128.019   2900.8    719.4
     1     1    19     6    25     1     0     1  -191.0   28.951 -128.008   2909.9    718.5
     1     1    19     6    25     0     0     0  -192.0   28.924 -127.993   2913.0    718.2
     1     1    19     6    24    23     0     1  -193.0   28.900 -127.976   2912.8    719.0
     1     1    19     6    24    22     0     2  -194.0   28.881 -127.956   2912.7    719.5
     1     1    19     6    24    21     0     3  -195.0   28.869 -127.933   2912.7    720.0
     1     1    19     6    24    20     0     2  -196.0   28.865 -127.910   2908.5    720.0
     1     1    19     6    24    19     0     1  -197.0   28.869 -127.889   2896.3    721.1
     1     1    19     6    24    18     0     0  -198.0   28.883 -127.868   2876.6    722.9
     1     1    19     6    24    17     0     1  -199.0   28.903 -127.844   2857.4    725.1
     1     1    19     6    24    16     0     2  -200.0   28.931 -127.818   2845.6    726.0
     1     1    19     6    24    15     0     3  -201.0   28.966 -127.789   2839.6    726.4
     1     1    19     6    24    14     0     2  -202.0   29.003 -127.761   2836.3    726.3
     1     1    19     6    24    13     0     1  -203.0   29.036 -127.739   2833.4    726.5
     1     1    19     6    24    12     0     0  -204.0   29.064 -127.722   2831.8    726.6
     1     1    19     6    24    11     0     1  -205.0   29.094 -127.703   2834.4    727.0
     1     1    19     6    24    10     0     2  -206.0   29.133 -127.674   2844.6    726.5
     1     1    19     6    24     9     0     3  -207.0   29.177 -127.635   2863.8    725.3
     1     1    19     6    24     8     0     2  -208.0   29.223 -127.592   2888.3    723.0
     1     1    19     6    24     7     0     1  -209.0   29.266 -127.548   2913.0    721.1
     1     1    19     6    24     6     0     0  -210.0   29.306 -127.501   2936.6    719.3
     1     1    19     6    24     5     0     1  -211.0   29.348 -127.445   2961.3    717.4
     1     1    19     6    24     4     0     2  -212.0   29.394 -127.375   2989.8    714.9
     1     1    19     6    24     3     0     3  -213.0   29.444 -127.291   3023.0    712.0
     1     1    19     6    24     2     0     2  -214.0   29.500 -127.202   3056.5    708.8
     1     1    19     6    24     1     0     1  -215.0   29.565 -127.117   3082.8    706.3
     1     1    19     6    24     0     0     0  -216.0   29.637 -127.032   3096.4    704.9
     1     1    19     6    23    23     0     1  -217.0   29.715 -126.944   3101.7    705.3
     1     1    19     6    23    22     0     2  -218.0   29.793 -126.850   3106.4    705.0
     1     1    19     6    23    21     0     3  -219.0   29.872 -126.748   3110.2    704.8
     1     1    19     6    23    20     0     2  -220.0   29.953 -126.646   3124.5    704.8
     1     1    19     6    23    19     0     1  -221.0   30.035 -126.551   3162.9    701.9
     1     1    19     6    23    18     0     0  -222.0   30.119 -126.467   3227.8    696.8
     1     1    19     6    23    17     0     1  -223.0   30.207 -126.396   3291.4    688.7
     1     1    19     6    23    16     0     2  -224.0   30.298 -126.336   3323.0    685.6
     1     1    19     6    23    15     0     3  -225.0   30.395 -126.283   3321.7    685.3
     1     1    19     6    23    14     0     2  -226.0   30.493 -126.236   3311.5    688.1
     1     1    19     6    23    13     0     1  -227.0   30.592 -126.196   3315.7    687.5
     1     1    19     6    23    12     0     0  -228.0   30.688 -126.164   3328.9    686.1
     1     1    19     6    23    11     0     1  -229.0   30.784 -126.135   3341.7    684.8
     1     1    19     6    23    10     0     2  -230.0   30.885 -126.105   3351.9    684.6
     1     1    19     6    23     9     0     3  -231.0   30.991 -126.073   3368.2    683.9
     1     1    19     6    23     8     0     2  -232.0   31.105 -126.041   3394.8    681.9
     1     1    19     6    23     7     0     1  -233.0   31.228 -126.012   3429.1    679.4
     1     1    19     6    23     6     0     0  -234.0   31.361 -125.982   3469.6    676.3
     1     1    19     6    23     5     0     1  -235.0   31.508 -125.956   3512.5    672.3
     1     1    19     6    23     4     0     2  -236.0   31.677 -125.941   3555.6    668.5
     1     1    19     6    23     3     0     3  -237.0   31.872 -125.936   3600.5    664.7
     1     1    19     6    23     2     0     2  -238.0   32.080 -125.937   3646.0    660.8
     1     1    19     6    23     1     0     1  -239.0   32.283 -125.944   3693.7    657.5
     1     1    19     6    23     0     0     0  -240.0   32.486 -125.966   3756.2    653.2
