     7     1
    GDAS    19     6     1     0     0
    GDAS    19     7     1     0     0
    GDAS    19     8     1     0     0
    GDAS    19     9     1     0     0
    GDAS    19    10     1     0     0
    GDAS    19    11     1     0     0
    GDAS    19    12     1     0     0
     1 BACKWARD OMEGA   
    19    10    20     0   21.319 -157.670    10.0
     1 PRESSURE
     1     1    19    10    20     0     0     0     0.0   21.319 -157.670     10.0   1011.0
     1     1    19    10    19    23     0     1    -1.0   21.326 -157.483     39.8   1008.1
     1     1    19    10    19    22     0     2    -2.0   21.344 -157.253    115.7    998.9
     1     1    19    10    19    21     0     3    -3.0   21.361 -156.979    217.6    986.0
     1     1    19    10    19    20     0     2    -4.0   21.358 -156.663    316.9    975.0
     1     1    19    10    19    19     0     1    -5.0   21.329 -156.301    388.5    968.7
     1     1    19    10    19    18     0     0    -6.0   21.283 -155.889    404.9    967.5
     1     1    19    10    19    17     0     1    -7.0   21.241 -155.475    400.8    972.5
     1     1    19    10    19    16     0     2    -8.0   21.215 -155.091    418.6    970.4
     1     1    19    10    19    15     0     3    -9.0   21.202 -154.728    439.6    965.8
     1     1    19    10    19    14     0     2   -10.0   21.199 -154.377    447.6    965.1
     1     1    19    10    19    13     0     1   -11.0   21.209 -154.028    464.3    965.6
     1     1    19    10    19    12     0     0   -12.0   21.230 -153.672    496.3    960.3
     1     1    19    10    19    11     0     1   -13.0   21.256 -153.312    510.5    957.3
     1     1    19    10    19    10     0     2   -14.0   21.278 -152.950    513.4    960.2
     1     1    19    10    19     9     0     3   -15.0   21.298 -152.586    524.2    959.0
     1     1    19    10    19     8     0     2   -16.0   21.329 -152.221    533.3    957.4
     1     1    19    10    19     7     0     1   -17.0   21.370 -151.859    547.6    956.8
     1     1    19    10    19     6     0     0   -18.0   21.421 -151.498    560.7    953.4
     1     1    19    10    19     5     0     1   -19.0   21.480 -151.144    558.8    953.6
     1     1    19    10    19     4     0     2   -20.0   21.541 -150.797    559.7    954.9
     1     1    19    10    19     3     0     3   -21.0   21.604 -150.459    571.2    952.5
     1     1    19    10    19     2     0     2   -22.0   21.671 -150.132    582.7    950.8
     1     1    19    10    19     1     0     1   -23.0   21.735 -149.810    596.6    949.9
     1     1    19    10    19     0     0     0   -24.0   21.797 -149.494    614.7    947.4
     1     1    19    10    18    23     0     1   -25.0   21.860 -149.176    636.6    946.4
     1     1    19    10    18    22     0     2   -26.0   21.918 -148.851    666.5    943.8
     1     1    19    10    18    21     0     3   -27.0   21.972 -148.522    692.5    940.3
     1     1    19    10    18    20     0     2   -28.0   22.034 -148.189    693.3    939.1
     1     1    19    10    18    19     0     1   -29.0   22.103 -147.854    669.8    943.1
     1     1    19    10    18    18     0     0   -30.0   22.177 -147.516    650.7    947.6
     1     1    19    10    18    17     0     1   -31.0   22.257 -147.176    659.3    946.8
     1     1    19    10    18    16     0     2   -32.0   22.332 -146.837    688.1    941.7
     1     1    19    10    18    15     0     3   -33.0   22.401 -146.507    723.1    937.1
     1     1    19    10    18    14     0     2   -34.0   22.468 -146.184    763.5    932.8
     1     1    19    10    18    13     0     1   -35.0   22.533 -145.865    812.3    927.8
     1     1    19    10    18    12     0     0   -36.0   22.593 -145.553    865.1    921.7
     1     1    19    10    18    11     0     1   -37.0   22.650 -145.248    903.2    916.5
     1     1    19    10    18    10     0     2   -38.0   22.711 -144.946    918.3    915.6
     1     1    19    10    18     9     0     3   -39.0   22.776 -144.637    932.7    916.4
     1     1    19    10    18     8     0     2   -40.0   22.843 -144.319    960.9    912.8
     1     1    19    10    18     7     0     1   -41.0   22.908 -144.003    996.6    908.7
     1     1    19    10    18     6     0     0   -42.0   22.972 -143.689   1010.1    904.3
     1     1    19    10    18     5     0     1   -43.0   23.043 -143.372    990.3    907.8
     1     1    19    10    18     4     0     2   -44.0   23.127 -143.055    970.3    911.2
     1     1    19    10    18     3     0     3   -45.0   23.223 -142.744    978.6    911.3
     1     1    19    10    18     2     0     2   -46.0   23.319 -142.446   1008.2    905.8
     1     1    19    10    18     1     0     1   -47.0   23.413 -142.160   1042.7    902.4
     1     1    19    10    18     0     0     0   -48.0   23.506 -141.881   1088.6    897.7
     1     1    19    10    17    23     0     1   -49.0   23.598 -141.610   1133.9    892.2
     1     1    19    10    17    22     0     2   -50.0   23.686 -141.344   1160.2    889.6
     1     1    19    10    17    21     0     3   -51.0   23.766 -141.084   1167.5    889.9
     1     1    19    10    17    20     0     2   -52.0   23.842 -140.828   1166.3    890.8
     1     1    19    10    17    19     0     1   -53.0   23.924 -140.573   1155.1    891.2
     1     1    19    10    17    18     0     0   -54.0   24.019 -140.319   1114.3    894.3
     1     1    19    10    17    17     0     1   -55.0   24.125 -140.065   1045.1    902.2
     1     1    19    10    17    16     0     2   -56.0   24.229 -139.813    977.9    911.1
     1     1    19    10    17    15     0     3   -57.0   24.332 -139.566    939.8    915.7
     1     1    19    10    17    14     0     2   -58.0   24.435 -139.328    937.8    915.8
     1     1    19    10    17    13     0     1   -59.0   24.540 -139.102    961.6    912.0
     1     1    19    10    17    12     0     0   -60.0   24.641 -138.893    995.3    907.5
     1     1    19    10    17    11     0     1   -61.0   24.736 -138.690   1028.9    903.8
     1     1    19    10    17    10     0     2   -62.0   24.828 -138.483   1053.7    901.0
     1     1    19    10    17     9     0     3   -63.0   24.922 -138.274   1060.2    900.1
     1     1    19    10    17     8     0     2   -64.0   25.025 -138.071   1051.4    901.9
     1     1    19    10    17     7     0     1   -65.0   25.139 -137.869   1052.2    903.5
     1     1    19    10    17     6     0     0   -66.0   25.265 -137.665   1076.9    900.9
     1     1    19    10    17     5     0     1   -67.0   25.398 -137.465   1107.3    895.6
     1     1    19    10    17     4     0     2   -68.0   25.537 -137.277   1119.2    893.1
     1     1    19    10    17     3     0     3   -69.0   25.682 -137.106   1098.2    894.2
     1     1    19    10    17     2     0     2   -70.0   25.821 -136.959   1060.1    900.3
     1     1    19    10    17     1     0     1   -71.0   25.946 -136.831   1033.5    903.8
     1     1    19    10    17     0     0     0   -72.0   26.058 -136.713   1029.8    904.4
     1     1    19    10    16    23     0     1   -73.0   26.172 -136.595   1045.2    902.4
     1     1    19    10    16    22     0     2   -74.0   26.297 -136.475   1073.0    899.7
     1     1    19    10    16    21     0     3   -75.0   26.435 -136.357   1111.2    895.9
     1     1    19    10    16    20     0     2   -76.0   26.579 -136.252   1153.9    891.3
     1     1    19    10    16    19     0     1   -77.0   26.724 -136.168   1199.1    887.0
     1     1    19    10    16    18     0     0   -78.0   26.863 -136.109   1254.9    881.7
     1     1    19    10    16    17     0     1   -79.0   26.989 -136.069   1299.6    873.5
     1     1    19    10    16    16     0     2   -80.0   27.097 -136.034   1301.0    872.5
     1     1    19    10    16    15     0     3   -81.0   27.185 -135.998   1257.3    876.6
     1     1    19    10    16    14     0     2   -82.0   27.246 -135.956   1203.5    885.8
     1     1    19    10    16    13     0     1   -83.0   27.284 -135.905   1171.3    889.0
     1     1    19    10    16    12     0     0   -84.0   27.304 -135.843   1158.8    890.0
     1     1    19    10    16    11     0     1   -85.0   27.317 -135.771   1156.1    889.5
     1     1    19    10    16    10     0     2   -86.0   27.328 -135.689   1150.2    890.1
     1     1    19    10    16     9     0     3   -87.0   27.334 -135.597   1137.4    891.4
     1     1    19    10    16     8     0     2   -88.0   27.337 -135.497   1130.1    893.7
     1     1    19    10    16     7     0     1   -89.0   27.343 -135.386   1140.0    892.7
     1     1    19    10    16     6     0     0   -90.0   27.353 -135.262   1163.5    890.3
     1     1    19    10    16     5     0     1   -91.0   27.368 -135.135   1197.6    886.1
     1     1    19    10    16     4     0     2   -92.0   27.390 -135.022   1247.8    881.1
     1     1    19    10    16     3     0     3   -93.0   27.422 -134.930   1315.8    873.2
     1     1    19    10    16     2     0     2   -94.0   27.462 -134.859   1374.5    864.3
     1     1    19    10    16     1     0     1   -95.0   27.505 -134.802   1405.5    861.1
     1     1    19    10    16     0     0     0   -96.0   27.547 -134.756   1413.4    860.1
     1     1    19    10    15    23     0     1   -97.0   27.580 -134.716   1412.4    861.7
     1     1    19    10    15    22     0     2   -98.0   27.600 -134.683   1416.0    861.7
     1     1    19    10    15    21     0     3   -99.0   27.605 -134.658   1426.0    861.1
     1     1    19    10    15    20     0     2  -100.0   27.599 -134.636   1438.0    859.5
     1     1    19    10    15    19     0     1  -101.0   27.583 -134.610   1446.3    858.8
     1     1    19    10    15    18     0     0  -102.0   27.560 -134.580   1451.1    858.4
     1     1    19    10    15    17     0     1  -103.0   27.533 -134.543   1457.6    857.9
     1     1    19    10    15    16     0     2  -104.0   27.507 -134.498   1470.9    856.1
     1     1    19    10    15    15     0     3  -105.0   27.479 -134.446   1488.6    853.9
     1     1    19    10    15    14     0     2  -106.0   27.449 -134.390   1505.4    851.4
     1     1    19    10    15    13     0     1  -107.0   27.414 -134.330   1521.9    849.8
     1     1    19    10    15    12     0     0  -108.0   27.375 -134.268   1546.4    847.4
     1     1    19    10    15    11     0     1  -109.0   27.335 -134.206   1571.9    843.8
     1     1    19    10    15    10     0     2  -110.0   27.299 -134.144   1581.9    842.5
     1     1    19    10    15     9     0     3  -111.0   27.267 -134.078   1564.7    843.9
     1     1    19    10    15     8     0     2  -112.0   27.242 -134.005   1534.6    849.5
     1     1    19    10    15     7     0     1  -113.0   27.227 -133.921   1522.9    851.6
     1     1    19    10    15     6     0     0  -114.0   27.221 -133.828   1533.8    850.3
     1     1    19    10    15     5     0     1  -115.0   27.225 -133.734   1545.8    847.0
     1     1    19    10    15     4     0     2  -116.0   27.242 -133.642   1545.8    847.1
     1     1    19    10    15     3     0     3  -117.0   27.273 -133.553   1539.2    848.0
     1     1    19    10    15     2     0     2  -118.0   27.312 -133.469   1530.0    848.7
     1     1    19    10    15     1     0     1  -119.0   27.351 -133.391   1517.5    849.4
     1     1    19    10    15     0     0     0  -120.0   27.389 -133.318   1498.4    851.0
     1     1    19    10    14    23     0     1  -121.0   27.427 -133.249   1486.4    854.0
     1     1    19    10    14    22     0     2  -122.0   27.464 -133.189   1499.6    853.1
     1     1    19    10    14    21     0     3  -123.0   27.498 -133.137   1540.2    849.1
     1     1    19    10    14    20     0     2  -124.0   27.524 -133.087   1583.3    842.3
     1     1    19    10    14    19     0     1  -125.0   27.543 -133.026   1606.0    840.1
     1     1    19    10    14    18     0     0  -126.0   27.558 -132.953   1608.0    840.1
     1     1    19    10    14    17     0     1  -127.0   27.581 -132.874   1609.1    841.8
     1     1    19    10    14    16     0     2  -128.0   27.619 -132.796   1628.9    839.6
     1     1    19    10    14    15     0     3  -129.0   27.672 -132.721   1668.4    835.4
     1     1    19    10    14    14     0     2  -130.0   27.732 -132.653   1709.8    829.1
     1     1    19    10    14    13     0     1  -131.0   27.795 -132.589   1733.5    826.6
     1     1    19    10    14    12     0     0  -132.0   27.864 -132.530   1740.8    825.7
     1     1    19    10    14    11     0     1  -133.0   27.941 -132.474   1742.5    826.7
     1     1    19    10    14    10     0     2  -134.0   28.032 -132.421   1748.0    826.2
     1     1    19    10    14     9     0     3  -135.0   28.137 -132.369   1755.3    825.5
     1     1    19    10    14     8     0     2  -136.0   28.251 -132.321   1763.4    825.0
     1     1    19    10    14     7     0     1  -137.0   28.373 -132.278   1776.8    824.3
     1     1    19    10    14     6     0     0  -138.0   28.499 -132.242   1806.5    822.2
     1     1    19    10    14     5     0     1  -139.0   28.628 -132.216   1845.1    816.8
     1     1    19    10    14     4     0     2  -140.0   28.760 -132.198   1868.6    813.3
     1     1    19    10    14     3     0     3  -141.0   28.897 -132.189   1859.7    813.0
     1     1    19    10    14     2     0     2  -142.0   29.032 -132.190   1843.4    817.8
     1     1    19    10    14     1     0     1  -143.0   29.156 -132.198   1857.0    816.5
     1     1    19    10    14     0     0     0  -144.0   29.271 -132.212   1897.5    811.9
     1     1    19    10    13    23     0     1  -145.0   29.384 -132.221   1948.1    805.8
     1     1    19    10    13    22     0     2  -146.0   29.504 -132.223   1996.0    801.2
     1     1    19    10    13    21     0     3  -147.0   29.629 -132.218   2039.5    797.0
     1     1    19    10    13    20     0     2  -148.0   29.760 -132.212   2075.9    793.4
     1     1    19    10    13    19     0     1  -149.0   29.898 -132.212   2105.5    790.9
     1     1    19    10    13    18     0     0  -150.0   30.044 -132.221   2133.6    788.7
     1     1    19    10    13    17     0     1  -151.0   30.195 -132.240   2168.5    785.5
     1     1    19    10    13    16     0     2  -152.0   30.344 -132.268   2207.0    780.9
     1     1    19    10    13    15     0     3  -153.0   30.487 -132.305   2234.6    777.4
     1     1    19    10    13    14     0     2  -154.0   30.625 -132.349   2250.3    776.5
     1     1    19    10    13    13     0     1  -155.0   30.760 -132.397   2268.8    775.6
     1     1    19    10    13    12     0     0  -156.0   30.890 -132.451   2307.0    772.6
     1     1    19    10    13    11     0     1  -157.0   31.015 -132.503   2367.1    766.5
     1     1    19    10    13    10     0     2  -158.0   31.137 -132.549   2431.8    759.3
     1     1    19    10    13     9     0     3  -159.0   31.258 -132.586   2488.6    754.1
     1     1    19    10    13     8     0     2  -160.0   31.386 -132.621   2530.5    749.9
     1     1    19    10    13     7     0     1  -161.0   31.526 -132.653   2553.3    748.4
     1     1    19    10    13     6     0     0  -162.0   31.677 -132.682   2565.5    747.9
     1     1    19    10    13     5     0     1  -163.0   31.835 -132.717   2590.1    747.2
     1     1    19    10    13     4     0     2  -164.0   32.004 -132.769   2645.7    742.0
     1     1    19    10    13     3     0     3  -165.0   32.190 -132.838   2729.4    734.2
     1     1    19    10    13     2     0     2  -166.0   32.390 -132.922   2811.2    724.4
     1     1    19    10    13     1     0     1  -167.0   32.593 -133.020   2867.2    719.7
     1     1    19    10    13     0     0     0  -168.0   32.793 -133.131   2902.5    716.9
     1     1    19    10    12    23     0     1  -169.0   32.989 -133.248   2938.6    715.8
     1     1    19    10    12    22     0     2  -170.0   33.184 -133.365   2989.3    711.4
     1     1    19    10    12    21     0     3  -171.0   33.376 -133.478   3049.5    706.5
     1     1    19    10    12    20     0     2  -172.0   33.579 -133.593   3106.7    700.7
     1     1    19    10    12    19     0     1  -173.0   33.799 -133.714   3152.4    697.3
     1     1    19    10    12    18     0     0  -174.0   34.036 -133.842   3202.7    694.1
     1     1    19    10    12    17     0     1  -175.0   34.285 -133.989   3252.6    688.4
     1     1    19    10    12    16     0     2  -176.0   34.544 -134.169   3288.4    685.2
     1     1    19    10    12    15     0     3  -177.0   34.818 -134.381   3315.3    683.3
     1     1    19    10    12    14     0     2  -178.0   35.100 -134.622   3342.8    681.2
     1     1    19    10    12    13     0     1  -179.0   35.374 -134.891   3372.6    678.6
     1     1    19    10    12    12     0     0  -180.0   35.637 -135.182   3403.4    676.0
     1     1    19    10    12    11     0     1  -181.0   35.888 -135.485   3423.4    673.8
     1     1    19    10    12    10     0     2  -182.0   36.123 -135.803   3424.8    674.2
     1     1    19    10    12     9     0     3  -183.0   36.346 -136.135   3412.5    675.9
     1     1    19    10    12     8     0     2  -184.0   36.570 -136.475   3401.4    678.0
     1     1    19    10    12     7     0     1  -185.0   36.804 -136.817   3390.2    678.3
     1     1    19    10    12     6     0     0  -186.0   37.041 -137.164   3369.5    680.6
     1     1    19    10    12     5     0     1  -187.0   37.288 -137.526   3359.9    682.8
     1     1    19    10    12     4     0     2  -188.0   37.555 -137.910   3371.0    681.0
     1     1    19    10    12     3     0     3  -189.0   37.841 -138.310   3390.1    679.1
     1     1    19    10    12     2     0     2  -190.0   38.134 -138.737   3429.8    677.1
     1     1    19    10    12     1     0     1  -191.0   38.431 -139.208   3500.6    670.8
     1     1    19    10    12     0     0     0  -192.0   38.734 -139.712   3574.1    663.3
     1     1    19    10    11    23     0     1  -193.0   39.033 -140.240   3630.7    658.8
     1     1    19    10    11    22     0     2  -194.0   39.319 -140.801   3671.8    655.8
     1     1    19    10    11    21     0     3  -195.0   39.596 -141.404   3724.9    653.8
     1     1    19    10    11    20     0     2  -196.0   39.870 -142.031   3795.6    646.2
     1     1    19    10    11    19     0     1  -197.0   40.130 -142.664   3848.4    640.7
     1     1    19    10    11    18     0     0  -198.0   40.373 -143.311   3888.6    638.9
     1     1    19    10    11    17     0     1  -199.0   40.604 -143.975   3920.8    635.0
     1     1    19    10    11    16     0     2  -200.0   40.826 -144.649   3931.9    633.8
     1     1    19    10    11    15     0     3  -201.0   41.041 -145.328   3939.5    634.2
     1     1    19    10    11    14     0     2  -202.0   41.243 -146.010   3960.4    632.4
     1     1    19    10    11    13     0     1  -203.0   41.429 -146.702   3998.0    629.6
     1     1    19    10    11    12     0     0  -204.0   41.607 -147.417   4060.1    624.8
     1     1    19    10    11    11     0     1  -205.0   41.774 -148.128   4149.4    617.8
     1     1    19    10    11    10     0     2  -206.0   41.923 -148.812   4236.3    608.7
     1     1    19    10    11     9     0     3  -207.0   42.061 -149.474   4317.3    604.2
     1     1    19    10    11     8     0     2  -208.0   42.203 -150.132   4408.4    596.6
     1     1    19    10    11     7     0     1  -209.0   42.348 -150.800   4482.3    589.1
     1     1    19    10    11     6     0     0  -210.0   42.501 -151.478   4520.6    586.2
     1     1    19    10    11     5     0     1  -211.0   42.650 -152.163   4548.4    585.1
     1     1    19    10    11     4     0     2  -212.0   42.779 -152.864   4606.2    581.9
     1     1    19    10    11     3     0     3  -213.0   42.897 -153.607   4693.6    573.2
     1     1    19    10    11     2     0     2  -214.0   43.002 -154.353   4791.0    565.8
     1     1    19    10    11     1     0     1  -215.0   43.080 -155.043   4896.0    557.6
     1     1    19    10    11     0     0     0  -216.0   43.128 -155.703   4979.1    550.0
     1     1    19    10    10    23     0     1  -217.0   43.164 -156.322   5036.8    547.0
     1     1    19    10    10    22     0     2  -218.0   43.200 -156.876   5106.1    543.6
     1     1    19    10    10    21     0     3  -219.0   43.226 -157.382   5213.0    536.4
     1     1    19    10    10    20     0     2  -220.0   43.250 -157.859   5317.3    525.6
     1     1    19    10    10    19     0     1  -221.0   43.300 -158.303   5381.7    521.4
     1     1    19    10    10    18     0     0  -222.0   43.373 -158.715   5421.9    518.6
     1     1    19    10    10    17     0     1  -223.0   43.449 -159.105   5456.4    516.7
     1     1    19    10    10    16     0     2  -224.0   43.513 -159.475   5493.6    513.6
     1     1    19    10    10    15     0     3  -225.0   43.576 -159.831   5514.5    510.8
     1     1    19    10    10    14     0     2  -226.0   43.635 -160.177   5531.3    511.5
     1     1    19    10    10    13     0     1  -227.0   43.682 -160.508   5577.2    508.5
     1     1    19    10    10    12     0     0  -228.0   43.718 -160.816   5643.4    503.4
     1     1    19    10    10    11     0     1  -229.0   43.744 -161.097   5687.2    498.2
     1     1    19    10    10    10     0     2  -230.0   43.769 -161.342   5682.5    498.9
     1     1    19    10    10     9     0     3  -231.0   43.804 -161.548   5647.7    502.0
     1     1    19    10    10     8     0     2  -232.0   43.848 -161.718   5623.0    505.4
     1     1    19    10    10     7     0     1  -233.0   43.887 -161.864   5629.6    504.5
     1     1    19    10    10     6     0     0  -234.0   43.915 -161.997   5655.6    502.2
     1     1    19    10    10     5     0     1  -235.0   43.935 -162.094   5649.9    499.4
     1     1    19    10    10     4     0     2  -236.0   43.961 -162.128   5585.7    504.0
     1     1    19    10    10     3     0     3  -237.0   43.995 -162.098   5474.7    511.6
     1     1    19    10    10     2     0     2  -238.0   44.041 -162.027   5380.6    522.0
     1     1    19    10    10     1     0     1  -239.0   44.103 -161.934   5347.6    523.6
     1     1    19    10    10     0     0     0  -240.0   44.178 -161.817   5360.3    522.2
