     7     1
    GDAS    19     6     1     0     0
    GDAS    19     7     1     0     0
    GDAS    19     8     1     0     0
    GDAS    19     9     1     0     0
    GDAS    19    10     1     0     0
    GDAS    19    11     1     0     0
    GDAS    19    12     1     0     0
     1 BACKWARD OMEGA   
    19    11    24     0   21.319 -157.670    10.0
     1 PRESSURE
     1     1    19    11    24     0     0     0     0.0   21.319 -157.670     10.0   1008.9
     1     1    19    11    23    23     0     1    -1.0   21.436 -157.275    149.1    996.9
     1     1    19    11    23    22     0     2    -2.0   21.532 -156.788    353.7    970.6
     1     1    19    11    23    21     0     3    -3.0   21.574 -156.259    455.8    952.4
     1     1    19    11    23    20     0     2    -4.0   21.588 -155.728    431.8    963.8
     1     1    19    11    23    19     0     1    -5.0   21.615 -155.203    396.9    972.6
     1     1    19    11    23    18     0     0    -6.0   21.660 -154.682    388.3    972.9
     1     1    19    11    23    17     0     1    -7.0   21.718 -154.163    392.9    971.7
     1     1    19    11    23    16     0     2    -8.0   21.786 -153.647    394.8    970.6
     1     1    19    11    23    15     0     3    -9.0   21.867 -153.129    389.9    971.6
     1     1    19    11    23    14     0     2   -10.0   21.956 -152.618    388.6    972.3
     1     1    19    11    23    13     0     1   -11.0   22.045 -152.121    392.9    971.3
     1     1    19    11    23    12     0     0   -12.0   22.142 -151.629    414.4    970.6
     1     1    19    11    23    11     0     1   -13.0   22.250 -151.141    463.5    965.4
     1     1    19    11    23    10     0     2   -14.0   22.359 -150.662    522.6    958.2
     1     1    19    11    23     9     0     3   -15.0   22.467 -150.187    568.8    952.8
     1     1    19    11    23     8     0     2   -16.0   22.580 -149.714    586.0    950.2
     1     1    19    11    23     7     0     1   -17.0   22.701 -149.241    578.8    951.8
     1     1    19    11    23     6     0     0   -18.0   22.826 -148.778    563.7    954.0
     1     1    19    11    23     5     0     1   -19.0   22.948 -148.331    546.6    955.7
     1     1    19    11    23     4     0     2   -20.0   23.063 -147.895    530.1    957.8
     1     1    19    11    23     3     0     3   -21.0   23.176 -147.468    538.9    959.2
     1     1    19    11    23     2     0     2   -22.0   23.295 -147.046    586.8    952.4
     1     1    19    11    23     1     0     1   -23.0   23.424 -146.623    642.0    943.9
     1     1    19    11    23     0     0     0   -24.0   23.570 -146.197    680.7    939.0
     1     1    19    11    22    23     0     1   -25.0   23.721 -145.769    707.1    937.4
     1     1    19    11    22    22     0     2   -26.0   23.862 -145.346    721.6    936.2
     1     1    19    11    22    21     0     3   -27.0   23.987 -144.936    723.5    937.0
     1     1    19    11    22    20     0     2   -28.0   24.114 -144.540    742.2    938.1
     1     1    19    11    22    19     0     1   -29.0   24.258 -144.156    781.6    931.1
     1     1    19    11    22    18     0     0   -30.0   24.415 -143.782    810.8    927.7
     1     1    19    11    22    17     0     1   -31.0   24.580 -143.413    817.6    925.9
     1     1    19    11    22    16     0     2   -32.0   24.754 -143.043    798.2    928.4
     1     1    19    11    22    15     0     3   -33.0   24.938 -142.674    774.7    932.4
     1     1    19    11    22    14     0     2   -34.0   25.120 -142.316    764.7    933.6
     1     1    19    11    22    13     0     1   -35.0   25.299 -141.978    766.0    932.7
     1     1    19    11    22    12     0     0   -36.0   25.486 -141.656    761.9    931.7
     1     1    19    11    22    11     0     1   -37.0   25.673 -141.342    740.7    934.3
     1     1    19    11    22    10     0     2   -38.0   25.849 -141.028    701.4    938.9
     1     1    19    11    22     9     0     3   -39.0   26.007 -140.716    663.6    945.8
     1     1    19    11    22     8     0     2   -40.0   26.161 -140.407    654.6    947.9
     1     1    19    11    22     7     0     1   -41.0   26.330 -140.109    677.9    944.5
     1     1    19    11    22     6     0     0   -42.0   26.515 -139.826    728.0    938.7
     1     1    19    11    22     5     0     1   -43.0   26.712 -139.557    782.7    929.9
     1     1    19    11    22     4     0     2   -44.0   26.916 -139.299    822.2    926.1
     1     1    19    11    22     3     0     3   -45.0   27.124 -139.055    862.7    922.7
     1     1    19    11    22     2     0     2   -46.0   27.323 -138.833    912.7    916.6
     1     1    19    11    22     1     0     1   -47.0   27.507 -138.637    963.9    909.9
     1     1    19    11    22     0     0     0   -48.0   27.679 -138.464   1001.7    904.4
     1     1    19    11    21    23     0     1   -49.0   27.843 -138.301   1020.4    902.9
     1     1    19    11    21    22     0     2   -50.0   28.004 -138.140   1027.9    902.9
     1     1    19    11    21    21     0     3   -51.0   28.162 -137.985   1031.2    902.9
     1     1    19    11    21    20     0     2   -52.0   28.321 -137.842   1042.7    903.2
     1     1    19    11    21    19     0     1   -53.0   28.485 -137.712   1075.2    900.3
     1     1    19    11    21    18     0     0   -54.0   28.652 -137.591   1133.3    894.9
     1     1    19    11    21    17     0     1   -55.0   28.820 -137.479   1189.8    885.1
     1     1    19    11    21    16     0     2   -56.0   28.988 -137.373   1214.8    881.9
     1     1    19    11    21    15     0     3   -57.0   29.152 -137.270   1199.7    882.1
     1     1    19    11    21    14     0     2   -58.0   29.305 -137.176   1151.6    889.2
     1     1    19    11    21    13     0     1   -59.0   29.448 -137.100   1090.7    895.8
     1     1    19    11    21    12     0     0   -60.0   29.584 -137.042   1021.5    903.4
     1     1    19    11    21    11     0     1   -61.0   29.717 -136.989    960.9    911.9
     1     1    19    11    21    10     0     2   -62.0   29.842 -136.931    922.4    916.1
     1     1    19    11    21     9     0     3   -63.0   29.959 -136.869    902.1    918.2
     1     1    19    11    21     8     0     2   -64.0   30.072 -136.803    900.1    918.9
     1     1    19    11    21     7     0     1   -65.0   30.190 -136.735    920.5    917.1
     1     1    19    11    21     6     0     0   -66.0   30.312 -136.664    964.7    912.1
     1     1    19    11    21     5     0     1   -67.0   30.439 -136.594   1031.2    904.3
     1     1    19    11    21     4     0     2   -68.0   30.573 -136.526   1110.1    894.6
     1     1    19    11    21     3     0     3   -69.0   30.712 -136.462   1179.1    885.8
     1     1    19    11    21     2     0     2   -70.0   30.849 -136.410   1220.1    880.5
     1     1    19    11    21     1     0     1   -71.0   30.980 -136.373   1232.5    879.5
     1     1    19    11    21     0     0     0   -72.0   31.105 -136.349   1221.1    880.7
     1     1    19    11    20    23     0     1   -73.0   31.228 -136.318   1199.2    884.9
     1     1    19    11    20    22     0     2   -74.0   31.353 -136.266   1185.5    887.6
     1     1    19    11    20    21     0     3   -75.0   31.483 -136.190   1192.6    887.8
     1     1    19    11    20    20     0     2   -76.0   31.614 -136.103   1222.7    884.4
     1     1    19    11    20    19     0     1   -77.0   31.738 -136.020   1256.1    879.8
     1     1    19    11    20    18     0     0   -78.0   31.858 -135.939   1275.0    877.8
     1     1    19    11    20    17     0     1   -79.0   31.975 -135.854   1280.8    877.5
     1     1    19    11    20    16     0     2   -80.0   32.094 -135.761   1286.5    877.2
     1     1    19    11    20    15     0     3   -81.0   32.214 -135.659   1300.4    875.3
     1     1    19    11    20    14     0     2   -82.0   32.338 -135.542   1317.2    872.8
     1     1    19    11    20    13     0     1   -83.0   32.472 -135.405   1338.8    871.3
     1     1    19    11    20    12     0     0   -84.0   32.617 -135.251   1383.8    867.6
     1     1    19    11    20    11     0     1   -85.0   32.774 -135.096   1449.2    859.6
     1     1    19    11    20    10     0     2   -86.0   32.940 -134.952   1500.8    852.8
     1     1    19    11    20     9     0     3   -87.0   33.115 -134.812   1527.6    850.7
     1     1    19    11    20     8     0     2   -88.0   33.300 -134.672   1559.6    850.3
     1     1    19    11    20     7     0     1   -89.0   33.500 -134.540   1611.7    843.9
     1     1    19    11    20     6     0     0   -90.0   33.720 -134.410   1661.2    838.2
     1     1    19    11    20     5     0     1   -91.0   33.957 -134.279   1690.7    834.1
     1     1    19    11    20     4     0     2   -92.0   34.202 -134.151   1697.0    833.5
     1     1    19    11    20     3     0     3   -93.0   34.450 -134.027   1679.9    834.3
     1     1    19    11    20     2     0     2   -94.0   34.702 -133.901   1659.0    838.9
     1     1    19    11    20     1     0     1   -95.0   34.960 -133.787   1653.8    838.8
     1     1    19    11    20     0     0     0   -96.0   35.213 -133.690   1651.0    838.3
     1     1    19    11    19    23     0     1   -97.0   35.460 -133.598   1660.6    839.1
     1     1    19    11    19    22     0     2   -98.0   35.706 -133.509   1698.0    834.9
     1     1    19    11    19    21     0     3   -99.0   35.957 -133.422   1749.5    828.8
     1     1    19    11    19    20     0     2  -100.0   36.221 -133.336   1794.9    823.8
     1     1    19    11    19    19     0     1  -101.0   36.513 -133.247   1828.0    821.3
     1     1    19    11    19    18     0     0  -102.0   36.840 -133.146   1857.1    819.0
     1     1    19    11    19    17     0     1  -103.0   37.205 -133.055   1881.9    815.3
     1     1    19    11    19    16     0     2  -104.0   37.615 -133.008   1908.6    812.5
     1     1    19    11    19    15     0     3  -105.0   38.087 -133.009   1943.1    808.1
     1     1    19    11    19    14     0     2  -106.0   38.585 -133.042   1971.6    804.2
     1     1    19    11    19    13     0     1  -107.0   39.086 -133.117   1988.9    802.8
     1     1    19    11    19    12     0     0  -108.0   39.608 -133.228   1988.9    801.8
     1     1    19    11    19    11     0     1  -109.0   40.131 -133.370   1973.7    804.0
     1     1    19    11    19    10     0     2  -110.0   40.656 -133.575   1995.3    805.5
     1     1    19    11    19     9     0     3  -111.0   41.218 -133.857   2086.1    795.4
     1     1    19    11    19     8     0     2  -112.0   41.792 -134.184   2200.9    780.7
     1     1    19    11    19     7     0     1  -113.0   42.342 -134.553   2297.3    770.5
     1     1    19    11    19     6     0     0  -114.0   42.881 -134.982   2371.8    763.8
     1     1    19    11    19     5     0     1  -115.0   43.411 -135.442   2477.1    757.6
     1     1    19    11    19     4     0     2  -116.0   43.945 -135.931   2673.6    739.3
     1     1    19    11    19     3     0     3  -117.0   44.505 -136.456   2880.4    711.3
     1     1    19    11    19     2     0     2  -118.0   45.097 -137.008   3061.2    699.6
     1     1    19    11    19     1     0     1  -119.0   45.690 -137.606   3249.1    680.9
     1     1    19    11    19     0     0     0  -120.0   46.256 -138.277   3459.5    665.6
     1     1    19    11    18    23     0     1  -121.0   46.817 -139.020   3606.4    643.4
     1     1    19    11    18    22     0     2  -122.0   47.357 -139.737   3664.5    644.1
     1     1    19    11    18    21     0     3  -123.0   47.856 -140.467   3700.4    640.0
     1     1    19    11    18    20     0     2  -124.0   48.291 -141.218   3730.4    638.8
     1     1    19    11    18    19     0     1  -125.0   48.670 -141.981   3791.9    634.6
     1     1    19    11    18    18     0     0  -126.0   49.025 -142.793   3900.3    624.2
     1     1    19    11    18    17     0     1  -127.0   49.323 -143.613   3955.0    617.8
     1     1    19    11    18    16     0     2  -128.0   49.551 -144.428   3978.3    616.7
     1     1    19    11    18    15     0     3  -129.0   49.744 -145.250   4072.0    608.6
     1     1    19    11    18    14     0     2  -130.0   49.878 -146.095   4216.6    595.3
     1     1    19    11    18    13     0     1  -131.0   49.967 -146.997   4249.4    591.8
     1     1    19    11    18    12     0     0  -132.0   50.043 -147.943   4283.6    591.8
     1     1    19    11    18    11     0     1  -133.0   50.076 -148.831   4319.3    585.6
     1     1    19    11    18    10     0     2  -134.0   50.075 -149.636   4274.9    589.8
     1     1    19    11    18     9     0     3  -135.0   50.084 -150.394   4225.7    593.0
     1     1    19    11    18     8     0     2  -136.0   50.096 -151.137   4177.5    597.2
     1     1    19    11    18     7     0     1  -137.0   50.132 -151.858   4194.6    599.0
     1     1    19    11    18     6     0     0  -138.0   50.207 -152.558   4279.8    589.7
     1     1    19    11    18     5     0     1  -139.0   50.289 -153.235   4333.5    579.6
     1     1    19    11    18     4     0     2  -140.0   50.385 -153.902   4378.8    581.7
     1     1    19    11    18     3     0     3  -141.0   50.539 -154.582   4489.9    573.1
     1     1    19    11    18     2     0     2  -142.0   50.730 -155.270   4655.2    558.5
     1     1    19    11    18     1     0     1  -143.0   50.956 -155.990   4819.5    542.4
     1     1    19    11    18     0     0     0  -144.0   51.230 -156.772   4947.2    533.2
     1     1    19    11    17    23     0     1  -145.0   51.512 -157.637   5083.0    523.1
     1     1    19    11    17    22     0     2  -146.0   51.795 -158.594   5190.2    514.9
     1     1    19    11    17    21     0     3  -147.0   52.070 -159.641   5287.8    507.8
     1     1    19    11    17    20     0     2  -148.0   52.320 -160.764   5392.8    499.0
     1     1    19    11    17    19     0     1  -149.0   52.533 -161.950   5503.3    491.8
     1     1    19    11    17    18     0     0  -150.0   52.707 -163.190   5563.5    485.5
     1     1    19    11    17    17     0     1  -151.0   52.849 -164.370   5527.7    489.2
     1     1    19    11    17    16     0     2  -152.0   52.960 -165.524   5544.6    486.7
     1     1    19    11    17    15     0     3  -153.0   53.037 -166.706   5615.0    482.8
     1     1    19    11    17    14     0     2  -154.0   53.071 -167.925   5645.2    476.5
     1     1    19    11    17    13     0     1  -155.0   53.039 -169.134   5657.5    481.1
     1     1    19    11    17    12     0     0  -156.0   52.951 -170.375   5764.1    470.7
     1     1    19    11    17    11     0     1  -157.0   52.844 -171.609   5802.6    468.9
     1     1    19    11    17    10     0     2  -158.0   52.683 -172.863   5831.0    465.9
     1     1    19    11    17     9     0     3  -159.0   52.446 -174.163   5876.5    465.2
     1     1    19    11    17     8     0     2  -160.0   52.170 -175.531   5947.0    458.1
     1     1    19    11    17     7     0     1  -161.0   51.830 -176.928   5958.3    455.8
     1     1    19    11    17     6     0     0  -162.0   51.418 -178.371   5928.2    460.0
     1     1    19    11    17     5     0     1  -163.0   50.965 -179.887   5922.0    459.2
     1     1    19    11    17     4     0     2  -164.0   50.485  178.586   5869.0    461.9
     1     1    19    11    17     3     0     3  -165.0   49.994  177.073   5798.5    466.1
     1     1    19    11    17     2     0     2  -166.0   49.466  175.539   5691.5    473.8
     1     1    19    11    17     1     0     1  -167.0   48.878  174.006   5621.8    479.3
     1     1    19    11    17     0     0     0  -168.0   48.284  172.446   5541.3    485.2
     1     1    19    11    16    23     0     1  -169.0   47.676  170.891   5399.0    494.3
     1     1    19    11    16    22     0     2  -170.0   47.049  169.405   5204.8    509.0
     1     1    19    11    16    21     0     3  -171.0   46.443  167.953   5079.0    518.2
     1     1    19    11    16    20     0     2  -172.0   45.863  166.356   4868.0    534.6
     1     1    19    11    16    19     0     1  -173.0   45.289  164.748   4754.4    542.2
     1     1    19    11    16    18     0     0  -174.0   44.705  163.198   4791.3    539.6
     1     1    19    11    16    17     0     1  -175.0   44.120  161.659   4829.2    538.8
     1     1    19    11    16    16     0     2  -176.0   43.566  160.112   4907.4    533.5
     1     1    19    11    16    15     0     3  -177.0   43.045  158.578   4909.2    534.3
     1     1    19    11    16    14     0     2  -178.0   42.546  157.033   4957.9    531.2
     1     1    19    11    16    13     0     1  -179.0   42.096  155.476   4984.1    531.7
     1     1    19    11    16    12     0     0  -180.0   41.701  153.892   5135.3    519.7
     1     1    19    11    16    11     0     1  -181.0   41.346  152.269   5175.2    516.9
     1     1    19    11    16    10     0     2  -182.0   41.043  150.620   5162.9    519.3
     1     1    19    11    16     9     0     3  -183.0   40.797  148.955   5187.5    516.8
     1     1    19    11    16     8     0     2  -184.0   40.613  147.265   5162.2    519.7
     1     1    19    11    16     7     0     1  -185.0   40.494  145.550   5197.2    516.7
     1     1    19    11    16     6     0     0  -186.0   40.422  143.791   5283.1    510.6
     1     1    19    11    16     5     0     1  -187.0   40.396  141.970   5389.3    499.2
     1     1    19    11    16     4     0     2  -188.0   40.432  140.053   5623.7    479.2
     1     1    19    11    16     3     0     3  -189.0   40.504  138.194   5611.0    488.2
     1     1    19    11    16     2     0     2  -190.0   40.603  136.400   5621.9    487.1
     1     1    19    11    16     1     0     1  -191.0   40.744  134.620   5680.1    482.7
     1     1    19    11    16     0     0     0  -192.0   40.977  132.851   5776.3    476.5
     1     1    19    11    15    23     0     1  -193.0   41.277  131.101   5902.8    467.1
     1     1    19    11    15    22     0     2  -194.0   41.603  129.330   5823.2    426.5
     1     1    19    11    15    21     0     3  -195.0   41.945  127.444   5977.6    383.1
     1     1    19    11    15    20     0     2  -196.0   42.310  125.549   6284.5    412.3
     1     1    19    11    15    19     0     1  -197.0   42.675  123.733   6430.5    424.4
     1     1    19    11    15    18     0     0  -198.0   43.061  121.964   6457.8    414.9
     1     1    19    11    15    17     0     1  -199.0   43.452  120.231   6433.6    409.2
     1     1    19    11    15    16     0     2  -200.0   43.834  118.515   6302.7    385.2
     1     1    19    11    15    15     0     3  -201.0   44.218  116.760   6358.3    368.6
     1     1    19    11    15    14     0     2  -202.0   44.602  115.020   6388.0    364.4
     1     1    19    11    15    13     0     1  -203.0   44.989  113.254   6437.0    362.8
     1     1    19    11    15    12     0     0  -204.0   45.357  111.473   6557.9    365.9
     1     1    19    11    15    11     0     1  -205.0   45.718  109.700   6544.3    366.9
     1     1    19    11    15    10     0     2  -206.0   46.080  107.895   6486.8    355.0
     1     1    19    11    15     9     0     3  -207.0   46.436  105.953   6495.4    350.7
     1     1    19    11    15     8     0     2  -208.0   46.750  103.947   6431.9    343.5
     1     1    19    11    15     7     0     1  -209.0   47.008  101.854   6337.6    325.7
     1     1    19    11    15     6     0     0  -210.0   47.188   99.619   6330.4    301.3
     1     1    19    11    15     5     0     1  -211.0   47.327   97.345   6326.6    305.1
     1     1    19    11    15     4     0     2  -212.0   47.439   95.054   6595.4    328.9
     1     1    19    11    15     3     0     3  -213.0   47.498   92.910   6671.0    332.7
     1     1    19    11    15     2     0     2  -214.0   47.561   90.819   6311.1    305.8
     1     1    19    11    15     1     0     1  -215.0   47.576   88.560   6876.7    329.9
     1     1    19    11    15     0     0     0  -216.0   47.537   86.429   7005.1    346.2
     1     1    19    11    14    23     0     1  -217.0   47.467   84.412   6942.5    344.1
     1     1    19    11    14    22     0     2  -218.0   47.378   82.519   6801.0    373.0
     1     1    19    11    14    21     0     3  -219.0   47.245   80.707   6900.1    378.1
     1     1    19    11    14    20     0     2  -220.0   47.105   79.028   6780.7    395.7
     1     1    19    11    14    19     0     1  -221.0   46.928   77.502   6729.5    392.7
     1     1    19    11    14    18     0     0  -222.0   46.729   76.105   6679.1    403.4
     1     1    19    11    14    17     0     1  -223.0   46.557   74.820   6603.3    409.8
     1     1    19    11    14    16     0     2  -224.0   46.399   73.629   6566.5    410.1
     1     1    19    11    14    15     0     3  -225.0   46.218   72.517   6581.1    406.5
     1     1    19    11    14    14     0     2  -226.0   46.014   71.490   6544.5    411.1
     1     1    19    11    14    13     0     1  -227.0   45.800   70.516   6531.3    417.3
     1     1    19    11    14    12     0     0  -228.0   45.557   69.558   6503.5    423.3
     1     1    19    11    14    11     0     1  -229.0   45.305   68.622   6410.7    433.9
     1     1    19    11    14    10     0     2  -230.0   45.070   67.724   6332.2    441.3
     1     1    19    11    14     9     0     3  -231.0   44.828   66.867   6199.1    450.8
     1     1    19    11    14     8     0     2  -232.0   44.594   66.030   6151.7    454.7
     1     1    19    11    14     7     0     1  -233.0   44.376   65.226   6144.8    455.9
     1     1    19    11    14     6     0     0  -234.0   44.175   64.473   6110.9    459.7
     1     1    19    11    14     5     0     1  -235.0   43.995   63.763   6028.2    467.4
     1     1    19    11    14     4     0     2  -236.0   43.847   63.089   5945.3    473.2
     1     1    19    11    14     3     0     3  -237.0   43.722   62.446   5877.4    477.0
     1     1    19    11    14     2     0     2  -238.0   43.605   61.824   5805.4    482.4
     1     1    19    11    14     1     0     1  -239.0   43.505   61.212   5738.2    488.4
     1     1    19    11    14     0     0     0  -240.0   43.425   60.614   5679.0    492.5
