     7     1
    GDAS    19     6     1     0     0
    GDAS    19     7     1     0     0
    GDAS    19     8     1     0     0
    GDAS    19     9     1     0     0
    GDAS    19    10     1     0     0
    GDAS    19    11     1     0     0
    GDAS    19    12     1     0     0
     1 BACKWARD OMEGA   
    19    10    25     0   21.319 -157.670    10.0
     1 PRESSURE
     1     1    19    10    25     0     0     0     0.0   21.319 -157.670     10.0   1008.8
     1     1    19    10    24    23     0     1    -1.0   21.320 -157.584     15.1   1007.6
     1     1    19    10    24    22     0     2    -2.0   21.322 -157.490     21.5   1006.5
     1     1    19    10    24    21     0     3    -3.0   21.327 -157.386     30.5   1005.3
     1     1    19    10    24    20     0     2    -4.0   21.337 -157.276     48.9   1003.6
     1     1    19    10    24    19     0     1    -5.0   21.352 -157.162     88.8    998.7
     1     1    19    10    24    18     0     0    -6.0   21.376 -157.041    156.7    991.5
     1     1    19    10    24    17     0     1    -7.0   21.395 -156.913    232.6    979.8
     1     1    19    10    24    16     0     2    -8.0   21.389 -156.784    288.0    973.6
     1     1    19    10    24    15     0     3    -9.0   21.355 -156.658    327.4    969.6
     1     1    19    10    24    14     0     2   -10.0   21.299 -156.524    363.9    967.3
     1     1    19    10    24    13     0     1   -11.0   21.223 -156.362    410.6    963.8
     1     1    19    10    24    12     0     0   -12.0   21.126 -156.160    479.0    958.5
     1     1    19    10    24    11     0     1   -13.0   21.002 -155.919    572.1    949.1
     1     1    19    10    24    10     0     2   -14.0   20.876 -155.681    630.7    938.5
     1     1    19    10    24     9     0     3   -15.0   20.765 -155.470    629.3    940.9
     1     1    19    10    24     8     0     2   -16.0   20.667 -155.272    613.4    945.9
     1     1    19    10    24     7     0     1   -17.0   20.579 -155.075    618.1    946.0
     1     1    19    10    24     6     0     0   -18.0   20.497 -154.876    650.8    942.8
     1     1    19    10    24     5     0     1   -19.0   20.427 -154.671    690.4    935.2
     1     1    19    10    24     4     0     2   -20.0   20.375 -154.451    715.9    932.1
     1     1    19    10    24     3     0     3   -21.0   20.347 -154.216    730.7    930.2
     1     1    19    10    24     2     0     2   -22.0   20.341 -153.966    734.7    929.5
     1     1    19    10    24     1     0     1   -23.0   20.338 -153.711    728.8    930.4
     1     1    19    10    24     0     0     0   -24.0   20.334 -153.450    718.3    931.8
     1     1    19    10    23    23     0     1   -25.0   20.333 -153.175    710.6    934.0
     1     1    19    10    23    22     0     2   -26.0   20.337 -152.878    710.4    934.8
     1     1    19    10    23    21     0     3   -27.0   20.343 -152.563    721.5    934.8
     1     1    19    10    23    20     0     2   -28.0   20.349 -152.237    746.5    931.9
     1     1    19    10    23    19     0     1   -29.0   20.366 -151.908    775.3    927.8
     1     1    19    10    23    18     0     0   -30.0   20.392 -151.578    803.5    925.3
     1     1    19    10    23    17     0     1   -31.0   20.419 -151.248    843.6    921.9
     1     1    19    10    23    16     0     2   -32.0   20.445 -150.917    899.1    915.6
     1     1    19    10    23    15     0     3   -33.0   20.470 -150.583    962.6    908.2
     1     1    19    10    23    14     0     2   -34.0   20.491 -150.244   1028.3    900.8
     1     1    19    10    23    13     0     1   -35.0   20.512 -149.909   1094.5    894.1
     1     1    19    10    23    12     0     0   -36.0   20.536 -149.579   1164.8    887.2
     1     1    19    10    23    11     0     1   -37.0   20.565 -149.252   1229.1    879.6
     1     1    19    10    23    10     0     2   -38.0   20.597 -148.926   1272.7    875.3
     1     1    19    10    23     9     0     3   -39.0   20.634 -148.599   1303.2    873.8
     1     1    19    10    23     8     0     2   -40.0   20.675 -148.272   1346.8    870.8
     1     1    19    10    23     7     0     1   -41.0   20.721 -147.950   1408.9    863.5
     1     1    19    10    23     6     0     0   -42.0   20.770 -147.630   1463.1    856.4
     1     1    19    10    23     5     0     1   -43.0   20.812 -147.310   1501.9    853.1
     1     1    19    10    23     4     0     2   -44.0   20.846 -146.984   1543.2    849.2
     1     1    19    10    23     3     0     3   -45.0   20.877 -146.648   1588.3    843.6
     1     1    19    10    23     2     0     2   -46.0   20.908 -146.311   1616.6    839.2
     1     1    19    10    23     1     0     1   -47.0   20.943 -145.974   1613.0    839.3
     1     1    19    10    23     0     0     0   -48.0   20.975 -145.632   1594.7    842.8
     1     1    19    10    22    23     0     1   -49.0   20.997 -145.291   1585.5    844.9
     1     1    19    10    22    22     0     2   -50.0   21.012 -144.962   1587.1    844.9
     1     1    19    10    22    21     0     3   -51.0   21.027 -144.630   1582.6    844.7
     1     1    19    10    22    20     0     2   -52.0   21.040 -144.269   1580.5    847.4
     1     1    19    10    22    19     0     1   -53.0   21.063 -143.909   1611.7    845.2
     1     1    19    10    22    18     0     0   -54.0   21.103 -143.576   1678.8    838.2
     1     1    19    10    22    17     0     1   -55.0   21.149 -143.259   1738.0    828.3
     1     1    19    10    22    16     0     2   -56.0   21.197 -142.943   1768.9    826.0
     1     1    19    10    22    15     0     3   -57.0   21.249 -142.633   1790.8    824.7
     1     1    19    10    22    14     0     2   -58.0   21.294 -142.330   1819.4    822.4
     1     1    19    10    22    13     0     1   -59.0   21.327 -142.029   1867.3    818.4
     1     1    19    10    22    12     0     0   -60.0   21.348 -141.728   1923.8    811.0
     1     1    19    10    22    11     0     1   -61.0   21.365 -141.420   1953.4    806.4
     1     1    19    10    22    10     0     2   -62.0   21.380 -141.100   1942.5    808.2
     1     1    19    10    22     9     0     3   -63.0   21.393 -140.767   1909.7    813.0
     1     1    19    10    22     8     0     2   -64.0   21.407 -140.425   1894.8    817.2
     1     1    19    10    22     7     0     1   -65.0   21.422 -140.080   1906.0    814.8
     1     1    19    10    22     6     0     0   -66.0   21.437 -139.734   1913.3    813.0
     1     1    19    10    22     5     0     1   -67.0   21.464 -139.393   1909.4    813.6
     1     1    19    10    22     4     0     2   -68.0   21.504 -139.067   1914.1    814.0
     1     1    19    10    22     3     0     3   -69.0   21.553 -138.763   1939.6    811.0
     1     1    19    10    22     2     0     2   -70.0   21.605 -138.472   1968.9    806.4
     1     1    19    10    22     1     0     1   -71.0   21.656 -138.185   1990.9    804.7
     1     1    19    10    22     0     0     0   -72.0   21.703 -137.902   2018.3    802.6
     1     1    19    10    21    23     0     1   -73.0   21.742 -137.615   2041.2    799.1
     1     1    19    10    21    22     0     2   -74.0   21.772 -137.317   2048.0    799.0
     1     1    19    10    21    21     0     3   -75.0   21.792 -137.006   2046.7    799.8
     1     1    19    10    21    20     0     2   -76.0   21.812 -136.686   2045.7    800.5
     1     1    19    10    21    19     0     1   -77.0   21.842 -136.358   2046.9    800.5
     1     1    19    10    21    18     0     0   -78.0   21.879 -136.022   2047.5    800.6
     1     1    19    10    21    17     0     1   -79.0   21.919 -135.683   2051.7    800.3
     1     1    19    10    21    16     0     2   -80.0   21.960 -135.351   2058.9    798.8
     1     1    19    10    21    15     0     3   -81.0   22.004 -135.021   2058.9    797.9
     1     1    19    10    21    14     0     2   -82.0   22.050 -134.689   2069.0    799.0
     1     1    19    10    21    13     0     1   -83.0   22.097 -134.349   2104.0    794.8
     1     1    19    10    21    12     0     0   -84.0   22.147 -133.999   2143.7    790.0
     1     1    19    10    21    11     0     1   -85.0   22.203 -133.642   2183.6    787.0
     1     1    19    10    21    10     0     2   -86.0   22.267 -133.282   2219.5    782.9
     1     1    19    10    21     9     0     3   -87.0   22.343 -132.921   2235.9    781.0
     1     1    19    10    21     8     0     2   -88.0   22.437 -132.558   2248.0    782.1
     1     1    19    10    21     7     0     1   -89.0   22.552 -132.197   2267.3    780.0
     1     1    19    10    21     6     0     0   -90.0   22.686 -131.842   2282.2    778.7
     1     1    19    10    21     5     0     1   -91.0   22.830 -131.502   2295.5    777.7
     1     1    19    10    21     4     0     2   -92.0   22.976 -131.177   2310.5    775.6
     1     1    19    10    21     3     0     3   -93.0   23.129 -130.862   2318.9    774.0
     1     1    19    10    21     2     0     2   -94.0   23.291 -130.553   2322.0    774.1
     1     1    19    10    21     1     0     1   -95.0   23.459 -130.257   2324.4    773.6
     1     1    19    10    21     0     0     0   -96.0   23.628 -129.977   2325.3    773.4
     1     1    19    10    20    23     0     1   -97.0   23.794 -129.704   2327.5    773.8
     1     1    19    10    20    22     0     2   -98.0   23.956 -129.427   2332.8    773.4
     1     1    19    10    20    21     0     3   -99.0   24.119 -129.147   2338.4    773.0
     1     1    19    10    20    20     0     2  -100.0   24.284 -128.872   2345.7    773.0
     1     1    19    10    20    19     0     1  -101.0   24.452 -128.606   2361.0    772.4
     1     1    19    10    20    18     0     0  -102.0   24.618 -128.345   2393.7    770.3
     1     1    19    10    20    17     0     1  -103.0   24.785 -128.095   2437.4    764.6
     1     1    19    10    20    16     0     2  -104.0   24.958 -127.854   2472.4    760.2
     1     1    19    10    20    15     0     3  -105.0   25.138 -127.622   2485.9    757.9
     1     1    19    10    20    14     0     2  -106.0   25.320 -127.406   2485.4    759.1
     1     1    19    10    20    13     0     1  -107.0   25.508 -127.205   2482.7    759.1
     1     1    19    10    20    12     0     0  -108.0   25.703 -127.015   2474.6    759.6
     1     1    19    10    20    11     0     1  -109.0   25.902 -126.823   2466.7    761.2
     1     1    19    10    20    10     0     2  -110.0   26.096 -126.623   2477.0    761.3
     1     1    19    10    20     9     0     3  -111.0   26.286 -126.425   2515.7    757.9
     1     1    19    10    20     8     0     2  -112.0   26.478 -126.239   2557.0    752.2
     1     1    19    10    20     7     0     1  -113.0   26.684 -126.062   2574.7    751.0
     1     1    19    10    20     6     0     0  -114.0   26.907 -125.886   2575.9    751.8
     1     1    19    10    20     5     0     1  -115.0   27.140 -125.713   2579.5    752.2
     1     1    19    10    20     4     0     2  -116.0   27.375 -125.546   2592.0    750.3
     1     1    19    10    20     3     0     3  -117.0   27.613 -125.383   2604.4    748.5
     1     1    19    10    20     2     0     2  -118.0   27.859 -125.229   2618.5    747.7
     1     1    19    10    20     1     0     1  -119.0   28.120 -125.090   2648.5    745.6
     1     1    19    10    20     0     0     0  -120.0   28.392 -124.968   2702.9    740.8
     1     1    19    10    19    23     0     1  -121.0   28.655 -124.869   2766.4    733.7
     1     1    19    10    19    22     0     2  -122.0   28.901 -124.787   2819.4    728.9
     1     1    19    10    19    21     0     3  -123.0   29.137 -124.713   2860.0    725.4
     1     1    19    10    19    20     0     2  -124.0   29.374 -124.664   2897.5    723.3
     1     1    19    10    19    19     0     1  -125.0   29.621 -124.644   2945.8    719.9
     1     1    19    10    19    18     0     0  -126.0   29.882 -124.640   3017.4    714.7
     1     1    19    10    19    17     0     1  -127.0   30.138 -124.646   3099.1    705.3
     1     1    19    10    19    16     0     2  -128.0   30.373 -124.669   3156.9    698.9
     1     1    19    10    19    15     0     3  -129.0   30.595 -124.717   3177.9    696.5
     1     1    19    10    19    14     0     2  -130.0   30.814 -124.789   3173.0    697.8
     1     1    19    10    19    13     0     1  -131.0   31.035 -124.869   3153.4    699.4
     1     1    19    10    19    12     0     0  -132.0   31.254 -124.951   3126.3    702.1
     1     1    19    10    19    11     0     1  -133.0   31.470 -125.038   3109.8    704.5
     1     1    19    10    19    10     0     2  -134.0   31.682 -125.132   3112.2    704.0
     1     1    19    10    19     9     0     3  -135.0   31.889 -125.231   3129.9    702.6
     1     1    19    10    19     8     0     2  -136.0   32.096 -125.333   3167.3    700.1
     1     1    19    10    19     7     0     1  -137.0   32.313 -125.438   3221.4    695.0
     1     1    19    10    19     6     0     0  -138.0   32.541 -125.550   3270.8    689.8
     1     1    19    10    19     5     0     1  -139.0   32.782 -125.683   3311.4    686.8
     1     1    19    10    19     4     0     2  -140.0   33.041 -125.845   3348.9    682.9
     1     1    19    10    19     3     0     3  -141.0   33.319 -126.030   3382.5    679.9
     1     1    19    10    19     2     0     2  -142.0   33.597 -126.247   3418.3    677.1
     1     1    19    10    19     1     0     1  -143.0   33.865 -126.506   3448.2    673.5
     1     1    19    10    19     0     0     0  -144.0   34.127 -126.797   3456.0    672.3
     1     1    19    10    18    23     0     1  -145.0   34.377 -127.110   3470.7    673.9
     1     1    19    10    18    22     0     2  -146.0   34.616 -127.453   3526.8    669.4
     1     1    19    10    18    21     0     3  -147.0   34.845 -127.840   3618.2    661.3
     1     1    19    10    18    20     0     2  -148.0   35.068 -128.260   3698.6    651.9
     1     1    19    10    18    19     0     1  -149.0   35.283 -128.694   3727.6    649.5
     1     1    19    10    18    18     0     0  -150.0   35.483 -129.150   3722.2    651.5
     1     1    19    10    18    17     0     1  -151.0   35.676 -129.623   3716.3    652.8
     1     1    19    10    18    16     0     2  -152.0   35.874 -130.100   3707.8    651.6
     1     1    19    10    18    15     0     3  -153.0   36.068 -130.576   3696.8    653.4
     1     1    19    10    18    14     0     2  -154.0   36.248 -131.054   3687.1    653.2
     1     1    19    10    18    13     0     1  -155.0   36.411 -131.535   3663.7    654.9
     1     1    19    10    18    12     0     0  -156.0   36.559 -132.004   3643.3    658.2
     1     1    19    10    18    11     0     1  -157.0   36.704 -132.471   3653.5    658.2
     1     1    19    10    18    10     0     2  -158.0   36.867 -132.945   3702.2    654.2
     1     1    19    10    18     9     0     3  -159.0   37.039 -133.401   3774.6    647.1
     1     1    19    10    18     8     0     2  -160.0   37.213 -133.853   3842.3    640.8
     1     1    19    10    18     7     0     1  -161.0   37.399 -134.330   3889.0    636.6
     1     1    19    10    18     6     0     0  -162.0   37.608 -134.834   3925.0    635.1
     1     1    19    10    18     5     0     1  -163.0   37.836 -135.355   3957.4    631.4
     1     1    19    10    18     4     0     2  -164.0   38.065 -135.888   3961.5    629.7
     1     1    19    10    18     3     0     3  -165.0   38.297 -136.439   3944.4    632.3
     1     1    19    10    18     2     0     2  -166.0   38.542 -137.028   3940.6    633.6
     1     1    19    10    18     1     0     1  -167.0   38.791 -137.659   3941.0    631.8
     1     1    19    10    18     0     0     0  -168.0   39.039 -138.322   3920.5    633.1
     1     1    19    10    17    23     0     1  -169.0   39.298 -139.004   3916.5    636.4
     1     1    19    10    17    22     0     2  -170.0   39.557 -139.708   3936.9    632.3
     1     1    19    10    17    21     0     3  -171.0   39.791 -140.446   3964.0    631.4
     1     1    19    10    17    20     0     2  -172.0   40.031 -141.234   3997.1    627.6
     1     1    19    10    17    19     0     1  -173.0   40.285 -142.060   4011.5    626.3
     1     1    19    10    17    18     0     0  -174.0   40.536 -142.901   3988.0    627.3
     1     1    19    10    17    17     0     1  -175.0   40.783 -143.772   3968.6    630.3
     1     1    19    10    17    16     0     2  -176.0   41.027 -144.706   4004.8    625.9
     1     1    19    10    17    15     0     3  -177.0   41.261 -145.663   4025.1    624.7
     1     1    19    10    17    14     0     2  -178.0   41.487 -146.649   4062.5    621.0
     1     1    19    10    17    13     0     1  -179.0   41.694 -147.649   4085.8    619.6
     1     1    19    10    17    12     0     0  -180.0   41.886 -148.662   4107.0    618.1
     1     1    19    10    17    11     0     1  -181.0   42.069 -149.686   4135.8    615.9
     1     1    19    10    17    10     0     2  -182.0   42.243 -150.725   4142.0    614.9
     1     1    19    10    17     9     0     3  -183.0   42.408 -151.753   4113.4    618.0
     1     1    19    10    17     8     0     2  -184.0   42.574 -152.785   4101.3    618.8
     1     1    19    10    17     7     0     1  -185.0   42.740 -153.825   4111.2    618.3
     1     1    19    10    17     6     0     0  -186.0   42.911 -154.857   4136.2    615.3
     1     1    19    10    17     5     0     1  -187.0   43.092 -155.924   4146.7    614.7
     1     1    19    10    17     4     0     2  -188.0   43.267 -157.048   4178.1    612.4
     1     1    19    10    17     3     0     3  -189.0   43.442 -158.229   4185.9    610.1
     1     1    19    10    17     2     0     2  -190.0   43.594 -159.431   4156.9    613.7
     1     1    19    10    17     1     0     1  -191.0   43.720 -160.647   4136.8    615.3
     1     1    19    10    17     0     0     0  -192.0   43.818 -161.874   4134.0    615.3
     1     1    19    10    16    23     0     1  -193.0   43.913 -163.181   4131.8    615.2
     1     1    19    10    16    22     0     2  -194.0   43.988 -164.493   4122.7    615.5
     1     1    19    10    16    21     0     3  -195.0   44.027 -165.712   4045.6    622.5
     1     1    19    10    16    20     0     2  -196.0   44.061 -166.885   3970.7    628.0
     1     1    19    10    16    19     0     1  -197.0   44.068 -168.024   3907.0    632.8
     1     1    19    10    16    18     0     0  -198.0   44.035 -169.157   3843.7    638.3
     1     1    19    10    16    17     0     1  -199.0   43.989 -170.262   3804.5    640.8
     1     1    19    10    16    16     0     2  -200.0   43.928 -171.336   3723.6    647.6
     1     1    19    10    16    15     0     3  -201.0   43.856 -172.415   3629.2    655.7
     1     1    19    10    16    14     0     2  -202.0   43.771 -173.506   3554.2    661.8
     1     1    19    10    16    13     0     1  -203.0   43.663 -174.621   3500.4    668.2
     1     1    19    10    16    12     0     0  -204.0   43.536 -175.722   3502.3    666.9
     1     1    19    10    16    11     0     1  -205.0   43.393 -176.772   3507.2    666.8
     1     1    19    10    16    10     0     2  -206.0   43.257 -177.757   3493.4    666.8
     1     1    19    10    16     9     0     3  -207.0   43.124 -178.669   3435.9    673.7
     1     1    19    10    16     8     0     2  -208.0   43.002 -179.541   3413.3    674.0
     1     1    19    10    16     7     0     1  -209.0   42.912  179.581   3365.2    678.0
     1     1    19    10    16     6     0     0  -210.0   42.831  178.702   3262.6    686.6
     1     1    19    10    16     5     0     1  -211.0   42.741  177.854   3158.8    696.4
     1     1    19    10    16     4     0     2  -212.0   42.629  176.991   3109.8    699.5
     1     1    19    10    16     3     0     3  -213.0   42.516  176.111   3068.3    703.2
     1     1    19    10    16     2     0     2  -214.0   42.384  175.235   3033.3    705.7
     1     1    19    10    16     1     0     1  -215.0   42.236  174.393   2988.0    710.6
     1     1    19    10    16     0     0     0  -216.0   42.069  173.579   2970.3    711.8
     1     1    19    10    15    23     0     1  -217.0   41.878  172.805   2948.3    713.4
     1     1    19    10    15    22     0     2  -218.0   41.676  172.085   2873.0    719.8
     1     1    19    10    15    21     0     3  -219.0   41.469  171.422   2781.0    730.2
     1     1    19    10    15    20     0     2  -220.0   41.261  170.792   2720.3    735.8
     1     1    19    10    15    19     0     1  -221.0   41.063  170.192   2655.0    738.6
     1     1    19    10    15    18     0     0  -222.0   40.877  169.627   2567.2    748.0
     1     1    19    10    15    17     0     1  -223.0   40.699  169.083   2485.3    756.7
     1     1    19    10    15    16     0     2  -224.0   40.520  168.548   2413.7    762.2
     1     1    19    10    15    15     0     3  -225.0   40.346  168.023   2345.3    769.0
     1     1    19    10    15    14     0     2  -226.0   40.174  167.524   2297.6    775.1
     1     1    19    10    15    13     0     1  -227.0   39.994  167.058   2290.8    777.0
     1     1    19    10    15    12     0     0  -228.0   39.809  166.611   2311.5    773.7
     1     1    19    10    15    11     0     1  -229.0   39.621  166.192   2324.8    770.9
     1     1    19    10    15    10     0     2  -230.0   39.434  165.817   2319.6    772.1
     1     1    19    10    15     9     0     3  -231.0   39.246  165.486   2290.2    774.1
     1     1    19    10    15     8     0     2  -232.0   39.064  165.205   2243.5    780.1
     1     1    19    10    15     7     0     1  -233.0   38.890  164.982   2206.4    784.6
     1     1    19    10    15     6     0     0  -234.0   38.720  164.809   2180.8    786.4
     1     1    19    10    15     5     0     1  -235.0   38.560  164.673   2158.1    788.3
     1     1    19    10    15     4     0     2  -236.0   38.416  164.566   2138.6    790.5
     1     1    19    10    15     3     0     3  -237.0   38.287  164.488   2128.2    791.7
     1     1    19    10    15     2     0     2  -238.0   38.182  164.434   2121.4    792.3
     1     1    19    10    15     1     0     1  -239.0   38.104  164.403   2111.4    793.9
     1     1    19    10    15     0     0     0  -240.0   38.056  164.396   2099.0    795.8
