     7     1
    GDAS    18    12     1     0     0
    GDAS    19     1     1     0     0
    GDAS    19     2     1     0     0
    GDAS    19     3     1     0     0
    GDAS    19     4     1     0     0
    GDAS    19     5     1     0     0
    GDAS    19     6     1     0     0
     1 BACKWARD OMEGA   
    19     6    16    18   21.319 -157.670    10.0
     1 PRESSURE
     1     1    19     6    16    18     0     0     0.0   21.319 -157.670     10.0   1012.5
     1     1    19     6    16    17     0     1    -1.0   21.382 -157.465     40.5   1009.1
     1     1    19     6    16    16     0     2    -2.0   21.428 -157.231    121.2    998.0
     1     1    19     6    16    15     0     3    -3.0   21.460 -156.972    210.3    984.9
     1     1    19     6    16    14     0     2    -4.0   21.475 -156.691    280.8    978.1
     1     1    19     6    16    13     0     1    -5.0   21.470 -156.391    323.3    974.3
     1     1    19     6    16    12     0     0    -6.0   21.446 -156.075    325.5    974.8
     1     1    19     6    16    11     0     1    -7.0   21.414 -155.745    304.8    981.1
     1     1    19     6    16    10     0     2    -8.0   21.398 -155.410    285.7    984.2
     1     1    19     6    16     9     0     3    -9.0   21.408 -155.078    262.2    987.1
     1     1    19     6    16     8     0     2   -10.0   21.441 -154.753    242.3    990.3
     1     1    19     6    16     7     0     1   -11.0   21.491 -154.434    236.6    990.5
     1     1    19     6    16     6     0     0   -12.0   21.557 -154.124    240.7    989.6
     1     1    19     6    16     5     0     1   -13.0   21.630 -153.824    247.6    988.3
     1     1    19     6    16     4     0     2   -14.0   21.703 -153.530    252.5    987.5
     1     1    19     6    16     3     0     3   -15.0   21.775 -153.241    252.4    987.1
     1     1    19     6    16     2     0     2   -16.0   21.847 -152.958    248.4    987.8
     1     1    19     6    16     1     0     1   -17.0   21.916 -152.677    245.1    988.4
     1     1    19     6    16     0     0     0   -18.0   21.978 -152.401    241.3    988.6
     1     1    19     6    15    23     0     1   -19.0   22.037 -152.130    236.4    990.1
     1     1    19     6    15    22     0     2   -20.0   22.096 -151.859    235.1    991.1
     1     1    19     6    15    21     0     3   -21.0   22.151 -151.589    240.5    991.2
     1     1    19     6    15    20     0     2   -22.0   22.201 -151.323    247.4    989.8
     1     1    19     6    15    19     0     1   -23.0   22.254 -151.064    247.9    989.7
     1     1    19     6    15    18     0     0   -24.0   22.315 -150.814    245.8    990.4
     1     1    19     6    15    17     0     1   -25.0   22.379 -150.565    246.9    990.2
     1     1    19     6    15    16     0     2   -26.0   22.445 -150.310    249.7    989.3
     1     1    19     6    15    15     0     3   -27.0   22.511 -150.051    247.1    988.9
     1     1    19     6    15    14     0     2   -28.0   22.581 -149.799    243.3    990.1
     1     1    19     6    15    13     0     1   -29.0   22.658 -149.561    244.6    989.7
     1     1    19     6    15    12     0     0   -30.0   22.739 -149.332    246.4    989.1
     1     1    19     6    15    11     0     1   -31.0   22.816 -149.106    241.2    989.7
     1     1    19     6    15    10     0     2   -32.0   22.881 -148.884    226.1    991.9
     1     1    19     6    15     9     0     3   -33.0   22.934 -148.671    202.2    994.9
     1     1    19     6    15     8     0     2   -34.0   22.983 -148.458    179.5    998.4
     1     1    19     6    15     7     0     1   -35.0   23.036 -148.236    166.2    999.8
     1     1    19     6    15     6     0     0   -36.0   23.089 -148.006    161.8   1000.1
     1     1    19     6    15     5     0     1   -37.0   23.145 -147.779    161.1    999.2
     1     1    19     6    15     4     0     2   -38.0   23.209 -147.562    159.5    999.1
     1     1    19     6    15     3     0     3   -39.0   23.278 -147.353    157.2    999.1
     1     1    19     6    15     2     0     2   -40.0   23.343 -147.149    157.0    999.5
     1     1    19     6    15     1     0     1   -41.0   23.394 -146.946    161.8    998.9
     1     1    19     6    15     0     0     0   -42.0   23.433 -146.745    171.0    997.6
     1     1    19     6    14    23     0     1   -43.0   23.467 -146.545    181.6    996.7
     1     1    19     6    14    22     0     2   -44.0   23.493 -146.342    191.2    996.2
     1     1    19     6    14    21     0     3   -45.0   23.508 -146.137    200.4    995.8
     1     1    19     6    14    20     0     2   -46.0   23.521 -145.931    207.3    994.7
     1     1    19     6    14    19     0     1   -47.0   23.546 -145.723    208.9    994.4
     1     1    19     6    14    18     0     0   -48.0   23.578 -145.513    203.7    994.9
     1     1    19     6    14    17     0     1   -49.0   23.611 -145.306    196.8    996.0
     1     1    19     6    14    16     0     2   -50.0   23.642 -145.109    193.8    996.0
     1     1    19     6    14    15     0     3   -51.0   23.673 -144.922    194.0    995.7
     1     1    19     6    14    14     0     2   -52.0   23.702 -144.736    193.7    995.1
     1     1    19     6    14    13     0     1   -53.0   23.723 -144.545    186.8    995.2
     1     1    19     6    14    12     0     0   -54.0   23.735 -144.351    168.1    996.9
     1     1    19     6    14    11     0     1   -55.0   23.746 -144.150    150.6   1001.5
     1     1    19     6    14    10     0     2   -56.0   23.763 -143.938    149.0   1002.4
     1     1    19     6    14     9     0     3   -57.0   23.788 -143.715    167.1   1000.6
     1     1    19     6    14     8     0     2   -58.0   23.827 -143.491    188.9    995.7
     1     1    19     6    14     7     0     1   -59.0   23.878 -143.278    198.2    994.9
     1     1    19     6    14     6     0     0   -60.0   23.936 -143.074    203.4    994.8
     1     1    19     6    14     5     0     1   -61.0   24.000 -142.879    209.8    994.0
     1     1    19     6    14     4     0     2   -62.0   24.073 -142.692    214.6    992.9
     1     1    19     6    14     3     0     3   -63.0   24.159 -142.514    215.1    992.8
     1     1    19     6    14     2     0     2   -64.0   24.243 -142.346    213.2    993.0
     1     1    19     6    14     1     0     1   -65.0   24.310 -142.192    211.2    993.2
     1     1    19     6    14     0     0     0   -66.0   24.360 -142.050    210.2    993.3
     1     1    19     6    13    23     0     1   -67.0   24.395 -141.908    208.5    994.0
     1     1    19     6    13    22     0     2   -68.0   24.419 -141.756    204.2    995.4
     1     1    19     6    13    21     0     3   -69.0   24.430 -141.596    198.7    996.9
     1     1    19     6    13    20     0     2   -70.0   24.438 -141.426    196.8    997.5
     1     1    19     6    13    19     0     1   -71.0   24.451 -141.248    200.4    996.7
     1     1    19     6    13    18     0     0   -72.0   24.472 -141.062    205.3    995.8
     1     1    19     6    13    17     0     1   -73.0   24.498 -140.875    208.9    995.1
     1     1    19     6    13    16     0     2   -74.0   24.527 -140.691    209.9    994.7
     1     1    19     6    13    15     0     3   -75.0   24.560 -140.508    206.7    994.7
     1     1    19     6    13    14     0     2   -76.0   24.600 -140.330    199.4    995.4
     1     1    19     6    13    13     0     1   -77.0   24.647 -140.162    188.8    996.2
     1     1    19     6    13    12     0     0   -78.0   24.702 -140.004    174.4    997.7
     1     1    19     6    13    11     0     1   -79.0   24.762 -139.851    159.8   1000.5
     1     1    19     6    13    10     0     2   -80.0   24.825 -139.695    149.3   1002.5
     1     1    19     6    13     9     0     3   -81.0   24.893 -139.536    145.4   1003.7
     1     1    19     6    13     8     0     2   -82.0   24.966 -139.376    144.3   1003.1
     1     1    19     6    13     7     0     1   -83.0   25.047 -139.222    141.9   1003.5
     1     1    19     6    13     6     0     0   -84.0   25.133 -139.077    139.2   1003.9
     1     1    19     6    13     5     0     1   -85.0   25.229 -138.948    140.4   1004.1
     1     1    19     6    13     4     0     2   -86.0   25.340 -138.838    148.5   1002.8
     1     1    19     6    13     3     0     3   -87.0   25.463 -138.747    161.8   1000.9
     1     1    19     6    13     2     0     2   -88.0   25.581 -138.668    172.1    998.7
     1     1    19     6    13     1     0     1   -89.0   25.683 -138.599    173.4    998.9
     1     1    19     6    13     0     0     0   -90.0   25.768 -138.537    169.0    999.7
     1     1    19     6    12    23     0     1   -91.0   25.836 -138.478    162.4   1001.2
     1     1    19     6    12    22     0     2   -92.0   25.883 -138.416    155.4   1002.5
     1     1    19     6    12    21     0     3   -93.0   25.909 -138.350    147.6   1004.0
     1     1    19     6    12    20     0     2   -94.0   25.927 -138.276    139.1   1005.3
     1     1    19     6    12    19     0     1   -95.0   25.948 -138.189    130.0   1006.3
     1     1    19     6    12    18     0     0   -96.0   25.972 -138.091    120.4   1007.3
     1     1    19     6    12    17     0     1   -97.0   26.000 -137.986    109.8   1008.2
     1     1    19     6    12    16     0     2   -98.0   26.036 -137.883     98.7   1009.2
     1     1    19     6    12    15     0     3   -99.0   26.080 -137.779     87.9   1010.1
     1     1    19     6    12    14     0     2  -100.0   26.134 -137.676     79.4   1010.7
     1     1    19     6    12    13     0     1  -101.0   26.203 -137.575     74.6   1010.5
     1     1    19     6    12    12     0     0  -102.0   26.285 -137.479     73.1   1010.0
     1     1    19     6    12    11     0     1  -103.0   26.377 -137.388     73.1   1010.4
     1     1    19     6    12    10     0     2  -104.0   26.473 -137.306     73.1   1011.1
     1     1    19     6    12     9     0     3  -105.0   26.575 -137.230     73.1   1011.8
     1     1    19     6    12     8     0     2  -106.0   26.678 -137.159     73.1   1011.4
     1     1    19     6    12     7     0     1  -107.0   26.781 -137.092     73.1   1010.9
     1     1    19     6    12     6     0     0  -108.0   26.880 -137.030     73.1   1010.2
     1     1    19     6    12     5     0     1  -109.0   26.982 -136.975     73.1   1010.2
     1     1    19     6    12     4     0     2  -110.0   27.093 -136.931     73.1   1010.2
     1     1    19     6    12     3     0     3  -111.0   27.214 -136.897     73.1   1010.0
     1     1    19     6    12     2     0     2  -112.0   27.338 -136.872     73.1   1010.2
     1     1    19     6    12     1     0     1  -113.0   27.455 -136.854     73.1   1010.4
     1     1    19     6    12     0     0     0  -114.0   27.568 -136.842     73.1   1010.6
     1     1    19     6    11    23     0     1  -115.0   27.674 -136.833     72.7   1011.0
     1     1    19     6    11    22     0     2  -116.0   27.772 -136.823     71.7   1011.5
     1     1    19     6    11    21     0     3  -117.0   27.863 -136.812     70.7   1012.1
     1     1    19     6    11    20     0     2  -118.0   27.951 -136.798     70.1   1012.4
     1     1    19     6    11    19     0     1  -119.0   28.039 -136.777     69.9   1012.6
     1     1    19     6    11    18     0     0  -120.0   28.125 -136.749     69.9   1012.8
     1     1    19     6    11    17     0     1  -121.0   28.213 -136.713     69.9   1011.9
     1     1    19     6    11    16     0     2  -122.0   28.303 -136.668     69.9   1011.1
     1     1    19     6    11    15     0     3  -123.0   28.396 -136.613     69.9   1010.2
     1     1    19     6    11    14     0     2  -124.0   28.494 -136.553     69.9   1010.3
     1     1    19     6    11    13     0     1  -125.0   28.601 -136.491     69.9   1010.3
     1     1    19     6    11    12     0     0  -126.0   28.717 -136.426     69.9   1010.3
     1     1    19     6    11    11     0     1  -127.0   28.843 -136.355     69.9   1010.5
     1     1    19     6    11    10     0     2  -128.0   28.981 -136.275     69.9   1010.7
     1     1    19     6    11     9     0     3  -129.0   29.131 -136.187     69.9   1010.9
     1     1    19     6    11     8     0     2  -130.0   29.293 -136.096     70.6   1011.0
     1     1    19     6    11     7     0     1  -131.0   29.467 -136.009     72.6   1010.7
     1     1    19     6    11     6     0     0  -132.0   29.653 -135.928     76.0   1010.3
     1     1    19     6    11     5     0     1  -133.0   29.847 -135.853     79.6   1009.8
     1     1    19     6    11     4     0     2  -134.0   30.040 -135.785     81.9   1009.5
     1     1    19     6    11     3     0     3  -135.0   30.231 -135.726     82.6   1009.4
     1     1    19     6    11     2     0     2  -136.0   30.418 -135.670     82.6   1009.9
     1     1    19     6    11     1     0     1  -137.0   30.601 -135.612     82.6   1010.4
     1     1    19     6    11     0     0     0  -138.0   30.780 -135.556     82.6   1010.9
     1     1    19     6    10    23     0     1  -139.0   30.957 -135.491     82.6   1011.4
     1     1    19     6    10    22     0     2  -140.0   31.131 -135.410     82.6   1011.8
     1     1    19     6    10    21     0     3  -141.0   31.305 -135.312     82.6   1012.2
     1     1    19     6    10    20     0     2  -142.0   31.482 -135.200     82.6   1012.5
     1     1    19     6    10    19     0     1  -143.0   31.668 -135.078     82.6   1012.7
     1     1    19     6    10    18     0     0  -144.0   31.862 -134.947     82.6   1013.0
     1     1    19     6    10    17     0     1  -145.0   32.067 -134.807     82.6   1012.5
     1     1    19     6    10    16     0     2  -146.0   32.285 -134.663     82.6   1012.2
     1     1    19     6    10    15     0     3  -147.0   32.517 -134.515     82.6   1012.0
     1     1    19     6    10    14     0     2  -148.0   32.759 -134.365     82.6   1012.0
     1     1    19     6    10    13     0     1  -149.0   33.009 -134.213     82.6   1012.0
     1     1    19     6    10    12     0     0  -150.0   33.267 -134.060     82.6   1012.1
     1     1    19     6    10    11     0     1  -151.0   33.526 -133.901     82.6   1012.4
     1     1    19     6    10    10     0     2  -152.0   33.785 -133.735     82.6   1012.7
     1     1    19     6    10     9     0     3  -153.0   34.043 -133.563     82.6   1013.1
     1     1    19     6    10     8     0     2  -154.0   34.306 -133.388     82.3   1013.6
     1     1    19     6    10     7     0     1  -155.0   34.577 -133.214     81.5   1014.0
     1     1    19     6    10     6     0     0  -156.0   34.857 -133.043     80.7   1014.1
     1     1    19     6    10     5     0     1  -157.0   35.142 -132.878     80.4   1014.6
     1     1    19     6    10     4     0     2  -158.0   35.430 -132.720     80.4   1015.0
     1     1    19     6    10     3     0     3  -159.0   35.720 -132.571     80.4   1015.1
     1     1    19     6    10     2     0     2  -160.0   36.015 -132.426     80.8   1015.4
     1     1    19     6    10     1     0     1  -161.0   36.319 -132.283     82.3   1015.6
     1     1    19     6    10     0     0     0  -162.0   36.629 -132.141     85.3   1015.5
     1     1    19     6     9    23     0     1  -163.0   36.940 -132.009     89.3   1015.3
     1     1    19     6     9    22     0     2  -164.0   37.248 -131.891     93.2   1015.2
     1     1    19     6     9    21     0     3  -165.0   37.554 -131.785     96.9   1015.1
     1     1    19     6     9    20     0     2  -166.0   37.857 -131.686    101.2   1015.0
     1     1    19     6     9    19     0     1  -167.0   38.158 -131.593    106.6   1014.6
     1     1    19     6     9    18     0     0  -168.0   38.455 -131.504    113.5   1014.2
     1     1    19     6     9    17     0     1  -169.0   38.747 -131.417    119.9   1013.5
     1     1    19     6     9    16     0     2  -170.0   39.034 -131.325    123.9   1013.3
     1     1    19     6     9    15     0     3  -171.0   39.313 -131.229    125.3   1013.4
     1     1    19     6     9    14     0     2  -172.0   39.585 -131.130    126.7   1013.6
     1     1    19     6     9    13     0     1  -173.0   39.853 -131.030    131.0   1013.2
     1     1    19     6     9    12     0     0  -174.0   40.116 -130.926    138.3   1012.5
     1     1    19     6     9    11     0     1  -175.0   40.377 -130.826    146.1   1011.2
     1     1    19     6     9    10     0     2  -176.0   40.634 -130.737    151.0   1010.6
     1     1    19     6     9     9     0     3  -177.0   40.884 -130.659    152.8   1010.5
     1     1    19     6     9     8     0     2  -178.0   41.122 -130.585    154.6   1011.0
     1     1    19     6     9     7     0     1  -179.0   41.345 -130.507    159.7   1010.5
     1     1    19     6     9     6     0     0  -180.0   41.553 -130.425    168.2   1009.7
     1     1    19     6     9     5     0     1  -181.0   41.750 -130.340    178.9   1008.1
     1     1    19     6     9     4     0     2  -182.0   41.936 -130.258    189.4   1006.8
     1     1    19     6     9     3     0     3  -183.0   42.109 -130.183    199.3   1005.6
     1     1    19     6     9     2     0     2  -184.0   42.270 -130.114    208.1   1004.7
     1     1    19     6     9     1     0     1  -185.0   42.419 -130.049    217.0   1003.9
     1     1    19     6     9     0     0     0  -186.0   42.558 -129.989    228.2   1003.0
     1     1    19     6     8    23     0     1  -187.0   42.690 -129.925    239.9   1001.5
     1     1    19     6     8    22     0     2  -188.0   42.819 -129.853    248.1   1000.7
     1     1    19     6     8    21     0     3  -189.0   42.946 -129.770    251.2   1000.4
     1     1    19     6     8    20     0     2  -190.0   43.072 -129.686    251.7   1000.6
     1     1    19     6     8    19     0     1  -191.0   43.195 -129.610    252.7   1000.5
     1     1    19     6     8    18     0     0  -192.0   43.315 -129.545    253.6   1000.4
     1     1    19     6     8    17     0     1  -193.0   43.436 -129.492    254.2   1000.0
     1     1    19     6     8    16     0     2  -194.0   43.561 -129.454    255.2    999.5
     1     1    19     6     8    15     0     3  -195.0   43.690 -129.430    256.2    999.1
     1     1    19     6     8    14     0     2  -196.0   43.823 -129.423    257.4    998.9
     1     1    19     6     8    13     0     1  -197.0   43.962 -129.433    258.5    998.8
     1     1    19     6     8    12     0     0  -198.0   44.106 -129.461    260.5    998.6
     1     1    19     6     8    11     0     1  -199.0   44.256 -129.518    266.3    998.3
     1     1    19     6     8    10     0     2  -200.0   44.411 -129.613    277.6    996.7
     1     1    19     6     8     9     0     3  -201.0   44.572 -129.743    293.0    994.7
     1     1    19     6     8     8     0     2  -202.0   44.734 -129.906    307.4    992.1
     1     1    19     6     8     7     0     1  -203.0   44.891 -130.093    316.1    990.8
     1     1    19     6     8     6     0     0  -204.0   45.041 -130.304    318.9    990.2
     1     1    19     6     8     5     0     1  -205.0   45.185 -130.533    318.9    990.3
     1     1    19     6     8     4     0     2  -206.0   45.326 -130.777    318.9    990.1
     1     1    19     6     8     3     0     3  -207.0   45.467 -131.033    318.9    989.8
     1     1    19     6     8     2     0     2  -208.0   45.608 -131.293    318.9    989.6
     1     1    19     6     8     1     0     1  -209.0   45.753 -131.549    318.9    989.4
     1     1    19     6     8     0     0     0  -210.0   45.903 -131.800    318.9    989.2
     1     1    19     6     7    23     0     1  -211.0   46.062 -132.056    320.6    989.1
     1     1    19     6     7    22     0     2  -212.0   46.228 -132.332    326.1    988.2
     1     1    19     6     7    21     0     3  -213.0   46.405 -132.628    335.4    986.9
     1     1    19     6     7    20     0     2  -214.0   46.587 -132.938    347.9    985.1
     1     1    19     6     7    19     0     1  -215.0   46.769 -133.261    361.7    983.1
     1     1    19     6     7    18     0     0  -216.0   46.954 -133.599    375.3    981.2
     1     1    19     6     7    17     0     1  -217.0   47.145 -133.949    384.7    979.6
     1     1    19     6     7    16     0     2  -218.0   47.337 -134.310    389.6    979.0
     1     1    19     6     7    15     0     3  -219.0   47.530 -134.679    389.8    978.5
     1     1    19     6     7    14     0     2  -220.0   47.728 -135.051    386.2    979.0
     1     1    19     6     7    13     0     1  -221.0   47.932 -135.419    383.6    979.2
     1     1    19     6     7    12     0     0  -222.0   48.144 -135.785    381.2    979.0
     1     1    19     6     7    11     0     1  -223.0   48.357 -136.157    381.8    979.5
     1     1    19     6     7    10     0     2  -224.0   48.565 -136.541    390.2    978.6
     1     1    19     6     7     9     0     3  -225.0   48.773 -136.940    405.6    976.9
     1     1    19     6     7     8     0     2  -226.0   48.980 -137.349    421.6    974.4
     1     1    19     6     7     7     0     1  -227.0   49.188 -137.761    433.4    972.9
     1     1    19     6     7     6     0     0  -228.0   49.399 -138.182    442.4    971.6
     1     1    19     6     7     5     0     1  -229.0   49.612 -138.614    449.2    970.7
     1     1    19     6     7     4     0     2  -230.0   49.828 -139.063    454.0    970.1
     1     1    19     6     7     3     0     3  -231.0   50.045 -139.527    456.0    969.6
     1     1    19     6     7     2     0     2  -232.0   50.255 -139.999    457.1    969.8
     1     1    19     6     7     1     0     1  -233.0   50.454 -140.471    460.8    969.3
     1     1    19     6     7     0     0     0  -234.0   50.647 -140.947    467.5    968.4
     1     1    19     6     6    23     0     1  -235.0   50.836 -141.432    473.9    967.0
     1     1    19     6     6    22     0     2  -236.0   51.017 -141.935    477.4    966.5
     1     1    19     6     6    21     0     3  -237.0   51.191 -142.449    482.7    966.3
     1     1    19     6     6    20     0     2  -238.0   51.360 -142.961    493.0    964.7
     1     1    19     6     6    19     0     1  -239.0   51.525 -143.462    501.6    962.8
     1     1    19     6     6    18     0     0  -240.0   51.685 -143.954    505.8    962.4
