     7     1
    GDAS    19     6     1     0     0
    GDAS    19     7     1     0     0
    GDAS    19     8     1     0     0
    GDAS    19     9     1     0     0
    GDAS    19    10     1     0     0
    GDAS    19    11     1     0     0
    GDAS    19    12     1     0     0
     1 BACKWARD OMEGA   
    19    12    28    12   21.319 -157.670    10.0
     1 PRESSURE
     1     1    19    12    28    12     0     0     0.0   21.319 -157.670     10.0   1014.6
     1     1    19    12    28    11     0     1    -1.0   21.453 -157.420     29.5   1012.0
     1     1    19    12    28    10     0     2    -2.0   21.605 -157.145     88.5   1005.5
     1     1    19    12    28     9     0     3    -3.0   21.794 -156.819    142.3    997.7
     1     1    19    12    28     8     0     2    -4.0   22.006 -156.464    143.2    998.4
     1     1    19    12    28     7     0     1    -5.0   22.227 -156.133    125.4   1003.8
     1     1    19    12    28     6     0     0    -6.0   22.467 -155.833    113.9   1004.8
     1     1    19    12    28     5     0     1    -7.0   22.731 -155.550    109.6   1004.9
     1     1    19    12    28     4     0     2    -8.0   23.022 -155.273    109.0   1004.1
     1     1    19    12    28     3     0     3    -9.0   23.333 -155.017    108.7   1003.9
     1     1    19    12    28     2     0     2   -10.0   23.639 -154.787    108.8   1003.6
     1     1    19    12    28     1     0     1   -11.0   23.938 -154.572    111.9   1003.4
     1     1    19    12    28     0     0     0   -12.0   24.239 -154.362    117.6   1002.2
     1     1    19    12    27    23     0     1   -13.0   24.547 -154.162    120.0   1002.4
     1     1    19    12    27    22     0     2   -14.0   24.874 -153.973    123.5   1003.5
     1     1    19    12    27    21     0     3   -15.0   25.231 -153.794    132.5   1003.1
     1     1    19    12    27    20     0     2   -16.0   25.605 -153.645    140.5   1001.6
     1     1    19    12    27    19     0     1   -17.0   25.989 -153.536    142.9   1001.0
     1     1    19    12    27    18     0     0   -18.0   26.388 -153.463    141.3   1001.1
     1     1    19    12    27    17     0     1   -19.0   26.795 -153.434    140.3   1000.9
     1     1    19    12    27    16     0     2   -20.0   27.206 -153.458    138.8   1000.1
     1     1    19    12    27    15     0     3   -21.0   27.621 -153.539    133.6   1000.0
     1     1    19    12    27    14     0     2   -22.0   28.013 -153.658    129.2   1000.3
     1     1    19    12    27    13     0     1   -23.0   28.358 -153.813    126.6    999.8
     1     1    19    12    27    12     0     0   -24.0   28.658 -154.020    121.4    999.8
     1     1    19    12    27    11     0     1   -25.0   28.939 -154.273    117.2   1000.9
     1     1    19    12    27    10     0     2   -26.0   29.220 -154.560    118.2   1000.9
     1     1    19    12    27     9     0     3   -27.0   29.485 -154.881    125.0   1000.4
     1     1    19    12    27     8     0     2   -28.0   29.730 -155.223    134.6    998.5
     1     1    19    12    27     7     0     1   -29.0   29.957 -155.570    138.2    996.7
     1     1    19    12    27     6     0     0   -30.0   30.166 -155.929    127.0    996.8
     1     1    19    12    27     5     0     1   -31.0   30.363 -156.304    113.8    998.9
     1     1    19    12    27     4     0     2   -32.0   30.563 -156.697    109.4    998.4
     1     1    19    12    27     3     0     3   -33.0   30.765 -157.101    107.9    997.7
     1     1    19    12    27     2     0     2   -34.0   30.956 -157.503    105.8    997.0
     1     1    19    12    27     1     0     1   -35.0   31.129 -157.896    103.6    996.4
     1     1    19    12    27     0     0     0   -36.0   31.296 -158.284    104.8    995.5
     1     1    19    12    26    23     0     1   -37.0   31.453 -158.669    108.4    995.0
     1     1    19    12    26    22     0     2   -38.0   31.591 -159.067    108.4    994.9
     1     1    19    12    26    21     0     3   -39.0   31.733 -159.483    104.1    995.7
     1     1    19    12    26    20     0     2   -40.0   31.892 -159.892     98.1    995.8
     1     1    19    12    26    19     0     1   -41.0   32.038 -160.287     92.2    995.9
     1     1    19    12    26    18     0     0   -42.0   32.172 -160.691     89.0    995.7
     1     1    19    12    26    17     0     1   -43.0   32.318 -161.100     89.3    995.1
     1     1    19    12    26    16     0     2   -44.0   32.463 -161.503     89.7    994.3
     1     1    19    12    26    15     0     3   -45.0   32.600 -161.911     90.3    993.9
     1     1    19    12    26    14     0     2   -46.0   32.727 -162.313     92.3    993.3
     1     1    19    12    26    13     0     1   -47.0   32.824 -162.690     90.9    992.5
     1     1    19    12    26    12     0     0   -48.0   32.876 -163.062     79.6    993.1
     1     1    19    12    26    11     0     1   -49.0   32.911 -163.422     66.8    996.2
     1     1    19    12    26    10     0     2   -50.0   32.944 -163.761     59.9    997.0
     1     1    19    12    26     9     0     3   -51.0   32.949 -164.079     57.9    997.1
     1     1    19    12    26     8     0     2   -52.0   32.950 -164.375     58.3    996.7
     1     1    19    12    26     7     0     1   -53.0   32.970 -164.637     59.2    996.5
     1     1    19    12    26     6     0     0   -54.0   32.992 -164.852     61.1    995.9
     1     1    19    12    26     5     0     1   -55.0   33.007 -165.028     62.7    994.9
     1     1    19    12    26     4     0     2   -56.0   33.019 -165.189     62.3    994.4
     1     1    19    12    26     3     0     3   -57.0   33.035 -165.348     59.4    994.3
     1     1    19    12    26     2     0     2   -58.0   33.048 -165.501     55.3    995.1
     1     1    19    12    26     1     0     1   -59.0   33.041 -165.639     51.2    995.5
     1     1    19    12    26     0     0     0   -60.0   33.008 -165.770     47.7    995.7
     1     1    19    12    25    23     0     1   -61.0   32.950 -165.880     45.7    996.6
     1     1    19    12    25    22     0     2   -62.0   32.868 -165.943     45.3    997.3
     1     1    19    12    25    21     0     3   -63.0   32.761 -165.942     46.2    997.9
     1     1    19    12    25    20     0     2   -64.0   32.639 -165.887     47.1    997.4
     1     1    19    12    25    19     0     1   -65.0   32.515 -165.787     47.5    997.1
     1     1    19    12    25    18     0     0   -66.0   32.380 -165.634     47.3    996.8
     1     1    19    12    25    17     0     1   -67.0   32.219 -165.455     46.9    996.9
     1     1    19    12    25    16     0     2   -68.0   32.024 -165.291     46.7    996.8
     1     1    19    12    25    15     0     3   -69.0   31.804 -165.145     47.3    996.8
     1     1    19    12    25    14     0     2   -70.0   31.551 -164.994     50.2    996.9
     1     1    19    12    25    13     0     1   -71.0   31.253 -164.811     53.5    996.7
     1     1    19    12    25    12     0     0   -72.0   30.912 -164.598     53.8    997.0
     1     1    19    12    25    11     0     1   -73.0   30.539 -164.370     52.4    997.8
     1     1    19    12    25    10     0     2   -74.0   30.147 -164.134     47.3    998.6
     1     1    19    12    25     9     0     3   -75.0   29.742 -163.886     37.8   1000.4
     1     1    19    12    25     8     0     2   -76.0   29.334 -163.627     33.5   1002.3
     1     1    19    12    25     7     0     1   -77.0   28.914 -163.354     37.2   1001.8
     1     1    19    12    25     6     0     0   -78.0   28.494 -163.066     36.8   1001.4
     1     1    19    12    25     5     0     1   -79.0   28.083 -162.750     31.0   1002.4
     1     1    19    12    25     4     0     2   -80.0   27.664 -162.396     26.3   1003.1
     1     1    19    12    25     3     0     3   -81.0   27.235 -162.004     23.4   1003.5
     1     1    19    12    25     2     0     2   -82.0   26.790 -161.559     25.1   1004.0
     1     1    19    12    25     1     0     1   -83.0   26.365 -161.092     38.8   1003.8
     1     1    19    12    25     0     0     0   -84.0   25.995 -160.656     60.5   1002.5
     1     1    19    12    24    23     0     1   -85.0   25.667 -160.245     74.3   1000.9
     1     1    19    12    24    22     0     2   -86.0   25.375 -159.830     76.9   1002.0
     1     1    19    12    24    21     0     3   -87.0   25.108 -159.373     77.2   1003.0
     1     1    19    12    24    20     0     2   -88.0   24.839 -158.890     78.0   1003.3
     1     1    19    12    24    19     0     1   -89.0   24.570 -158.433     78.7   1003.7
     1     1    19    12    24    18     0     0   -90.0   24.315 -158.004     79.3   1004.1
     1     1    19    12    24    17     0     1   -91.0   24.068 -157.589     79.8   1004.5
     1     1    19    12    24    16     0     2   -92.0   23.834 -157.177     81.0   1004.2
     1     1    19    12    24    15     0     3   -93.0   23.621 -156.756     84.2   1003.5
     1     1    19    12    24    14     0     2   -94.0   23.415 -156.327     88.4   1003.0
     1     1    19    12    24    13     0     1   -95.0   23.207 -155.891     93.6   1002.8
     1     1    19    12    24    12     0     0   -96.0   23.010 -155.454     99.9   1002.2
     1     1    19    12    24    11     0     1   -97.0   22.832 -155.025    103.2   1002.6
     1     1    19    12    24    10     0     2   -98.0   22.681 -154.598    103.3   1003.8
     1     1    19    12    24     9     0     3   -99.0   22.564 -154.170    101.7   1004.8
     1     1    19    12    24     8     0     2  -100.0   22.470 -153.754     97.8   1005.3
     1     1    19    12    24     7     0     1  -101.0   22.388 -153.352     92.8   1005.8
     1     1    19    12    24     6     0     0  -102.0   22.316 -152.951     87.8   1006.4
     1     1    19    12    24     5     0     1  -103.0   22.253 -152.551     86.5   1006.4
     1     1    19    12    24     4     0     2  -104.0   22.196 -152.153     89.1   1005.1
     1     1    19    12    24     3     0     3  -105.0   22.140 -151.760     90.4   1004.4
     1     1    19    12    24     2     0     2  -106.0   22.081 -151.378     91.2   1004.8
     1     1    19    12    24     1     0     1  -107.0   22.026 -150.993     96.1   1004.2
     1     1    19    12    24     0     0     0  -108.0   21.970 -150.601    106.1   1003.1
     1     1    19    12    23    23     0     1  -109.0   21.910 -150.213    118.7   1002.7
     1     1    19    12    23    22     0     2  -110.0   21.857 -149.827    130.1   1002.3
     1     1    19    12    23    21     0     3  -111.0   21.821 -149.427    138.5   1002.2
     1     1    19    12    23    20     0     2  -112.0   21.792 -149.009    144.4   1001.8
     1     1    19    12    23    19     0     1  -113.0   21.772 -148.586    145.9   1001.6
     1     1    19    12    23    18     0     0  -114.0   21.771 -148.167    133.8   1002.7
     1     1    19    12    23    17     0     1  -115.0   21.782 -147.750    118.2   1005.4
     1     1    19    12    23    16     0     2  -116.0   21.794 -147.333    112.8   1005.6
     1     1    19    12    23    15     0     3  -117.0   21.806 -146.923    110.9   1004.9
     1     1    19    12    23    14     0     2  -118.0   21.830 -146.524    103.2   1005.6
     1     1    19    12    23    13     0     1  -119.0   21.871 -146.137     97.6   1007.5
     1     1    19    12    23    12     0     0  -120.0   21.920 -145.760    106.0   1007.0
     1     1    19    12    23    11     0     1  -121.0   21.980 -145.381    117.4   1004.5
     1     1    19    12    23    10     0     2  -122.0   22.060 -144.997    121.4   1004.9
     1     1    19    12    23     9     0     3  -123.0   22.163 -144.608    130.6   1004.8
     1     1    19    12    23     8     0     2  -124.0   22.289 -144.215    150.4   1003.1
     1     1    19    12    23     7     0     1  -125.0   22.434 -143.828    176.4    999.9
     1     1    19    12    23     6     0     0  -126.0   22.595 -143.456    195.1    997.0
     1     1    19    12    23     5     0     1  -127.0   22.765 -143.099    193.6    996.7
     1     1    19    12    23     4     0     2  -128.0   22.936 -142.758    186.2    999.2
     1     1    19    12    23     3     0     3  -129.0   23.112 -142.430    198.8    998.8
     1     1    19    12    23     2     0     2  -130.0   23.305 -142.110    233.3    993.2
     1     1    19    12    23     1     0     1  -131.0   23.517 -141.799    266.1    988.2
     1     1    19    12    23     0     0     0  -132.0   23.744 -141.497    289.9    985.4
     1     1    19    12    22    23     0     1  -133.0   23.990 -141.202    311.2    983.7
     1     1    19    12    22    22     0     2  -134.0   24.260 -140.917    332.8    981.6
     1     1    19    12    22    21     0     3  -135.0   24.549 -140.644    348.1    979.7
     1     1    19    12    22    20     0     2  -136.0   24.856 -140.398    356.2    979.7
     1     1    19    12    22    19     0     1  -137.0   25.176 -140.189    364.0    979.4
     1     1    19    12    22    18     0     0  -138.0   25.509 -140.013    370.6    978.8
     1     1    19    12    22    17     0     1  -139.0   25.846 -139.867    377.4    978.1
     1     1    19    12    22    16     0     2  -140.0   26.180 -139.747    385.5    976.6
     1     1    19    12    22    15     0     3  -141.0   26.512 -139.654    388.1    975.4
     1     1    19    12    22    14     0     2  -142.0   26.844 -139.585    376.5    976.0
     1     1    19    12    22    13     0     1  -143.0   27.184 -139.539    352.0    979.2
     1     1    19    12    22    12     0     0  -144.0   27.535 -139.516    325.8    982.9
     1     1    19    12    22    11     0     1  -145.0   27.884 -139.507    308.7    985.9
     1     1    19    12    22    10     0     2  -146.0   28.227 -139.499    299.5    986.5
     1     1    19    12    22     9     0     3  -147.0   28.566 -139.489    291.1    987.6
     1     1    19    12    22     8     0     2  -148.0   28.909 -139.483    284.6    988.5
     1     1    19    12    22     7     0     1  -149.0   29.265 -139.484    281.7    988.6
     1     1    19    12    22     6     0     0  -150.0   29.634 -139.489    284.8    988.3
     1     1    19    12    22     5     0     1  -151.0   30.016 -139.499    295.2    986.4
     1     1    19    12    22     4     0     2  -152.0   30.409 -139.517    309.7    984.1
     1     1    19    12    22     3     0     3  -153.0   30.813 -139.544    327.1    981.7
     1     1    19    12    22     2     0     2  -154.0   31.223 -139.588    342.9    978.8
     1     1    19    12    22     1     0     1  -155.0   31.634 -139.647    351.6    977.4
     1     1    19    12    22     0     0     0  -156.0   32.048 -139.722    352.1    976.9
     1     1    19    12    21    23     0     1  -157.0   32.459 -139.807    355.1    978.3
     1     1    19    12    21    22     0     2  -158.0   32.868 -139.890    373.5    976.9
     1     1    19    12    21    21     0     3  -159.0   33.274 -139.971    408.0    973.3
     1     1    19    12    21    20     0     2  -160.0   33.684 -140.059    439.0    967.4
     1     1    19    12    21    19     0     1  -161.0   34.108 -140.151    454.7    966.0
     1     1    19    12    21    18     0     0  -162.0   34.548 -140.243    467.9    964.6
     1     1    19    12    21    17     0     1  -163.0   34.988 -140.335    474.4    962.0
     1     1    19    12    21    16     0     2  -164.0   35.417 -140.436    471.1    962.5
     1     1    19    12    21    15     0     3  -165.0   35.841 -140.549    466.2    962.8
     1     1    19    12    21    14     0     2  -166.0   36.265 -140.678    456.6    962.9
     1     1    19    12    21    13     0     1  -167.0   36.692 -140.815    429.2    964.9
     1     1    19    12    21    12     0     0  -168.0   37.121 -140.938    375.2    970.3
     1     1    19    12    21    11     0     1  -169.0   37.523 -141.055    333.6    979.1
     1     1    19    12    21    10     0     2  -170.0   37.899 -141.183    325.7    978.3
     1     1    19    12    21     9     0     3  -171.0   38.276 -141.310    333.7    975.6
     1     1    19    12    21     8     0     2  -172.0   38.651 -141.438    333.6    973.7
     1     1    19    12    21     7     0     1  -173.0   39.013 -141.570    320.4    975.9
     1     1    19    12    21     6     0     0  -174.0   39.372 -141.706    308.5    977.9
     1     1    19    12    21     5     0     1  -175.0   39.722 -141.859    302.3    977.4
     1     1    19    12    21     4     0     2  -176.0   40.051 -142.022    293.4    977.0
     1     1    19    12    21     3     0     3  -177.0   40.374 -142.188    281.7    978.4
     1     1    19    12    21     2     0     2  -178.0   40.688 -142.367    277.3    978.8
     1     1    19    12    21     1     0     1  -179.0   40.986 -142.559    283.1    977.2
     1     1    19    12    21     0     0     0  -180.0   41.285 -142.747    293.7    974.5
     1     1    19    12    20    23     0     1  -181.0   41.574 -142.938    289.9    972.8
     1     1    19    12    20    22     0     2  -182.0   41.844 -143.134    255.0    976.8
     1     1    19    12    20    21     0     3  -183.0   42.110 -143.330    209.8    984.0
     1     1    19    12    20    20     0     2  -184.0   42.365 -143.542    181.8    988.2
     1     1    19    12    20    19     0     1  -185.0   42.610 -143.772    170.0    987.6
     1     1    19    12    20    18     0     0  -186.0   42.861 -144.001    163.7    987.9
     1     1    19    12    20    17     0     1  -187.0   43.099 -144.250    162.5    987.0
     1     1    19    12    20    16     0     2  -188.0   43.327 -144.526    163.0    985.8
     1     1    19    12    20    15     0     3  -189.0   43.571 -144.800    166.5    984.7
     1     1    19    12    20    14     0     2  -190.0   43.822 -145.073    173.4    983.1
     1     1    19    12    20    13     0     1  -191.0   44.079 -145.345    174.1    981.6
     1     1    19    12    20    12     0     0  -192.0   44.338 -145.616    165.0    982.4
     1     1    19    12    20    11     0     1  -193.0   44.574 -145.919    153.8    984.2
     1     1    19    12    20    10     0     2  -194.0   44.796 -146.245    141.1    985.1
     1     1    19    12    20     9     0     3  -195.0   45.040 -146.558    125.1    986.7
     1     1    19    12    20     8     0     2  -196.0   45.286 -146.873    113.1    987.9
     1     1    19    12    20     7     0     1  -197.0   45.521 -147.198    106.7    987.8
     1     1    19    12    20     6     0     0  -198.0   45.753 -147.525    103.7    987.6
     1     1    19    12    20     5     0     1  -199.0   45.989 -147.858    102.6    986.7
     1     1    19    12    20     4     0     2  -200.0   46.237 -148.194    100.4    985.9
     1     1    19    12    20     3     0     3  -201.0   46.493 -148.544     94.8    986.1
     1     1    19    12    20     2     0     2  -202.0   46.739 -148.922     89.2    986.7
     1     1    19    12    20     1     0     1  -203.0   46.980 -149.312     88.6    986.8
     1     1    19    12    20     0     0     0  -204.0   47.228 -149.699     94.6    985.5
     1     1    19    12    19    23     0     1  -205.0   47.483 -150.095    102.1    983.9
     1     1    19    12    19    22     0     2  -206.0   47.744 -150.508    107.5    983.3
     1     1    19    12    19    21     0     3  -207.0   48.009 -150.928    117.6    982.8
     1     1    19    12    19    20     0     2  -208.0   48.287 -151.350    130.2    980.0
     1     1    19    12    19    19     0     1  -209.0   48.581 -151.774    135.9    978.9
     1     1    19    12    19    18     0     0  -210.0   48.886 -152.199    137.3    978.4
     1     1    19    12    19    17     0     1  -211.0   49.210 -152.624    139.1    978.2
     1     1    19    12    19    16     0     2  -212.0   49.549 -153.048    144.8    977.1
     1     1    19    12    19    15     0     3  -213.0   49.899 -153.480    154.2    975.2
     1     1    19    12    19    14     0     2  -214.0   50.265 -153.927    160.7    973.2
     1     1    19    12    19    13     0     1  -215.0   50.635 -154.374    161.6    973.2
     1     1    19    12    19    12     0     0  -216.0   50.995 -154.831    165.1    973.0
     1     1    19    12    19    11     0     1  -217.0   51.350 -155.290    167.9    971.2
     1     1    19    12    19    10     0     2  -218.0   51.712 -155.722    166.8    971.7
     1     1    19    12    19     9     0     3  -219.0   52.075 -156.129    166.2    971.4
     1     1    19    12    19     8     0     2  -220.0   52.436 -156.530    164.7    970.9
     1     1    19    12    19     7     0     1  -221.0   52.801 -156.903    161.5    970.8
     1     1    19    12    19     6     0     0  -222.0   53.167 -157.228    155.9    970.9
     1     1    19    12    19     5     0     1  -223.0   53.529 -157.547    147.7    971.8
     1     1    19    12    19     4     0     2  -224.0   53.891 -157.859    136.5    972.6
     1     1    19    12    19     3     0     3  -225.0   54.243 -158.122    120.8    974.0
     1     1    19    12    19     2     0     2  -226.0   54.581 -158.397    108.5    975.7
     1     1    19    12    19     1     0     1  -227.0   54.927 -158.725    107.8    975.5
     1     1    19    12    19     0     0     0  -228.0   55.268 -159.021    150.0    968.8
     1     1    19    12    18    23     0     1  -229.0   55.574 -159.260    274.4    943.6
     1     1    19    12    18    22     0     2  -230.0   55.848 -159.456    461.0    910.9
     1     1    19    12    18    21     0     3  -231.0   56.136 -159.579    753.0    877.7
     1     1    19    12    18    20     0     2  -232.0   56.478 -159.638   1049.7    840.4
     1     1    19    12    18    19     0     1  -233.0   56.822 -159.634   1158.7    838.8
     1     1    19    12    18    18     0     0  -234.0   57.152 -159.529   1139.2    853.1
     1     1    19    12    18    17     0     1  -235.0   57.460 -159.397   1076.3    862.2
     1     1    19    12    18    16     0     2  -236.0   57.746 -159.231   1000.0    869.5
     1     1    19    12    18    15     0     3  -237.0   58.022 -158.894    908.4    879.5
     1     1    19    12    18    14     0     2  -238.0   58.268 -158.485    817.3    892.1
     1     1    19    12    18    13     0     1  -239.0   58.477 -158.127    766.9    898.2
     1     1    19    12    18    12     0     0  -240.0   58.656 -157.768    767.4    898.4
