     7     1
    GDAS    18    12     1     0     0
    GDAS    19     1     1     0     0
    GDAS    19     2     1     0     0
    GDAS    19     3     1     0     0
    GDAS    19     4     1     0     0
    GDAS    19     5     1     0     0
    GDAS    19     6     1     0     0
     1 BACKWARD OMEGA   
    19     2    11     0   21.319 -157.670    10.0
     1 PRESSURE
     1     1    19     2    11     0     0     0     0.0   21.319 -157.670     10.0   1001.5
     1     1    19     2    10    23     0     1    -1.0   21.407 -158.183      9.7   1003.4
     1     1    19     2    10    22     0     2    -2.0   21.577 -158.677     16.9   1003.8
     1     1    19     2    10    21     0     3    -3.0   21.819 -159.166     56.8   1001.5
     1     1    19     2    10    20     0     2    -4.0   22.158 -159.658     85.9    989.6
     1     1    19     2    10    19     0     1    -5.0   22.583 -160.120     54.4    997.3
     1     1    19     2    10    18     0     0    -6.0   23.053 -160.543     34.6   1002.6
     1     1    19     2    10    17     0     1    -7.0   23.587 -160.939     34.7   1000.6
     1     1    19     2    10    16     0     2    -8.0   24.202 -161.303     34.8   1000.6
     1     1    19     2    10    15     0     3    -9.0   24.903 -161.613     34.9   1000.3
     1     1    19     2    10    14     0     2   -10.0   25.647 -161.828     35.9   1000.7
     1     1    19     2    10    13     0     1   -11.0   26.410 -161.957     39.9   1000.1
     1     1    19     2    10    12     0     0   -12.0   27.240 -161.990     40.9    999.7
     1     1    19     2    10    11     0     1   -13.0   28.060 -161.866     39.9   1000.7
     1     1    19     2    10    10     0     2   -14.0   28.823 -161.660     40.0    999.9
     1     1    19     2    10     9     0     3   -15.0   29.526 -161.293     43.2    999.0
     1     1    19     2    10     8     0     2   -16.0   30.147 -160.861     51.2    997.4
     1     1    19     2    10     7     0     1   -17.0   30.676 -160.402     56.3    995.0
     1     1    19     2    10     6     0     0   -18.0   30.971 -159.750     55.8    994.8
     1     1    19     2    10     5     0     1   -19.0   31.029 -159.205     52.9    995.2
     1     1    19     2    10     4     0     2   -20.0   30.890 -159.029     54.5    994.1
     1     1    19     2    10     3     0     3   -21.0   30.650 -159.193     56.8    993.0
     1     1    19     2    10     2     0     2   -22.0   30.699 -159.549     49.1    995.5
     1     1    19     2    10     1     0     1   -23.0   31.047 -159.918     40.2    998.8
     1     1    19     2    10     0     0     0   -24.0   31.524 -160.368     29.5   1003.1
     1     1    19     2     9    23     0     1   -25.0   32.067 -160.823     19.4   1007.3
     1     1    19     2     9    22     0     2   -26.0   32.702 -161.121     13.0   1012.3
     1     1    19     2     9    21     0     3   -27.0   33.364 -161.304     10.1   1015.9
     1     1    19     2     9    20     0     2   -28.0   34.022 -161.460      9.1   1017.4
     1     1    19     2     9    19     0     1   -29.0   34.708 -161.577      8.3   1018.4
     1     1    19     2     9    18     0     0   -30.0   35.395 -161.631      8.1   1020.1
     1     1    19     2     9    17     0     1   -31.0   36.067 -161.651      8.0   1021.9
     1     1    19     2     9    16     0     2   -32.0   36.718 -161.653      7.7   1023.0
     1     1    19     2     9    15     0     3   -33.0   37.345 -161.627      7.1   1024.4
     1     1    19     2     9    14     0     2   -34.0   37.945 -161.595      6.3   1025.8
     1     1    19     2     9    13     0     1   -35.0   38.523 -161.586      5.4   1025.9
     1     1    19     2     9    12     0     0   -36.0   39.082 -161.609      4.4   1026.1
     1     1    19     2     9    11     0     1   -37.0   39.614 -161.656      3.7   1027.7
     1     1    19     2     9    10     0     2   -38.0   40.108 -161.729      3.6   1028.7
     1     1    19     2     9     9     0     3   -39.0   40.564 -161.837      3.6   1029.8
     1     1    19     2     9     8     0     2   -40.0   40.995 -161.981      3.6   1030.2
     1     1    19     2     9     7     0     1   -41.0   41.410 -162.158      3.6   1030.1
     1     1    19     2     9     6     0     0   -42.0   41.808 -162.370      3.6   1029.9
     1     1    19     2     9     5     0     1   -43.0   42.191 -162.617      3.6   1029.3
     1     1    19     2     9     4     0     2   -44.0   42.568 -162.909      3.6   1028.9
     1     1    19     2     9     3     0     3   -45.0   42.942 -163.257      3.6   1028.5
     1     1    19     2     9     2     0     2   -46.0   43.307 -163.652      3.5   1028.3
     1     1    19     2     9     1     0     1   -47.0   43.654 -164.082      3.0   1028.1
     1     1    19     2     9     0     0     0   -48.0   43.970 -164.545      2.1   1027.8
     1     1    19     2     8    23     0     1   -49.0   44.259 -165.028      1.5   1028.3
     1     1    19     2     8    22     0     2   -50.0   44.532 -165.500      1.2   1029.0
     1     1    19     2     8    21     0     3   -51.0   44.795 -165.957      1.1   1030.0
     1     1    19     2     8    20     0     2   -52.0   45.054 -166.403      1.1   1029.6
     1     1    19     2     8    19     0     1   -53.0   45.309 -166.842      1.1   1029.1
     1     1    19     2     8    18     0     0   -54.0   45.555 -167.285      1.1   1028.8
     1     1    19     2     8    17     0     1   -55.0   45.785 -167.728      1.1   1028.5
     1     1    19     2     8    16     0     2   -56.0   45.987 -168.174      1.1   1028.1
     1     1    19     2     8    15     0     3   -57.0   46.152 -168.623      1.1   1027.7
     1     1    19     2     8    14     0     2   -58.0   46.289 -169.065      1.1   1027.7
     1     1    19     2     8    13     0     1   -59.0   46.407 -169.492      1.1   1028.4
     1     1    19     2     8    12     0     0   -60.0   46.494 -169.908      1.1   1028.8
     1     1    19     2     8    11     0     1   -61.0   46.566 -170.311      1.1   1028.5
     1     1    19     2     8    10     0     2   -62.0   46.636 -170.697      1.1   1027.9
     1     1    19     2     8     9     0     3   -63.0   46.691 -171.067      1.1   1027.5
     1     1    19     2     8     8     0     2   -64.0   46.734 -171.435      1.2   1026.9
     1     1    19     2     8     7     0     1   -65.0   46.772 -171.809      1.6   1026.5
     1     1    19     2     8     6     0     0   -66.0   46.801 -172.186      2.2   1026.2
     1     1    19     2     8     5     0     1   -67.0   46.815 -172.575      2.8   1025.9
     1     1    19     2     8     4     0     2   -68.0   46.817 -172.981      3.1   1025.5
     1     1    19     2     8     3     0     3   -69.0   46.813 -173.395      3.2   1025.2
     1     1    19     2     8     2     0     2   -70.0   46.802 -173.807      3.4   1024.1
     1     1    19     2     8     1     0     1   -71.0   46.782 -174.218      3.7   1023.1
     1     1    19     2     8     0     0     0   -72.0   46.754 -174.629      4.4   1022.2
     1     1    19     2     7    23     0     1   -73.0   46.733 -175.043      5.1   1021.9
     1     1    19     2     7    22     0     2   -74.0   46.730 -175.467      5.9   1021.4
     1     1    19     2     7    21     0     3   -75.0   46.742 -175.901      6.6   1021.0
     1     1    19     2     7    20     0     2   -76.0   46.767 -176.348      7.4   1019.9
     1     1    19     2     7    19     0     1   -77.0   46.801 -176.817      8.3   1018.8
     1     1    19     2     7    18     0     0   -78.0   46.846 -177.302      9.2   1017.5
     1     1    19     2     7    17     0     1   -79.0   46.894 -177.806     10.2   1016.9
     1     1    19     2     7    16     0     2   -80.0   46.939 -178.335     11.2   1016.8
     1     1    19     2     7    15     0     3   -81.0   46.987 -178.898     12.4   1016.4
     1     1    19     2     7    14     0     2   -82.0   47.041 -179.478     14.0   1014.8
     1     1    19     2     7    13     0     1   -83.0   47.101  179.935     16.0   1013.0
     1     1    19     2     7    12     0     0   -84.0   47.165  179.329     18.8   1011.5
     1     1    19     2     7    11     0     1   -85.0   47.239  178.699     22.3   1009.8
     1     1    19     2     7    10     0     2   -86.0   47.331  178.043     26.5   1008.2
     1     1    19     2     7     9     0     3   -87.0   47.438  177.353     31.3   1006.5
     1     1    19     2     7     8     0     2   -88.0   47.558  176.632     35.1   1004.9
     1     1    19     2     7     7     0     1   -89.0   47.689  175.881     37.9   1003.9
     1     1    19     2     7     6     0     0   -90.0   47.829  175.105     39.2   1002.4
     1     1    19     2     7     5     0     1   -91.0   47.970  174.311     39.2   1001.3
     1     1    19     2     7     4     0     2   -92.0   48.117  173.488     39.2   1000.9
     1     1    19     2     7     3     0     3   -93.0   48.273  172.632     39.3   1000.4
     1     1    19     2     7     2     0     2   -94.0   48.437  171.770     39.9    999.5
     1     1    19     2     7     1     0     1   -95.0   48.605  170.907     39.0    998.8
     1     1    19     2     7     0     0     0   -96.0   48.766  170.024     39.7    998.8
     1     1    19     2     6    23     0     1   -97.0   48.912  169.118     43.8    997.7
     1     1    19     2     6    22     0     2   -98.0   49.046  168.177     44.9    997.3
     1     1    19     2     6    21     0     3   -99.0   49.152  167.219     51.7    997.0
     1     1    19     2     6    20     0     2  -100.0   49.246  166.263     65.0    994.6
     1     1    19     2     6    19     0     1  -101.0   49.348  165.314     73.8    993.2
     1     1    19     2     6    18     0     0  -102.0   49.432  164.371     77.6    992.8
     1     1    19     2     6    17     0     1  -103.0   49.494  163.439     78.9    992.3
     1     1    19     2     6    16     0     2  -104.0   49.560  162.482     82.7    991.8
     1     1    19     2     6    15     0     3  -105.0   49.627  161.533     88.5    991.5
     1     1    19     2     6    14     0     2  -106.0   49.698  160.579     93.5    991.1
     1     1    19     2     6    13     0     1  -107.0   49.787  159.626     98.4    991.1
     1     1    19     2     6    12     0     0  -108.0   49.883  158.693     99.9    991.3
     1     1    19     2     6    11     0     1  -109.0   49.988  157.786     95.0    992.5
     1     1    19     2     6    10     0     2  -110.0   50.101  156.887     96.4    993.3
     1     1    19     2     6     9     0     3  -111.0   50.201  156.021    134.0    990.4
     1     1    19     2     6     8     0     2  -112.0   50.304  155.172    143.5    987.2
     1     1    19     2     6     7     0     1  -113.0   50.421  154.337    109.4    993.6
     1     1    19     2     6     6     0     0  -114.0   50.533  153.519    105.8    993.5
     1     1    19     2     6     5     0     1  -115.0   50.642  152.700    113.0    993.0
     1     1    19     2     6     4     0     2  -116.0   50.744  151.884    122.6    992.5
     1     1    19     2     6     3     0     3  -117.0   50.851  151.083    129.3    992.4
     1     1    19     2     6     2     0     2  -118.0   50.980  150.310    128.1    993.1
     1     1    19     2     6     1     0     1  -119.0   51.130  149.549    118.2    995.0
     1     1    19     2     6     0     0     0  -120.0   51.284  148.836    112.1    996.5
     1     1    19     2     5    23     0     1  -121.0   51.439  148.154    108.5    997.0
     1     1    19     2     5    22     0     2  -122.0   51.595  147.509    108.6    997.4
     1     1    19     2     5    21     0     3  -123.0   51.758  146.914    112.2    996.7
     1     1    19     2     5    20     0     2  -124.0   51.944  146.331    111.9    996.1
     1     1    19     2     5    19     0     1  -125.0   52.150  145.748    110.0    997.7
     1     1    19     2     5    18     0     0  -126.0   52.362  145.211    119.4    997.5
     1     1    19     2     5    17     0     1  -127.0   52.579  144.717    135.9    994.6
     1     1    19     2     5    16     0     2  -128.0   52.806  144.237    148.9    992.5
     1     1    19     2     5    15     0     3  -129.0   53.044  143.750    166.2    990.6
     1     1    19     2     5    14     0     2  -130.0   53.292  143.257    220.1    983.1
     1     1    19     2     5    13     0     1  -131.0   53.554  142.727    330.5    966.4
     1     1    19     2     5    12     0     0  -132.0   53.813  142.122    431.9    948.4
     1     1    19     2     5    11     0     1  -133.0   54.055  141.459    469.5    946.6
     1     1    19     2     5    10     0     2  -134.0   54.239  140.808    494.1    940.8
     1     1    19     2     5     9     0     3  -135.0   54.356  140.218    545.9    920.0
     1     1    19     2     5     8     0     2  -136.0   54.433  139.675    597.8    906.8
     1     1    19     2     5     7     0     1  -137.0   54.509  139.155    588.4    911.8
     1     1    19     2     5     6     0     0  -138.0   54.579  138.667    562.2    928.5
     1     1    19     2     5     5     0     1  -139.0   54.640  138.170    593.2    931.0
     1     1    19     2     5     4     0     2  -140.0   54.691  137.638    667.4    919.0
     1     1    19     2     5     3     0     3  -141.0   54.716  137.116    721.6    912.0
     1     1    19     2     5     2     0     2  -142.0   54.718  136.649    705.6    905.2
     1     1    19     2     5     1     0     1  -143.0   54.707  136.286    589.0    913.0
     1     1    19     2     5     0     0     0  -144.0   54.731  136.054    411.7    938.0
     1     1    19     2     4    23     0     1  -145.0   54.814  135.836    273.0    958.5
     1     1    19     2     4    22     0     2  -146.0   54.937  135.558    261.6    951.3
     1     1    19     2     4    21     0     3  -147.0   55.079  135.257    426.0    912.9
     1     1    19     2     4    20     0     2  -148.0   55.242  134.975    715.7    849.4
     1     1    19     2     4    19     0     1  -149.0   55.411  134.764    969.9    796.2
     1     1    19     2     4    18     0     0  -150.0   55.555  134.627   1135.0    771.8
     1     1    19     2     4    17     0     1  -151.0   55.667  134.540   1247.9    754.0
     1     1    19     2     4    16     0     2  -152.0   55.753  134.485   1329.4    741.4
     1     1    19     2     4    15     0     3  -153.0   55.823  134.448   1394.1    731.5
     1     1    19     2     4    14     0     2  -154.0   55.873  134.424   1450.8    722.9
     1     1    19     2     4    13     0     1  -155.0   55.904  134.405   1507.8    715.5
     1     1    19     2     4    12     0     0  -156.0   55.917  134.388   1571.6    708.0
     1     1    19     2     4    11     0     1  -157.0   55.915  134.365   1642.6    700.3
     1     1    19     2     4    10     0     2  -158.0   55.898  134.328   1719.3    692.6
     1     1    19     2     4     9     0     3  -159.0   55.869  134.274   1801.1    684.5
     1     1    19     2     4     8     0     2  -160.0   55.834  134.224   1882.0    676.2
     1     1    19     2     4     7     0     1  -161.0   55.796  134.194   1956.9    669.9
     1     1    19     2     4     6     0     0  -162.0   55.755  134.179   2025.8    664.9
     1     1    19     2     4     5     0     1  -163.0   55.710  134.169   2089.4    661.2
     1     1    19     2     4     4     0     2  -164.0   55.658  134.156   2148.5    658.2
     1     1    19     2     4     3     0     3  -165.0   55.597  134.138   2204.9    655.8
     1     1    19     2     4     2     0     2  -166.0   55.526  134.119   2262.0    654.2
     1     1    19     2     4     1     0     1  -167.0   55.442  134.098   2323.4    652.7
     1     1    19     2     4     0     0     0  -168.0   55.344  134.071   2390.3    651.5
     1     1    19     2     3    23     0     1  -169.0   55.231  134.038   2471.9    650.4
     1     1    19     2     3    22     0     2  -170.0   55.101  134.000   2581.0    647.4
     1     1    19     2     3    21     0     3  -171.0   54.948  133.959   2714.0    639.4
     1     1    19     2     3    20     0     2  -172.0   54.760  133.928   2829.6    625.5
     1     1    19     2     3    19     0     1  -173.0   54.533  133.905   2915.1    617.9
     1     1    19     2     3    18     0     0  -174.0   54.270  133.877   2977.8    613.0
     1     1    19     2     3    17     0     1  -175.0   53.972  133.830   3030.3    610.6
     1     1    19     2     3    16     0     2  -176.0   53.644  133.750   3073.2    601.9
     1     1    19     2     3    15     0     3  -177.0   53.284  133.627   3112.2    592.1
     1     1    19     2     3    14     0     2  -178.0   52.900  133.452   3130.5    583.0
     1     1    19     2     3    13     0     1  -179.0   52.505  133.219   3103.2    581.8
     1     1    19     2     3    12     0     0  -180.0   52.106  132.932   3018.9    588.1
     1     1    19     2     3    11     0     1  -181.0   51.728  132.597   2939.2    611.2
     1     1    19     2     3    10     0     2  -182.0   51.385  132.218   2864.0    626.0
     1     1    19     2     3     9     0     3  -183.0   51.063  131.813   2759.8    630.1
     1     1    19     2     3     8     0     2  -184.0   50.759  131.397   2643.8    646.2
     1     1    19     2     3     7     0     1  -185.0   50.469  130.966   2555.3    666.3
     1     1    19     2     3     6     0     0  -186.0   50.194  130.536   2496.9    691.7
     1     1    19     2     3     5     0     1  -187.0   49.949  130.130   2421.9    710.6
     1     1    19     2     3     4     0     2  -188.0   49.736  129.748   2339.4    722.8
     1     1    19     2     3     3     0     3  -189.0   49.548  129.378   2271.2    727.7
     1     1    19     2     3     2     0     2  -190.0   49.376  129.004   2221.9    726.2
     1     1    19     2     3     1     0     1  -191.0   49.218  128.625   2185.0    728.0
     1     1    19     2     3     0     0     0  -192.0   49.076  128.254   2146.3    731.2
     1     1    19     2     2    23     0     1  -193.0   48.957  127.890   2103.0    734.0
     1     1    19     2     2    22     0     2  -194.0   48.859  127.533   2051.9    736.4
     1     1    19     2     2    21     0     3  -195.0   48.783  127.199   1993.8    741.2
     1     1    19     2     2    20     0     2  -196.0   48.721  126.886   1939.7    748.9
     1     1    19     2     2    19     0     1  -197.0   48.662  126.585   1903.3    756.3
     1     1    19     2     2    18     0     0  -198.0   48.610  126.298   1886.4    761.1
     1     1    19     2     2    17     0     1  -199.0   48.556  126.037   1878.2    763.4
     1     1    19     2     2    16     0     2  -200.0   48.487  125.820   1863.2    766.3
     1     1    19     2     2    15     0     3  -201.0   48.401  125.643   1840.7    770.2
     1     1    19     2     2    14     0     2  -202.0   48.305  125.501   1817.4    774.4
     1     1    19     2     2    13     0     1  -203.0   48.204  125.383   1797.5    777.5
     1     1    19     2     2    12     0     0  -204.0   48.096  125.283   1779.8    780.3
     1     1    19     2     2    11     0     1  -205.0   47.983  125.192   1762.5    783.1
     1     1    19     2     2    10     0     2  -206.0   47.863  125.106   1743.1    785.7
     1     1    19     2     2     9     0     3  -207.0   47.731  125.029   1719.5    788.8
     1     1    19     2     2     8     0     2  -208.0   47.595  124.966   1693.4    792.4
     1     1    19     2     2     7     0     1  -209.0   47.459  124.913   1669.8    795.7
     1     1    19     2     2     6     0     0  -210.0   47.325  124.867   1653.8    798.1
     1     1    19     2     2     5     0     1  -211.0   47.192  124.822   1643.4    799.4
     1     1    19     2     2     4     0     2  -212.0   47.062  124.771   1634.4    801.0
     1     1    19     2     2     3     0     3  -213.0   46.935  124.710   1627.5    802.5
     1     1    19     2     2     2     0     2  -214.0   46.810  124.640   1627.1    803.7
     1     1    19     2     2     1     0     1  -215.0   46.690  124.566   1636.7    803.4
     1     1    19     2     2     0     0     0  -216.0   46.576  124.485   1656.0    802.1
     1     1    19     2     1    23     0     1  -217.0   46.471  124.385   1675.0    799.8
     1     1    19     2     1    22     0     2  -218.0   46.375  124.256   1685.0    799.6
     1     1    19     2     1    21     0     3  -219.0   46.290  124.101   1688.3    800.3
     1     1    19     2     1    20     0     2  -220.0   46.215  123.920   1687.5    800.6
     1     1    19     2     1    19     0     1  -221.0   46.146  123.713   1679.8    800.5
     1     1    19     2     1    18     0     0  -222.0   46.081  123.480   1661.5    801.6
     1     1    19     2     1    17     0     1  -223.0   46.018  123.226   1628.0    804.1
     1     1    19     2     1    16     0     2  -224.0   45.956  122.953   1577.1    808.0
     1     1    19     2     1    15     0     3  -225.0   45.903  122.654   1526.8    809.8
     1     1    19     2     1    14     0     2  -226.0   45.860  122.322   1498.4    807.1
     1     1    19     2     1    13     0     1  -227.0   45.821  121.943   1489.2    800.0
     1     1    19     2     1    12     0     0  -228.0   45.800  121.497   1507.9    782.2
     1     1    19     2     1    11     0     1  -229.0   45.819  120.983   1571.5    754.5
     1     1    19     2     1    10     0     2  -230.0   45.880  120.413   1635.1    731.0
     1     1    19     2     1     9     0     3  -231.0   45.967  119.803   1650.3    720.1
     1     1    19     2     1     8     0     2  -232.0   46.078  119.160   1637.1    716.0
     1     1    19     2     1     7     0     1  -233.0   46.201  118.504   1618.4    720.0
     1     1    19     2     1     6     0     0  -234.0   46.326  117.844   1612.1    726.3
     1     1    19     2     1     5     0     1  -235.0   46.456  117.160   1626.6    730.6
     1     1    19     2     1     4     0     2  -236.0   46.602  116.451   1590.1    733.7
     1     1    19     2     1     3     0     3  -237.0   46.763  115.777   1473.9    751.6
     1     1    19     2     1     2     0     2  -238.0   46.924  115.113   1409.6    750.4
     1     1    19     2     1     1     0     1  -239.0   47.078  114.433   1435.4    739.2
     1     1    19     2     1     0     0     0  -240.0   47.240  113.772   1461.0    737.0
