     7     1
    GDAS    18    12     1     0     0
    GDAS    19     1     1     0     0
    GDAS    19     2     1     0     0
    GDAS    19     3     1     0     0
    GDAS    19     4     1     0     0
    GDAS    19     5     1     0     0
    GDAS    19     6     1     0     0
     1 BACKWARD OMEGA   
    19     6    11    18   21.319 -157.670    10.0
     1 PRESSURE
     1     1    19     6    11    18     0     0     0.0   21.319 -157.670     10.0   1015.0
     1     1    19     6    11    17     0     1    -1.0   21.347 -157.501     12.0   1013.5
     1     1    19     6    11    16     0     2    -2.0   21.371 -157.328     15.2   1012.3
     1     1    19     6    11    15     0     3    -3.0   21.390 -157.152     21.2   1011.0
     1     1    19     6    11    14     0     2    -4.0   21.406 -156.975     32.1   1009.6
     1     1    19     6    11    13     0     1    -5.0   21.416 -156.796     46.9   1008.8
     1     1    19     6    11    12     0     0    -6.0   21.415 -156.608     62.5   1007.7
     1     1    19     6    11    11     0     1    -7.0   21.404 -156.410     76.5   1006.7
     1     1    19     6    11    10     0     2    -8.0   21.384 -156.200     87.2   1006.4
     1     1    19     6    11     9     0     3    -9.0   21.353 -155.980     93.5   1006.9
     1     1    19     6    11     8     0     2   -10.0   21.323 -155.759     96.5   1006.5
     1     1    19     6    11     7     0     1   -11.0   21.305 -155.542     99.2   1006.1
     1     1    19     6    11     6     0     0   -12.0   21.302 -155.329    104.2   1005.5
     1     1    19     6    11     5     0     1   -13.0   21.303 -155.110    111.7   1004.2
     1     1    19     6    11     4     0     2   -14.0   21.296 -154.882    118.3   1003.0
     1     1    19     6    11     3     0     3   -15.0   21.281 -154.650    120.9   1002.4
     1     1    19     6    11     2     0     2   -16.0   21.265 -154.419    121.6   1002.8
     1     1    19     6    11     1     0     1   -17.0   21.253 -154.193    123.1   1002.7
     1     1    19     6    11     0     0     0   -18.0   21.244 -153.972    123.7   1002.7
     1     1    19     6    10    23     0     1   -19.0   21.235 -153.750    123.6   1003.2
     1     1    19     6    10    22     0     2   -20.0   21.225 -153.521    122.8   1003.7
     1     1    19     6    10    21     0     3   -21.0   21.216 -153.286    120.8   1004.3
     1     1    19     6    10    20     0     2   -22.0   21.210 -153.044    118.3   1004.7
     1     1    19     6    10    19     0     1   -23.0   21.203 -152.793    116.5   1005.0
     1     1    19     6    10    18     0     0   -24.0   21.195 -152.536    116.0   1005.1
     1     1    19     6    10    17     0     1   -25.0   21.190 -152.278    116.1   1004.6
     1     1    19     6    10    16     0     2   -26.0   21.191 -152.023    116.3   1004.2
     1     1    19     6    10    15     0     3   -27.0   21.193 -151.765    116.4   1003.8
     1     1    19     6    10    14     0     2   -28.0   21.190 -151.500    116.1   1003.9
     1     1    19     6    10    13     0     1   -29.0   21.178 -151.225    114.9   1004.1
     1     1    19     6    10    12     0     0   -30.0   21.160 -150.943    112.6   1004.4
     1     1    19     6    10    11     0     1   -31.0   21.144 -150.656    111.7   1005.0
     1     1    19     6    10    10     0     2   -32.0   21.137 -150.364    114.9   1005.1
     1     1    19     6    10     9     0     3   -33.0   21.134 -150.070    124.5   1004.6
     1     1    19     6    10     8     0     2   -34.0   21.133 -149.771    136.5   1002.7
     1     1    19     6    10     7     0     1   -35.0   21.138 -149.468    144.3   1001.5
     1     1    19     6    10     6     0     0   -36.0   21.149 -149.164    146.9   1001.0
     1     1    19     6    10     5     0     1   -37.0   21.161 -148.859    145.6   1001.0
     1     1    19     6    10     4     0     2   -38.0   21.173 -148.551    142.6   1001.0
     1     1    19     6    10     3     0     3   -39.0   21.184 -148.236    139.3   1001.0
     1     1    19     6    10     2     0     2   -40.0   21.192 -147.915    137.3   1001.4
     1     1    19     6    10     1     0     1   -41.0   21.200 -147.593    137.0   1001.6
     1     1    19     6    10     0     0     0   -42.0   21.207 -147.268    137.8   1001.7
     1     1    19     6     9    23     0     1   -43.0   21.215 -146.937    139.2   1001.9
     1     1    19     6     9    22     0     2   -44.0   21.227 -146.597    140.8   1002.0
     1     1    19     6     9    21     0     3   -45.0   21.249 -146.249    144.0   1002.0
     1     1    19     6     9    20     0     2   -46.0   21.279 -145.894    150.2   1001.4
     1     1    19     6     9    19     0     1   -47.0   21.313 -145.534    159.6   1000.3
     1     1    19     6     9    18     0     0   -48.0   21.349 -145.169    172.1    999.0
     1     1    19     6     9    17     0     1   -49.0   21.393 -144.802    183.6    996.8
     1     1    19     6     9    16     0     2   -50.0   21.446 -144.439    189.6    995.8
     1     1    19     6     9    15     0     3   -51.0   21.509 -144.084    191.1    995.4
     1     1    19     6     9    14     0     2   -52.0   21.576 -143.736    191.7    995.7
     1     1    19     6     9    13     0     1   -53.0   21.646 -143.388    193.3    995.4
     1     1    19     6     9    12     0     0   -54.0   21.720 -143.033    194.1    995.2
     1     1    19     6     9    11     0     1   -55.0   21.799 -142.675    193.0    995.5
     1     1    19     6     9    10     0     2   -56.0   21.880 -142.323    189.2    996.3
     1     1    19     6     9     9     0     3   -57.0   21.964 -141.977    182.5    997.4
     1     1    19     6     9     8     0     2   -58.0   22.050 -141.640    175.7    998.5
     1     1    19     6     9     7     0     1   -59.0   22.136 -141.307    172.2    998.8
     1     1    19     6     9     6     0     0   -60.0   22.224 -140.976    172.2    998.7
     1     1    19     6     9     5     0     1   -61.0   22.310 -140.651    174.1    998.0
     1     1    19     6     9     4     0     2   -62.0   22.387 -140.334    176.0    997.6
     1     1    19     6     9     3     0     3   -63.0   22.455 -140.022    177.3    997.2
     1     1    19     6     9     2     0     2   -64.0   22.516 -139.711    178.6    997.1
     1     1    19     6     9     1     0     1   -65.0   22.570 -139.397    179.8    996.8
     1     1    19     6     9     0     0     0   -66.0   22.620 -139.079    180.3    996.7
     1     1    19     6     8    23     0     1   -67.0   22.667 -138.755    180.3    996.9
     1     1    19     6     8    22     0     2   -68.0   22.712 -138.421    180.3    997.1
     1     1    19     6     8    21     0     3   -69.0   22.755 -138.073    180.3    997.2
     1     1    19     6     8    20     0     2   -70.0   22.804 -137.709    180.3    997.4
     1     1    19     6     8    19     0     1   -71.0   22.866 -137.336    180.3    997.6
     1     1    19     6     8    18     0     0   -72.0   22.943 -136.949    180.4    997.8
     1     1    19     6     8    17     0     1   -73.0   23.033 -136.562    181.7    997.5
     1     1    19     6     8    16     0     2   -74.0   23.135 -136.184    185.0    996.8
     1     1    19     6     8    15     0     3   -75.0   23.248 -135.813    189.4    996.0
     1     1    19     6     8    14     0     2   -76.0   23.367 -135.453    193.3    995.4
     1     1    19     6     8    13     0     1   -77.0   23.490 -135.101    195.3    995.1
     1     1    19     6     8    12     0     0   -78.0   23.620 -134.753    195.9    995.0
     1     1    19     6     8    11     0     1   -79.0   23.759 -134.408    196.2    995.4
     1     1    19     6     8    10     0     2   -80.0   23.908 -134.068    197.6    995.7
     1     1    19     6     8     9     0     3   -81.0   24.064 -133.733    202.4    995.7
     1     1    19     6     8     8     0     2   -82.0   24.222 -133.410    209.2    994.7
     1     1    19     6     8     7     0     1   -83.0   24.381 -133.099    214.1    994.1
     1     1    19     6     8     6     0     0   -84.0   24.541 -132.797    215.8    994.0
     1     1    19     6     8     5     0     1   -85.0   24.697 -132.505    215.4    994.1
     1     1    19     6     8     4     0     2   -86.0   24.845 -132.220    213.7    993.9
     1     1    19     6     8     3     0     3   -87.0   24.989 -131.936    209.4    994.1
     1     1    19     6     8     2     0     2   -88.0   25.139 -131.638    203.9    994.6
     1     1    19     6     8     1     0     1   -89.0   25.303 -131.313    199.8    994.9
     1     1    19     6     8     0     0     0   -90.0   25.482 -130.963    198.3    994.9
     1     1    19     6     7    23     0     1   -91.0   25.675 -130.617    198.8    995.3
     1     1    19     6     7    22     0     2   -92.0   25.879 -130.303    200.0    995.6
     1     1    19     6     7    21     0     3   -93.0   26.090 -130.020    201.7    996.0
     1     1    19     6     7    20     0     2   -94.0   26.307 -129.757    203.3    996.0
     1     1    19     6     7    19     0     1   -95.0   26.529 -129.502    204.8    996.0
     1     1    19     6     7    18     0     0   -96.0   26.758 -129.249    208.0    995.9
     1     1    19     6     7    17     0     1   -97.0   26.993 -128.995    212.4    994.8
     1     1    19     6     7    16     0     2   -98.0   27.237 -128.736    214.0    993.9
     1     1    19     6     7    15     0     3   -99.0   27.493 -128.474    211.5    993.9
     1     1    19     6     7    14     0     2  -100.0   27.765 -128.218    207.0    994.4
     1     1    19     6     7    13     0     1  -101.0   28.057 -127.980    201.8    994.9
     1     1    19     6     7    12     0     0  -102.0   28.366 -127.760    196.6    995.6
     1     1    19     6     7    11     0     1  -103.0   28.683 -127.556    193.7    996.3
     1     1    19     6     7    10     0     2  -104.0   29.003 -127.365    193.7    996.4
     1     1    19     6     7     9     0     3  -105.0   29.324 -127.189    196.4    996.3
     1     1    19     6     7     8     0     2  -106.0   29.645 -127.024    200.6    995.8
     1     1    19     6     7     7     0     1  -107.0   29.964 -126.864    204.0    995.5
     1     1    19     6     7     6     0     0  -108.0   30.285 -126.708    206.0    995.4
     1     1    19     6     7     5     0     1  -109.0   30.611 -126.557    207.1    995.1
     1     1    19     6     7     4     0     2  -110.0   30.944 -126.413    207.7    994.9
     1     1    19     6     7     3     0     3  -111.0   31.283 -126.276    208.0    994.6
     1     1    19     6     7     2     0     2  -112.0   31.626 -126.150    209.7    994.6
     1     1    19     6     7     1     0     1  -113.0   31.977 -126.041    213.8    994.2
     1     1    19     6     7     0     0     0  -114.0   32.333 -125.953    221.0    993.6
     1     1    19     6     6    23     0     1  -115.0   32.695 -125.885    230.1    992.5
     1     1    19     6     6    22     0     2  -116.0   33.064 -125.835    238.7    991.7
     1     1    19     6     6    21     0     3  -117.0   33.442 -125.807    245.3    990.8
     1     1    19     6     6    20     0     2  -118.0   33.828 -125.803    248.5    990.6
     1     1    19     6     6    19     0     1  -119.0   34.218 -125.824    251.2    990.6
     1     1    19     6     6    18     0     0  -120.0   34.607 -125.868    257.1    990.2
     1     1    19     6     6    17     0     1  -121.0   34.991 -125.932    270.6    989.0
     1     1    19     6     6    16     0     2  -122.0   35.375 -126.011    290.5    985.6
     1     1    19     6     6    15     0     3  -123.0   35.761 -126.103    309.1    982.7
     1     1    19     6     6    14     0     2  -124.0   36.147 -126.210    325.3    980.6
     1     1    19     6     6    13     0     1  -125.0   36.540 -126.333    341.8    978.6
     1     1    19     6     6    12     0     0  -126.0   36.940 -126.470    358.5    976.3
     1     1    19     6     6    11     0     1  -127.0   37.351 -126.606    374.4    974.5
     1     1    19     6     6    10     0     2  -128.0   37.775 -126.721    389.1    972.8
     1     1    19     6     6     9     0     3  -129.0   38.208 -126.804    400.0    971.4
     1     1    19     6     6     8     0     2  -130.0   38.644 -126.868    410.3    971.2
     1     1    19     6     6     7     0     1  -131.0   39.079 -126.922    426.7    969.9
     1     1    19     6     6     6     0     0  -132.0   39.507 -126.965    447.1    967.2
     1     1    19     6     6     5     0     1  -133.0   39.916 -127.013    461.7    964.7
     1     1    19     6     6     4     0     2  -134.0   40.305 -127.078    468.9    964.5
     1     1    19     6     6     3     0     3  -135.0   40.676 -127.168    475.4    964.1
     1     1    19     6     6     2     0     2  -136.0   41.022 -127.278    485.3    963.2
     1     1    19     6     6     1     0     1  -137.0   41.339 -127.403    498.3    961.5
     1     1    19     6     6     0     0     0  -138.0   41.629 -127.546    513.0    959.9
     1     1    19     6     5    23     0     1  -139.0   41.898 -127.704    529.4    958.2
     1     1    19     6     5    22     0     2  -140.0   42.151 -127.866    547.3    956.2
     1     1    19     6     5    21     0     3  -141.0   42.391 -128.030    565.5    954.1
     1     1    19     6     5    20     0     2  -142.0   42.622 -128.208    581.8    952.0
     1     1    19     6     5    19     0     1  -143.0   42.850 -128.411    595.9    950.3
     1     1    19     6     5    18     0     0  -144.0   43.075 -128.639    608.5    948.7
     1     1    19     6     5    17     0     1  -145.0   43.294 -128.895    616.7    947.2
     1     1    19     6     5    16     0     2  -146.0   43.502 -129.179    622.2    946.8
     1     1    19     6     5    15     0     3  -147.0   43.706 -129.493    634.4    945.7
     1     1    19     6     5    14     0     2  -148.0   43.902 -129.835    657.4    942.7
     1     1    19     6     5    13     0     1  -149.0   44.082 -130.207    682.8    938.5
     1     1    19     6     5    12     0     0  -150.0   44.255 -130.605    697.3    935.9
     1     1    19     6     5    11     0     1  -151.0   44.427 -131.019    698.2    936.1
     1     1    19     6     5    10     0     2  -152.0   44.595 -131.443    695.2    937.3
     1     1    19     6     5     9     0     3  -153.0   44.760 -131.874    694.1    937.3
     1     1    19     6     5     8     0     2  -154.0   44.925 -132.311    694.7    937.2
     1     1    19     6     5     7     0     1  -155.0   45.094 -132.752    697.8    936.6
     1     1    19     6     5     6     0     0  -156.0   45.268 -133.196    705.0    935.7
     1     1    19     6     5     5     0     1  -157.0   45.438 -133.654    715.8    933.9
     1     1    19     6     5     4     0     2  -158.0   45.602 -134.129    726.0    932.2
     1     1    19     6     5     3     0     3  -159.0   45.764 -134.615    740.6    930.9
     1     1    19     6     5     2     0     2  -160.0   45.921 -135.094    764.6    927.8
     1     1    19     6     5     1     0     1  -161.0   46.061 -135.551    793.8    924.2
     1     1    19     6     5     0     0     0  -162.0   46.170 -135.993    832.4    920.6
     1     1    19     6     4    23     0     1  -163.0   46.248 -136.411    870.8    914.9
     1     1    19     6     4    22     0     2  -164.0   46.293 -136.798    883.0    912.2
     1     1    19     6     4    21     0     3  -165.0   46.293 -137.170    860.5    915.0
     1     1    19     6     4    20     0     2  -166.0   46.270 -137.519    818.2    921.0
     1     1    19     6     4    19     0     1  -167.0   46.224 -137.832    750.2    926.6
     1     1    19     6     4    18     0     0  -168.0   46.134 -138.109    648.7    939.2
     1     1    19     6     4    17     0     1  -169.0   46.031 -138.349    559.8    954.3
     1     1    19     6     4    16     0     2  -170.0   45.942 -138.549    507.1    958.4
     1     1    19     6     4    15     0     3  -171.0   45.835 -138.696    463.3    962.3
     1     1    19     6     4    14     0     2  -172.0   45.706 -138.793    420.5    967.7
     1     1    19     6     4    13     0     1  -173.0   45.565 -138.853    378.9    972.3
     1     1    19     6     4    12     0     0  -174.0   45.411 -138.871    339.6    977.0
     1     1    19     6     4    11     0     1  -175.0   45.250 -138.843    308.0    981.8
     1     1    19     6     4    10     0     2  -176.0   45.087 -138.773    285.8    984.7
     1     1    19     6     4     9     0     3  -177.0   44.922 -138.665    268.9    987.0
     1     1    19     6     4     8     0     2  -178.0   44.762 -138.539    256.8    988.8
     1     1    19     6     4     7     0     1  -179.0   44.613 -138.399    250.3    989.8
     1     1    19     6     4     6     0     0  -180.0   44.469 -138.225    250.1    990.2
     1     1    19     6     4     5     0     1  -181.0   44.321 -138.021    254.7    989.8
     1     1    19     6     4     4     0     2  -182.0   44.150 -137.808    259.3    989.5
     1     1    19     6     4     3     0     3  -183.0   43.947 -137.606    260.4    989.7
     1     1    19     6     4     2     0     2  -184.0   43.709 -137.424    255.8    990.4
     1     1    19     6     4     1     0     1  -185.0   43.450 -137.246    249.7    991.9
     1     1    19     6     4     0     0     0  -186.0   43.182 -137.052    250.5    992.9
     1     1    19     6     3    23     0     1  -187.0   42.917 -136.845    255.3    992.1
     1     1    19     6     3    22     0     2  -188.0   42.662 -136.639    256.2    992.6
     1     1    19     6     3    21     0     3  -189.0   42.438 -136.440    257.9    993.5
     1     1    19     6     3    20     0     2  -190.0   42.253 -136.251    261.6    993.0
     1     1    19     6     3    19     0     1  -191.0   42.102 -136.068    263.7    993.1
     1     1    19     6     3    18     0     0  -192.0   41.982 -135.883    264.5    993.1
     1     1    19     6     3    17     0     1  -193.0   41.897 -135.710    264.7    993.2
     1     1    19     6     3    16     0     2  -194.0   41.847 -135.567    264.8    993.1
     1     1    19     6     3    15     0     3  -195.0   41.830 -135.452    264.9    992.9
     1     1    19     6     3    14     0     2  -196.0   41.839 -135.356    264.9    992.8
     1     1    19     6     3    13     0     1  -197.0   41.866 -135.275    264.9    992.6
     1     1    19     6     3    12     0     0  -198.0   41.911 -135.209    264.9    992.4
     1     1    19     6     3    11     0     1  -199.0   41.973 -135.155    264.9    992.6
     1     1    19     6     3    10     0     2  -200.0   42.051 -135.111    264.9    992.8
     1     1    19     6     3     9     0     3  -201.0   42.142 -135.080    264.9    992.9
     1     1    19     6     3     8     0     2  -202.0   42.246 -135.066    264.9    992.8
     1     1    19     6     3     7     0     1  -203.0   42.362 -135.073    264.9    992.8
     1     1    19     6     3     6     0     0  -204.0   42.488 -135.099    264.9    992.7
     1     1    19     6     3     5     0     1  -205.0   42.626 -135.153    270.0    992.3
     1     1    19     6     3     4     0     2  -206.0   42.778 -135.242    285.0    989.9
     1     1    19     6     3     3     0     3  -207.0   42.943 -135.367    310.1    986.3
     1     1    19     6     3     2     0     2  -208.0   43.114 -135.520    341.0    981.9
     1     1    19     6     3     1     0     1  -209.0   43.283 -135.696    373.4    978.0
     1     1    19     6     3     0     0     0  -210.0   43.452 -135.893    407.2    974.2
     1     1    19     6     2    23     0     1  -211.0   43.628 -136.121    437.0    969.9
     1     1    19     6     2    22     0     2  -212.0   43.813 -136.393    457.5    967.1
     1     1    19     6     2    21     0     3  -213.0   44.006 -136.709    467.5    965.6
     1     1    19     6     2    20     0     2  -214.0   44.201 -137.070    474.9    965.2
     1     1    19     6     2    19     0     1  -215.0   44.393 -137.475    487.9    963.0
     1     1    19     6     2    18     0     0  -216.0   44.585 -137.918    506.3    960.4
     1     1    19     6     2    17     0     1  -217.0   44.765 -138.408    532.5    957.0
     1     1    19     6     2    16     0     2  -218.0   44.924 -138.949    564.1    952.4
     1     1    19     6     2    15     0     3  -219.0   45.073 -139.539    596.8    948.2
     1     1    19     6     2    14     0     2  -220.0   45.211 -140.177    629.4    943.9
     1     1    19     6     2    13     0     1  -221.0   45.338 -140.859    662.3    939.5
     1     1    19     6     2    12     0     0  -222.0   45.464 -141.576    691.4    934.8
     1     1    19     6     2    11     0     1  -223.0   45.587 -142.320    717.0    932.1
     1     1    19     6     2    10     0     2  -224.0   45.705 -143.079    747.5    928.2
     1     1    19     6     2     9     0     3  -225.0   45.838 -143.844    786.6    923.6
     1     1    19     6     2     8     0     2  -226.0   45.984 -144.602    830.5    917.9
     1     1    19     6     2     7     0     1  -227.0   46.147 -145.346    880.2    911.9
     1     1    19     6     2     6     0     0  -228.0   46.323 -146.071    921.3    905.8
     1     1    19     6     2     5     0     1  -229.0   46.478 -146.760    948.9    902.4
     1     1    19     6     2     4     0     2  -230.0   46.593 -147.408    969.9    900.1
     1     1    19     6     2     3     0     3  -231.0   46.691 -148.035    992.6    897.6
     1     1    19     6     2     2     0     2  -232.0   46.766 -148.633   1017.9    894.3
     1     1    19     6     2     1     0     1  -233.0   46.815 -149.190   1043.2    891.7
     1     1    19     6     2     0     0     0  -234.0   46.855 -149.711   1066.6    888.8
     1     1    19     6     1    23     0     1  -235.0   46.878 -150.204   1082.9    886.9
     1     1    19     6     1    22     0     2  -236.0   46.874 -150.673   1091.6    886.2
     1     1    19     6     1    21     0     3  -237.0   46.858 -151.124   1094.5    885.9
     1     1    19     6     1    20     0     2  -238.0   46.828 -151.557   1098.3    886.2
     1     1    19     6     1    19     0     1  -239.0   46.783 -151.976   1115.6    884.9
     1     1    19     6     1    18     0     0  -240.0   46.731 -152.382   1149.6    881.1
