     7     1
    GDAS    18    12     1     0     0
    GDAS    19     1     1     0     0
    GDAS    19     2     1     0     0
    GDAS    19     3     1     0     0
    GDAS    19     4     1     0     0
    GDAS    19     5     1     0     0
    GDAS    19     6     1     0     0
     1 BACKWARD OMEGA   
    19     2    18     0   21.319 -157.670    10.0
     1 PRESSURE
     1     1    19     2    18     0     0     0     0.0   21.319 -157.670     10.0   1010.8
     1     1    19     2    17    23     0     1    -1.0   21.528 -157.670     12.7   1011.6
     1     1    19     2    17    22     0     2    -2.0   21.762 -157.670     14.0   1012.6
     1     1    19     2    17    21     0     3    -3.0   22.021 -157.663     13.4   1013.8
     1     1    19     2    17    20     0     2    -4.0   22.310 -157.646     12.2   1013.5
     1     1    19     2    17    19     0     1    -5.0   22.636 -157.618     11.8   1012.9
     1     1    19     2    17    18     0     0    -6.0   23.000 -157.574     11.7   1012.2
     1     1    19     2    17    17     0     1    -7.0   23.398 -157.517     11.7   1012.6
     1     1    19     2    17    16     0     2    -8.0   23.818 -157.448     11.7   1012.6
     1     1    19     2    17    15     0     3    -9.0   24.260 -157.356     11.9   1012.5
     1     1    19     2    17    14     0     2   -10.0   24.722 -157.243     12.6   1013.0
     1     1    19     2    17    13     0     1   -11.0   25.205 -157.112     13.9   1013.1
     1     1    19     2    17    12     0     0   -12.0   25.690 -156.957     15.1   1014.5
     1     1    19     2    17    11     0     1   -13.0   26.160 -156.773     16.0   1014.9
     1     1    19     2    17    10     0     2   -14.0   26.615 -156.551     16.9   1014.6
     1     1    19     2    17     9     0     3   -15.0   27.057 -156.281     17.3   1015.4
     1     1    19     2    17     8     0     2   -16.0   27.477 -155.959     17.5   1015.5
     1     1    19     2    17     7     0     1   -17.0   27.853 -155.583     18.1   1015.5
     1     1    19     2    17     6     0     0   -18.0   28.180 -155.146     18.6   1016.4
     1     1    19     2    17     5     0     1   -19.0   28.470 -154.660     18.6   1017.2
     1     1    19     2    17     4     0     2   -20.0   28.727 -154.149     18.5   1018.1
     1     1    19     2    17     3     0     3   -21.0   28.947 -153.607     19.0   1017.4
     1     1    19     2    17     2     0     2   -22.0   29.114 -153.031     20.4   1016.9
     1     1    19     2    17     1     0     1   -23.0   29.232 -152.434     22.0   1017.8
     1     1    19     2    17     0     0     0   -24.0   29.310 -151.826     23.7   1018.7
     1     1    19     2    16    23     0     1   -25.0   29.367 -151.210     25.5   1018.8
     1     1    19     2    16    22     0     2   -26.0   29.422 -150.588     26.7   1019.2
     1     1    19     2    16    21     0     3   -27.0   29.466 -149.955     27.4   1019.7
     1     1    19     2    16    20     0     2   -28.0   29.508 -149.320     27.7   1021.3
     1     1    19     2    16    19     0     1   -29.0   29.560 -148.697     27.7   1021.6
     1     1    19     2    16    18     0     0   -30.0   29.617 -148.084     27.2   1021.9
     1     1    19     2    16    17     0     1   -31.0   29.664 -147.487     27.3   1023.2
     1     1    19     2    16    16     0     2   -32.0   29.690 -146.915     27.8   1023.7
     1     1    19     2    16    15     0     3   -33.0   29.700 -146.362     28.3   1023.4
     1     1    19     2    16    14     0     2   -34.0   29.708 -145.820     28.5   1023.6
     1     1    19     2    16    13     0     1   -35.0   29.723 -145.281     28.5   1023.8
     1     1    19     2    16    12     0     0   -36.0   29.745 -144.744     28.5   1023.7
     1     1    19     2    16    11     0     1   -37.0   29.776 -144.217     28.5   1023.8
     1     1    19     2    16    10     0     2   -38.0   29.815 -143.713     28.5   1023.8
     1     1    19     2    16     9     0     3   -39.0   29.863 -143.238     28.5   1023.7
     1     1    19     2    16     8     0     2   -40.0   29.925 -142.787     28.6   1024.2
     1     1    19     2    16     7     0     1   -41.0   30.008 -142.354     29.3   1024.5
     1     1    19     2    16     6     0     0   -42.0   30.113 -141.940     31.1   1024.1
     1     1    19     2    16     5     0     1   -43.0   30.234 -141.550     33.6   1025.4
     1     1    19     2    16     4     0     2   -44.0   30.357 -141.187     36.0   1025.7
     1     1    19     2    16     3     0     3   -45.0   30.479 -140.852     37.9   1025.4
     1     1    19     2    16     2     0     2   -46.0   30.611 -140.542     39.3   1024.8
     1     1    19     2    16     1     0     1   -47.0   30.772 -140.257     40.1   1024.5
     1     1    19     2    16     0     0     0   -48.0   30.966 -140.001     40.6   1024.8
     1     1    19     2    15    23     0     1   -49.0   31.183 -139.778     41.2   1024.7
     1     1    19     2    15    22     0     2   -50.0   31.404 -139.589     43.0   1024.4
     1     1    19     2    15    21     0     3   -51.0   31.624 -139.437     45.9   1023.9
     1     1    19     2    15    20     0     2   -52.0   31.852 -139.315     49.3   1023.4
     1     1    19     2    15    19     0     1   -53.0   32.101 -139.217     53.0   1023.0
     1     1    19     2    15    18     0     0   -54.0   32.380 -139.144     57.1   1022.3
     1     1    19     2    15    17     0     1   -55.0   32.677 -139.103     61.1   1021.1
     1     1    19     2    15    16     0     2   -56.0   32.976 -139.095     63.8   1020.3
     1     1    19     2    15    15     0     3   -57.0   33.270 -139.123     64.8   1019.7
     1     1    19     2    15    14     0     2   -58.0   33.564 -139.184     65.7   1019.1
     1     1    19     2    15    13     0     1   -59.0   33.868 -139.277     67.7   1018.2
     1     1    19     2    15    12     0     0   -60.0   34.182 -139.403     71.0   1017.4
     1     1    19     2    15    11     0     1   -61.0   34.514 -139.558     76.6   1016.5
     1     1    19     2    15    10     0     2   -62.0   34.865 -139.742     85.0   1015.0
     1     1    19     2    15     9     0     3   -63.0   35.224 -139.957     95.2   1013.5
     1     1    19     2    15     8     0     2   -64.0   35.577 -140.201    102.9   1012.7
     1     1    19     2    15     7     0     1   -65.0   35.925 -140.471    106.2   1012.3
     1     1    19     2    15     6     0     0   -66.0   36.284 -140.760    106.7   1011.8
     1     1    19     2    15     5     0     1   -67.0   36.664 -141.063    106.8   1011.1
     1     1    19     2    15     4     0     2   -68.0   37.057 -141.379    107.0   1010.5
     1     1    19     2    15     3     0     3   -69.0   37.460 -141.714    107.1   1009.8
     1     1    19     2    15     2     0     2   -70.0   37.865 -142.068    107.1   1009.4
     1     1    19     2    15     1     0     1   -71.0   38.267 -142.437    107.1   1009.3
     1     1    19     2    15     0     0     0   -72.0   38.666 -142.819    107.1   1009.1
     1     1    19     2    14    23     0     1   -73.0   39.071 -143.199    107.1   1009.6
     1     1    19     2    14    22     0     2   -74.0   39.487 -143.563    107.1   1009.8
     1     1    19     2    14    21     0     3   -75.0   39.912 -143.918    107.1   1010.0
     1     1    19     2    14    20     0     2   -76.0   40.344 -144.271    107.1   1009.9
     1     1    19     2    14    19     0     1   -77.0   40.786 -144.630    107.1   1009.5
     1     1    19     2    14    18     0     0   -78.0   41.237 -144.992    107.1   1009.6
     1     1    19     2    14    17     0     1   -79.0   41.690 -145.356    107.1   1009.6
     1     1    19     2    14    16     0     2   -80.0   42.141 -145.716    107.1   1009.5
     1     1    19     2    14    15     0     3   -81.0   42.585 -146.067    107.1   1009.6
     1     1    19     2    14    14     0     2   -82.0   43.022 -146.413    107.1   1009.7
     1     1    19     2    14    13     0     1   -83.0   43.453 -146.759    107.1   1009.7
     1     1    19     2    14    12     0     0   -84.0   43.878 -147.102    107.1   1010.0
     1     1    19     2    14    11     0     1   -85.0   44.308 -147.434    107.1   1009.9
     1     1    19     2    14    10     0     2   -86.0   44.752 -147.749    107.1   1009.8
     1     1    19     2    14     9     0     3   -87.0   45.204 -148.048    107.1   1009.8
     1     1    19     2    14     8     0     2   -88.0   45.665 -148.347    107.1   1010.3
     1     1    19     2    14     7     0     1   -89.0   46.134 -148.656    107.1   1010.7
     1     1    19     2    14     6     0     0   -90.0   46.612 -148.970    107.1   1010.3
     1     1    19     2    14     5     0     1   -91.0   47.100 -149.297    107.1   1010.0
     1     1    19     2    14     4     0     2   -92.0   47.598 -149.642    107.1   1010.3
     1     1    19     2    14     3     0     3   -93.0   48.109 -149.993    107.1   1010.5
     1     1    19     2    14     2     0     2   -94.0   48.626 -150.363    107.1   1009.8
     1     1    19     2    14     1     0     1   -95.0   49.145 -150.762    107.1   1009.9
     1     1    19     2    14     0     0     0   -96.0   49.673 -151.172    107.1   1010.1
     1     1    19     2    13    23     0     1   -97.0   50.208 -151.597    107.1   1009.7
     1     1    19     2    13    22     0     2   -98.0   50.751 -152.052    107.2   1009.7
     1     1    19     2    13    21     0     3   -99.0   51.302 -152.529    110.6   1009.2
     1     1    19     2    13    20     0     2  -100.0   51.856 -153.031    115.3   1008.0
     1     1    19     2    13    19     0     1  -101.0   52.401 -153.554    120.4   1007.4
     1     1    19     2    13    18     0     0  -102.0   52.951 -154.094    125.4   1006.4
     1     1    19     2    13    17     0     1  -103.0   53.504 -154.644    133.0   1005.3
     1     1    19     2    13    16     0     2  -104.0   54.058 -155.208    148.1   1002.7
     1     1    19     2    13    15     0     3  -105.0   54.615 -155.791    170.4    999.5
     1     1    19     2    13    14     0     2  -106.0   55.154 -156.344    196.5    994.7
     1     1    19     2    13    13     0     1  -107.0   55.658 -156.863    231.4    991.5
     1     1    19     2    13    12     0     0  -108.0   56.120 -157.373    276.1    979.7
     1     1    19     2    13    11     0     1  -109.0   56.534 -157.808    213.0    957.7
     1     1    19     2    13    10     0     2  -110.0   56.844 -158.089     24.6    979.5
     1     1    19     2    13     9     0     3  -111.0   57.076 -158.262      0.0    992.5
     1     1    19     2    13     8     0     2  -112.0   57.292 -158.425      0.0   1002.3
     1     1    19     2    13     7     0     1  -113.0   57.490 -158.611      0.0   1009.7
     1     1    19     2    13     6     0     0  -114.0   57.671 -158.803      0.0   1014.1
     1     1    19     2    13     5     0     1  -115.0   57.830 -158.986      0.0   1016.7
     1     1    19     2    13     4     0     2  -116.0   57.963 -159.144      0.0   1017.0
     1     1    19     2    13     3     0     3  -117.0   58.063 -159.259      0.1   1016.6
     1     1    19     2    13     2     0     2  -118.0   58.140 -159.369      0.6   1017.7
     1     1    19     2    13     1     0     1  -119.0   58.207 -159.517      1.2   1018.5
     1     1    19     2    13     0     0     0  -120.0   58.262 -159.704      1.6   1019.1
     1     1    19     2    12    23     0     1  -121.0   58.310 -159.937      1.8   1018.0
     1     1    19     2    12    22     0     2  -122.0   58.350 -160.216      1.9   1016.8
     1     1    19     2    12    21     0     3  -123.0   58.380 -160.535      1.9   1015.4
     1     1    19     2    12    20     0     2  -124.0   58.399 -160.885      0.3   1014.0
     1     1    19     2    12    19     0     1  -125.0   58.405 -161.270      0.0   1015.7
     1     1    19     2    12    18     0     0  -126.0   58.397 -161.704      0.0   1019.4
     1     1    19     2    12    17     0     1  -127.0   58.374 -162.192      0.0   1021.1
     1     1    19     2    12    16     0     2  -128.0   58.337 -162.703      0.0   1020.5
     1     1    19     2    12    15     0     3  -129.0   58.287 -163.216      0.8   1020.5
     1     1    19     2    12    14     0     2  -130.0   58.227 -163.757      1.4   1019.7
     1     1    19     2    12    13     0     1  -131.0   58.160 -164.364      1.1   1018.9
     1     1    19     2    12    12     0     0  -132.0   58.094 -165.070      0.0   1017.8
     1     1    19     2    12    11     0     1  -133.0   58.018 -165.903      0.0   1017.5
     1     1    19     2    12    10     0     2  -134.0   57.911 -166.833      0.3   1017.4
     1     1    19     2    12     9     0     3  -135.0   57.779 -167.763      1.0   1017.0
     1     1    19     2    12     8     0     2  -136.0   57.629 -168.657      1.8   1014.4
     1     1    19     2    12     7     0     1  -137.0   57.456 -169.539      2.0   1012.9
     1     1    19     2    12     6     0     0  -138.0   57.271 -170.436      2.1   1012.3
     1     1    19     2    12     5     0     1  -139.0   57.061 -171.427      2.2   1011.5
     1     1    19     2    12     4     0     2  -140.0   56.830 -172.503      2.9   1010.9
     1     1    19     2    12     3     0     3  -141.0   56.601 -173.608      4.2   1009.0
     1     1    19     2    12     2     0     2  -142.0   56.374 -174.721      5.7   1008.0
     1     1    19     2    12     1     0     1  -143.0   56.139 -175.841      6.4   1006.7
     1     1    19     2    12     0     0     0  -144.0   55.907 -176.993      7.7   1005.5
     1     1    19     2    11    23     0     1  -145.0   55.683 -178.163      9.9   1003.6
     1     1    19     2    11    22     0     2  -146.0   55.485 -179.372     13.8    999.7
     1     1    19     2    11    21     0     3  -147.0   55.335  179.350     22.8    997.1
     1     1    19     2    11    20     0     2  -148.0   55.231  178.039     34.8    993.5
     1     1    19     2    11    19     0     1  -149.0   55.196  176.694     43.9    989.7
     1     1    19     2    11    18     0     0  -150.0   55.274  175.328     47.2    987.6
     1     1    19     2    11    17     0     1  -151.0   55.460  174.028     50.5    983.1
     1     1    19     2    11    16     0     2  -152.0   55.790  172.819     63.5    978.2
     1     1    19     2    11    15     0     3  -153.0   56.322  171.737     87.2    972.7
     1     1    19     2    11    14     0     2  -154.0   57.007  170.950     95.2    969.0
     1     1    19     2    11    13     0     1  -155.0   57.791  170.535     87.7    970.2
     1     1    19     2    11    12     0     0  -156.0   58.608  170.509     72.4    973.0
     1     1    19     2    11    11     0     1  -157.0   59.351  170.838     53.4    977.9
     1     1    19     2    11    10     0     2  -158.0   59.962  171.358     34.0    984.2
     1     1    19     2    11     9     0     3  -159.0   60.461  171.858     39.9    967.4
     1     1    19     2    11     8     0     2  -160.0   60.872  172.204    123.7    954.5
     1     1    19     2    11     7     0     1  -161.0   61.214  172.498    328.7    925.4
     1     1    19     2    11     6     0     0  -162.0   61.464  172.801    525.0    907.2
     1     1    19     2    11     5     0     1  -163.0   61.575  173.048    718.2    890.0
     1     1    19     2    11     4     0     2  -164.0   61.551  173.173    891.6    870.7
     1     1    19     2    11     3     0     3  -165.0   61.434  173.161   1034.0    859.6
     1     1    19     2    11     2     0     2  -166.0   61.266  173.016   1155.1    853.4
     1     1    19     2    11     1     0     1  -167.0   61.063  172.732   1252.3    839.4
     1     1    19     2    11     0     0     0  -168.0   60.828  172.353   1306.7    824.6
     1     1    19     2    10    23     0     1  -169.0   60.594  171.938   1345.2    819.9
     1     1    19     2    10    22     0     2  -170.0   60.365  171.446   1400.1    822.9
     1     1    19     2    10    21     0     3  -171.0   60.136  170.837   1481.0    823.8
     1     1    19     2    10    20     0     2  -172.0   59.896  170.139   1572.2    813.7
     1     1    19     2    10    19     0     1  -173.0   59.628  169.400   1635.6    807.8
     1     1    19     2    10    18     0     0  -174.0   59.322  168.594   1673.8    808.0
     1     1    19     2    10    17     0     1  -175.0   58.989  167.762   1725.9    801.2
     1     1    19     2    10    16     0     2  -176.0   58.656  167.063   1768.4    797.2
     1     1    19     2    10    15     0     3  -177.0   58.332  166.385   1812.2    792.7
     1     1    19     2    10    14     0     2  -178.0   58.033  165.608   1841.0    788.1
     1     1    19     2    10    13     0     1  -179.0   57.790  164.802   1846.3    788.3
     1     1    19     2    10    12     0     0  -180.0   57.610  164.071   1834.2    789.2
     1     1    19     2    10    11     0     1  -181.0   57.469  163.307   1792.7    790.5
     1     1    19     2    10    10     0     2  -182.0   57.358  162.406   1723.8    783.9
     1     1    19     2    10     9     0     3  -183.0   57.248  161.355   1779.7    762.3
     1     1    19     2    10     8     0     2  -184.0   57.110  160.247   1942.0    717.7
     1     1    19     2    10     7     0     1  -185.0   56.935  159.149   2106.6    712.8
     1     1    19     2    10     6     0     0  -186.0   56.745  158.146   2036.3    713.7
     1     1    19     2    10     5     0     1  -187.0   56.529  157.227   1916.3    753.3
     1     1    19     2    10     4     0     2  -188.0   56.303  156.413   1845.6    774.4
     1     1    19     2    10     3     0     3  -189.0   56.090  155.670   1727.7    793.7
     1     1    19     2    10     2     0     2  -190.0   55.912  154.958   1653.6    810.8
     1     1    19     2    10     1     0     1  -191.0   55.788  154.241   1655.3    807.3
     1     1    19     2    10     0     0     0  -192.0   55.731  153.506   1688.0    800.6
     1     1    19     2     9    23     0     1  -193.0   55.726  152.771   1709.0    795.5
     1     1    19     2     9    22     0     2  -194.0   55.766  152.056   1707.4    795.8
     1     1    19     2     9    21     0     3  -195.0   55.843  151.374   1691.0    797.2
     1     1    19     2     9    20     0     2  -196.0   55.945  150.747   1668.1    800.0
     1     1    19     2     9    19     0     1  -197.0   56.070  150.184   1649.7    802.2
     1     1    19     2     9    18     0     0  -198.0   56.216  149.675   1643.6    802.7
     1     1    19     2     9    17     0     1  -199.0   56.372  149.231   1643.0    801.8
     1     1    19     2     9    16     0     2  -200.0   56.539  148.862   1638.6    802.1
     1     1    19     2     9    15     0     3  -201.0   56.718  148.552   1629.3    803.0
     1     1    19     2     9    14     0     2  -202.0   56.911  148.305   1618.4    804.5
     1     1    19     2     9    13     0     1  -203.0   57.123  148.139   1614.7    805.2
     1     1    19     2     9    12     0     0  -204.0   57.357  148.060   1624.6    804.1
     1     1    19     2     9    11     0     1  -205.0   57.607  148.044   1645.5    801.2
     1     1    19     2     9    10     0     2  -206.0   57.859  148.069   1672.3    798.0
     1     1    19     2     9     9     0     3  -207.0   58.103  148.138   1693.1    794.6
     1     1    19     2     9     8     0     2  -208.0   58.335  148.255   1694.9    793.7
     1     1    19     2     9     7     0     1  -209.0   58.554  148.406   1679.7    795.9
     1     1    19     2     9     6     0     0  -210.0   58.758  148.563   1658.5    798.4
     1     1    19     2     9     5     0     1  -211.0   58.942  148.742   1639.0    800.8
     1     1    19     2     9     4     0     2  -212.0   59.096  148.978   1617.9    800.5
     1     1    19     2     9     3     0     3  -213.0   59.213  149.282   1600.6    799.6
     1     1    19     2     9     2     0     2  -214.0   59.317  149.659   1602.6    794.0
     1     1    19     2     9     1     0     1  -215.0   59.425  150.118   1627.1    783.5
     1     1    19     2     9     0     0     0  -216.0   59.536  150.673   1681.2    769.5
     1     1    19     2     8    23     0     1  -217.0   59.649  151.264   1741.5    748.0
     1     1    19     2     8    22     0     2  -218.0   59.772  151.833   1769.3    731.6
     1     1    19     2     8    21     0     3  -219.0   59.904  152.410   1782.8    738.6
     1     1    19     2     8    20     0     2  -220.0   60.049  153.047   1803.7    751.2
     1     1    19     2     8    19     0     1  -221.0   60.208  153.750   1816.8    740.7
     1     1    19     2     8    18     0     0  -222.0   60.367  154.490   1823.5    735.1
     1     1    19     2     8    17     0     1  -223.0   60.517  155.247   1833.9    739.2
     1     1    19     2     8    16     0     2  -224.0   60.659  155.968   1822.0    762.9
     1     1    19     2     8    15     0     3  -225.0   60.789  156.663   1768.6    780.1
     1     1    19     2     8    14     0     2  -226.0   60.904  157.344   1716.8    792.0
     1     1    19     2     8    13     0     1  -227.0   61.004  157.975   1661.8    797.4
     1     1    19     2     8    12     0     0  -228.0   61.084  158.559   1612.6    801.8
     1     1    19     2     8    11     0     1  -229.0   61.141  159.114   1578.4    803.3
     1     1    19     2     8    10     0     2  -230.0   61.175  159.648   1561.4    799.2
     1     1    19     2     8     9     0     3  -231.0   61.180  160.188   1572.1    790.0
     1     1    19     2     8     8     0     2  -232.0   61.168  160.732   1572.6    779.6
     1     1    19     2     8     7     0     1  -233.0   61.163  161.259   1546.6    785.2
     1     1    19     2     8     6     0     0  -234.0   61.179  161.758   1511.3    800.5
     1     1    19     2     8     5     0     1  -235.0   61.214  162.220   1474.8    809.8
     1     1    19     2     8     4     0     2  -236.0   61.252  162.639   1443.7    814.3
     1     1    19     2     8     3     0     3  -237.0   61.280  163.015   1416.1    818.7
     1     1    19     2     8     2     0     2  -238.0   61.298  163.372   1388.3    821.2
     1     1    19     2     8     1     0     1  -239.0   61.306  163.729   1365.8    823.4
     1     1    19     2     8     0     0     0  -240.0   61.290  164.089   1349.3    822.4
