     7     1
    GDAS    18    12     1     0     0
    GDAS    19     1     1     0     0
    GDAS    19     2     1     0     0
    GDAS    19     3     1     0     0
    GDAS    19     4     1     0     0
    GDAS    19     5     1     0     0
    GDAS    19     6     1     0     0
     1 BACKWARD OMEGA   
    19     3    14     6   21.319 -157.670    10.0
     1 PRESSURE
     1     1    19     3    14     6     0     0     0.0   21.319 -157.670     10.0   1015.6
     1     1    19     3    14     5     0     1    -1.0   21.427 -157.421     12.1   1014.1
     1     1    19     3    14     4     0     2    -2.0   21.523 -157.176     16.0   1013.0
     1     1    19     3    14     3     0     3    -3.0   21.611 -156.925     21.5   1012.5
     1     1    19     3    14     2     0     2    -4.0   21.689 -156.667     25.9   1012.8
     1     1    19     3    14     1     0     1    -5.0   21.752 -156.406     27.3   1013.7
     1     1    19     3    14     0     0     0    -6.0   21.806 -156.140     26.6   1014.8
     1     1    19     3    13    23     0     1    -7.0   21.852 -155.874     26.1   1015.5
     1     1    19     3    13    22     0     2    -8.0   21.890 -155.614     26.9   1015.3
     1     1    19     3    13    21     0     3    -9.0   21.913 -155.357     28.2   1015.1
     1     1    19     3    13    20     0     2   -10.0   21.929 -155.102     29.2   1015.0
     1     1    19     3    13    19     0     1   -11.0   21.950 -154.854     29.6   1015.1
     1     1    19     3    13    18     0     0   -12.0   21.976 -154.608     30.5   1015.2
     1     1    19     3    13    17     0     1   -13.0   21.998 -154.357     32.0   1014.9
     1     1    19     3    13    16     0     2   -14.0   22.009 -154.097     33.4   1014.6
     1     1    19     3    13    15     0     3   -15.0   22.013 -153.830     34.4   1014.4
     1     1    19     3    13    14     0     2   -16.0   22.017 -153.563     34.6   1014.5
     1     1    19     3    13    13     0     1   -17.0   22.027 -153.298     33.7   1014.7
     1     1    19     3    13    12     0     0   -18.0   22.048 -153.036     30.9   1015.2
     1     1    19     3    13    11     0     1   -19.0   22.067 -152.776     28.2   1015.7
     1     1    19     3    13    10     0     2   -20.0   22.071 -152.511     27.1   1015.8
     1     1    19     3    13     9     0     3   -21.0   22.061 -152.239     26.8   1015.7
     1     1    19     3    13     8     0     2   -22.0   22.047 -151.957     26.8   1015.8
     1     1    19     3    13     7     0     1   -23.0   22.038 -151.671     26.8   1015.9
     1     1    19     3    13     6     0     0   -24.0   22.035 -151.382     26.8   1016.0
     1     1    19     3    13     5     0     1   -25.0   22.036 -151.094     26.8   1016.0
     1     1    19     3    13     4     0     2   -26.0   22.041 -150.812     26.8   1016.0
     1     1    19     3    13     3     0     3   -27.0   22.052 -150.539     26.8   1016.1
     1     1    19     3    13     2     0     2   -28.0   22.067 -150.272     26.8   1015.3
     1     1    19     3    13     1     0     1   -29.0   22.087 -150.009     26.8   1014.6
     1     1    19     3    13     0     0     0   -30.0   22.106 -149.746     26.1   1014.0
     1     1    19     3    12    23     0     1   -31.0   22.117 -149.473     24.2   1015.3
     1     1    19     3    12    22     0     2   -32.0   22.119 -149.186     21.3   1016.7
     1     1    19     3    12    21     0     3   -33.0   22.115 -148.887     18.1   1018.4
     1     1    19     3    12    20     0     2   -34.0   22.107 -148.577     16.1   1019.1
     1     1    19     3    12    19     0     1   -35.0   22.097 -148.255     15.4   1019.4
     1     1    19     3    12    18     0     0   -36.0   22.091 -147.927     15.3   1019.6
     1     1    19     3    12    17     0     1   -37.0   22.087 -147.597     15.3   1019.6
     1     1    19     3    12    16     0     2   -38.0   22.080 -147.270     15.3   1019.6
     1     1    19     3    12    15     0     3   -39.0   22.069 -146.947     15.3   1019.6
     1     1    19     3    12    14     0     2   -40.0   22.057 -146.624     15.3   1018.8
     1     1    19     3    12    13     0     1   -41.0   22.045 -146.296     15.3   1018.0
     1     1    19     3    12    12     0     0   -42.0   22.029 -145.964     15.3   1017.1
     1     1    19     3    12    11     0     1   -43.0   22.019 -145.620     15.3   1017.2
     1     1    19     3    12    10     0     2   -44.0   22.025 -145.259     15.3   1017.3
     1     1    19     3    12     9     0     3   -45.0   22.048 -144.884     15.3   1017.5
     1     1    19     3    12     8     0     2   -46.0   22.085 -144.491     15.3   1018.0
     1     1    19     3    12     7     0     1   -47.0   22.135 -144.081     15.3   1018.6
     1     1    19     3    12     6     0     0   -48.0   22.197 -143.664     15.3   1019.3
     1     1    19     3    12     5     0     1   -49.0   22.264 -143.262     15.3   1019.3
     1     1    19     3    12     4     0     2   -50.0   22.337 -142.885     15.3   1019.2
     1     1    19     3    12     3     0     3   -51.0   22.416 -142.525     15.3   1018.8
     1     1    19     3    12     2     0     2   -52.0   22.504 -142.174     15.3   1019.3
     1     1    19     3    12     1     0     1   -53.0   22.600 -141.822     15.3   1019.7
     1     1    19     3    12     0     0     0   -54.0   22.708 -141.469     15.3   1020.1
     1     1    19     3    11    23     0     1   -55.0   22.826 -141.118     15.3   1020.3
     1     1    19     3    11    22     0     2   -56.0   22.950 -140.773     15.3   1020.4
     1     1    19     3    11    21     0     3   -57.0   23.073 -140.437     15.3   1020.5
     1     1    19     3    11    20     0     2   -58.0   23.195 -140.108     15.3   1020.9
     1     1    19     3    11    19     0     1   -59.0   23.321 -139.783     15.3   1021.3
     1     1    19     3    11    18     0     0   -60.0   23.453 -139.462     15.3   1021.7
     1     1    19     3    11    17     0     1   -61.0   23.592 -139.144     15.3   1021.5
     1     1    19     3    11    16     0     2   -62.0   23.742 -138.827     15.3   1021.4
     1     1    19     3    11    15     0     3   -63.0   23.905 -138.508     15.3   1021.2
     1     1    19     3    11    14     0     2   -64.0   24.084 -138.190     15.4   1021.4
     1     1    19     3    11    13     0     1   -65.0   24.275 -137.879     15.5   1021.5
     1     1    19     3    11    12     0     0   -66.0   24.475 -137.577     15.6   1021.6
     1     1    19     3    11    11     0     1   -67.0   24.679 -137.283     15.6   1021.5
     1     1    19     3    11    10     0     2   -68.0   24.888 -136.995     15.6   1021.3
     1     1    19     3    11     9     0     3   -69.0   25.105 -136.711     15.6   1021.2
     1     1    19     3    11     8     0     2   -70.0   25.336 -136.430     15.6   1021.2
     1     1    19     3    11     7     0     1   -71.0   25.590 -136.151     15.6   1021.2
     1     1    19     3    11     6     0     0   -72.0   25.867 -135.878     15.6   1021.2
     1     1    19     3    11     5     0     1   -73.0   26.174 -135.615     15.7   1021.1
     1     1    19     3    11     4     0     2   -74.0   26.509 -135.364     16.2   1021.0
     1     1    19     3    11     3     0     3   -75.0   26.867 -135.129     17.8   1020.7
     1     1    19     3    11     2     0     2   -76.0   27.234 -134.920     19.9   1020.3
     1     1    19     3    11     1     0     1   -77.0   27.599 -134.741     21.2   1020.1
     1     1    19     3    11     0     0     0   -78.0   27.968 -134.586     21.6   1020.4
     1     1    19     3    10    23     0     1   -79.0   28.349 -134.449     21.6   1020.5
     1     1    19     3    10    22     0     2   -80.0   28.740 -134.329     21.6   1020.5
     1     1    19     3    10    21     0     3   -81.0   29.138 -134.225     21.6   1020.5
     1     1    19     3    10    20     0     2   -82.0   29.545 -134.140     21.6   1020.1
     1     1    19     3    10    19     0     1   -83.0   29.967 -134.071     21.6   1020.6
     1     1    19     3    10    18     0     0   -84.0   30.407 -134.011     21.6   1020.8
     1     1    19     3    10    17     0     1   -85.0   30.854 -133.966     21.6   1019.4
     1     1    19     3    10    16     0     2   -86.0   31.297 -133.934     22.0   1018.1
     1     1    19     3    10    15     0     3   -87.0   31.737 -133.915     23.6   1016.8
     1     1    19     3    10    14     0     2   -88.0   32.174 -133.909     26.3   1016.4
     1     1    19     3    10    13     0     1   -89.0   32.605 -133.912     29.3   1016.1
     1     1    19     3    10    12     0     0   -90.0   33.034 -133.916     33.4   1015.7
     1     1    19     3    10    11     0     1   -91.0   33.456 -133.921     37.6   1015.2
     1     1    19     3    10    10     0     2   -92.0   33.870 -133.921     40.3   1014.8
     1     1    19     3    10     9     0     3   -93.0   34.282 -133.906     41.2   1014.6
     1     1    19     3    10     8     0     2   -94.0   34.698 -133.896     41.5   1013.9
     1     1    19     3    10     7     0     1   -95.0   35.123 -133.898     42.1   1013.0
     1     1    19     3    10     6     0     0   -96.0   35.559 -133.896     43.9   1012.1
     1     1    19     3    10     5     0     1   -97.0   35.991 -133.905     47.7   1011.4
     1     1    19     3    10     4     0     2   -98.0   36.404 -133.936     50.5   1011.0
     1     1    19     3    10     3     0     3   -99.0   36.804 -133.961     51.1   1010.4
     1     1    19     3    10     2     0     2  -100.0   37.196 -133.999     50.7   1009.6
     1     1    19     3    10     1     0     1  -101.0   37.575 -134.081     49.8   1008.9
     1     1    19     3    10     0     0     0  -102.0   37.938 -134.176     49.3   1008.4
     1     1    19     3     9    23     0     1  -103.0   38.286 -134.286     49.4   1009.2
     1     1    19     3     9    22     0     2  -104.0   38.618 -134.415     50.2   1009.8
     1     1    19     3     9    21     0     3  -105.0   38.926 -134.537     51.6   1010.0
     1     1    19     3     9    20     0     2  -106.0   39.225 -134.670     53.7   1009.4
     1     1    19     3     9    19     0     1  -107.0   39.532 -134.835     56.6   1008.3
     1     1    19     3     9    18     0     0  -108.0   39.852 -135.021     59.0   1006.7
     1     1    19     3     9    17     0     1  -109.0   40.163 -135.221     60.1   1006.4
     1     1    19     3     9    16     0     2  -110.0   40.440 -135.433     60.6   1006.0
     1     1    19     3     9    15     0     3  -111.0   40.699 -135.682     60.6   1005.3
     1     1    19     3     9    14     0     2  -112.0   40.952 -135.984     60.3   1005.3
     1     1    19     3     9    13     0     1  -113.0   41.188 -136.303     60.4   1005.5
     1     1    19     3     9    12     0     0  -114.0   41.410 -136.627     61.4   1005.1
     1     1    19     3     9    11     0     1  -115.0   41.625 -136.978     61.6   1005.4
     1     1    19     3     9    10     0     2  -116.0   41.825 -137.343     59.7   1006.6
     1     1    19     3     9     9     0     3  -117.0   42.010 -137.716     57.4   1007.7
     1     1    19     3     9     8     0     2  -118.0   42.187 -138.106     55.4   1007.8
     1     1    19     3     9     7     0     1  -119.0   42.357 -138.507     53.1   1008.1
     1     1    19     3     9     6     0     0  -120.0   42.515 -138.921     50.9   1008.3
     1     1    19     3     9     5     0     1  -121.0   42.678 -139.363     49.3   1008.4
     1     1    19     3     9     4     0     2  -122.0   42.847 -139.847     47.1   1008.4
     1     1    19     3     9     3     0     3  -123.0   42.994 -140.377     42.8   1008.6
     1     1    19     3     9     2     0     2  -124.0   43.128 -140.939     38.3   1009.3
     1     1    19     3     9     1     0     1  -125.0   43.244 -141.524     35.1   1009.7
     1     1    19     3     9     0     0     0  -126.0   43.312 -142.145     32.3   1010.0
     1     1    19     3     8    23     0     1  -127.0   43.364 -142.784     30.0   1011.5
     1     1    19     3     8    22     0     2  -128.0   43.421 -143.408     28.3   1012.3
     1     1    19     3     8    21     0     3  -129.0   43.432 -144.025     26.3   1013.0
     1     1    19     3     8    20     0     2  -130.0   43.426 -144.640     24.3   1013.7
     1     1    19     3     8    19     0     1  -131.0   43.432 -145.248     23.1   1014.0
     1     1    19     3     8    18     0     0  -132.0   43.419 -145.843     22.8   1014.3
     1     1    19     3     8    17     0     1  -133.0   43.407 -146.441     22.8   1014.4
     1     1    19     3     8    16     0     2  -134.0   43.421 -147.059     22.8   1014.6
     1     1    19     3     8    15     0     3  -135.0   43.439 -147.687     23.2   1014.7
     1     1    19     3     8    14     0     2  -136.0   43.452 -148.314     24.2   1014.8
     1     1    19     3     8    13     0     1  -137.0   43.466 -148.933     25.7   1015.6
     1     1    19     3     8    12     0     0  -138.0   43.481 -149.548     27.0   1016.1
     1     1    19     3     8    11     0     1  -139.0   43.501 -150.159     27.6   1015.8
     1     1    19     3     8    10     0     2  -140.0   43.527 -150.763     27.6   1015.6
     1     1    19     3     8     9     0     3  -141.0   43.552 -151.354     27.6   1015.9
     1     1    19     3     8     8     0     2  -142.0   43.581 -151.943     28.1   1016.4
     1     1    19     3     8     7     0     1  -143.0   43.619 -152.543     29.5   1016.4
     1     1    19     3     8     6     0     0  -144.0   43.666 -153.145     31.9   1016.8
     1     1    19     3     8     5     0     1  -145.0   43.718 -153.752     35.0   1015.5
     1     1    19     3     8     4     0     2  -146.0   43.780 -154.366     38.3   1014.2
     1     1    19     3     8     3     0     3  -147.0   43.862 -154.981     41.8   1012.8
     1     1    19     3     8     2     0     2  -148.0   43.947 -155.606     45.5   1012.0
     1     1    19     3     8     1     0     1  -149.0   44.018 -156.252     49.1   1011.5
     1     1    19     3     8     0     0     0  -150.0   44.090 -156.918     52.5   1011.2
     1     1    19     3     7    23     0     1  -151.0   44.153 -157.600     56.2   1010.4
     1     1    19     3     7    22     0     2  -152.0   44.204 -158.294     60.7   1009.4
     1     1    19     3     7    21     0     3  -153.0   44.272 -159.001     66.4   1008.1
     1     1    19     3     7    20     0     2  -154.0   44.340 -159.717     72.5   1006.8
     1     1    19     3     7    19     0     1  -155.0   44.386 -160.446     78.4   1005.4
     1     1    19     3     7    18     0     0  -156.0   44.437 -161.212     85.7   1004.0
     1     1    19     3     7    17     0     1  -157.0   44.483 -162.006     93.1   1002.2
     1     1    19     3     7    16     0     2  -158.0   44.490 -162.799     97.9   1000.9
     1     1    19     3     7    15     0     3  -159.0   44.465 -163.604     99.6   1000.0
     1     1    19     3     7    14     0     2  -160.0   44.432 -164.410    100.5   1000.0
     1     1    19     3     7    13     0     1  -161.0   44.376 -165.180    104.9    999.1
     1     1    19     3     7    12     0     0  -162.0   44.293 -165.931    106.5    998.4
     1     1    19     3     7    11     0     1  -163.0   44.212 -166.692    105.9    998.4
     1     1    19     3     7    10     0     2  -164.0   44.143 -167.460    105.9    998.4
     1     1    19     3     7     9     0     3  -165.0   44.065 -168.224    105.9    998.2
     1     1    19     3     7     8     0     2  -166.0   43.982 -168.988    107.4    997.9
     1     1    19     3     7     7     0     1  -167.0   43.896 -169.736    112.2    996.8
     1     1    19     3     7     6     0     0  -168.0   43.796 -170.453    118.4    995.4
     1     1    19     3     7     5     0     1  -169.0   43.695 -171.184    123.4    994.3
     1     1    19     3     7     4     0     2  -170.0   43.605 -171.974    129.3    993.4
     1     1    19     3     7     3     0     3  -171.0   43.512 -172.814    136.8    992.3
     1     1    19     3     7     2     0     2  -172.0   43.405 -173.670    144.1    991.0
     1     1    19     3     7     1     0     1  -173.0   43.293 -174.527    151.7    989.7
     1     1    19     3     7     0     0     0  -174.0   43.181 -175.387    159.6    988.4
     1     1    19     3     6    23     0     1  -175.0   43.058 -176.260    167.5    987.1
     1     1    19     3     6    22     0     2  -176.0   42.936 -177.163    178.1    985.3
     1     1    19     3     6    21     0     3  -177.0   42.828 -178.086    188.2    983.6
     1     1    19     3     6    20     0     2  -178.0   42.736 -179.027    197.6    981.8
     1     1    19     3     6    19     0     1  -179.0   42.655 -179.985    209.2    979.6
     1     1    19     3     6    18     0     0  -180.0   42.586  179.046    225.5    977.2
     1     1    19     3     6    17     0     1  -181.0   42.529  178.050    242.3    974.7
     1     1    19     3     6    16     0     2  -182.0   42.492  177.017    254.3    973.3
     1     1    19     3     6    15     0     3  -183.0   42.487  175.958    266.5    971.8
     1     1    19     3     6    14     0     2  -184.0   42.503  174.888    283.9    968.8
     1     1    19     3     6    13     0     1  -185.0   42.534  173.810    303.5    965.7
     1     1    19     3     6    12     0     0  -186.0   42.592  172.727    324.9    962.6
     1     1    19     3     6    11     0     1  -187.0   42.690  171.637    347.7    959.4
     1     1    19     3     6    10     0     2  -188.0   42.835  170.532    369.4    956.5
     1     1    19     3     6     9     0     3  -189.0   43.035  169.416    392.6    953.5
     1     1    19     3     6     8     0     2  -190.0   43.283  168.296    416.7    949.6
     1     1    19     3     6     7     0     1  -191.0   43.575  167.166    438.8    946.1
     1     1    19     3     6     6     0     0  -192.0   43.927  166.037    460.7    942.8
     1     1    19     3     6     5     0     1  -193.0   44.328  164.922    483.9    938.9
     1     1    19     3     6     4     0     2  -194.0   44.762  163.832    499.1    936.2
     1     1    19     3     6     3     0     3  -195.0   45.221  162.781    509.5    935.0
     1     1    19     3     6     2     0     2  -196.0   45.697  161.802    530.2    933.0
     1     1    19     3     6     1     0     1  -197.0   46.180  160.915    557.7    930.2
     1     1    19     3     6     0     0     0  -198.0   46.654  160.117    584.2    927.9
     1     1    19     3     5    23     0     1  -199.0   47.106  159.396    608.8    925.5
     1     1    19     3     5    22     0     2  -200.0   47.533  158.745    629.9    923.3
     1     1    19     3     5    21     0     3  -201.0   47.941  158.156    641.4    921.6
     1     1    19     3     5    20     0     2  -202.0   48.319  157.617    650.4    922.1
     1     1    19     3     5    19     0     1  -203.0   48.654  157.115    659.6    920.1
     1     1    19     3     5    18     0     0  -204.0   48.952  156.630    672.7    920.1
     1     1    19     3     5    17     0     1  -205.0   49.223  156.163    709.0    917.2
     1     1    19     3     5    16     0     2  -206.0   49.470  155.733    763.3    909.6
     1     1    19     3     5    15     0     3  -207.0   49.692  155.345    813.9    902.9
     1     1    19     3     5    14     0     2  -208.0   49.901  154.994    839.4    899.1
     1     1    19     3     5    13     0     1  -209.0   50.106  154.670    845.3    900.9
     1     1    19     3     5    12     0     0  -210.0   50.303  154.362    851.4    900.4
     1     1    19     3     5    11     0     1  -211.0   50.484  154.044    858.6    900.3
     1     1    19     3     5    10     0     2  -212.0   50.649  153.693    864.1    899.7
     1     1    19     3     5     9     0     3  -213.0   50.797  153.301    863.0    900.5
     1     1    19     3     5     8     0     2  -214.0   50.930  152.876    864.6    901.3
     1     1    19     3     5     7     0     1  -215.0   51.053  152.433    878.5    899.8
     1     1    19     3     5     6     0     0  -216.0   51.167  151.969    896.5    896.5
     1     1    19     3     5     5     0     1  -217.0   51.271  151.489    922.8    894.8
     1     1    19     3     5     4     0     2  -218.0   51.369  150.994    968.0    889.2
     1     1    19     3     5     3     0     3  -219.0   51.463  150.491   1015.3    881.7
     1     1    19     3     5     2     0     2  -220.0   51.555  149.988   1046.0    878.0
     1     1    19     3     5     1     0     1  -221.0   51.648  149.483   1059.5    877.2
     1     1    19     3     5     0     0     0  -222.0   51.749  148.978   1062.9    877.4
     1     1    19     3     4    23     0     1  -223.0   51.861  148.465   1062.3    877.9
     1     1    19     3     4    22     0     2  -224.0   51.989  147.927   1061.6    878.1
     1     1    19     3     4    21     0     3  -225.0   52.133  147.367   1061.5    878.2
     1     1    19     3     4    20     0     2  -226.0   52.287  146.810   1061.5    878.2
     1     1    19     3     4    19     0     1  -227.0   52.445  146.268   1061.5    878.2
     1     1    19     3     4    18     0     0  -228.0   52.610  145.742   1060.6    878.2
     1     1    19     3     4    17     0     1  -229.0   52.789  145.219   1058.9    878.7
     1     1    19     3     4    16     0     2  -230.0   52.985  144.685   1058.6    879.0
     1     1    19     3     4    15     0     3  -231.0   53.202  144.158   1061.0    879.0
     1     1    19     3     4    14     0     2  -232.0   53.432  143.660   1068.3    877.1
     1     1    19     3     4    13     0     1  -233.0   53.675  143.187   1085.9    872.7
     1     1    19     3     4    12     0     0  -234.0   53.940  142.727   1110.8    868.6
     1     1    19     3     4    11     0     1  -235.0   54.215  142.268   1128.2    868.9
     1     1    19     3     4    10     0     2  -236.0   54.481  141.816   1132.7    870.3
     1     1    19     3     4     9     0     3  -237.0   54.744  141.375   1133.7    870.5
     1     1    19     3     4     8     0     2  -238.0   55.019  140.936   1136.3    870.2
     1     1    19     3     4     7     0     1  -239.0   55.302  140.518   1138.0    869.6
     1     1    19     3     4     6     0     0  -240.0   55.585  140.130   1136.2    869.7
