     7     1
    GDAS    19     6     1     0     0
    GDAS    19     7     1     0     0
    GDAS    19     8     1     0     0
    GDAS    19     9     1     0     0
    GDAS    19    10     1     0     0
    GDAS    19    11     1     0     0
    GDAS    19    12     1     0     0
     1 BACKWARD OMEGA   
    19     7     3     6   21.319 -157.670    10.0
     1 PRESSURE
     1     1    19     7     3     6     0     0     0.0   21.319 -157.670     10.0   1013.4
     1     1    19     7     3     5     0     1    -1.0   21.373 -157.523     31.5   1009.4
     1     1    19     7     3     4     0     2    -2.0   21.413 -157.361     88.6   1001.6
     1     1    19     7     3     3     0     3    -3.0   21.444 -157.182    167.6    990.7
     1     1    19     7     3     2     0     2    -4.0   21.476 -156.995    247.9    980.4
     1     1    19     7     3     1     0     1    -5.0   21.499 -156.802    309.6    973.6
     1     1    19     7     3     0     0     0    -6.0   21.501 -156.603    356.7    970.8
     1     1    19     7     2    23     0     1    -7.0   21.476 -156.393    405.4    967.6
     1     1    19     7     2    22     0     2    -8.0   21.412 -156.169    463.7    962.7
     1     1    19     7     2    21     0     3    -9.0   21.310 -155.932    533.5    956.2
     1     1    19     7     2    20     0     2   -10.0   21.204 -155.684    609.1    947.6
     1     1    19     7     2    19     0     1   -11.0   21.118 -155.428    671.2    939.5
     1     1    19     7     2    18     0     0   -12.0   21.041 -155.171    703.0    935.1
     1     1    19     7     2    17     0     1   -13.0   20.969 -154.924    720.2    935.4
     1     1    19     7     2    16     0     2   -14.0   20.906 -154.700    745.7    932.3
     1     1    19     7     2    15     0     3   -15.0   20.853 -154.499    775.5    928.4
     1     1    19     7     2    14     0     2   -16.0   20.803 -154.307    806.8    925.3
     1     1    19     7     2    13     0     1   -17.0   20.752 -154.111    845.2    921.8
     1     1    19     7     2    12     0     0   -18.0   20.700 -153.907    894.3    916.5
     1     1    19     7     2    11     0     1   -19.0   20.655 -153.692    935.3    910.6
     1     1    19     7     2    10     0     2   -20.0   20.620 -153.467    963.9    909.2
     1     1    19     7     2     9     0     3   -21.0   20.590 -153.234   1002.3    906.8
     1     1    19     7     2     8     0     2   -22.0   20.565 -152.997   1051.4    900.2
     1     1    19     7     2     7     0     1   -23.0   20.552 -152.760   1092.1    894.7
     1     1    19     7     2     6     0     0   -24.0   20.549 -152.519   1120.9    892.1
     1     1    19     7     2     5     0     1   -25.0   20.547 -152.272   1139.7    889.4
     1     1    19     7     2     4     0     2   -26.0   20.541 -152.018   1142.6    888.7
     1     1    19     7     2     3     0     3   -27.0   20.535 -151.762   1133.2    889.9
     1     1    19     7     2     2     0     2   -28.0   20.537 -151.501   1127.5    891.5
     1     1    19     7     2     1     0     1   -29.0   20.542 -151.237   1136.6    890.6
     1     1    19     7     2     0     0     0   -30.0   20.537 -150.974   1159.8    888.2
     1     1    19     7     1    23     0     1   -31.0   20.533 -150.717   1183.1    884.7
     1     1    19     7     1    22     0     2   -32.0   20.537 -150.463   1198.1    884.0
     1     1    19     7     1    21     0     3   -33.0   20.538 -150.208   1213.9    883.1
     1     1    19     7     1    20     0     2   -34.0   20.535 -149.952   1235.5    880.8
     1     1    19     7     1    19     0     1   -35.0   20.540 -149.707   1256.2    878.0
     1     1    19     7     1    18     0     0   -36.0   20.554 -149.471   1270.1    876.6
     1     1    19     7     1    17     0     1   -37.0   20.568 -149.239   1281.7    875.5
     1     1    19     7     1    16     0     2   -38.0   20.576 -149.007   1298.5    873.8
     1     1    19     7     1    15     0     3   -39.0   20.583 -148.776   1327.3    870.8
     1     1    19     7     1    14     0     2   -40.0   20.592 -148.545   1364.4    866.1
     1     1    19     7     1    13     0     1   -41.0   20.605 -148.314   1405.8    862.1
     1     1    19     7     1    12     0     0   -42.0   20.627 -148.084   1457.2    857.0
     1     1    19     7     1    11     0     1   -43.0   20.644 -147.857   1509.9    851.3
     1     1    19     7     1    10     0     2   -44.0   20.648 -147.635   1555.8    847.5
     1     1    19     7     1     9     0     3   -45.0   20.651 -147.420   1602.0    843.9
     1     1    19     7     1     8     0     2   -46.0   20.658 -147.206   1646.0    838.3
     1     1    19     7     1     7     0     1   -47.0   20.663 -146.993   1678.8    834.4
     1     1    19     7     1     6     0     0   -48.0   20.663 -146.777   1695.2    832.1
     1     1    19     7     1     5     0     1   -49.0   20.667 -146.548   1700.5    832.2
     1     1    19     7     1     4     0     2   -50.0   20.679 -146.305   1705.7    831.7
     1     1    19     7     1     3     0     3   -51.0   20.692 -146.055   1715.4    830.7
     1     1    19     7     1     2     0     2   -52.0   20.702 -145.803   1721.3    829.0
     1     1    19     7     1     1     0     1   -53.0   20.710 -145.552   1715.9    829.8
     1     1    19     7     1     0     0     0   -54.0   20.718 -145.299   1705.6    831.1
     1     1    19     6    30    23     0     1   -55.0   20.725 -145.042   1701.5    832.6
     1     1    19     6    30    22     0     2   -56.0   20.719 -144.777   1711.5    832.0
     1     1    19     6    30    21     0     3   -57.0   20.701 -144.507   1740.3    829.9
     1     1    19     6    30    20     0     2   -58.0   20.687 -144.238   1772.4    824.8
     1     1    19     6    30    19     0     1   -59.0   20.681 -143.968   1771.6    823.3
     1     1    19     6    30    18     0     0   -60.0   20.679 -143.694   1742.0    828.1
     1     1    19     6    30    17     0     1   -61.0   20.686 -143.426   1732.7    831.6
     1     1    19     6    30    16     0     2   -62.0   20.699 -143.171   1748.7    827.5
     1     1    19     6    30    15     0     3   -63.0   20.716 -142.925   1755.6    825.1
     1     1    19     6    30    14     0     2   -64.0   20.735 -142.688   1739.6    826.8
     1     1    19     6    30    13     0     1   -65.0   20.753 -142.458   1713.9    830.1
     1     1    19     6    30    12     0     0   -66.0   20.771 -142.233   1697.5    832.6
     1     1    19     6    30    11     0     1   -67.0   20.788 -142.008   1688.0    832.7
     1     1    19     6    30    10     0     2   -68.0   20.801 -141.777   1670.7    834.9
     1     1    19     6    30     9     0     3   -69.0   20.810 -141.545   1649.5    837.9
     1     1    19     6    30     8     0     2   -70.0   20.821 -141.313   1639.9    839.9
     1     1    19     6    30     7     0     1   -71.0   20.842 -141.084   1636.0    838.5
     1     1    19     6    30     6     0     0   -72.0   20.875 -140.851   1610.8    840.2
     1     1    19     6    30     5     0     1   -73.0   20.925 -140.604   1571.9    845.4
     1     1    19     6    30     4     0     2   -74.0   20.997 -140.339   1541.1    848.3
     1     1    19     6    30     3     0     3   -75.0   21.089 -140.062   1527.9    849.8
     1     1    19     6    30     2     0     2   -76.0   21.176 -139.794   1534.1    848.8
     1     1    19     6    30     1     0     1   -77.0   21.243 -139.541   1548.2    846.7
     1     1    19     6    30     0     0     0   -78.0   21.288 -139.292   1560.8    845.2
     1     1    19     6    29    23     0     1   -79.0   21.325 -139.039   1567.3    844.7
     1     1    19     6    29    22     0     2   -80.0   21.370 -138.782   1565.4    845.4
     1     1    19     6    29    21     0     3   -81.0   21.429 -138.517   1555.7    846.9
     1     1    19     6    29    20     0     2   -82.0   21.492 -138.253   1549.9    848.7
     1     1    19     6    29    19     0     1   -83.0   21.556 -138.003   1561.5    847.7
     1     1    19     6    29    18     0     0   -84.0   21.627 -137.765   1590.4    844.6
     1     1    19     6    29    17     0     1   -85.0   21.703 -137.535   1624.4    839.9
     1     1    19     6    29    16     0     2   -86.0   21.781 -137.310   1648.9    836.9
     1     1    19     6    29    15     0     3   -87.0   21.869 -137.092   1660.7    835.4
     1     1    19     6    29    14     0     2   -88.0   21.968 -136.871   1648.1    835.2
     1     1    19     6    29    13     0     1   -89.0   22.065 -136.630   1609.7    839.9
     1     1    19     6    29    12     0     0   -90.0   22.154 -136.363   1568.9    844.9
     1     1    19     6    29    11     0     1   -91.0   22.246 -136.080   1549.8    848.3
     1     1    19     6    29    10     0     2   -92.0   22.349 -135.795   1546.0    847.1
     1     1    19     6    29     9     0     3   -93.0   22.467 -135.507   1543.9    847.9
     1     1    19     6    29     8     0     2   -94.0   22.593 -135.227   1544.5    847.7
     1     1    19     6    29     7     0     1   -95.0   22.719 -134.964   1539.0    847.7
     1     1    19     6    29     6     0     0   -96.0   22.851 -134.716   1523.4    849.8
     1     1    19     6    29     5     0     1   -97.0   22.993 -134.469   1519.1    851.9
     1     1    19     6    29     4     0     2   -98.0   23.140 -134.226   1548.9    849.0
     1     1    19     6    29     3     0     3   -99.0   23.282 -133.998   1614.5    841.9
     1     1    19     6    29     2     0     2  -100.0   23.404 -133.788   1673.6    831.9
     1     1    19     6    29     1     0     1  -101.0   23.505 -133.587   1691.6    830.8
     1     1    19     6    29     0     0     0  -102.0   23.595 -133.389   1677.6    832.7
     1     1    19     6    28    23     0     1  -103.0   23.678 -133.192   1660.1    837.3
     1     1    19     6    28    22     0     2  -104.0   23.754 -132.994   1664.9    837.5
     1     1    19     6    28    21     0     3  -105.0   23.821 -132.795   1692.5    835.1
     1     1    19     6    28    20     0     2  -106.0   23.884 -132.594   1725.3    830.3
     1     1    19     6    28    19     0     1  -107.0   23.955 -132.392   1747.2    828.0
     1     1    19     6    28    18     0     0  -108.0   24.037 -132.191   1756.6    827.1
     1     1    19     6    28    17     0     1  -109.0   24.126 -131.992   1760.0    827.2
     1     1    19     6    28    16     0     2  -110.0   24.213 -131.797   1761.8    826.6
     1     1    19     6    28    15     0     3  -111.0   24.298 -131.607   1758.1    826.5
     1     1    19     6    28    14     0     2  -112.0   24.380 -131.422   1753.1    827.4
     1     1    19     6    28    13     0     1  -113.0   24.460 -131.237   1752.8    827.0
     1     1    19     6    28    12     0     0  -114.0   24.537 -131.049   1757.3    826.4
     1     1    19     6    28    11     0     1  -115.0   24.613 -130.859   1763.3    825.7
     1     1    19     6    28    10     0     2  -116.0   24.691 -130.671   1767.8    825.6
     1     1    19     6    28     9     0     3  -117.0   24.773 -130.481   1772.8    825.4
     1     1    19     6    28     8     0     2  -118.0   24.859 -130.289   1783.9    825.0
     1     1    19     6    28     7     0     1  -119.0   24.946 -130.098   1806.6    823.0
     1     1    19     6    28     6     0     0  -120.0   25.033 -129.909   1839.2    819.9
     1     1    19     6    28     5     0     1  -121.0   25.119 -129.730   1867.3    815.8
     1     1    19     6    28     4     0     2  -122.0   25.206 -129.566   1880.9    814.5
     1     1    19     6    28     3     0     3  -123.0   25.294 -129.415   1884.5    814.1
     1     1    19     6    28     2     0     2  -124.0   25.377 -129.273   1886.8    814.6
     1     1    19     6    28     1     0     1  -125.0   25.449 -129.140   1897.0    813.9
     1     1    19     6    28     0     0     0  -126.0   25.510 -129.016   1920.3    812.0
     1     1    19     6    27    23     0     1  -127.0   25.561 -128.893   1950.3    808.5
     1     1    19     6    27    22     0     2  -128.0   25.605 -128.760   1976.1    806.2
     1     1    19     6    27    21     0     3  -129.0   25.645 -128.618   1996.7    804.6
     1     1    19     6    27    20     0     2  -130.0   25.686 -128.473   2016.2    803.1
     1     1    19     6    27    19     0     1  -131.0   25.737 -128.329   2038.9    800.9
     1     1    19     6    27    18     0     0  -132.0   25.798 -128.187   2065.2    798.3
     1     1    19     6    27    17     0     1  -133.0   25.870 -128.049   2090.2    795.3
     1     1    19     6    27    16     0     2  -134.0   25.949 -127.921   2112.0    793.3
     1     1    19     6    27    15     0     3  -135.0   26.036 -127.804   2132.5    791.1
     1     1    19     6    27    14     0     2  -136.0   26.119 -127.697   2147.6    788.9
     1     1    19     6    27    13     0     1  -137.0   26.190 -127.596   2156.3    787.8
     1     1    19     6    27    12     0     0  -138.0   26.251 -127.501   2162.6    786.9
     1     1    19     6    27    11     0     1  -139.0   26.310 -127.411   2169.4    786.7
     1     1    19     6    27    10     0     2  -140.0   26.372 -127.319   2176.7    786.2
     1     1    19     6    27     9     0     3  -141.0   26.436 -127.228   2182.0    785.8
     1     1    19     6    27     8     0     2  -142.0   26.500 -127.135   2189.8    785.9
     1     1    19     6    27     7     0     1  -143.0   26.564 -127.043   2207.4    784.7
     1     1    19     6    27     6     0     0  -144.0   26.626 -126.952   2237.1    782.3
     1     1    19     6    27     5     0     1  -145.0   26.692 -126.864   2268.2    778.0
     1     1    19     6    27     4     0     2  -146.0   26.769 -126.776   2289.2    775.7
     1     1    19     6    27     3     0     3  -147.0   26.859 -126.686   2300.9    774.3
     1     1    19     6    27     2     0     2  -148.0   26.954 -126.601   2317.1    773.9
     1     1    19     6    27     1     0     1  -149.0   27.042 -126.532   2350.9    770.7
     1     1    19     6    27     0     0     0  -150.0   27.125 -126.480   2402.7    765.8
     1     1    19     6    26    23     0     1  -151.0   27.196 -126.437   2460.8    759.6
     1     1    19     6    26    22     0     2  -152.0   27.256 -126.390   2514.1    755.0
     1     1    19     6    26    21     0     3  -153.0   27.306 -126.342   2563.5    750.7
     1     1    19     6    26    20     0     2  -154.0   27.355 -126.295   2603.7    746.5
     1     1    19     6    26    19     0     1  -155.0   27.412 -126.252   2628.3    744.2
     1     1    19     6    26    18     0     0  -156.0   27.476 -126.213   2636.8    743.3
     1     1    19     6    26    17     0     1  -157.0   27.550 -126.179   2638.1    743.6
     1     1    19     6    26    16     0     2  -158.0   27.632 -126.155   2641.1    743.1
     1     1    19     6    26    15     0     3  -159.0   27.723 -126.140   2645.9    742.3
     1     1    19     6    26    14     0     2  -160.0   27.815 -126.139   2652.7    741.4
     1     1    19     6    26    13     0     1  -161.0   27.899 -126.153   2659.8    740.4
     1     1    19     6    26    12     0     0  -162.0   27.975 -126.181   2663.9    739.6
     1     1    19     6    26    11     0     1  -163.0   28.041 -126.215   2675.8    739.8
     1     1    19     6    26    10     0     2  -164.0   28.093 -126.251   2706.5    737.3
     1     1    19     6    26     9     0     3  -165.0   28.131 -126.290   2754.4    733.1
     1     1    19     6    26     8     0     2  -166.0   28.161 -126.329   2808.7    727.5
     1     1    19     6    26     7     0     1  -167.0   28.189 -126.363   2858.8    723.2
     1     1    19     6    26     6     0     0  -168.0   28.215 -126.391   2904.1    719.4
     1     1    19     6    26     5     0     1  -169.0   28.238 -126.416   2941.5    715.6
     1     1    19     6    26     4     0     2  -170.0   28.258 -126.440   2968.7    713.1
     1     1    19     6    26     3     0     3  -171.0   28.277 -126.463   2987.7    711.3
     1     1    19     6    26     2     0     2  -172.0   28.294 -126.484   3005.0    710.2
     1     1    19     6    26     1     0     1  -173.0   28.310 -126.508   3025.8    708.4
     1     1    19     6    26     0     0     0  -174.0   28.325 -126.533   3048.7    706.3
     1     1    19     6    25    23     0     1  -175.0   28.339 -126.560   3070.8    704.4
     1     1    19     6    25    22     0     2  -176.0   28.354 -126.589   3089.6    702.9
     1     1    19     6    25    21     0     3  -177.0   28.370 -126.620   3105.0    701.8
     1     1    19     6    25    20     0     2  -178.0   28.386 -126.654   3109.0    700.9
     1     1    19     6    25    19     0     1  -179.0   28.400 -126.687   3095.0    702.3
     1     1    19     6    25    18     0     0  -180.0   28.414 -126.718   3065.4    705.0
     1     1    19     6    25    17     0     1  -181.0   28.431 -126.749   3040.0    708.5
     1     1    19     6    25    16     0     2  -182.0   28.456 -126.783   3036.3    708.4
     1     1    19     6    25    15     0     3  -183.0   28.490 -126.824   3053.3    706.7
     1     1    19     6    25    14     0     2  -184.0   28.524 -126.877   3069.3    703.3
     1     1    19     6    25    13     0     1  -185.0   28.554 -126.939   3061.9    703.7
     1     1    19     6    25    12     0     0  -186.0   28.581 -127.009   3033.1    706.1
     1     1    19     6    25    11     0     1  -187.0   28.603 -127.081   3009.8    710.5
     1     1    19     6    25    10     0     2  -188.0   28.617 -127.155   3014.6    710.3
     1     1    19     6    25     9     0     3  -189.0   28.622 -127.234   3046.5    707.9
     1     1    19     6    25     8     0     2  -190.0   28.615 -127.311   3082.2    703.2
     1     1    19     6    25     7     0     1  -191.0   28.595 -127.378   3097.8    702.1
     1     1    19     6    25     6     0     0  -192.0   28.562 -127.433   3092.7    702.7
     1     1    19     6    25     5     0     1  -193.0   28.525 -127.481   3081.4    704.8
     1     1    19     6    25     4     0     2  -194.0   28.489 -127.526   3079.8    705.0
     1     1    19     6    25     3     0     3  -195.0   28.455 -127.570   3090.3    704.2
     1     1    19     6    25     2     0     2  -196.0   28.423 -127.611   3104.9    702.1
     1     1    19     6    25     1     0     1  -197.0   28.392 -127.645   3113.7    701.3
     1     1    19     6    25     0     0     0  -198.0   28.365 -127.672   3115.5    701.0
     1     1    19     6    24    23     0     1  -199.0   28.342 -127.694   3114.0    702.0
     1     1    19     6    24    22     0     2  -200.0   28.327 -127.713   3113.0    702.6
     1     1    19     6    24    21     0     3  -201.0   28.319 -127.731   3112.7    703.1
     1     1    19     6    24    20     0     2  -202.0   28.318 -127.748   3107.8    703.1
     1     1    19     6    24    19     0     1  -203.0   28.326 -127.767   3092.9    704.3
     1     1    19     6    24    18     0     0  -204.0   28.342 -127.785   3067.9    706.5
     1     1    19     6    24    17     0     1  -205.0   28.365 -127.801   3045.4    709.3
     1     1    19     6    24    16     0     2  -206.0   28.394 -127.814   3037.8    709.9
     1     1    19     6    24    15     0     3  -207.0   28.431 -127.824   3044.5    709.2
     1     1    19     6    24    14     0     2  -208.0   28.471 -127.837   3055.5    707.3
     1     1    19     6    24    13     0     1  -209.0   28.511 -127.856   3061.2    706.8
     1     1    19     6    24    12     0     0  -210.0   28.552 -127.883   3062.2    706.6
     1     1    19     6    24    11     0     1  -211.0   28.592 -127.908   3061.8    707.3
     1     1    19     6    24    10     0     2  -212.0   28.634 -127.925   3063.3    707.6
     1     1    19     6    24     9     0     3  -213.0   28.677 -127.933   3066.3    707.7
     1     1    19     6    24     8     0     2  -214.0   28.719 -127.935   3073.1    707.5
     1     1    19     6    24     7     0     1  -215.0   28.757 -127.932   3084.8    706.7
     1     1    19     6    24     6     0     0  -216.0   28.792 -127.926   3100.1    705.7
     1     1    19     6    24     5     0     1  -217.0   28.826 -127.909   3118.6    704.1
     1     1    19     6    24     4     0     2  -218.0   28.860 -127.874   3141.0    702.2
     1     1    19     6    24     3     0     3  -219.0   28.894 -127.820   3167.7    700.0
     1     1    19     6    24     2     0     2  -220.0   28.937 -127.756   3200.1    697.4
     1     1    19     6    24     1     0     1  -221.0   28.995 -127.695   3241.5    693.9
     1     1    19     6    24     0     0     0  -222.0   29.069 -127.635   3292.9    689.6
     1     1    19     6    23    23     0     1  -223.0   29.152 -127.578   3346.0    684.7
     1     1    19     6    23    22     0     2  -224.0   29.241 -127.521   3391.7    681.0
     1     1    19     6    23    21     0     3  -225.0   29.336 -127.461   3427.9    678.0
     1     1    19     6    23    20     0     2  -226.0   29.438 -127.403   3461.8    676.1
     1     1    19     6    23    19     0     1  -227.0   29.547 -127.351   3504.3    673.1
     1     1    19     6    23    18     0     0  -228.0   29.665 -127.308   3561.7    668.9
     1     1    19     6    23    17     0     1  -229.0   29.792 -127.277   3619.3    662.6
     1     1    19     6    23    16     0     2  -230.0   29.923 -127.261   3655.7    659.2
     1     1    19     6    23    15     0     3  -231.0   30.057 -127.257   3667.2    657.9
     1     1    19     6    23    14     0     2  -232.0   30.198 -127.258   3673.0    658.9
     1     1    19     6    23    13     0     1  -233.0   30.351 -127.260   3696.3    657.2
     1     1    19     6    23    12     0     0  -234.0   30.510 -127.269   3742.4    653.7
     1     1    19     6    23    11     0     1  -235.0   30.673 -127.283   3795.0    648.4
     1     1    19     6    23    10     0     2  -236.0   30.841 -127.294   3830.9    645.5
     1     1    19     6    23     9     0     3  -237.0   31.015 -127.301   3841.3    644.7
     1     1    19     6    23     8     0     2  -238.0   31.196 -127.297   3848.0    646.6
     1     1    19     6    23     7     0     1  -239.0   31.387 -127.283   3877.0    644.4
     1     1    19     6    23     6     0     0  -240.0   31.586 -127.257   3919.6    641.0
