     7     1
    GDAS    19     6     1     0     0
    GDAS    19     7     1     0     0
    GDAS    19     8     1     0     0
    GDAS    19     9     1     0     0
    GDAS    19    10     1     0     0
    GDAS    19    11     1     0     0
    GDAS    19    12     1     0     0
     1 BACKWARD OMEGA   
    19    10    29     0   21.319 -157.670    10.0
     1 PRESSURE
     1     1    19    10    29     0     0     0     0.0   21.319 -157.670     10.0   1008.6
     1     1    19    10    28    23     0     1    -1.0   21.395 -157.483     22.6   1007.6
     1     1    19    10    28    22     0     2    -2.0   21.461 -157.267     78.6   1002.9
     1     1    19    10    28    21     0     3    -3.0   21.513 -157.018    209.8    987.9
     1     1    19    10    28    20     0     2    -4.0   21.548 -156.746    367.1    965.6
     1     1    19    10    28    19     0     1    -5.0   21.572 -156.467    469.9    954.9
     1     1    19    10    28    18     0     0    -6.0   21.595 -156.190    516.5    951.8
     1     1    19    10    28    17     0     1    -7.0   21.616 -155.917    523.0    952.5
     1     1    19    10    28    16     0     2    -8.0   21.633 -155.649    511.7    954.7
     1     1    19    10    28    15     0     3    -9.0   21.656 -155.396    491.3    956.0
     1     1    19    10    28    14     0     2   -10.0   21.688 -155.152    469.8    959.9
     1     1    19    10    28    13     0     1   -11.0   21.720 -154.904    463.3    960.9
     1     1    19    10    28    12     0     0   -12.0   21.745 -154.647    473.7    959.3
     1     1    19    10    28    11     0     1   -13.0   21.760 -154.378    495.3    957.0
     1     1    19    10    28    10     0     2   -14.0   21.771 -154.099    522.7    954.5
     1     1    19    10    28     9     0     3   -15.0   21.783 -153.813    556.4    951.7
     1     1    19    10    28     8     0     2   -16.0   21.800 -153.526    583.1    947.4
     1     1    19    10    28     7     0     1   -17.0   21.828 -153.237    581.8    947.0
     1     1    19    10    28     6     0     0   -18.0   21.867 -152.940    546.4    950.8
     1     1    19    10    28     5     0     1   -19.0   21.911 -152.641    506.6    957.9
     1     1    19    10    28     4     0     2   -20.0   21.949 -152.341    479.1    959.4
     1     1    19    10    28     3     0     3   -21.0   21.982 -152.035    445.5    962.0
     1     1    19    10    28     2     0     2   -22.0   22.011 -151.724    414.1    967.0
     1     1    19    10    28     1     0     1   -23.0   22.037 -151.417    392.1    968.4
     1     1    19    10    28     0     0     0   -24.0   22.065 -151.112    367.0    970.2
     1     1    19    10    27    23     0     1   -25.0   22.100 -150.811    347.5    974.7
     1     1    19    10    27    22     0     2   -26.0   22.142 -150.513    338.0    975.6
     1     1    19    10    27    21     0     3   -27.0   22.182 -150.212    319.8    977.2
     1     1    19    10    27    20     0     2   -28.0   22.227 -149.909    294.8    981.7
     1     1    19    10    27    19     0     1   -29.0   22.284 -149.610    276.3    984.4
     1     1    19    10    27    18     0     0   -30.0   22.348 -149.311    264.8    985.7
     1     1    19    10    27    17     0     1   -31.0   22.417 -149.016    250.2    985.9
     1     1    19    10    27    16     0     2   -32.0   22.493 -148.737    231.6    988.2
     1     1    19    10    27    15     0     3   -33.0   22.580 -148.471    218.4    989.7
     1     1    19    10    27    14     0     2   -34.0   22.671 -148.207    221.5    989.9
     1     1    19    10    27    13     0     1   -35.0   22.761 -147.945    245.5    986.9
     1     1    19    10    27    12     0     0   -36.0   22.850 -147.687    285.4    982.1
     1     1    19    10    27    11     0     1   -37.0   22.933 -147.431    326.4    976.4
     1     1    19    10    27    10     0     2   -38.0   23.009 -147.172    355.7    973.8
     1     1    19    10    27     9     0     3   -39.0   23.085 -146.904    377.9    972.1
     1     1    19    10    27     8     0     2   -40.0   23.159 -146.632    391.0    970.2
     1     1    19    10    27     7     0     1   -41.0   23.231 -146.357    399.6    970.3
     1     1    19    10    27     6     0     0   -42.0   23.309 -146.068    424.2    968.8
     1     1    19    10    27     5     0     1   -43.0   23.391 -145.778    454.3    962.7
     1     1    19    10    27     4     0     2   -44.0   23.473 -145.504    470.5    961.1
     1     1    19    10    27     3     0     3   -45.0   23.560 -145.245    486.1    960.1
     1     1    19    10    27     2     0     2   -46.0   23.653 -144.991    507.3    957.3
     1     1    19    10    27     1     0     1   -47.0   23.751 -144.739    524.3    954.5
     1     1    19    10    27     0     0     0   -48.0   23.853 -144.491    535.3    953.9
     1     1    19    10    26    23     0     1   -49.0   23.959 -144.249    554.0    953.5
     1     1    19    10    26    22     0     2   -50.0   24.071 -144.020    584.8    950.6
     1     1    19    10    26    21     0     3   -51.0   24.183 -143.802    619.8    947.3
     1     1    19    10    26    20     0     2   -52.0   24.289 -143.590    652.4    943.5
     1     1    19    10    26    19     0     1   -53.0   24.386 -143.379    682.0    940.3
     1     1    19    10    26    18     0     0   -54.0   24.476 -143.168    712.1    937.2
     1     1    19    10    26    17     0     1   -55.0   24.563 -142.958    730.0    933.1
     1     1    19    10    26    16     0     2   -56.0   24.652 -142.746    724.9    933.7
     1     1    19    10    26    15     0     3   -57.0   24.743 -142.533    712.1    935.9
     1     1    19    10    26    14     0     2   -58.0   24.833 -142.319    711.8    936.9
     1     1    19    10    26    13     0     1   -59.0   24.920 -142.108    723.8    934.5
     1     1    19    10    26    12     0     0   -60.0   25.004 -141.901    725.1    932.8
     1     1    19    10    26    11     0     1   -61.0   25.085 -141.695    727.8    935.8
     1     1    19    10    26    10     0     2   -62.0   25.163 -141.490    755.1    932.7
     1     1    19    10    26     9     0     3   -63.0   25.238 -141.287    796.5    927.9
     1     1    19    10    26     8     0     2   -64.0   25.319 -141.086    828.5    922.9
     1     1    19    10    26     7     0     1   -65.0   25.410 -140.884    838.6    922.7
     1     1    19    10    26     6     0     0   -66.0   25.512 -140.677    834.5    923.5
     1     1    19    10    26     5     0     1   -67.0   25.621 -140.470    829.5    924.8
     1     1    19    10    26     4     0     2   -68.0   25.732 -140.268    834.5    923.7
     1     1    19    10    26     3     0     3   -69.0   25.844 -140.071    843.4    921.9
     1     1    19    10    26     2     0     2   -70.0   25.950 -139.883    845.3    921.1
     1     1    19    10    26     1     0     1   -71.0   26.041 -139.706    834.3    922.2
     1     1    19    10    26     0     0     0   -72.0   26.118 -139.537    809.1    924.7
     1     1    19    10    25    23     0     1   -73.0   26.185 -139.364    778.4    929.5
     1     1    19    10    25    22     0     2   -74.0   26.244 -139.178    753.3    932.8
     1     1    19    10    25    21     0     3   -75.0   26.295 -138.981    737.3    935.1
     1     1    19    10    25    20     0     2   -76.0   26.348 -138.773    733.5    936.0
     1     1    19    10    25    19     0     1   -77.0   26.413 -138.555    740.9    935.2
     1     1    19    10    25    18     0     0   -78.0   26.488 -138.335    753.5    933.7
     1     1    19    10    25    17     0     1   -79.0   26.574 -138.120    763.2    931.8
     1     1    19    10    25    16     0     2   -80.0   26.672 -137.919    766.8    931.2
     1     1    19    10    25    15     0     3   -81.0   26.780 -137.730    767.9    931.1
     1     1    19    10    25    14     0     2   -82.0   26.885 -137.554    776.4    930.7
     1     1    19    10    25    13     0     1   -83.0   26.975 -137.392    795.6    928.0
     1     1    19    10    25    12     0     0   -84.0   27.052 -137.247    818.0    925.0
     1     1    19    10    25    11     0     1   -85.0   27.121 -137.100    836.2    922.8
     1     1    19    10    25    10     0     2   -86.0   27.187 -136.930    850.8    922.1
     1     1    19    10    25     9     0     3   -87.0   27.249 -136.735    872.3    920.5
     1     1    19    10    25     8     0     2   -88.0   27.309 -136.516    888.8    917.0
     1     1    19    10    25     7     0     1   -89.0   27.372 -136.281    881.9    917.5
     1     1    19    10    25     6     0     0   -90.0   27.443 -136.030    846.8    921.1
     1     1    19    10    25     5     0     1   -91.0   27.523 -135.773    810.5    927.5
     1     1    19    10    25     4     0     2   -92.0   27.609 -135.512    796.7    928.1
     1     1    19    10    25     3     0     3   -93.0   27.702 -135.247    797.7    927.0
     1     1    19    10    25     2     0     2   -94.0   27.801 -134.983    805.7    925.8
     1     1    19    10    25     1     0     1   -95.0   27.900 -134.727    813.1    924.5
     1     1    19    10    25     0     0     0   -96.0   27.996 -134.478    815.7    924.2
     1     1    19    10    24    23     0     1   -97.0   28.093 -134.235    818.6    924.8
     1     1    19    10    24    22     0     2   -98.0   28.195 -133.994    820.8    924.2
     1     1    19    10    24    21     0     3   -99.0   28.301 -133.753    816.2    925.0
     1     1    19    10    24    20     0     2  -100.0   28.411 -133.505    808.8    926.7
     1     1    19    10    24    19     0     1  -101.0   28.524 -133.248    803.5    927.9
     1     1    19    10    24    18     0     0  -102.0   28.642 -132.977    798.7    928.6
     1     1    19    10    24    17     0     1  -103.0   28.767 -132.699    797.1    928.9
     1     1    19    10    24    16     0     2  -104.0   28.902 -132.429    803.9    927.7
     1     1    19    10    24    15     0     3  -105.0   29.046 -132.180    815.2    925.6
     1     1    19    10    24    14     0     2  -106.0   29.192 -131.933    816.4    924.4
     1     1    19    10    24    13     0     1  -107.0   29.337 -131.678    803.3    926.3
     1     1    19    10    24    12     0     0  -108.0   29.489 -131.421    786.6    928.5
     1     1    19    10    24    11     0     1  -109.0   29.647 -131.156    775.0    930.2
     1     1    19    10    24    10     0     2  -110.0   29.808 -130.886    769.8    930.5
     1     1    19    10    24     9     0     3  -111.0   29.971 -130.633    764.1    930.7
     1     1    19    10    24     8     0     2  -112.0   30.140 -130.380    753.7    932.2
     1     1    19    10    24     7     0     1  -113.0   30.322 -130.108    741.8    934.2
     1     1    19    10    24     6     0     0  -114.0   30.520 -129.826    731.2    935.6
     1     1    19    10    24     5     0     1  -115.0   30.742 -129.529    723.3    936.5
     1     1    19    10    24     4     0     2  -116.0   30.997 -129.218    728.8    936.5
     1     1    19    10    24     3     0     3  -117.0   31.281 -128.912    754.0    933.3
     1     1    19    10    24     2     0     2  -118.0   31.576 -128.597    776.3    928.9
     1     1    19    10    24     1     0     1  -119.0   31.883 -128.279    780.9    928.9
     1     1    19    10    24     0     0     0  -120.0   32.220 -127.989    778.6    929.9
     1     1    19    10    23    23     0     1  -121.0   32.584 -127.709    778.6    930.4
     1     1    19    10    23    22     0     2  -122.0   32.964 -127.433    790.9    930.0
     1     1    19    10    23    21     0     3  -123.0   33.354 -127.189    807.1    926.8
     1     1    19    10    23    20     0     2  -124.0   33.764 -126.957    807.3    926.8
     1     1    19    10    23    19     0     1  -125.0   34.202 -126.727    796.7    929.5
     1     1    19    10    23    18     0     0  -126.0   34.663 -126.520    789.1    931.0
     1     1    19    10    23    17     0     1  -127.0   35.157 -126.330    782.1    930.9
     1     1    19    10    23    16     0     2  -128.0   35.686 -126.147    778.2    931.8
     1     1    19    10    23    15     0     3  -129.0   36.223 -125.989    782.6    930.7
     1     1    19    10    23    14     0     2  -130.0   36.778 -125.860    790.4    929.8
     1     1    19    10    23    13     0     1  -131.0   37.369 -125.756    808.0    929.3
     1     1    19    10    23    12     0     0  -132.0   37.981 -125.673    846.1    925.5
     1     1    19    10    23    11     0     1  -133.0   38.585 -125.600    891.1    919.6
     1     1    19    10    23    10     0     2  -134.0   39.161 -125.546    939.4    915.7
     1     1    19    10    23     9     0     3  -135.0   39.707 -125.529   1016.1    909.5
     1     1    19    10    23     8     0     2  -136.0   40.195 -125.509   1125.2    897.7
     1     1    19    10    23     7     0     1  -137.0   40.613 -125.461   1237.6    883.6
     1     1    19    10    23     6     0     0  -138.0   40.972 -125.403   1299.0    875.1
     1     1    19    10    23     5     0     1  -139.0   41.292 -125.336   1340.6    876.5
     1     1    19    10    23     4     0     2  -140.0   41.585 -125.261   1416.5    869.4
     1     1    19    10    23     3     0     3  -141.0   41.857 -125.208   1541.6    857.6
     1     1    19    10    23     2     0     2  -142.0   42.110 -125.162   1687.3    839.4
     1     1    19    10    23     1     0     1  -143.0   42.346 -125.110   1799.2    826.2
     1     1    19    10    23     0     0     0  -144.0   42.571 -125.077   1851.9    821.3
     1     1    19    10    22    23     0     1  -145.0   42.791 -125.099   1868.6    822.0
     1     1    19    10    22    22     0     2  -146.0   43.007 -125.195   1890.0    821.9
     1     1    19    10    22    21     0     3  -147.0   43.206 -125.331   1945.2    817.3
     1     1    19    10    22    20     0     2  -148.0   43.387 -125.485   2029.2    807.9
     1     1    19    10    22    19     0     1  -149.0   43.565 -125.667   2122.3    798.6
     1     1    19    10    22    18     0     0  -150.0   43.756 -125.905   2239.3    789.5
     1     1    19    10    22    17     0     1  -151.0   43.962 -126.197   2361.6    773.2
     1     1    19    10    22    16     0     2  -152.0   44.161 -126.510   2430.0    765.3
     1     1    19    10    22    15     0     3  -153.0   44.353 -126.838   2468.4    764.1
     1     1    19    10    22    14     0     2  -154.0   44.549 -127.227   2506.4    760.3
     1     1    19    10    22    13     0     1  -155.0   44.747 -127.729   2535.7    756.8
     1     1    19    10    22    12     0     0  -156.0   44.917 -128.354   2540.4    755.3
     1     1    19    10    22    11     0     1  -157.0   45.037 -128.999   2510.1    757.4
     1     1    19    10    22    10     0     2  -158.0   45.134 -129.636   2484.8    764.4
     1     1    19    10    22     9     0     3  -159.0   45.210 -130.322   2469.8    760.4
     1     1    19    10    22     8     0     2  -160.0   45.251 -131.008   2314.5    767.9
     1     1    19    10    22     7     0     1  -161.0   45.284 -131.660   2104.3    800.7
     1     1    19    10    22     6     0     0  -162.0   45.311 -132.314   1906.5    813.9
     1     1    19    10    22     5     0     1  -163.0   45.343 -132.957   1714.4    837.4
     1     1    19    10    22     4     0     2  -164.0   45.390 -133.614   1622.3    850.3
     1     1    19    10    22     3     0     3  -165.0   45.445 -134.329   1648.1    843.8
     1     1    19    10    22     2     0     2  -166.0   45.466 -135.092   1700.2    832.8
     1     1    19    10    22     1     0     1  -167.0   45.434 -135.852   1678.9    834.4
     1     1    19    10    22     0     0     0  -168.0   45.366 -136.611   1615.2    841.9
     1     1    19    10    21    23     0     1  -169.0   45.276 -137.388   1584.2    844.9
     1     1    19    10    21    22     0     2  -170.0   45.138 -138.183   1582.1    844.1
     1     1    19    10    21    21     0     3  -171.0   44.963 -138.956   1463.6    852.7
     1     1    19    10    21    20     0     2  -172.0   44.786 -139.677   1298.1    875.5
     1     1    19    10    21    19     0     1  -173.0   44.621 -140.364   1247.9    881.8
     1     1    19    10    21    18     0     0  -174.0   44.469 -141.013   1244.8    880.2
     1     1    19    10    21    17     0     1  -175.0   44.307 -141.664   1203.4    877.0
     1     1    19    10    21    16     0     2  -176.0   44.124 -142.326   1077.6    892.4
     1     1    19    10    21    15     0     3  -177.0   43.940 -142.935   1173.4    911.4
     1     1    19    10    21    14     0     2  -178.0   43.736 -143.697   1485.1    830.1
     1     1    19    10    21    13     0     1  -179.0   43.473 -144.475   1344.2    863.4
     1     1    19    10    21    12     0     0  -180.0   43.184 -145.229    944.1    908.9
     1     1    19    10    21    11     0     1  -181.0   42.929 -145.912    743.2    935.4
     1     1    19    10    21    10     0     2  -182.0   42.696 -146.572    704.2    931.2
     1     1    19    10    21     9     0     3  -183.0   42.455 -147.222    586.7    942.3
     1     1    19    10    21     8     0     2  -184.0   42.170 -147.831    337.0    964.6
     1     1    19    10    21     7     0     1  -185.0   41.870 -148.298    187.3   1008.6
     1     1    19    10    21     6     0     0  -186.0   41.476 -148.756    143.5   1002.0
     1     1    19    10    21     5     0     1  -187.0   41.032 -149.180    138.4   1000.2
     1     1    19    10    21     4     0     2  -188.0   40.569 -149.568    141.6    999.0
     1     1    19    10    21     3     0     3  -189.0   40.083 -149.941    143.5    998.9
     1     1    19    10    21     2     0     2  -190.0   39.587 -150.293    145.1    999.4
     1     1    19    10    21     1     0     1  -191.0   39.082 -150.614    146.3    999.8
     1     1    19    10    21     0     0     0  -192.0   38.567 -150.902    146.6   1000.4
     1     1    19    10    20    23     0     1  -193.0   38.054 -151.146    148.3   1001.1
     1     1    19    10    20    22     0     2  -194.0   37.561 -151.348    155.2   1001.4
     1     1    19    10    20    21     0     3  -195.0   37.089 -151.515    165.0   1000.3
     1     1    19    10    20    20     0     2  -196.0   36.635 -151.641    171.9    999.9
     1     1    19    10    20    19     0     1  -197.0   36.201 -151.732    174.4   1000.3
     1     1    19    10    20    18     0     0  -198.0   35.790 -151.796    173.3   1001.3
     1     1    19    10    20    17     0     1  -199.0   35.403 -151.844    168.0   1001.6
     1     1    19    10    20    16     0     2  -200.0   35.034 -151.880    161.5   1003.1
     1     1    19    10    20    15     0     3  -201.0   34.674 -151.893    159.7   1003.4
     1     1    19    10    20    14     0     2  -202.0   34.324 -151.883    165.3   1003.2
     1     1    19    10    20    13     0     1  -203.0   33.992 -151.854    182.3   1002.0
     1     1    19    10    20    12     0     0  -204.0   33.678 -151.811    208.0    998.5
     1     1    19    10    20    11     0     1  -205.0   33.376 -151.754    227.2    995.8
     1     1    19    10    20    10     0     2  -206.0   33.085 -151.684    233.7    995.8
     1     1    19    10    20     9     0     3  -207.0   32.804 -151.597    233.7    996.5
     1     1    19    10    20     8     0     2  -208.0   32.536 -151.482    233.6    997.0
     1     1    19    10    20     7     0     1  -209.0   32.285 -151.330    238.8    996.9
     1     1    19    10    20     6     0     0  -210.0   32.054 -151.146    253.4    995.8
     1     1    19    10    20     5     0     1  -211.0   31.848 -150.938    271.2    992.7
     1     1    19    10    20     4     0     2  -212.0   31.671 -150.710    285.3    990.7
     1     1    19    10    20     3     0     3  -213.0   31.526 -150.465    300.5    989.1
     1     1    19    10    20     2     0     2  -214.0   31.405 -150.213    318.7    987.0
     1     1    19    10    20     1     0     1  -215.0   31.301 -149.962    335.6    985.0
     1     1    19    10    20     0     0     0  -216.0   31.209 -149.714    350.5    983.8
     1     1    19    10    19    23     0     1  -217.0   31.129 -149.471    365.9    982.7
     1     1    19    10    19    22     0     2  -218.0   31.059 -149.231    383.7    981.4
     1     1    19    10    19    21     0     3  -219.0   30.998 -148.994    406.4    979.7
     1     1    19    10    19    20     0     2  -220.0   30.943 -148.758    426.2    976.7
     1     1    19    10    19    19     0     1  -221.0   30.892 -148.523    436.3    976.0
     1     1    19    10    19    18     0     0  -222.0   30.846 -148.286    442.1    975.7
     1     1    19    10    19    17     0     1  -223.0   30.801 -148.052    447.6    974.8
     1     1    19    10    19    16     0     2  -224.0   30.755 -147.824    453.6    973.5
     1     1    19    10    19    15     0     3  -225.0   30.714 -147.601    457.0    972.5
     1     1    19    10    19    14     0     2  -226.0   30.678 -147.380    457.5    972.6
     1     1    19    10    19    13     0     1  -227.0   30.647 -147.156    459.3    972.6
     1     1    19    10    19    12     0     0  -228.0   30.622 -146.929    466.3    971.9
     1     1    19    10    19    11     0     1  -229.0   30.599 -146.696    473.1    970.5
     1     1    19    10    19    10     0     2  -230.0   30.578 -146.451    473.7    970.8
     1     1    19    10    19     9     0     3  -231.0   30.557 -146.193    469.0    971.6
     1     1    19    10    19     8     0     2  -232.0   30.545 -145.924    465.0    972.7
     1     1    19    10    19     7     0     1  -233.0   30.554 -145.654    468.5    972.3
     1     1    19    10    19     6     0     0  -234.0   30.585 -145.387    480.2    970.8
     1     1    19    10    19     5     0     1  -235.0   30.631 -145.127    491.7    968.3
     1     1    19    10    19     4     0     2  -236.0   30.684 -144.880    495.2    967.7
     1     1    19    10    19     3     0     3  -237.0   30.744 -144.644    496.8    967.9
     1     1    19    10    19     2     0     2  -238.0   30.807 -144.422    510.2    967.3
     1     1    19    10    19     1     0     1  -239.0   30.871 -144.211    542.6    963.4
     1     1    19    10    19     0     0     0  -240.0   30.938 -144.012    591.8    957.9
