     7     1
    GDAS    18    12     1     0     0
    GDAS    19     1     1     0     0
    GDAS    19     2     1     0     0
    GDAS    19     3     1     0     0
    GDAS    19     4     1     0     0
    GDAS    19     5     1     0     0
    GDAS    19     6     1     0     0
     1 BACKWARD OMEGA   
    19     6     1    12   21.319 -157.670    10.0
     1 PRESSURE
     1     1    19     6     1    12     0     0     0.0   21.319 -157.670     10.0   1014.5
     1     1    19     6     1    11     0     1    -1.0   21.328 -157.481     10.0   1013.7
     1     1    19     6     1    10     0     2    -2.0   21.343 -157.285     10.7   1012.8
     1     1    19     6     1     9     0     3    -3.0   21.355 -157.085     12.1   1011.8
     1     1    19     6     1     8     0     2    -4.0   21.361 -156.885     14.6   1012.2
     1     1    19     6     1     7     0     1    -5.0   21.355 -156.685     18.2   1013.1
     1     1    19     6     1     6     0     0    -6.0   21.331 -156.481     22.1   1013.7
     1     1    19     6     1     5     0     1    -7.0   21.282 -156.261     25.3   1013.9
     1     1    19     6     1     4     0     2    -8.0   21.203 -156.015     26.8   1015.1
     1     1    19     6     1     3     0     3    -9.0   21.112 -155.744     26.8   1014.8
     1     1    19     6     1     2     0     2   -10.0   21.031 -155.457     26.1   1014.2
     1     1    19     6     1     1     0     1   -11.0   20.957 -155.164     24.7   1014.2
     1     1    19     6     1     0     0     0   -12.0   20.888 -154.873     23.0   1014.7
     1     1    19     5    31    23     0     1   -13.0   20.819 -154.582     21.3   1015.3
     1     1    19     5    31    22     0     2   -14.0   20.752 -154.287     20.1   1015.8
     1     1    19     5    31    21     0     3   -15.0   20.686 -153.986     19.6   1015.9
     1     1    19     5    31    20     0     2   -16.0   20.626 -153.682     19.6   1016.1
     1     1    19     5    31    19     0     1   -17.0   20.574 -153.376     19.6   1016.4
     1     1    19     5    31    18     0     0   -18.0   20.528 -153.066     19.6   1016.7
     1     1    19     5    31    17     0     1   -19.0   20.488 -152.754     19.6   1016.2
     1     1    19     5    31    16     0     2   -20.0   20.454 -152.438     19.6   1016.1
     1     1    19     5    31    15     0     3   -21.0   20.424 -152.119     19.6   1016.4
     1     1    19     5    31    14     0     2   -22.0   20.398 -151.798     19.6   1015.7
     1     1    19     5    31    13     0     1   -23.0   20.375 -151.481     19.6   1014.9
     1     1    19     5    31    12     0     0   -24.0   20.352 -151.166     19.6   1014.0
     1     1    19     5    31    11     0     1   -25.0   20.331 -150.850     19.7   1015.0
     1     1    19     5    31    10     0     2   -26.0   20.312 -150.528     20.0   1016.0
     1     1    19     5    31     9     0     3   -27.0   20.294 -150.201     20.9   1016.6
     1     1    19     5    31     8     0     2   -28.0   20.280 -149.870     22.6   1015.9
     1     1    19     5    31     7     0     1   -29.0   20.272 -149.540     24.9   1015.6
     1     1    19     5    31     6     0     0   -30.0   20.271 -149.210     27.9   1015.9
     1     1    19     5    31     5     0     1   -31.0   20.274 -148.880     31.3   1014.7
     1     1    19     5    31     4     0     2   -32.0   20.279 -148.550     33.5   1013.3
     1     1    19     5    31     3     0     3   -33.0   20.287 -148.223     34.3   1012.0
     1     1    19     5    31     2     0     2   -34.0   20.295 -147.893     34.3   1012.5
     1     1    19     5    31     1     0     1   -35.0   20.305 -147.560     34.3   1012.9
     1     1    19     5    31     0     0     0   -36.0   20.315 -147.223     34.3   1013.0
     1     1    19     5    30    23     0     1   -37.0   20.322 -146.885     34.3   1013.3
     1     1    19     5    30    22     0     2   -38.0   20.325 -146.550     34.3   1013.5
     1     1    19     5    30    21     0     3   -39.0   20.324 -146.215     34.3   1013.8
     1     1    19     5    30    20     0     2   -40.0   20.325 -145.877     34.3   1014.1
     1     1    19     5    30    19     0     1   -41.0   20.335 -145.535     34.3   1014.5
     1     1    19     5    30    18     0     0   -42.0   20.357 -145.186     34.3   1014.8
     1     1    19     5    30    17     0     1   -43.0   20.389 -144.838     34.3   1014.3
     1     1    19     5    30    16     0     2   -44.0   20.433 -144.499     34.3   1013.9
     1     1    19     5    30    15     0     3   -45.0   20.488 -144.165     34.3   1013.6
     1     1    19     5    30    14     0     2   -46.0   20.549 -143.838     34.3   1013.6
     1     1    19     5    30    13     0     1   -47.0   20.613 -143.521     34.3   1013.5
     1     1    19     5    30    12     0     0   -48.0   20.678 -143.210     34.3   1013.2
     1     1    19     5    30    11     0     1   -49.0   20.746 -142.903     34.3   1013.3
     1     1    19     5    30    10     0     2   -50.0   20.817 -142.597     34.3   1013.4
     1     1    19     5    30     9     0     3   -51.0   20.891 -142.293     34.3   1013.5
     1     1    19     5    30     8     0     2   -52.0   20.969 -141.989     34.3   1013.8
     1     1    19     5    30     7     0     1   -53.0   21.049 -141.686     34.3   1014.2
     1     1    19     5    30     6     0     0   -54.0   21.132 -141.384     34.3   1014.5
     1     1    19     5    30     5     0     1   -55.0   21.215 -141.084     34.3   1014.5
     1     1    19     5    30     4     0     2   -56.0   21.295 -140.790     34.3   1014.6
     1     1    19     5    30     3     0     3   -57.0   21.372 -140.501     34.3   1014.6
     1     1    19     5    30     2     0     2   -58.0   21.449 -140.215     34.3   1014.1
     1     1    19     5    30     1     0     1   -59.0   21.526 -139.928     34.3   1013.5
     1     1    19     5    30     0     0     0   -60.0   21.602 -139.638     34.3   1013.0
     1     1    19     5    29    23     0     1   -61.0   21.680 -139.349     34.3   1014.0
     1     1    19     5    29    22     0     2   -62.0   21.760 -139.061     34.3   1015.0
     1     1    19     5    29    21     0     3   -63.0   21.840 -138.777     34.3   1015.9
     1     1    19     5    29    20     0     2   -64.0   21.922 -138.492     34.3   1016.2
     1     1    19     5    29    19     0     1   -65.0   22.009 -138.202     34.3   1016.6
     1     1    19     5    29    18     0     0   -66.0   22.101 -137.906     34.3   1016.9
     1     1    19     5    29    17     0     1   -67.0   22.197 -137.612     34.3   1016.9
     1     1    19     5    29    16     0     2   -68.0   22.293 -137.328     34.3   1016.8
     1     1    19     5    29    15     0     3   -69.0   22.392 -137.053     34.3   1016.7
     1     1    19     5    29    14     0     2   -70.0   22.494 -136.784     34.3   1016.0
     1     1    19     5    29    13     0     1   -71.0   22.600 -136.520     34.3   1015.2
     1     1    19     5    29    12     0     0   -72.0   22.709 -136.256     34.3   1014.5
     1     1    19     5    29    11     0     1   -73.0   22.823 -135.995     34.3   1015.5
     1     1    19     5    29    10     0     2   -74.0   22.946 -135.736     34.3   1016.5
     1     1    19     5    29     9     0     3   -75.0   23.078 -135.479     34.3   1017.6
     1     1    19     5    29     8     0     2   -76.0   23.217 -135.225     34.3   1017.9
     1     1    19     5    29     7     0     1   -77.0   23.358 -134.971     34.3   1018.2
     1     1    19     5    29     6     0     0   -78.0   23.502 -134.721     34.3   1018.5
     1     1    19     5    29     5     0     1   -79.0   23.643 -134.482     34.5   1018.1
     1     1    19     5    29     4     0     2   -80.0   23.780 -134.258     35.3   1017.7
     1     1    19     5    29     3     0     3   -81.0   23.911 -134.047     36.9   1017.2
     1     1    19     5    29     2     0     2   -82.0   24.037 -133.841     38.5   1017.1
     1     1    19     5    29     1     0     1   -83.0   24.161 -133.634     39.4   1017.2
     1     1    19     5    29     0     0     0   -84.0   24.280 -133.429     39.6   1017.4
     1     1    19     5    28    23     0     1   -85.0   24.396 -133.226     39.4   1017.2
     1     1    19     5    28    22     0     2   -86.0   24.513 -133.024     38.8   1017.0
     1     1    19     5    28    21     0     3   -87.0   24.631 -132.824     38.1   1016.9
     1     1    19     5    28    20     0     2   -88.0   24.749 -132.624     37.5   1017.2
     1     1    19     5    28    19     0     1   -89.0   24.865 -132.427     37.3   1017.4
     1     1    19     5    28    18     0     0   -90.0   24.979 -132.233     37.3   1017.6
     1     1    19     5    28    17     0     1   -91.0   25.094 -132.039     37.3   1017.7
     1     1    19     5    28    16     0     2   -92.0   25.211 -131.844     37.3   1017.8
     1     1    19     5    28    15     0     3   -93.0   25.330 -131.648     37.3   1018.0
     1     1    19     5    28    14     0     2   -94.0   25.451 -131.453     37.3   1017.8
     1     1    19     5    28    13     0     1   -95.0   25.577 -131.262     37.3   1017.4
     1     1    19     5    28    12     0     0   -96.0   25.706 -131.075     37.3   1016.8
     1     1    19     5    28    11     0     1   -97.0   25.841 -130.890     37.3   1017.7
     1     1    19     5    28    10     0     2   -98.0   25.984 -130.708     37.3   1018.6
     1     1    19     5    28     9     0     3   -99.0   26.133 -130.531     37.3   1019.5
     1     1    19     5    28     8     0     2  -100.0   26.289 -130.357     37.3   1019.7
     1     1    19     5    28     7     0     1  -101.0   26.450 -130.186     37.3   1019.8
     1     1    19     5    28     6     0     0  -102.0   26.617 -130.017     37.3   1020.0
     1     1    19     5    28     5     0     1  -103.0   26.787 -129.856     37.3   1019.5
     1     1    19     5    28     4     0     2  -104.0   26.960 -129.708     37.3   1019.1
     1     1    19     5    28     3     0     3  -105.0   27.137 -129.572     37.3   1018.5
     1     1    19     5    28     2     0     2  -106.0   27.312 -129.448     37.3   1018.0
     1     1    19     5    28     1     0     1  -107.0   27.483 -129.335     37.3   1017.6
     1     1    19     5    28     0     0     0  -108.0   27.649 -129.230     37.3   1017.1
     1     1    19     5    27    23     0     1  -109.0   27.807 -129.130     37.3   1017.4
     1     1    19     5    27    22     0     2  -110.0   27.951 -129.034     37.3   1017.5
     1     1    19     5    27    21     0     3  -111.0   28.083 -128.942     37.3   1017.8
     1     1    19     5    27    20     0     2  -112.0   28.214 -128.856     37.9   1018.1
     1     1    19     5    27    19     0     1  -113.0   28.355 -128.775     39.7   1018.0
     1     1    19     5    27    18     0     0  -114.0   28.505 -128.699     43.0   1017.6
     1     1    19     5    27    17     0     1  -115.0   28.665 -128.630     47.1   1017.3
     1     1    19     5    27    16     0     2  -116.0   28.837 -128.570     51.3   1017.1
     1     1    19     5    27    15     0     3  -117.0   29.023 -128.519     55.6   1016.8
     1     1    19     5    27    14     0     2  -118.0   29.218 -128.482     59.3   1016.1
     1     1    19     5    27    13     0     1  -119.0   29.422 -128.462     61.7   1015.7
     1     1    19     5    27    12     0     0  -120.0   29.634 -128.458     62.5   1015.6
     1     1    19     5    27    11     0     1  -121.0   29.844 -128.471     62.5   1015.6
     1     1    19     5    27    10     0     2  -122.0   30.041 -128.500     62.5   1015.6
     1     1    19     5    27     9     0     3  -123.0   30.227 -128.545     62.5   1015.5
     1     1    19     5    27     8     0     2  -124.0   30.412 -128.597     62.5   1015.5
     1     1    19     5    27     7     0     1  -125.0   30.602 -128.651     62.5   1015.5
     1     1    19     5    27     6     0     0  -126.0   30.797 -128.711     62.5   1015.5
     1     1    19     5    27     5     0     1  -127.0   30.996 -128.780     62.5   1015.2
     1     1    19     5    27     4     0     2  -128.0   31.198 -128.858     62.5   1014.9
     1     1    19     5    27     3     0     3  -129.0   31.401 -128.949     62.5   1014.6
     1     1    19     5    27     2     0     2  -130.0   31.599 -129.050     62.5   1014.5
     1     1    19     5    27     1     0     1  -131.0   31.792 -129.162     62.5   1014.4
     1     1    19     5    27     0     0     0  -132.0   31.979 -129.287     62.5   1014.3
     1     1    19     5    26    23     0     1  -133.0   32.163 -129.418     62.5   1014.0
     1     1    19     5    26    22     0     2  -134.0   32.344 -129.552     62.5   1013.7
     1     1    19     5    26    21     0     3  -135.0   32.520 -129.689     62.5   1013.4
     1     1    19     5    26    20     0     2  -136.0   32.695 -129.826     62.5   1013.6
     1     1    19     5    26    19     0     1  -137.0   32.875 -129.961     62.5   1013.5
     1     1    19     5    26    18     0     0  -138.0   33.062 -130.093     62.5   1013.4
     1     1    19     5    26    17     0     1  -139.0   33.259 -130.225     62.5   1013.7
     1     1    19     5    26    16     0     2  -140.0   33.466 -130.357     62.5   1013.7
     1     1    19     5    26    15     0     3  -141.0   33.684 -130.492     62.5   1013.4
     1     1    19     5    26    14     0     2  -142.0   33.907 -130.628     62.5   1013.6
     1     1    19     5    26    13     0     1  -143.0   34.128 -130.763     62.4   1013.8
     1     1    19     5    26    12     0     0  -144.0   34.346 -130.896     61.8   1013.9
     1     1    19     5    26    11     0     1  -145.0   34.560 -131.023     60.6   1013.9
     1     1    19     5    26    10     0     2  -146.0   34.772 -131.136     59.5   1013.8
     1     1    19     5    26     9     0     3  -147.0   34.981 -131.237     59.1   1013.7
     1     1    19     5    26     8     0     2  -148.0   35.190 -131.321     59.1   1014.6
     1     1    19     5    26     7     0     1  -149.0   35.404 -131.387     59.1   1015.6
     1     1    19     5    26     6     0     0  -150.0   35.621 -131.437     59.1   1016.5
     1     1    19     5    26     5     0     1  -151.0   35.845 -131.475     59.1   1016.3
     1     1    19     5    26     4     0     2  -152.0   36.079 -131.509     59.1   1016.1
     1     1    19     5    26     3     0     3  -153.0   36.321 -131.538     59.1   1016.0
     1     1    19     5    26     2     0     2  -154.0   36.568 -131.564     59.1   1016.1
     1     1    19     5    26     1     0     1  -155.0   36.819 -131.585     59.1   1016.3
     1     1    19     5    26     0     0     0  -156.0   37.076 -131.599     59.1   1016.4
     1     1    19     5    25    23     0     1  -157.0   37.340 -131.611     59.1   1016.9
     1     1    19     5    25    22     0     2  -158.0   37.612 -131.627     59.1   1017.6
     1     1    19     5    25    21     0     3  -159.0   37.898 -131.641     59.1   1018.5
     1     1    19     5    25    20     0     2  -160.0   38.190 -131.654     59.1   1018.3
     1     1    19     5    25    19     0     1  -161.0   38.476 -131.667     59.1   1018.0
     1     1    19     5    25    18     0     0  -162.0   38.757 -131.679     59.1   1017.7
     1     1    19     5    25    17     0     1  -163.0   39.037 -131.683     59.1   1017.8
     1     1    19     5    25    16     0     2  -164.0   39.320 -131.677     59.1   1017.9
     1     1    19     5    25    15     0     3  -165.0   39.607 -131.661     59.1   1017.8
     1     1    19     5    25    14     0     2  -166.0   39.898 -131.645     59.1   1017.8
     1     1    19     5    25    13     0     1  -167.0   40.194 -131.635     59.1   1017.8
     1     1    19     5    25    12     0     0  -168.0   40.495 -131.631     59.1   1017.7
     1     1    19     5    25    11     0     1  -169.0   40.798 -131.631     59.8   1018.5
     1     1    19     5    25    10     0     2  -170.0   41.102 -131.633     61.9   1019.0
     1     1    19     5    25     9     0     3  -171.0   41.408 -131.639     65.0   1019.3
     1     1    19     5    25     8     0     2  -172.0   41.720 -131.648     68.5   1018.7
     1     1    19     5    25     7     0     1  -173.0   42.041 -131.655     72.5   1018.2
     1     1    19     5    25     6     0     0  -174.0   42.371 -131.658     77.7   1017.5
     1     1    19     5    25     5     0     1  -175.0   42.708 -131.674     83.2   1016.9
     1     1    19     5    25     4     0     2  -176.0   43.050 -131.714     87.5   1016.8
     1     1    19     5    25     3     0     3  -177.0   43.395 -131.772     91.4   1016.9
     1     1    19     5    25     2     0     2  -178.0   43.748 -131.850     95.6   1016.6
     1     1    19     5    25     1     0     1  -179.0   44.111 -131.951     99.3   1016.2
     1     1    19     5    25     0     0     0  -180.0   44.484 -132.078    100.7   1016.1
     1     1    19     5    24    23     0     1  -181.0   44.857 -132.222    102.4   1016.3
     1     1    19     5    24    22     0     2  -182.0   45.222 -132.379    105.9   1016.1
     1     1    19     5    24    21     0     3  -183.0   45.581 -132.551    110.0   1016.2
     1     1    19     5    24    20     0     2  -184.0   45.939 -132.733    113.9   1015.5
     1     1    19     5    24    19     0     1  -185.0   46.306 -132.919    117.9   1014.4
     1     1    19     5    24    18     0     0  -186.0   46.683 -133.112    120.9   1013.6
     1     1    19     5    24    17     0     1  -187.0   47.061 -133.311    123.6   1014.1
     1     1    19     5    24    16     0     2  -188.0   47.436 -133.516    127.8   1013.9
     1     1    19     5    24    15     0     3  -189.0   47.813 -133.722    133.4   1013.3
     1     1    19     5    24    14     0     2  -190.0   48.193 -133.933    139.4   1012.9
     1     1    19     5    24    13     0     1  -191.0   48.578 -134.155    145.0   1011.9
     1     1    19     5    24    12     0     0  -192.0   48.966 -134.389    149.2   1011.2
     1     1    19     5    24    11     0     1  -193.0   49.351 -134.641    155.0   1010.6
     1     1    19     5    24    10     0     2  -194.0   49.725 -134.915    163.8   1009.3
     1     1    19     5    24     9     0     3  -195.0   50.085 -135.217    172.7   1008.0
     1     1    19     5    24     8     0     2  -196.0   50.432 -135.545    180.1   1007.1
     1     1    19     5    24     7     0     1  -197.0   50.766 -135.901    185.3   1006.4
     1     1    19     5    24     6     0     0  -198.0   51.081 -136.294    187.3   1006.5
     1     1    19     5    24     5     0     1  -199.0   51.371 -136.716    188.9   1006.6
     1     1    19     5    24     4     0     2  -200.0   51.634 -137.158    192.5   1006.1
     1     1    19     5    24     3     0     3  -201.0   51.865 -137.619    198.2   1005.6
     1     1    19     5    24     2     0     2  -202.0   52.067 -138.096    206.9   1004.4
     1     1    19     5    24     1     0     1  -203.0   52.244 -138.593    219.0   1002.4
     1     1    19     5    24     0     0     0  -204.0   52.394 -139.115    231.4   1000.5
     1     1    19     5    23    23     0     1  -205.0   52.522 -139.658    241.3    999.5
     1     1    19     5    23    22     0     2  -206.0   52.632 -140.221    250.9    998.7
     1     1    19     5    23    21     0     3  -207.0   52.720 -140.808    260.4    997.4
     1     1    19     5    23    20     0     2  -208.0   52.788 -141.425    269.4    996.1
     1     1    19     5    23    19     0     1  -209.0   52.837 -142.070    281.3    994.3
     1     1    19     5    23    18     0     0  -210.0   52.863 -142.736    295.5    991.8
     1     1    19     5    23    17     0     1  -211.0   52.862 -143.415    309.5    989.3
     1     1    19     5    23    16     0     2  -212.0   52.829 -144.104    322.5    987.0
     1     1    19     5    23    15     0     3  -213.0   52.763 -144.807    331.2    984.9
     1     1    19     5    23    14     0     2  -214.0   52.659 -145.535    336.7    984.3
     1     1    19     5    23    13     0     1  -215.0   52.514 -146.296    344.8    982.9
     1     1    19     5    23    12     0     0  -216.0   52.336 -147.084    353.0    981.2
     1     1    19     5    23    11     0     1  -217.0   52.117 -147.869    357.1    980.0
     1     1    19     5    23    10     0     2  -218.0   51.857 -148.633    358.3    979.3
     1     1    19     5    23     9     0     3  -219.0   51.572 -149.389    359.3    978.5
     1     1    19     5    23     8     0     2  -220.0   51.279 -150.137    363.2    977.6
     1     1    19     5    23     7     0     1  -221.0   50.992 -150.881    381.5    975.9
     1     1    19     5    23     6     0     0  -222.0   50.719 -151.629    410.7    970.8
     1     1    19     5    23     5     0     1  -223.0   50.452 -152.401    436.6    966.6
     1     1    19     5    23     4     0     2  -224.0   50.190 -153.209    458.0    962.8
     1     1    19     5    23     3     0     3  -225.0   49.945 -154.050    478.4    959.1
     1     1    19     5    23     2     0     2  -226.0   49.711 -154.919    504.6    955.0
     1     1    19     5    23     1     0     1  -227.0   49.487 -155.797    533.3    951.0
     1     1    19     5    23     0     0     0  -228.0   49.290 -156.666    568.7    946.3
     1     1    19     5    22    23     0     1  -229.0   49.125 -157.516    602.1    941.5
     1     1    19     5    22    22     0     2  -230.0   49.002 -158.355    630.6    937.5
     1     1    19     5    22    21     0     3  -231.0   48.930 -159.177    652.9    934.0
     1     1    19     5    22    20     0     2  -232.0   48.912 -159.954    671.1    930.9
     1     1    19     5    22    19     0     1  -233.0   48.952 -160.674    683.5    928.6
     1     1    19     5    22    18     0     0  -234.0   49.052 -161.332    688.4    927.0
     1     1    19     5    22    17     0     1  -235.0   49.222 -161.929    698.3    926.3
     1     1    19     5    22    16     0     2  -236.0   49.465 -162.457    720.2    922.4
     1     1    19     5    22    15     0     3  -237.0   49.780 -162.907    749.5    918.3
     1     1    19     5    22    14     0     2  -238.0   50.155 -163.263    778.0    913.6
     1     1    19     5    22    13     0     1  -239.0   50.579 -163.508    787.7    911.3
     1     1    19     5    22    12     0     0  -240.0   51.051 -163.632    772.2    912.7
