     7     1
    GDAS    18    12     1     0     0
    GDAS    19     1     1     0     0
    GDAS    19     2     1     0     0
    GDAS    19     3     1     0     0
    GDAS    19     4     1     0     0
    GDAS    19     5     1     0     0
    GDAS    19     6     1     0     0
     1 BACKWARD OMEGA   
    19     5    14    18   21.319 -157.670    10.0
     1 PRESSURE
     1     1    19     5    14    18     0     0     0.0   21.319 -157.670     10.0   1015.7
     1     1    19     5    14    17     0     1    -1.0   21.420 -157.540     11.3   1014.9
     1     1    19     5    14    16     0     2    -2.0   21.510 -157.400     12.5   1014.2
     1     1    19     5    14    15     0     3    -3.0   21.588 -157.249     13.6   1013.7
     1     1    19     5    14    14     0     2    -4.0   21.659 -157.091     14.8   1013.6
     1     1    19     5    14    13     0     1    -5.0   21.728 -156.929     16.3   1013.9
     1     1    19     5    14    12     0     0    -6.0   21.794 -156.761     17.3   1014.6
     1     1    19     5    14    11     0     1    -7.0   21.863 -156.583     17.4   1015.0
     1     1    19     5    14    10     0     2    -8.0   21.940 -156.396     16.8   1015.3
     1     1    19     5    14     9     0     3    -9.0   22.027 -156.205     16.2   1015.3
     1     1    19     5    14     8     0     2   -10.0   22.115 -156.020     16.1   1015.5
     1     1    19     5    14     7     0     1   -11.0   22.200 -155.847     16.1   1015.7
     1     1    19     5    14     6     0     0   -12.0   22.284 -155.686     16.0   1015.9
     1     1    19     5    14     5     0     1   -13.0   22.366 -155.535     15.9   1015.6
     1     1    19     5    14     4     0     2   -14.0   22.441 -155.393     15.9   1015.3
     1     1    19     5    14     3     0     3   -15.0   22.508 -155.259     15.9   1015.0
     1     1    19     5    14     2     0     2   -16.0   22.571 -155.131     15.9   1015.1
     1     1    19     5    14     1     0     1   -17.0   22.637 -155.007     15.9   1015.2
     1     1    19     5    14     0     0     0   -18.0   22.701 -154.886     15.9   1015.4
     1     1    19     5    13    23     0     1   -19.0   22.754 -154.768     15.7   1015.2
     1     1    19     5    13    22     0     2   -20.0   22.791 -154.652     15.1   1015.1
     1     1    19     5    13    21     0     3   -21.0   22.813 -154.537     14.3   1015.1
     1     1    19     5    13    20     0     2   -22.0   22.832 -154.420     13.6   1015.3
     1     1    19     5    13    19     0     1   -23.0   22.861 -154.298     13.3   1015.5
     1     1    19     5    13    18     0     0   -24.0   22.904 -154.169     13.1   1015.6
     1     1    19     5    13    17     0     1   -25.0   22.960 -154.038     12.9   1015.4
     1     1    19     5    13    16     0     2   -26.0   23.021 -153.918     12.1   1015.3
     1     1    19     5    13    15     0     3   -27.0   23.078 -153.813     10.7   1015.3
     1     1    19     5    13    14     0     2   -28.0   23.125 -153.722      9.1   1015.6
     1     1    19     5    13    13     0     1   -29.0   23.159 -153.638      7.1   1015.6
     1     1    19     5    13    12     0     0   -30.0   23.179 -153.559      4.7   1015.7
     1     1    19     5    13    11     0     1   -31.0   23.188 -153.479      2.5   1015.8
     1     1    19     5    13    10     0     2   -32.0   23.189 -153.393      0.8   1015.9
     1     1    19     5    13     9     0     3   -33.0   23.185 -153.301      0.0   1015.9
     1     1    19     5    13     8     0     2   -34.0   23.176 -153.205      0.0   1015.7
     1     1    19     5    13     7     0     1   -35.0   23.165 -153.105      0.0   1015.5
     1     1    19     5    13     6     0     0   -36.0   23.156 -153.003      0.0   1015.3
     1     1    19     5    13     5     0     1   -37.0   23.151 -152.898      0.0   1015.1
     1     1    19     5    13     4     0     2   -38.0   23.149 -152.792      0.0   1014.9
     1     1    19     5    13     3     0     3   -39.0   23.151 -152.687      0.0   1014.7
     1     1    19     5    13     2     0     2   -40.0   23.154 -152.584      0.0   1014.7
     1     1    19     5    13     1     0     1   -41.0   23.156 -152.484      0.0   1014.7
     1     1    19     5    13     0     0     0   -42.0   23.156 -152.387      0.0   1014.7
     1     1    19     5    12    23     0     1   -43.0   23.149 -152.286      0.0   1015.8
     1     1    19     5    12    22     0     2   -44.0   23.128 -152.177      0.0   1016.9
     1     1    19     5    12    21     0     3   -45.0   23.092 -152.057      0.0   1018.0
     1     1    19     5    12    20     0     2   -46.0   23.048 -151.926      0.1   1018.0
     1     1    19     5    12    19     0     1   -47.0   23.001 -151.786      0.1   1018.0
     1     1    19     5    12    18     0     0   -48.0   22.951 -151.640      0.1   1017.9
     1     1    19     5    12    17     0     1   -49.0   22.903 -151.499      0.1   1017.7
     1     1    19     5    12    16     0     2   -50.0   22.860 -151.371      0.1   1017.5
     1     1    19     5    12    15     0     3   -51.0   22.821 -151.251      0.1   1017.4
     1     1    19     5    12    14     0     2   -52.0   22.782 -151.132      0.0   1017.2
     1     1    19     5    12    13     0     1   -53.0   22.740 -151.007      0.0   1016.8
     1     1    19     5    12    12     0     0   -54.0   22.696 -150.874      0.0   1016.3
     1     1    19     5    12    11     0     1   -55.0   22.655 -150.735      0.0   1016.4
     1     1    19     5    12    10     0     2   -56.0   22.623 -150.591      0.0   1016.7
     1     1    19     5    12     9     0     3   -57.0   22.600 -150.442      0.0   1017.0
     1     1    19     5    12     8     0     2   -58.0   22.586 -150.295      0.0   1016.9
     1     1    19     5    12     7     0     1   -59.0   22.583 -150.154      0.0   1016.9
     1     1    19     5    12     6     0     0   -60.0   22.598 -150.021      0.0   1016.9
     1     1    19     5    12     5     0     1   -61.0   22.621 -149.897      0.0   1016.6
     1     1    19     5    12     4     0     2   -62.0   22.639 -149.783      0.0   1016.3
     1     1    19     5    12     3     0     3   -63.0   22.651 -149.679      0.0   1016.0
     1     1    19     5    12     2     0     2   -64.0   22.654 -149.585      0.0   1016.0
     1     1    19     5    12     1     0     1   -65.0   22.646 -149.500      0.0   1016.0
     1     1    19     5    12     0     0     0   -66.0   22.628 -149.424      0.0   1015.9
     1     1    19     5    11    23     0     1   -67.0   22.597 -149.352      0.0   1015.8
     1     1    19     5    11    22     0     2   -68.0   22.553 -149.279      0.0   1015.7
     1     1    19     5    11    21     0     3   -69.0   22.495 -149.205      0.0   1015.6
     1     1    19     5    11    20     0     2   -70.0   22.426 -149.129      0.0   1015.6
     1     1    19     5    11    19     0     1   -71.0   22.350 -149.046      0.1   1015.5
     1     1    19     5    11    18     0     0   -72.0   22.265 -148.956      0.1   1015.5
     1     1    19     5    11    17     0     1   -73.0   22.173 -148.860      0.0   1015.4
     1     1    19     5    11    16     0     2   -74.0   22.079 -148.762      0.0   1015.3
     1     1    19     5    11    15     0     3   -75.0   21.983 -148.663      0.0   1015.1
     1     1    19     5    11    14     0     2   -76.0   21.892 -148.561      0.0   1015.1
     1     1    19     5    11    13     0     1   -77.0   21.810 -148.455      0.0   1015.2
     1     1    19     5    11    12     0     0   -78.0   21.733 -148.349      0.0   1015.2
     1     1    19     5    11    11     0     1   -79.0   21.655 -148.243      0.0   1015.2
     1     1    19     5    11    10     0     2   -80.0   21.572 -148.136      0.0   1015.3
     1     1    19     5    11     9     0     3   -81.0   21.483 -148.027      0.0   1015.4
     1     1    19     5    11     8     0     2   -82.0   21.397 -147.911      0.0   1015.5
     1     1    19     5    11     7     0     1   -83.0   21.320 -147.782      0.0   1015.6
     1     1    19     5    11     6     0     0   -84.0   21.253 -147.644      0.0   1015.8
     1     1    19     5    11     5     0     1   -85.0   21.194 -147.503      0.1   1015.4
     1     1    19     5    11     4     0     2   -86.0   21.139 -147.365      0.4   1015.4
     1     1    19     5    11     3     0     3   -87.0   21.088 -147.230      1.0   1015.5
     1     1    19     5    11     2     0     2   -88.0   21.037 -147.097      1.8   1015.2
     1     1    19     5    11     1     0     1   -89.0   20.983 -146.963      2.3   1014.5
     1     1    19     5    11     0     0     0   -90.0   20.933 -146.831      2.5   1013.6
     1     1    19     5    10    23     0     1   -91.0   20.884 -146.701      2.5   1013.9
     1     1    19     5    10    22     0     2   -92.0   20.834 -146.575      2.5   1014.2
     1     1    19     5    10    21     0     3   -93.0   20.779 -146.448      2.5   1014.5
     1     1    19     5    10    20     0     2   -94.0   20.720 -146.319      2.6   1014.8
     1     1    19     5    10    19     0     1   -95.0   20.658 -146.186      3.1   1015.2
     1     1    19     5    10    18     0     0   -96.0   20.594 -146.049      4.0   1015.6
     1     1    19     5    10    17     0     1   -97.0   20.532 -145.911      5.1   1014.9
     1     1    19     5    10    16     0     2   -98.0   20.473 -145.773      6.0   1014.1
     1     1    19     5    10    15     0     3   -99.0   20.416 -145.635      6.8   1013.4
     1     1    19     5    10    14     0     2  -100.0   20.362 -145.496      7.4   1013.7
     1     1    19     5    10    13     0     1  -101.0   20.312 -145.356      7.6   1014.1
     1     1    19     5    10    12     0     0  -102.0   20.269 -145.217      7.5   1014.4
     1     1    19     5    10    11     0     1  -103.0   20.235 -145.077      7.3   1014.8
     1     1    19     5    10    10     0     2  -104.0   20.211 -144.937      7.2   1015.2
     1     1    19     5    10     9     0     3  -105.0   20.198 -144.799      7.1   1015.6
     1     1    19     5    10     8     0     2  -106.0   20.192 -144.662      7.1   1015.9
     1     1    19     5    10     7     0     1  -107.0   20.189 -144.526      7.1   1016.1
     1     1    19     5    10     6     0     0  -108.0   20.189 -144.390      7.1   1016.3
     1     1    19     5    10     5     0     1  -109.0   20.190 -144.258      7.1   1015.3
     1     1    19     5    10     4     0     2  -110.0   20.191 -144.133      7.1   1014.4
     1     1    19     5    10     3     0     3  -111.0   20.192 -144.016      7.1   1013.6
     1     1    19     5    10     2     0     2  -112.0   20.192 -143.902      7.1   1013.6
     1     1    19     5    10     1     0     1  -113.0   20.188 -143.788      7.0   1013.6
     1     1    19     5    10     0     0     0  -114.0   20.180 -143.673      6.9   1013.7
     1     1    19     5     9    23     0     1  -115.0   20.168 -143.554      6.9   1014.7
     1     1    19     5     9    22     0     2  -116.0   20.155 -143.430      6.8   1015.7
     1     1    19     5     9    21     0     3  -117.0   20.141 -143.299      6.8   1016.7
     1     1    19     5     9    20     0     2  -118.0   20.130 -143.166      6.8   1016.9
     1     1    19     5     9    19     0     1  -119.0   20.124 -143.037      6.8   1017.0
     1     1    19     5     9    18     0     0  -120.0   20.121 -142.912      6.8   1017.2
     1     1    19     5     9    17     0     1  -121.0   20.117 -142.788      6.8   1017.0
     1     1    19     5     9    16     0     2  -122.0   20.106 -142.662      6.8   1016.9
     1     1    19     5     9    15     0     3  -123.0   20.084 -142.533      6.8   1016.8
     1     1    19     5     9    14     0     2  -124.0   20.058 -142.402      6.8   1016.8
     1     1    19     5     9    13     0     1  -125.0   20.032 -142.267      6.8   1016.8
     1     1    19     5     9    12     0     0  -126.0   20.008 -142.127      6.8   1016.8
     1     1    19     5     9    11     0     1  -127.0   19.989 -141.978      6.8   1016.8
     1     1    19     5     9    10     0     2  -128.0   19.977 -141.822      6.8   1016.9
     1     1    19     5     9     9     0     3  -129.0   19.974 -141.662      6.8   1017.0
     1     1    19     5     9     8     0     2  -130.0   19.978 -141.501      6.8   1017.1
     1     1    19     5     9     7     0     1  -131.0   19.990 -141.343      6.8   1017.1
     1     1    19     5     9     6     0     0  -132.0   20.012 -141.189      6.8   1017.2
     1     1    19     5     9     5     0     1  -133.0   20.037 -141.043      6.8   1017.1
     1     1    19     5     9     4     0     2  -134.0   20.053 -140.908      6.8   1017.0
     1     1    19     5     9     3     0     3  -135.0   20.057 -140.784      6.8   1016.8
     1     1    19     5     9     2     0     2  -136.0   20.051 -140.665      6.8   1017.0
     1     1    19     5     9     1     0     1  -137.0   20.037 -140.541      6.8   1017.1
     1     1    19     5     9     0     0     0  -138.0   20.014 -140.412      6.8   1017.3
     1     1    19     5     8    23     0     1  -139.0   19.986 -140.278      6.8   1017.3
     1     1    19     5     8    22     0     2  -140.0   19.957 -140.137      6.8   1017.3
     1     1    19     5     8    21     0     3  -141.0   19.929 -139.991      6.8   1017.4
     1     1    19     5     8    20     0     2  -142.0   19.901 -139.841      6.8   1017.4
     1     1    19     5     8    19     0     1  -143.0   19.869 -139.684      6.8   1017.4
     1     1    19     5     8    18     0     0  -144.0   19.835 -139.523      6.8   1017.5
     1     1    19     5     8    17     0     1  -145.0   19.798 -139.359      6.8   1016.3
     1     1    19     5     8    16     0     2  -146.0   19.758 -139.198      6.8   1015.1
     1     1    19     5     8    15     0     3  -147.0   19.718 -139.041      6.8   1013.9
     1     1    19     5     8    14     0     2  -148.0   19.675 -138.883      6.8   1014.1
     1     1    19     5     8    13     0     1  -149.0   19.627 -138.718      6.8   1014.2
     1     1    19     5     8    12     0     0  -150.0   19.574 -138.545      6.8   1014.0
     1     1    19     5     8    11     0     1  -151.0   19.517 -138.368      6.8   1015.0
     1     1    19     5     8    10     0     2  -152.0   19.456 -138.192      6.8   1016.1
     1     1    19     5     8     9     0     3  -153.0   19.393 -138.019      6.8   1017.5
     1     1    19     5     8     8     0     2  -154.0   19.328 -137.839      6.8   1016.9
     1     1    19     5     8     7     0     1  -155.0   19.267 -137.645      6.8   1016.5
     1     1    19     5     8     6     0     0  -156.0   19.213 -137.441      6.8   1016.5
     1     1    19     5     8     5     0     1  -157.0   19.165 -137.238      6.8   1015.8
     1     1    19     5     8     4     0     2  -158.0   19.120 -137.043      6.8   1014.8
     1     1    19     5     8     3     0     3  -159.0   19.074 -136.858      6.8   1013.5
     1     1    19     5     8     2     0     2  -160.0   19.016 -136.674      6.8   1013.5
     1     1    19     5     8     1     0     1  -161.0   18.937 -136.480      6.8   1013.6
     1     1    19     5     8     0     0     0  -162.0   18.837 -136.270      6.8   1013.7
     1     1    19     5     7    23     0     1  -163.0   18.727 -136.030      6.8   1013.5
     1     1    19     5     7    22     0     2  -164.0   18.625 -135.757      6.8   1013.3
     1     1    19     5     7    21     0     3  -165.0   18.540 -135.472      6.8   1013.1
     1     1    19     5     7    20     0     2  -166.0   18.476 -135.186      6.8   1013.2
     1     1    19     5     7    19     0     1  -167.0   18.431 -134.900      6.5   1013.3
     1     1    19     5     7    18     0     0  -168.0   18.404 -134.609      6.3   1013.5
     1     1    19     5     7    17     0     1  -169.0   18.399 -134.316      6.1   1013.2
     1     1    19     5     7    16     0     2  -170.0   18.420 -134.027      6.0   1013.0
     1     1    19     5     7    15     0     3  -171.0   18.464 -133.743      6.0   1012.8
     1     1    19     5     7    14     0     2  -172.0   18.524 -133.465      6.0   1012.8
     1     1    19     5     7    13     0     1  -173.0   18.591 -133.199      6.0   1012.9
     1     1    19     5     7    12     0     0  -174.0   18.663 -132.949      6.0   1013.0
     1     1    19     5     7    11     0     1  -175.0   18.733 -132.713      6.0   1013.0
     1     1    19     5     7    10     0     2  -176.0   18.792 -132.489      6.0   1013.0
     1     1    19     5     7     9     0     3  -177.0   18.841 -132.275      6.0   1013.1
     1     1    19     5     7     8     0     2  -178.0   18.884 -132.071      6.0   1013.2
     1     1    19     5     7     7     0     1  -179.0   18.925 -131.873      6.0   1013.4
     1     1    19     5     7     6     0     0  -180.0   18.966 -131.678      6.0   1013.5
     1     1    19     5     7     5     0     1  -181.0   19.008 -131.486      6.0   1013.3
     1     1    19     5     7     4     0     2  -182.0   19.052 -131.299      6.0   1013.1
     1     1    19     5     7     3     0     3  -183.0   19.097 -131.118      6.0   1013.0
     1     1    19     5     7     2     0     2  -184.0   19.137 -130.937      6.0   1013.2
     1     1    19     5     7     1     0     1  -185.0   19.166 -130.749      6.0   1013.5
     1     1    19     5     7     0     0     0  -186.0   19.186 -130.554      6.0   1013.7
     1     1    19     5     6    23     0     1  -187.0   19.197 -130.353      6.0   1013.9
     1     1    19     5     6    22     0     2  -188.0   19.200 -130.150      6.0   1014.0
     1     1    19     5     6    21     0     3  -189.0   19.196 -129.944      6.0   1014.1
     1     1    19     5     6    20     0     2  -190.0   19.189 -129.739      6.0   1014.3
     1     1    19     5     6    19     0     1  -191.0   19.181 -129.535      6.0   1014.5
     1     1    19     5     6    18     0     0  -192.0   19.174 -129.333      6.0   1014.7
     1     1    19     5     6    17     0     1  -193.0   19.168 -129.128      6.0   1013.6
     1     1    19     5     6    16     0     2  -194.0   19.162 -128.916      6.0   1012.4
     1     1    19     5     6    15     0     3  -195.0   19.154 -128.696      6.0   1011.3
     1     1    19     5     6    14     0     2  -196.0   19.148 -128.472      6.0   1011.4
     1     1    19     5     6    13     0     1  -197.0   19.144 -128.246      6.0   1011.6
     1     1    19     5     6    12     0     0  -198.0   19.143 -128.017      6.0   1011.7
     1     1    19     5     6    11     0     1  -199.0   19.141 -127.785      6.0   1011.6
     1     1    19     5     6    10     0     2  -200.0   19.137 -127.552      6.0   1011.6
     1     1    19     5     6     9     0     3  -201.0   19.129 -127.318      6.0   1011.5
     1     1    19     5     6     8     0     2  -202.0   19.126 -127.080      6.0   1011.7
     1     1    19     5     6     7     0     1  -203.0   19.135 -126.834      6.0   1012.0
     1     1    19     5     6     6     0     0  -204.0   19.156 -126.579      6.0   1012.2
     1     1    19     5     6     5     0     1  -205.0   19.192 -126.319      6.0   1012.0
     1     1    19     5     6     4     0     2  -206.0   19.245 -126.057      6.0   1011.8
     1     1    19     5     6     3     0     3  -207.0   19.314 -125.794      6.0   1011.6
     1     1    19     5     6     2     0     2  -208.0   19.399 -125.533      6.0   1012.0
     1     1    19     5     6     1     0     1  -209.0   19.503 -125.277      6.0   1012.4
     1     1    19     5     6     0     0     0  -210.0   19.628 -125.025      6.0   1012.9
     1     1    19     5     5    23     0     1  -211.0   19.764 -124.785      6.0   1012.8
     1     1    19     5     5    22     0     2  -212.0   19.905 -124.560      6.0   1012.8
     1     1    19     5     5    21     0     3  -213.0   20.049 -124.351      6.0   1012.7
     1     1    19     5     5    20     0     2  -214.0   20.197 -124.155      5.8   1013.2
     1     1    19     5     5    19     0     1  -215.0   20.350 -123.975      5.2   1013.6
     1     1    19     5     5    18     0     0  -216.0   20.506 -123.810      4.4   1014.0
     1     1    19     5     5    17     0     1  -217.0   20.665 -123.660      3.9   1014.1
     1     1    19     5     5    16     0     2  -218.0   20.828 -123.523      3.8   1014.2
     1     1    19     5     5    15     0     3  -219.0   20.993 -123.401      3.7   1014.2
     1     1    19     5     5    14     0     2  -220.0   21.155 -123.292      3.7   1013.4
     1     1    19     5     5    13     0     1  -221.0   21.306 -123.197      3.7   1013.0
     1     1    19     5     5    12     0     0  -222.0   21.448 -123.113      3.7   1012.9
     1     1    19     5     5    11     0     1  -223.0   21.585 -123.035      3.7   1013.9
     1     1    19     5     5    10     0     2  -224.0   21.722 -122.957      3.7   1014.5
     1     1    19     5     5     9     0     3  -225.0   21.859 -122.880      3.7   1014.9
     1     1    19     5     5     8     0     2  -226.0   21.993 -122.805      3.7   1015.2
     1     1    19     5     5     7     0     1  -227.0   22.124 -122.732      3.7   1015.5
     1     1    19     5     5     6     0     0  -228.0   22.253 -122.661      3.7   1015.8
     1     1    19     5     5     5     0     1  -229.0   22.378 -122.597      3.7   1015.7
     1     1    19     5     5     4     0     2  -230.0   22.496 -122.544      3.7   1015.5
     1     1    19     5     5     3     0     3  -231.0   22.605 -122.501      3.7   1015.3
     1     1    19     5     5     2     0     2  -232.0   22.707 -122.464      3.7   1014.7
     1     1    19     5     5     1     0     1  -233.0   22.804 -122.428      3.7   1014.1
     1     1    19     5     5     0     0     0  -234.0   22.894 -122.390      3.7   1013.4
     1     1    19     5     4    23     0     1  -235.0   22.984 -122.343      3.6   1013.8
     1     1    19     5     4    22     0     2  -236.0   23.083 -122.278      3.4   1014.2
     1     1    19     5     4    21     0     3  -237.0   23.192 -122.194      2.9   1014.7
     1     1    19     5     4    20     0     2  -238.0   23.314 -122.099      2.3   1014.8
     1     1    19     5     4    19     0     1  -239.0   23.453 -122.000      1.9   1015.0
     1     1    19     5     4    18     0     0  -240.0   23.607 -121.899      1.5   1015.2
