     7     1
    GDAS    19     6     1     0     0
    GDAS    19     7     1     0     0
    GDAS    19     8     1     0     0
    GDAS    19     9     1     0     0
    GDAS    19    10     1     0     0
    GDAS    19    11     1     0     0
    GDAS    19    12     1     0     0
     1 BACKWARD OMEGA   
    19     7    19    18   21.319 -157.670    10.0
     1 PRESSURE
     1     1    19     7    19    18     0     0     0.0   21.319 -157.670     10.0   1013.2
     1     1    19     7    19    17     0     1    -1.0   21.381 -157.433     42.2   1008.7
     1     1    19     7    19    16     0     2    -2.0   21.432 -157.153    137.2    996.0
     1     1    19     7    19    15     0     3    -3.0   21.464 -156.823    248.6    981.0
     1     1    19     7    19    14     0     2    -4.0   21.472 -156.459    323.1    972.3
     1     1    19     7    19    13     0     1    -5.0   21.453 -156.077    345.9    972.7
     1     1    19     7    19    12     0     0    -6.0   21.420 -155.693    339.0    976.3
     1     1    19     7    19    11     0     1    -7.0   21.387 -155.310    327.8    978.7
     1     1    19     7    19    10     0     2    -8.0   21.358 -154.914    321.9    980.3
     1     1    19     7    19     9     0     3    -9.0   21.336 -154.511    326.2    980.5
     1     1    19     7    19     8     0     2   -10.0   21.324 -154.109    338.1    978.6
     1     1    19     7    19     7     0     1   -11.0   21.328 -153.703    349.7    976.4
     1     1    19     7    19     6     0     0   -12.0   21.345 -153.293    356.8    975.4
     1     1    19     7    19     5     0     1   -13.0   21.381 -152.879    361.5    974.9
     1     1    19     7    19     4     0     2   -14.0   21.440 -152.460    372.8    974.2
     1     1    19     7    19     3     0     3   -15.0   21.522 -152.042    403.0    971.5
     1     1    19     7    19     2     0     2   -16.0   21.617 -151.624    436.0    965.7
     1     1    19     7    19     1     0     1   -17.0   21.714 -151.205    443.4    964.2
     1     1    19     7    19     0     0     0   -18.0   21.813 -150.777    423.8    967.0
     1     1    19     7    18    23     0     1   -19.0   21.916 -150.346    412.5    972.2
     1     1    19     7    18    22     0     2   -20.0   22.024 -149.922    441.0    970.3
     1     1    19     7    18    21     0     3   -21.0   22.132 -149.505    498.1    962.8
     1     1    19     7    18    20     0     2   -22.0   22.242 -149.084    552.1    954.9
     1     1    19     7    18    19     0     1   -23.0   22.356 -148.654    582.0    951.1
     1     1    19     7    18    18     0     0   -24.0   22.476 -148.221    590.7    950.7
     1     1    19     7    18    17     0     1   -25.0   22.598 -147.794    600.2    951.3
     1     1    19     7    18    16     0     2   -26.0   22.718 -147.382    628.6    948.7
     1     1    19     7    18    15     0     3   -27.0   22.836 -146.979    680.3    942.8
     1     1    19     7    18    14     0     2   -28.0   22.946 -146.573    720.9    934.2
     1     1    19     7    18    13     0     1   -29.0   23.054 -146.165    722.4    934.7
     1     1    19     7    18    12     0     0   -30.0   23.162 -145.764    705.3    938.2
     1     1    19     7    18    11     0     1   -31.0   23.275 -145.358    694.2    941.2
     1     1    19     7    18    10     0     2   -32.0   23.398 -144.931    709.2    940.8
     1     1    19     7    18     9     0     3   -33.0   23.527 -144.489    735.0    935.9
     1     1    19     7    18     8     0     2   -34.0   23.662 -144.043    738.7    934.4
     1     1    19     7    18     7     0     1   -35.0   23.804 -143.600    722.8    937.3
     1     1    19     7    18     6     0     0   -36.0   23.956 -143.154    698.9    940.1
     1     1    19     7    18     5     0     1   -37.0   24.117 -142.704    680.5    943.3
     1     1    19     7    18     4     0     2   -38.0   24.288 -142.256    671.7    943.1
     1     1    19     7    18     3     0     3   -39.0   24.466 -141.817    664.0    943.7
     1     1    19     7    18     2     0     2   -40.0   24.646 -141.388    664.9    944.6
     1     1    19     7    18     1     0     1   -41.0   24.825 -140.971    671.6    942.6
     1     1    19     7    18     0     0     0   -42.0   24.998 -140.565    664.2    942.5
     1     1    19     7    17    23     0     1   -43.0   25.169 -140.165    647.5    946.5
     1     1    19     7    17    22     0     2   -44.0   25.340 -139.769    638.3    948.3
     1     1    19     7    17    21     0     3   -45.0   25.507 -139.374    642.6    948.7
     1     1    19     7    17    20     0     2   -46.0   25.664 -138.976    655.3    946.3
     1     1    19     7    17    19     0     1   -47.0   25.815 -138.580    663.2    945.1
     1     1    19     7    17    18     0     0   -48.0   25.965 -138.190    664.9    945.4
     1     1    19     7    17    17     0     1   -49.0   26.113 -137.805    668.2    945.4
     1     1    19     7    17    16     0     2   -50.0   26.249 -137.423    673.4    944.0
     1     1    19     7    17    15     0     3   -51.0   26.380 -137.042    665.5    943.5
     1     1    19     7    17    14     0     2   -52.0   26.511 -136.661    652.0    946.7
     1     1    19     7    17    13     0     1   -53.0   26.639 -136.281    651.3    946.8
     1     1    19     7    17    12     0     0   -54.0   26.759 -135.906    662.6    945.0
     1     1    19     7    17    11     0     1   -55.0   26.879 -135.534    673.2    942.8
     1     1    19     7    17    10     0     2   -56.0   27.012 -135.162    674.4    943.2
     1     1    19     7    17     9     0     3   -57.0   27.156 -134.791    674.2    944.2
     1     1    19     7    17     8     0     2   -58.0   27.314 -134.426    677.5    943.8
     1     1    19     7    17     7     0     1   -59.0   27.487 -134.070    684.2    943.3
     1     1    19     7    17     6     0     0   -60.0   27.673 -133.728    695.9    942.1
     1     1    19     7    17     5     0     1   -61.0   27.872 -133.409    712.2    940.0
     1     1    19     7    17     4     0     2   -62.0   28.081 -133.119    732.9    937.5
     1     1    19     7    17     3     0     3   -63.0   28.296 -132.858    759.7    934.5
     1     1    19     7    17     2     0     2   -64.0   28.509 -132.626    789.0    930.8
     1     1    19     7    17     1     0     1   -65.0   28.718 -132.418    817.1    928.0
     1     1    19     7    17     0     0     0   -66.0   28.926 -132.230    845.7    925.2
     1     1    19     7    16    23     0     1   -67.0   29.127 -132.064    875.6    922.6
     1     1    19     7    16    22     0     2   -68.0   29.312 -131.923    906.3    919.5
     1     1    19     7    16    21     0     3   -69.0   29.487 -131.802    934.6    916.5
     1     1    19     7    16    20     0     2   -70.0   29.652 -131.695    960.3    914.0
     1     1    19     7    16    19     0     1   -71.0   29.810 -131.598    986.4    911.4
     1     1    19     7    16    18     0     0   -72.0   29.956 -131.514   1016.3    908.5
     1     1    19     7    16    17     0     1   -73.0   30.095 -131.438   1045.8    904.4
     1     1    19     7    16    16     0     2   -74.0   30.234 -131.366   1069.2    901.7
     1     1    19     7    16    15     0     3   -75.0   30.373 -131.296   1088.3    899.5
     1     1    19     7    16    14     0     2   -76.0   30.510 -131.231   1103.4    897.7
     1     1    19     7    16    13     0     1   -77.0   30.645 -131.170   1113.0    896.7
     1     1    19     7    16    12     0     0   -78.0   30.780 -131.116   1116.9    896.2
     1     1    19     7    16    11     0     1   -79.0   30.916 -131.065   1119.7    896.6
     1     1    19     7    16    10     0     2   -80.0   31.049 -131.012   1124.9    896.0
     1     1    19     7    16     9     0     3   -81.0   31.177 -130.957   1130.5    895.5
     1     1    19     7    16     8     0     2   -82.0   31.310 -130.898   1141.7    895.3
     1     1    19     7    16     7     0     1   -83.0   31.456 -130.841   1163.5    893.5
     1     1    19     7    16     6     0     0   -84.0   31.613 -130.792   1195.9    890.4
     1     1    19     7    16     5     0     1   -85.0   31.775 -130.759   1228.2    885.5
     1     1    19     7    16     4     0     2   -86.0   31.941 -130.750   1252.0    883.0
     1     1    19     7    16     3     0     3   -87.0   32.112 -130.764   1269.5    880.9
     1     1    19     7    16     2     0     2   -88.0   32.274 -130.795   1282.5    879.7
     1     1    19     7    16     1     0     1   -89.0   32.411 -130.838   1295.4    878.6
     1     1    19     7    16     0     0     0   -90.0   32.525 -130.894   1311.7    877.1
     1     1    19     7    15    23     0     1   -91.0   32.619 -130.955   1328.1    875.2
     1     1    19     7    15    22     0     2   -92.0   32.698 -131.018   1339.3    874.1
     1     1    19     7    15    21     0     3   -93.0   32.763 -131.078   1344.3    873.9
     1     1    19     7    15    20     0     2   -94.0   32.816 -131.135   1354.2    874.0
     1     1    19     7    15    19     0     1   -95.0   32.860 -131.190   1380.4    871.5
     1     1    19     7    15    18     0     0   -96.0   32.894 -131.246   1423.0    867.2
     1     1    19     7    15    17     0     1   -97.0   32.920 -131.304   1469.5    861.2
     1     1    19     7    15    16     0     2   -98.0   32.943 -131.363   1508.0    857.1
     1     1    19     7    15    15     0     3   -99.0   32.962 -131.423   1539.6    853.8
     1     1    19     7    15    14     0     2  -100.0   32.972 -131.485   1560.2    850.9
     1     1    19     7    15    13     0     1  -101.0   32.969 -131.550   1564.9    850.2
     1     1    19     7    15    12     0     0  -102.0   32.955 -131.615   1555.2    851.1
     1     1    19     7    15    11     0     1  -103.0   32.932 -131.668   1550.4    853.6
     1     1    19     7    15    10     0     2  -104.0   32.899 -131.696   1566.3    852.1
     1     1    19     7    15     9     0     3  -105.0   32.856 -131.700   1601.2    848.7
     1     1    19     7    15     8     0     2  -106.0   32.813 -131.690   1641.5    843.3
     1     1    19     7    15     7     0     1  -107.0   32.781 -131.674   1675.5    840.0
     1     1    19     7    15     6     0     0  -108.0   32.759 -131.653   1703.6    837.2
     1     1    19     7    15     5     0     1  -109.0   32.741 -131.631   1722.8    834.7
     1     1    19     7    15     4     0     2  -110.0   32.720 -131.615   1729.1    833.8
     1     1    19     7    15     3     0     3  -111.0   32.700 -131.604   1723.0    834.1
     1     1    19     7    15     2     0     2  -112.0   32.676 -131.596   1709.6    835.8
     1     1    19     7    15     1     0     1  -113.0   32.645 -131.592   1694.0    837.2
     1     1    19     7    15     0     0     0  -114.0   32.607 -131.592   1676.8    838.8
     1     1    19     7    14    23     0     1  -115.0   32.564 -131.590   1667.9    840.9
     1     1    19     7    14    22     0     2  -116.0   32.515 -131.582   1677.7    840.2
     1     1    19     7    14    21     0     3  -117.0   32.459 -131.569   1706.0    837.6
     1     1    19     7    14    20     0     2  -118.0   32.396 -131.549   1732.2    832.9
     1     1    19     7    14    19     0     1  -119.0   32.326 -131.521   1735.5    832.5
     1     1    19     7    14    18     0     0  -120.0   32.252 -131.482   1715.0    834.4
     1     1    19     7    14    17     0     1  -121.0   32.176 -131.427   1683.2    838.5
     1     1    19     7    14    16     0     2  -122.0   32.100 -131.351   1652.7    841.3
     1     1    19     7    14    15     0     3  -123.0   32.025 -131.254   1622.7    844.0
     1     1    19     7    14    14     0     2  -124.0   31.954 -131.137   1602.3    846.5
     1     1    19     7    14    13     0     1  -125.0   31.890 -131.004   1602.6    846.1
     1     1    19     7    14    12     0     0  -126.0   31.834 -130.860   1622.5    843.3
     1     1    19     7    14    11     0     1  -127.0   31.786 -130.708   1635.0    839.7
     1     1    19     7    14    10     0     2  -128.0   31.752 -130.547   1617.0    841.9
     1     1    19     7    14     9     0     3  -129.0   31.732 -130.372   1571.7    846.8
     1     1    19     7    14     8     0     2  -130.0   31.735 -130.186   1533.0    854.3
     1     1    19     7    14     7     0     1  -131.0   31.763 -129.996   1539.0    854.3
     1     1    19     7    14     6     0     0  -132.0   31.811 -129.808   1584.3    848.8
     1     1    19     7    14     5     0     1  -133.0   31.877 -129.631   1633.7    840.8
     1     1    19     7    14     4     0     2  -134.0   31.964 -129.471   1669.5    837.5
     1     1    19     7    14     3     0     3  -135.0   32.073 -129.330   1701.3    834.4
     1     1    19     7    14     2     0     2  -136.0   32.188 -129.209   1714.2    831.3
     1     1    19     7    14     1     0     1  -137.0   32.298 -129.105   1693.2    833.4
     1     1    19     7    14     0     0     0  -138.0   32.405 -129.015   1642.6    838.6
     1     1    19     7    13    23     0     1  -139.0   32.518 -128.930   1595.7    846.6
     1     1    19     7    13    22     0     2  -140.0   32.642 -128.847   1578.7    848.1
     1     1    19     7    13    21     0     3  -141.0   32.774 -128.770   1582.6    847.3
     1     1    19     7    13    20     0     2  -142.0   32.912 -128.699   1585.6    845.3
     1     1    19     7    13    19     0     1  -143.0   33.060 -128.634   1572.3    846.9
     1     1    19     7    13    18     0     0  -144.0   33.221 -128.577   1550.0    849.8
     1     1    19     7    13    17     0     1  -145.0   33.391 -128.525   1533.9    852.2
     1     1    19     7    13    16     0     2  -146.0   33.565 -128.480   1530.2    851.9
     1     1    19     7    13    15     0     3  -147.0   33.744 -128.444   1532.2    851.1
     1     1    19     7    13    14     0     2  -148.0   33.934 -128.422   1534.2    850.5
     1     1    19     7    13    13     0     1  -149.0   34.139 -128.417   1536.1    850.3
     1     1    19     7    13    12     0     0  -150.0   34.356 -128.430   1541.0    849.7
     1     1    19     7    13    11     0     1  -151.0   34.577 -128.453   1549.7    848.8
     1     1    19     7    13    10     0     2  -152.0   34.801 -128.488   1567.3    847.7
     1     1    19     7    13     9     0     3  -153.0   35.026 -128.546   1605.6    844.4
     1     1    19     7    13     8     0     2  -154.0   35.245 -128.624   1665.1    838.2
     1     1    19     7    13     7     0     1  -155.0   35.460 -128.726   1736.8    831.1
     1     1    19     7    13     6     0     0  -156.0   35.677 -128.870   1812.8    823.8
     1     1    19     7    13     5     0     1  -157.0   35.889 -129.061   1885.7    816.3
     1     1    19     7    13     4     0     2  -158.0   36.076 -129.284   1955.0    809.4
     1     1    19     7    13     3     0     3  -159.0   36.237 -129.536   2022.3    802.7
     1     1    19     7    13     2     0     2  -160.0   36.371 -129.809   2080.2    796.5
     1     1    19     7    13     1     0     1  -161.0   36.474 -130.098   2123.8    792.6
     1     1    19     7    13     0     0     0  -162.0   36.547 -130.407   2157.3    789.7
     1     1    19     7    12    23     0     1  -163.0   36.594 -130.730   2190.4    787.6
     1     1    19     7    12    22     0     2  -164.0   36.617 -131.064   2227.7    784.0
     1     1    19     7    12    21     0     3  -165.0   36.613 -131.406   2252.4    780.6
     1     1    19     7    12    20     0     2  -166.0   36.589 -131.750   2264.2    780.8
     1     1    19     7    12    19     0     1  -167.0   36.554 -132.098   2283.8    779.8
     1     1    19     7    12    18     0     0  -168.0   36.510 -132.445   2329.6    776.5
     1     1    19     7    12    17     0     1  -169.0   36.450 -132.783   2386.2    768.7
     1     1    19     7    12    16     0     2  -170.0   36.369 -133.106   2413.8    764.6
     1     1    19     7    12    15     0     3  -171.0   36.272 -133.409   2402.5    765.8
     1     1    19     7    12    14     0     2  -172.0   36.172 -133.688   2383.1    769.9
     1     1    19     7    12    13     0     1  -173.0   36.066 -133.955   2375.5    770.0
     1     1    19     7    12    12     0     0  -174.0   35.949 -134.215   2390.0    770.0
     1     1    19     7    12    11     0     1  -175.0   35.824 -134.459   2431.6    765.3
     1     1    19     7    12    10     0     2  -176.0   35.698 -134.673   2471.5    760.2
     1     1    19     7    12     9     0     3  -177.0   35.573 -134.852   2486.4    758.5
     1     1    19     7    12     8     0     2  -178.0   35.456 -135.006   2482.8    760.3
     1     1    19     7    12     7     0     1  -179.0   35.350 -135.149   2472.8    761.4
     1     1    19     7    12     6     0     0  -180.0   35.258 -135.279   2453.1    763.2
     1     1    19     7    12     5     0     1  -181.0   35.180 -135.390   2434.4    765.9
     1     1    19     7    12     4     0     2  -182.0   35.116 -135.484   2434.4    766.2
     1     1    19     7    12     3     0     3  -183.0   35.061 -135.563   2459.7    763.9
     1     1    19     7    12     2     0     2  -184.0   35.004 -135.633   2477.6    759.3
     1     1    19     7    12     1     0     1  -185.0   34.948 -135.704   2458.5    761.3
     1     1    19     7    12     0     0     0  -186.0   34.899 -135.784   2402.0    766.5
     1     1    19     7    11    23     0     1  -187.0   34.862 -135.860   2324.8    775.6
     1     1    19     7    11    22     0     2  -188.0   34.835 -135.927   2248.4    782.9
     1     1    19     7    11    21     0     3  -189.0   34.813 -135.991   2176.7    789.9
     1     1    19     7    11    20     0     2  -190.0   34.798 -136.060   2127.5    796.0
     1     1    19     7    11    19     0     1  -191.0   34.793 -136.139   2107.9    797.2
     1     1    19     7    11    18     0     0  -192.0   34.795 -136.222   2103.8    797.0
     1     1    19     7    11    17     0     1  -193.0   34.807 -136.321   2104.3    796.2
     1     1    19     7    11    16     0     2  -194.0   34.837 -136.447   2109.6    795.8
     1     1    19     7    11    15     0     3  -195.0   34.887 -136.601   2131.9    793.9
     1     1    19     7    11    14     0     2  -196.0   34.943 -136.777   2171.5    789.1
     1     1    19     7    11    13     0     1  -197.0   34.990 -136.963   2218.3    784.2
     1     1    19     7    11    12     0     0  -198.0   35.026 -137.169   2256.5    779.1
     1     1    19     7    11    11     0     1  -199.0   35.056 -137.404   2266.9    777.8
     1     1    19     7    11    10     0     2  -200.0   35.083 -137.664   2259.8    780.4
     1     1    19     7    11     9     0     3  -201.0   35.103 -137.935   2264.8    781.6
     1     1    19     7    11     8     0     2  -202.0   35.120 -138.215   2286.8    778.4
     1     1    19     7    11     7     0     1  -203.0   35.140 -138.505   2322.0    775.6
     1     1    19     7    11     6     0     0  -204.0   35.154 -138.802   2394.5    770.1
     1     1    19     7    11     5     0     1  -205.0   35.165 -139.103   2484.1    758.1
     1     1    19     7    11     4     0     2  -206.0   35.193 -139.406   2543.5    751.7
     1     1    19     7    11     3     0     3  -207.0   35.249 -139.716   2583.4    749.3
     1     1    19     7    11     2     0     2  -208.0   35.322 -140.039   2614.8    745.8
     1     1    19     7    11     1     0     1  -209.0   35.400 -140.376   2631.4    744.4
     1     1    19     7    11     0     0     0  -210.0   35.493 -140.738   2647.0    743.8
     1     1    19     7    10    23     0     1  -211.0   35.601 -141.131   2676.0    741.4
     1     1    19     7    10    22     0     2  -212.0   35.714 -141.545   2712.0    737.4
     1     1    19     7    10    21     0     3  -213.0   35.839 -141.988   2747.9    734.2
     1     1    19     7    10    20     0     2  -214.0   35.970 -142.465   2778.7    730.7
     1     1    19     7    10    19     0     1  -215.0   36.102 -142.965   2809.2    728.5
     1     1    19     7    10    18     0     0  -216.0   36.237 -143.488   2838.6    724.9
     1     1    19     7    10    17     0     1  -217.0   36.370 -144.038   2861.3    723.0
     1     1    19     7    10    16     0     2  -218.0   36.509 -144.600   2874.6    721.1
     1     1    19     7    10    15     0     3  -219.0   36.656 -145.176   2870.1    721.2
     1     1    19     7    10    14     0     2  -220.0   36.802 -145.766   2864.9    723.3
     1     1    19     7    10    13     0     1  -221.0   36.944 -146.362   2877.1    722.0
     1     1    19     7    10    12     0     0  -222.0   37.081 -146.968   2920.6    719.4
     1     1    19     7    10    11     0     1  -223.0   37.201 -147.575   2962.6    711.7
     1     1    19     7    10    10     0     2  -224.0   37.310 -148.171   2959.1    712.6
     1     1    19     7    10     9     0     3  -225.0   37.411 -148.757   2957.5    717.0
     1     1    19     7    10     8     0     2  -226.0   37.513 -149.334   2988.9    713.4
     1     1    19     7    10     7     0     1  -227.0   37.628 -149.910   3045.6    708.5
     1     1    19     7    10     6     0     0  -228.0   37.754 -150.506   3097.0    701.6
     1     1    19     7    10     5     0     1  -229.0   37.881 -151.121   3108.2    700.4
     1     1    19     7    10     4     0     2  -230.0   37.993 -151.743   3107.2    703.1
     1     1    19     7    10     3     0     3  -231.0   38.084 -152.376   3100.7    701.8
     1     1    19     7    10     2     0     2  -232.0   38.153 -153.015   3064.3    704.7
     1     1    19     7    10     1     0     1  -233.0   38.204 -153.643   2995.3    710.9
     1     1    19     7    10     0     0     0  -234.0   38.231 -154.255   2903.2    719.6
     1     1    19     7     9    23     0     1  -235.0   38.235 -154.848   2819.4    729.5
     1     1    19     7     9    22     0     2  -236.0   38.216 -155.422   2774.8    734.2
     1     1    19     7     9    21     0     3  -237.0   38.156 -155.977   2763.1    734.4
     1     1    19     7     9    20     0     2  -238.0   38.069 -156.504   2753.8    733.7
     1     1    19     7     9    19     0     1  -239.0   37.970 -156.999   2729.7    736.4
     1     1    19     7     9    18     0     0  -240.0   37.863 -157.460   2693.4    740.2
