     7     1
    GDAS    19     6     1     0     0
    GDAS    19     7     1     0     0
    GDAS    19     8     1     0     0
    GDAS    19     9     1     0     0
    GDAS    19    10     1     0     0
    GDAS    19    11     1     0     0
    GDAS    19    12     1     0     0
     1 BACKWARD OMEGA   
    19     9     8     6   21.319 -157.670    10.0
     1 PRESSURE
     1     1    19     9     8     6     0     0     0.0   21.319 -157.670     10.0   1012.3
     1     1    19     9     8     5     0     1    -1.0   21.447 -157.316     68.2   1008.5
     1     1    19     9     8     4     0     2    -2.0   21.565 -156.900    246.0    985.5
     1     1    19     9     8     3     0     3    -3.0   21.660 -156.456    380.1    964.4
     1     1    19     9     8     2     0     2    -4.0   21.722 -156.016    410.6    964.6
     1     1    19     9     8     1     0     1    -5.0   21.765 -155.581    393.5    971.3
     1     1    19     9     8     0     0     0    -6.0   21.810 -155.151    362.2    973.7
     1     1    19     9     7    23     0     1    -7.0   21.856 -154.730    329.0    980.1
     1     1    19     9     7    22     0     2    -8.0   21.896 -154.323    307.4    982.2
     1     1    19     9     7    21     0     3    -9.0   21.930 -153.931    284.0    984.6
     1     1    19     9     7    20     0     2   -10.0   21.968 -153.546    266.8    988.4
     1     1    19     9     7    19     0     1   -11.0   22.017 -153.163    256.6    988.2
     1     1    19     9     7    18     0     0   -12.0   22.072 -152.791    241.8    989.6
     1     1    19     9     7    17     0     1   -13.0   22.126 -152.427    229.0    991.4
     1     1    19     9     7    16     0     2   -14.0   22.179 -152.070    216.6    991.5
     1     1    19     9     7    15     0     3   -15.0   22.233 -151.718    201.5    993.3
     1     1    19     9     7    14     0     2   -16.0   22.291 -151.367    193.6    994.9
     1     1    19     9     7    13     0     1   -17.0   22.356 -151.016    196.3    994.3
     1     1    19     9     7    12     0     0   -18.0   22.427 -150.665    203.9    993.0
     1     1    19     9     7    11     0     1   -19.0   22.508 -150.306    211.7    992.6
     1     1    19     9     7    10     0     2   -20.0   22.595 -149.941    218.6    992.5
     1     1    19     9     7     9     0     3   -21.0   22.683 -149.574    222.0    992.4
     1     1    19     9     7     8     0     2   -22.0   22.780 -149.207    218.7    992.6
     1     1    19     9     7     7     0     1   -23.0   22.898 -148.842    213.4    993.5
     1     1    19     9     7     6     0     0   -24.0   23.039 -148.477    216.6    993.8
     1     1    19     9     7     5     0     1   -25.0   23.192 -148.118    231.5    991.8
     1     1    19     9     7     4     0     2   -26.0   23.338 -147.773    248.3    989.3
     1     1    19     9     7     3     0     3   -27.0   23.474 -147.440    258.6    987.9
     1     1    19     9     7     2     0     2   -28.0   23.605 -147.119    262.8    987.6
     1     1    19     9     7     1     0     1   -29.0   23.738 -146.811    262.0    987.4
     1     1    19     9     7     0     0     0   -30.0   23.873 -146.513    260.0    988.0
     1     1    19     9     6    23     0     1   -31.0   24.002 -146.225    262.9    988.5
     1     1    19     9     6    22     0     2   -32.0   24.114 -145.945    269.2    988.1
     1     1    19     9     6    21     0     3   -33.0   24.213 -145.677    276.4    987.7
     1     1    19     9     6    20     0     2   -34.0   24.306 -145.415    288.0    986.5
     1     1    19     9     6    19     0     1   -35.0   24.401 -145.153    306.7    983.8
     1     1    19     9     6    18     0     0   -36.0   24.497 -144.892    326.7    980.9
     1     1    19     9     6    17     0     1   -37.0   24.586 -144.635    339.9    978.7
     1     1    19     9     6    16     0     2   -38.0   24.663 -144.383    348.4    978.0
     1     1    19     9     6    15     0     3   -39.0   24.734 -144.137    362.7    976.7
     1     1    19     9     6    14     0     2   -40.0   24.802 -143.894    381.9    973.5
     1     1    19     9     6    13     0     1   -41.0   24.862 -143.644    392.8    971.3
     1     1    19     9     6    12     0     0   -42.0   24.911 -143.382    387.7    971.3
     1     1    19     9     6    11     0     1   -43.0   24.956 -143.116    371.7    974.0
     1     1    19     9     6    10     0     2   -44.0   25.008 -142.851    359.4    976.7
     1     1    19     9     6     9     0     3   -45.0   25.066 -142.579    360.8    977.2
     1     1    19     9     6     8     0     2   -46.0   25.131 -142.297    370.2    975.1
     1     1    19     9     6     7     0     1   -47.0   25.199 -142.011    373.7    974.1
     1     1    19     9     6     6     0     0   -48.0   25.273 -141.730    369.8    974.9
     1     1    19     9     6     5     0     1   -49.0   25.360 -141.465    368.7    975.5
     1     1    19     9     6     4     0     2   -50.0   25.458 -141.216    375.2    974.2
     1     1    19     9     6     3     0     3   -51.0   25.555 -140.978    384.4    972.7
     1     1    19     9     6     2     0     2   -52.0   25.642 -140.753    395.1    971.7
     1     1    19     9     6     1     0     1   -53.0   25.719 -140.539    408.4    970.2
     1     1    19     9     6     0     0     0   -54.0   25.789 -140.331    426.7    968.4
     1     1    19     9     5    23     0     1   -55.0   25.856 -140.124    448.7    965.9
     1     1    19     9     5    22     0     2   -56.0   25.918 -139.917    471.3    963.8
     1     1    19     9     5    21     0     3   -57.0   25.972 -139.709    485.6    961.6
     1     1    19     9     5    20     0     2   -58.0   26.027 -139.505    492.4    961.9
     1     1    19     9     5    19     0     1   -59.0   26.089 -139.307    498.1    961.1
     1     1    19     9     5    18     0     0   -60.0   26.155 -139.112    498.9    960.9
     1     1    19     9     5    17     0     1   -61.0   26.218 -138.917    495.0    961.2
     1     1    19     9     5    16     0     2   -62.0   26.277 -138.722    494.2    961.6
     1     1    19     9     5    15     0     3   -63.0   26.337 -138.527    503.8    960.3
     1     1    19     9     5    14     0     2   -64.0   26.407 -138.331    518.2    957.7
     1     1    19     9     5    13     0     1   -65.0   26.488 -138.129    533.3    956.2
     1     1    19     9     5    12     0     0   -66.0   26.573 -137.917    552.7    953.9
     1     1    19     9     5    11     0     1   -67.0   26.660 -137.697    559.3    951.7
     1     1    19     9     5    10     0     2   -68.0   26.755 -137.475    539.3    954.4
     1     1    19     9     5     9     0     3   -69.0   26.861 -137.252    505.1    959.4
     1     1    19     9     5     8     0     2   -70.0   26.985 -137.033    480.9    963.9
     1     1    19     9     5     7     0     1   -71.0   27.127 -136.820    477.3    963.9
     1     1    19     9     5     6     0     0   -72.0   27.285 -136.614    488.9    962.4
     1     1    19     9     5     5     0     1   -73.0   27.456 -136.422    505.5    959.2
     1     1    19     9     5     4     0     2   -74.0   27.634 -136.252    513.5    957.7
     1     1    19     9     5     3     0     3   -75.0   27.815 -136.104    502.7    958.0
     1     1    19     9     5     2     0     2   -76.0   27.996 -135.975    489.9    961.8
     1     1    19     9     5     1     0     1   -77.0   28.177 -135.858    496.8    960.8
     1     1    19     9     5     0     0     0   -78.0   28.360 -135.748    520.9    957.6
     1     1    19     9     4    23     0     1   -79.0   28.542 -135.643    544.4    953.8
     1     1    19     9     4    22     0     2   -80.0   28.717 -135.536    551.0    953.6
     1     1    19     9     4    21     0     3   -81.0   28.887 -135.426    540.5    955.3
     1     1    19     9     4    20     0     2   -82.0   29.052 -135.319    524.5    958.6
     1     1    19     9     4    19     0     1   -83.0   29.215 -135.225    519.1    959.9
     1     1    19     9     4    18     0     0   -84.0   29.379 -135.143    530.2    959.0
     1     1    19     9     4    17     0     1   -85.0   29.550 -135.070    555.3    955.7
     1     1    19     9     4    16     0     2   -86.0   29.732 -135.003    583.7    951.7
     1     1    19     9     4    15     0     3   -87.0   29.922 -134.938    599.6    949.0
     1     1    19     9     4    14     0     2   -88.0   30.116 -134.881    603.9    949.1
     1     1    19     9     4    13     0     1   -89.0   30.317 -134.841    608.7    948.5
     1     1    19     9     4    12     0     0   -90.0   30.526 -134.816    614.8    947.3
     1     1    19     9     4    11     0     1   -91.0   30.738 -134.805    624.6    947.4
     1     1    19     9     4    10     0     2   -92.0   30.951 -134.804    642.9    946.2
     1     1    19     9     4     9     0     3   -93.0   31.164 -134.810    675.4    943.7
     1     1    19     9     4     8     0     2   -94.0   31.371 -134.815    715.1    937.7
     1     1    19     9     4     7     0     1   -95.0   31.575 -134.812    742.6    934.0
     1     1    19     9     4     6     0     0   -96.0   31.783 -134.796    744.3    933.1
     1     1    19     9     4     5     0     1   -97.0   32.000 -134.777    730.6    936.2
     1     1    19     9     4     4     0     2   -98.0   32.231 -134.764    720.9    937.3
     1     1    19     9     4     3     0     3   -99.0   32.475 -134.757    717.9    937.3
     1     1    19     9     4     2     0     2  -100.0   32.724 -134.761    727.9    936.9
     1     1    19     9     4     1     0     1  -101.0   32.967 -134.783    754.3    933.6
     1     1    19     9     4     0     0     0  -102.0   33.198 -134.816    792.9    929.4
     1     1    19     9     3    23     0     1  -103.0   33.402 -134.838    827.1    924.4
     1     1    19     9     3    22     0     2  -104.0   33.578 -134.839    839.5    923.1
     1     1    19     9     3    21     0     3  -105.0   33.731 -134.824    827.6    924.3
     1     1    19     9     3    20     0     2  -106.0   33.880 -134.796    803.8    928.4
     1     1    19     9     3    19     0     1  -107.0   34.038 -134.756    785.8    931.1
     1     1    19     9     3    18     0     0  -108.0   34.197 -134.703    782.7    932.0
     1     1    19     9     3    17     0     1  -109.0   34.342 -134.648    780.8    930.0
     1     1    19     9     3    16     0     2  -110.0   34.472 -134.601    757.0    931.6
     1     1    19     9     3    15     0     3  -111.0   34.593 -134.557    700.9    936.8
     1     1    19     9     3    14     0     2  -112.0   34.714 -134.507    633.0    947.4
     1     1    19     9     3    13     0     1  -113.0   34.834 -134.447    578.1    953.1
     1     1    19     9     3    12     0     0  -114.0   34.953 -134.380    537.4    957.4
     1     1    19     9     3    11     0     1  -115.0   35.072 -134.303    500.1    960.7
     1     1    19     9     3    10     0     2  -116.0   35.192 -134.215    459.5    966.2
     1     1    19     9     3     9     0     3  -117.0   35.311 -134.128    425.0    971.1
     1     1    19     9     3     8     0     2  -118.0   35.421 -134.046    396.8    973.6
     1     1    19     9     3     7     0     1  -119.0   35.515 -133.966    370.4    976.4
     1     1    19     9     3     6     0     0  -120.0   35.597 -133.886    342.7    979.2
     1     1    19     9     3     5     0     1  -121.0   35.667 -133.814    317.5    982.6
     1     1    19     9     3     4     0     2  -122.0   35.727 -133.756    301.3    984.6
     1     1    19     9     3     3     0     3  -123.0   35.778 -133.714    294.8    985.2
     1     1    19     9     3     2     0     2  -124.0   35.819 -133.681    295.9    984.7
     1     1    19     9     3     1     0     1  -125.0   35.846 -133.648    301.4    983.8
     1     1    19     9     3     0     0     0  -126.0   35.860 -133.614    309.1    982.6
     1     1    19     9     2    23     0     1  -127.0   35.869 -133.578    313.7    981.8
     1     1    19     9     2    22     0     2  -128.0   35.876 -133.538    311.5    982.3
     1     1    19     9     2    21     0     3  -129.0   35.884 -133.495    303.4    983.5
     1     1    19     9     2    20     0     2  -130.0   35.895 -133.446    297.3    985.3
     1     1    19     9     2    19     0     1  -131.0   35.910 -133.388    300.5    985.1
     1     1    19     9     2    18     0     0  -132.0   35.929 -133.321    312.7    983.8
     1     1    19     9     2    17     0     1  -133.0   35.955 -133.257    328.9    980.6
     1     1    19     9     2    16     0     2  -134.0   35.996 -133.211    344.5    978.3
     1     1    19     9     2    15     0     3  -135.0   36.055 -133.183    360.6    975.9
     1     1    19     9     2    14     0     2  -136.0   36.121 -133.171    372.9    973.9
     1     1    19     9     2    13     0     1  -137.0   36.182 -133.174    376.9    973.3
     1     1    19     9     2    12     0     0  -138.0   36.238 -133.194    371.8    973.7
     1     1    19     9     2    11     0     1  -139.0   36.288 -133.228    366.4    975.5
     1     1    19     9     2    10     0     2  -140.0   36.330 -133.272    370.0    975.4
     1     1    19     9     2     9     0     3  -141.0   36.365 -133.326    383.5    974.3
     1     1    19     9     2     8     0     2  -142.0   36.399 -133.386    396.6    971.7
     1     1    19     9     2     7     0     1  -143.0   36.442 -133.449    397.9    971.6
     1     1    19     9     2     6     0     0  -144.0   36.496 -133.512    388.4    972.7
     1     1    19     9     2     5     0     1  -145.0   36.557 -133.576    376.2    974.3
     1     1    19     9     2     4     0     2  -146.0   36.615 -133.639    368.0    974.7
     1     1    19     9     2     3     0     3  -147.0   36.669 -133.701    362.8    974.8
     1     1    19     9     2     2     0     2  -148.0   36.716 -133.760    358.2    974.9
     1     1    19     9     2     1     0     1  -149.0   36.756 -133.815    351.4    975.5
     1     1    19     9     2     0     0     0  -150.0   36.789 -133.867    340.2    976.5
     1     1    19     9     1    23     0     1  -151.0   36.820 -133.920    325.8    978.7
     1     1    19     9     1    22     0     2  -152.0   36.854 -133.983    311.1    980.8
     1     1    19     9     1    21     0     3  -153.0   36.894 -134.052    299.0    982.7
     1     1    19     9     1    20     0     2  -154.0   36.944 -134.124    289.8    983.8
     1     1    19     9     1    19     0     1  -155.0   37.012 -134.194    281.5    984.6
     1     1    19     9     1    18     0     0  -156.0   37.096 -134.266    274.6    985.6
     1     1    19     9     1    17     0     1  -157.0   37.183 -134.356    271.2    985.8
     1     1    19     9     1    16     0     2  -158.0   37.263 -134.474    270.2    985.3
     1     1    19     9     1    15     0     3  -159.0   37.340 -134.614    269.1    984.9
     1     1    19     9     1    14     0     2  -160.0   37.419 -134.764    264.1    985.1
     1     1    19     9     1    13     0     1  -161.0   37.507 -134.917    254.1    986.1
     1     1    19     9     1    12     0     0  -162.0   37.603 -135.076    243.4    987.4
     1     1    19     9     1    11     0     1  -163.0   37.702 -135.242    240.2    988.4
     1     1    19     9     1    10     0     2  -164.0   37.800 -135.411    246.0    987.6
     1     1    19     9     1     9     0     3  -165.0   37.900 -135.586    256.1    986.7
     1     1    19     9     1     8     0     2  -166.0   38.009 -135.766    268.6    985.2
     1     1    19     9     1     7     0     1  -167.0   38.142 -135.944    281.4    983.5
     1     1    19     9     1     6     0     0  -168.0   38.299 -136.114    289.9    981.9
     1     1    19     9     1     5     0     1  -169.0   38.460 -136.296    291.6    981.4
     1     1    19     9     1     4     0     2  -170.0   38.614 -136.504    290.7    981.6
     1     1    19     9     1     3     0     3  -171.0   38.778 -136.742    293.9    981.1
     1     1    19     9     1     2     0     2  -172.0   38.953 -136.998    300.8    979.7
     1     1    19     9     1     1     0     1  -173.0   39.130 -137.255    307.9    978.7
     1     1    19     9     1     0     0     0  -174.0   39.310 -137.507    315.0    977.8
     1     1    19     8    31    23     0     1  -175.0   39.498 -137.760    318.8    976.9
     1     1    19     8    31    22     0     2  -176.0   39.705 -138.014    318.4    977.1
     1     1    19     8    31    21     0     3  -177.0   39.930 -138.277    319.4    977.4
     1     1    19     8    31    20     0     2  -178.0   40.158 -138.531    324.5    976.5
     1     1    19     8    31    19     0     1  -179.0   40.398 -138.753    324.8    975.2
     1     1    19     8    31    18     0     0  -180.0   40.660 -138.951    308.6    976.3
     1     1    19     8    31    17     0     1  -181.0   40.923 -139.151    282.5    980.3
     1     1    19     8    31    16     0     2  -182.0   41.186 -139.379    259.3    983.2
     1     1    19     8    31    15     0     3  -183.0   41.475 -139.629    239.8    984.6
     1     1    19     8    31    14     0     2  -184.0   41.781 -139.882    222.7    986.2
     1     1    19     8    31    13     0     1  -185.0   42.082 -140.131    215.4    987.1
     1     1    19     8    31    12     0     0  -186.0   42.368 -140.386    220.2    985.9
     1     1    19     8    31    11     0     1  -187.0   42.631 -140.634    227.8    984.1
     1     1    19     8    31    10     0     2  -188.0   42.876 -140.864    233.7    983.5
     1     1    19     8    31     9     0     3  -189.0   43.115 -141.085    243.6    982.4
     1     1    19     8    31     8     0     2  -190.0   43.355 -141.289    253.4    980.7
     1     1    19     8    31     7     0     1  -191.0   43.604 -141.462    258.2    980.3
     1     1    19     8    31     6     0     0  -192.0   43.868 -141.608    261.5    979.9
     1     1    19     8    31     5     0     1  -193.0   44.144 -141.735    262.1    978.8
     1     1    19     8    31     4     0     2  -194.0   44.425 -141.841    257.5    978.5
     1     1    19     8    31     3     0     3  -195.0   44.706 -141.917    248.0    978.8
     1     1    19     8    31     2     0     2  -196.0   44.980 -141.970    237.2    979.9
     1     1    19     8    31     1     0     1  -197.0   45.244 -142.000    234.6    980.6
     1     1    19     8    31     0     0     0  -198.0   45.503 -141.990    252.6    979.1
     1     1    19     8    30    23     0     1  -199.0   45.752 -141.903    278.7    973.3
     1     1    19     8    30    22     0     2  -200.0   45.994 -141.713    283.5    971.2
     1     1    19     8    30    21     0     3  -201.0   46.237 -141.416    274.4    973.1
     1     1    19     8    30    20     0     2  -202.0   46.472 -141.028    270.6    974.4
     1     1    19     8    30    19     0     1  -203.0   46.678 -140.573    268.5    973.4
     1     1    19     8    30    18     0     0  -204.0   46.843 -140.053    261.6    974.7
     1     1    19     8    30    17     0     1  -205.0   46.976 -139.481    263.3    975.6
     1     1    19     8    30    16     0     2  -206.0   47.078 -138.884    270.9    973.3
     1     1    19     8    30    15     0     3  -207.0   47.132 -138.287    269.5    973.8
     1     1    19     8    30    14     0     2  -208.0   47.126 -137.711    262.9    975.8
     1     1    19     8    30    13     0     1  -209.0   47.062 -137.177    251.0    977.0
     1     1    19     8    30    12     0     0  -210.0   46.953 -136.702    233.7    979.7
     1     1    19     8    30    11     0     1  -211.0   46.816 -136.276    220.3    982.5
     1     1    19     8    30    10     0     2  -212.0   46.669 -135.894    214.7    983.4
     1     1    19     8    30     9     0     3  -213.0   46.522 -135.569    213.6    984.1
     1     1    19     8    30     8     0     2  -214.0   46.381 -135.301    210.9    984.1
     1     1    19     8    30     7     0     1  -215.0   46.255 -135.081    203.0    985.4
     1     1    19     8    30     6     0     0  -216.0   46.151 -134.901    193.4    986.9
     1     1    19     8    30     5     0     1  -217.0   46.063 -134.738    187.7    988.2
     1     1    19     8    30     4     0     2  -218.0   45.979 -134.575    191.1    987.9
     1     1    19     8    30     3     0     3  -219.0   45.894 -134.413    205.9    986.6
     1     1    19     8    30     2     0     2  -220.0   45.808 -134.268    229.5    983.8
     1     1    19     8    30     1     0     1  -221.0   45.724 -134.153    252.7    981.4
     1     1    19     8    30     0     0     0  -222.0   45.646 -134.065    269.1    979.4
     1     1    19     8    29    23     0     1  -223.0   45.578 -133.979    273.3    978.6
     1     1    19     8    29    22     0     2  -224.0   45.524 -133.865    266.0    979.9
     1     1    19     8    29    21     0     3  -225.0   45.483 -133.712    252.8    981.7
     1     1    19     8    29    20     0     2  -226.0   45.460 -133.522    238.2    983.4
     1     1    19     8    29    19     0     1  -227.0   45.465 -133.292    223.0    985.0
     1     1    19     8    29    18     0     0  -228.0   45.502 -133.015    204.6    986.9
     1     1    19     8    29    17     0     1  -229.0   45.569 -132.704    186.5    989.6
     1     1    19     8    29    16     0     2  -230.0   45.657 -132.377    173.8    991.0
     1     1    19     8    29    15     0     3  -231.0   45.767 -132.031    166.9    991.8
     1     1    19     8    29    14     0     2  -232.0   45.905 -131.672    167.3    991.8
     1     1    19     8    29    13     0     1  -233.0   46.086 -131.316    172.7    990.8
     1     1    19     8    29    12     0     0  -234.0   46.300 -130.977    169.6    990.4
     1     1    19     8    29    11     0     1  -235.0   46.509 -130.644    155.4    993.2
     1     1    19     8    29    10     0     2  -236.0   46.706 -130.307    141.5    995.9
     1     1    19     8    29     9     0     3  -237.0   46.918 -129.986    134.0    996.7
     1     1    19     8    29     8     0     2  -238.0   47.160 -129.703    131.9    996.9
     1     1    19     8    29     7     0     1  -239.0   47.434 -129.476    130.7    997.2
     1     1    19     8    29     6     0     0  -240.0   47.739 -129.309    129.7    997.6
