     7     1
    GDAS    18    12     1     0     0
    GDAS    19     1     1     0     0
    GDAS    19     2     1     0     0
    GDAS    19     3     1     0     0
    GDAS    19     4     1     0     0
    GDAS    19     5     1     0     0
    GDAS    19     6     1     0     0
     1 BACKWARD OMEGA   
    19     4    10    18   21.319 -157.670    10.0
     1 PRESSURE
     1     1    19     4    10    18     0     0     0.0   21.319 -157.670     10.0   1017.8
     1     1    19     4    10    17     0     1    -1.0   21.437 -157.385      9.8   1016.2
     1     1    19     4    10    16     0     2    -2.0   21.540 -157.097      9.4   1015.4
     1     1    19     4    10    15     0     3    -3.0   21.628 -156.800      8.8   1016.5
     1     1    19     4    10    14     0     2    -4.0   21.700 -156.494      7.5   1018.4
     1     1    19     4    10    13     0     1    -5.0   21.757 -156.190      5.3   1019.8
     1     1    19     4    10    12     0     0    -6.0   21.807 -155.891      2.8   1020.4
     1     1    19     4    10    11     0     1    -7.0   21.858 -155.591      0.9   1020.3
     1     1    19     4    10    10     0     2    -8.0   21.916 -155.285      0.2   1020.3
     1     1    19     4    10     9     0     3    -9.0   21.984 -154.975      0.0   1020.3
     1     1    19     4    10     8     0     2   -10.0   22.055 -154.668      0.0   1020.5
     1     1    19     4    10     7     0     1   -11.0   22.126 -154.371      0.0   1020.6
     1     1    19     4    10     6     0     0   -12.0   22.195 -154.079      0.0   1020.7
     1     1    19     4    10     5     0     1   -13.0   22.263 -153.793      0.0   1020.6
     1     1    19     4    10     4     0     2   -14.0   22.330 -153.514      0.0   1020.5
     1     1    19     4    10     3     0     3   -15.0   22.398 -153.241      0.0   1020.4
     1     1    19     4    10     2     0     2   -16.0   22.462 -152.973      0.0   1020.6
     1     1    19     4    10     1     0     1   -17.0   22.515 -152.707      0.0   1020.7
     1     1    19     4    10     0     0     0   -18.0   22.556 -152.443      0.0   1020.9
     1     1    19     4     9    23     0     1   -19.0   22.584 -152.178      0.0   1020.8
     1     1    19     4     9    22     0     2   -20.0   22.593 -151.910      0.0   1020.7
     1     1    19     4     9    21     0     3   -21.0   22.587 -151.638      0.0   1020.6
     1     1    19     4     9    20     0     2   -22.0   22.573 -151.357      0.0   1020.8
     1     1    19     4     9    19     0     1   -23.0   22.560 -151.067      0.0   1020.9
     1     1    19     4     9    18     0     0   -24.0   22.551 -150.770      0.0   1021.1
     1     1    19     4     9    17     0     1   -25.0   22.548 -150.466      0.0   1021.0
     1     1    19     4     9    16     0     2   -26.0   22.556 -150.156      0.0   1020.9
     1     1    19     4     9    15     0     3   -27.0   22.576 -149.844      0.0   1020.8
     1     1    19     4     9    14     0     2   -28.0   22.601 -149.533      0.0   1020.9
     1     1    19     4     9    13     0     1   -29.0   22.621 -149.225      0.0   1021.0
     1     1    19     4     9    12     0     0   -30.0   22.634 -148.918      0.0   1021.1
     1     1    19     4     9    11     0     1   -31.0   22.643 -148.607      0.0   1021.1
     1     1    19     4     9    10     0     2   -32.0   22.654 -148.284      0.0   1021.1
     1     1    19     4     9     9     0     3   -33.0   22.673 -147.953      0.0   1021.1
     1     1    19     4     9     8     0     2   -34.0   22.700 -147.619      0.0   1021.1
     1     1    19     4     9     7     0     1   -35.0   22.736 -147.284      0.0   1021.2
     1     1    19     4     9     6     0     0   -36.0   22.782 -146.947      0.0   1021.2
     1     1    19     4     9     5     0     1   -37.0   22.835 -146.617      0.0   1021.0
     1     1    19     4     9     4     0     2   -38.0   22.893 -146.303      0.0   1020.8
     1     1    19     4     9     3     0     3   -39.0   22.955 -146.004      0.0   1020.6
     1     1    19     4     9     2     0     2   -40.0   23.018 -145.719      0.0   1020.8
     1     1    19     4     9     1     0     1   -41.0   23.078 -145.447      0.0   1021.0
     1     1    19     4     9     0     0     0   -42.0   23.133 -145.188      0.0   1021.1
     1     1    19     4     8    23     0     1   -43.0   23.180 -144.939      0.0   1021.1
     1     1    19     4     8    22     0     2   -44.0   23.213 -144.697      0.0   1021.2
     1     1    19     4     8    21     0     3   -45.0   23.235 -144.462      0.0   1021.3
     1     1    19     4     8    20     0     2   -46.0   23.249 -144.233      0.0   1021.3
     1     1    19     4     8    19     0     1   -47.0   23.260 -144.008      0.0   1021.3
     1     1    19     4     8    18     0     0   -48.0   23.267 -143.789      0.0   1021.3
     1     1    19     4     8    17     0     1   -49.0   23.271 -143.575      0.0   1021.3
     1     1    19     4     8    16     0     2   -50.0   23.276 -143.364      0.0   1021.7
     1     1    19     4     8    15     0     3   -51.0   23.283 -143.156      0.0   1022.5
     1     1    19     4     8    14     0     2   -52.0   23.292 -142.952      0.0   1022.7
     1     1    19     4     8    13     0     1   -53.0   23.302 -142.756      0.0   1022.4
     1     1    19     4     8    12     0     0   -54.0   23.314 -142.567      0.0   1022.1
     1     1    19     4     8    11     0     1   -55.0   23.327 -142.384      0.0   1021.8
     1     1    19     4     8    10     0     2   -56.0   23.341 -142.201      0.0   1021.5
     1     1    19     4     8     9     0     3   -57.0   23.357 -142.020      0.0   1021.1
     1     1    19     4     8     8     0     2   -58.0   23.371 -141.844      0.2   1020.9
     1     1    19     4     8     7     0     1   -59.0   23.381 -141.677      0.7   1020.7
     1     1    19     4     8     6     0     0   -60.0   23.387 -141.518      1.4   1020.5
     1     1    19     4     8     5     0     1   -61.0   23.392 -141.369      2.2   1020.3
     1     1    19     4     8     4     0     2   -62.0   23.398 -141.234      3.1   1020.1
     1     1    19     4     8     3     0     3   -63.0   23.408 -141.116      4.1   1020.0
     1     1    19     4     8     2     0     2   -64.0   23.415 -141.009      4.9   1020.1
     1     1    19     4     8     1     0     1   -65.0   23.412 -140.904      5.4   1020.3
     1     1    19     4     8     0     0     0   -66.0   23.397 -140.799      5.6   1020.4
     1     1    19     4     7    23     0     1   -67.0   23.374 -140.695      5.5   1020.7
     1     1    19     4     7    22     0     2   -68.0   23.347 -140.593      5.2   1021.0
     1     1    19     4     7    21     0     3   -69.0   23.320 -140.492      4.7   1021.3
     1     1    19     4     7    20     0     2   -70.0   23.292 -140.390      4.0   1021.6
     1     1    19     4     7    19     0     1   -71.0   23.261 -140.284      3.6   1022.0
     1     1    19     4     7    18     0     0   -72.0   23.226 -140.174      3.4   1022.3
     1     1    19     4     7    17     0     1   -73.0   23.191 -140.064      3.4   1021.3
     1     1    19     4     7    16     0     2   -74.0   23.156 -139.960      3.4   1020.4
     1     1    19     4     7    15     0     3   -75.0   23.117 -139.861      3.4   1019.5
     1     1    19     4     7    14     0     2   -76.0   23.071 -139.762      3.4   1019.9
     1     1    19     4     7    13     0     1   -77.0   23.012 -139.656      3.4   1020.3
     1     1    19     4     7    12     0     0   -78.0   22.939 -139.543      3.4   1020.6
     1     1    19     4     7    11     0     1   -79.0   22.855 -139.413      3.4   1020.8
     1     1    19     4     7    10     0     2   -80.0   22.766 -139.257      3.4   1021.0
     1     1    19     4     7     9     0     3   -81.0   22.676 -139.075      3.4   1021.2
     1     1    19     4     7     8     0     2   -82.0   22.593 -138.879      3.4   1020.4
     1     1    19     4     7     7     0     1   -83.0   22.527 -138.682      3.4   1019.9
     1     1    19     4     7     6     0     0   -84.0   22.477 -138.487      3.4   1019.5
     1     1    19     4     7     5     0     1   -85.0   22.434 -138.294      3.4   1019.5
     1     1    19     4     7     4     0     2   -86.0   22.388 -138.099      3.4   1019.2
     1     1    19     4     7     3     0     3   -87.0   22.339 -137.903      3.4   1018.8
     1     1    19     4     7     2     0     2   -88.0   22.291 -137.704      3.4   1018.2
     1     1    19     4     7     1     0     1   -89.0   22.248 -137.500      3.4   1017.6
     1     1    19     4     7     0     0     0   -90.0   22.209 -137.293      3.4   1017.0
     1     1    19     4     6    23     0     1   -91.0   22.172 -137.083      3.4   1018.2
     1     1    19     4     6    22     0     2   -92.0   22.137 -136.872      3.4   1019.3
     1     1    19     4     6    21     0     3   -93.0   22.106 -136.660      3.4   1020.5
     1     1    19     4     6    20     0     2   -94.0   22.084 -136.445      3.4   1020.7
     1     1    19     4     6    19     0     1   -95.0   22.075 -136.223      3.4   1020.8
     1     1    19     4     6    18     0     0   -96.0   22.077 -135.993      3.4   1021.0
     1     1    19     4     6    17     0     1   -97.0   22.082 -135.758      3.4   1019.8
     1     1    19     4     6    16     0     2   -98.0   22.079 -135.524      3.4   1018.7
     1     1    19     4     6    15     0     3   -99.0   22.072 -135.291      3.4   1017.6
     1     1    19     4     6    14     0     2  -100.0   22.071 -135.060      3.4   1017.6
     1     1    19     4     6    13     0     1  -101.0   22.087 -134.833      3.4   1017.5
     1     1    19     4     6    12     0     0  -102.0   22.119 -134.609      3.4   1017.4
     1     1    19     4     6    11     0     1  -103.0   22.164 -134.391      3.4   1018.5
     1     1    19     4     6    10     0     2  -104.0   22.222 -134.179      3.4   1019.6
     1     1    19     4     6     9     0     3  -105.0   22.292 -133.971      3.4   1020.6
     1     1    19     4     6     8     0     2  -106.0   22.371 -133.771      3.4   1020.5
     1     1    19     4     6     7     0     1  -107.0   22.458 -133.580      3.4   1020.3
     1     1    19     4     6     6     0     0  -108.0   22.557 -133.399      3.4   1020.1
     1     1    19     4     6     5     0     1  -109.0   22.661 -133.231      3.4   1019.7
     1     1    19     4     6     4     0     2  -110.0   22.762 -133.084      3.4   1019.4
     1     1    19     4     6     3     0     3  -111.0   22.858 -132.961      3.4   1019.0
     1     1    19     4     6     2     0     2  -112.0   22.950 -132.854      3.4   1018.7
     1     1    19     4     6     1     0     1  -113.0   23.037 -132.757      3.4   1018.4
     1     1    19     4     6     0     0     0  -114.0   23.119 -132.671      3.4   1018.1
     1     1    19     4     5    23     0     1  -115.0   23.198 -132.589      3.4   1019.0
     1     1    19     4     5    22     0     2  -116.0   23.277 -132.501      3.4   1019.9
     1     1    19     4     5    21     0     3  -117.0   23.354 -132.408      3.4   1020.8
     1     1    19     4     5    20     0     2  -118.0   23.442 -132.317      3.5   1020.4
     1     1    19     4     5    19     0     1  -119.0   23.554 -132.235      3.8   1020.0
     1     1    19     4     5    18     0     0  -120.0   23.687 -132.161      4.3   1019.6
     1     1    19     4     5    17     0     1  -121.0   23.823 -132.098      4.6   1019.1
     1     1    19     4     5    16     0     2  -122.0   23.946 -132.049      4.7   1018.6
     1     1    19     4     5    15     0     3  -123.0   24.058 -132.015      4.7   1018.1
     1     1    19     4     5    14     0     2  -124.0   24.164 -131.987      4.7   1019.1
     1     1    19     4     5    13     0     1  -125.0   24.268 -131.958      4.7   1019.8
     1     1    19     4     5    12     0     0  -126.0   24.368 -131.927      4.8   1020.2
     1     1    19     4     5    11     0     1  -127.0   24.470 -131.896      4.8   1020.9
     1     1    19     4     5    10     0     2  -128.0   24.583 -131.871      4.7   1021.5
     1     1    19     4     5     9     0     3  -129.0   24.708 -131.851      4.2   1022.1
     1     1    19     4     5     8     0     2  -130.0   24.845 -131.837      3.7   1021.8
     1     1    19     4     5     7     0     1  -131.0   24.993 -131.831      3.3   1021.4
     1     1    19     4     5     6     0     0  -132.0   25.154 -131.837      3.2   1021.1
     1     1    19     4     5     5     0     1  -133.0   25.321 -131.860      3.2   1020.8
     1     1    19     4     5     4     0     2  -134.0   25.488 -131.903      3.2   1020.4
     1     1    19     4     5     3     0     3  -135.0   25.658 -131.964      3.2   1020.1
     1     1    19     4     5     2     0     2  -136.0   25.829 -132.042      3.2   1019.9
     1     1    19     4     5     1     0     1  -137.0   25.998 -132.136      3.2   1019.6
     1     1    19     4     5     0     0     0  -138.0   26.161 -132.247      3.2   1019.4
     1     1    19     4     4    23     0     1  -139.0   26.319 -132.372      3.2   1019.3
     1     1    19     4     4    22     0     2  -140.0   26.469 -132.508      3.2   1019.1
     1     1    19     4     4    21     0     3  -141.0   26.610 -132.654      3.2   1018.9
     1     1    19     4     4    20     0     2  -142.0   26.747 -132.809      3.2   1018.7
     1     1    19     4     4    19     0     1  -143.0   26.880 -132.971      3.2   1018.5
     1     1    19     4     4    18     0     0  -144.0   27.012 -133.140      3.2   1018.3
     1     1    19     4     4    17     0     1  -145.0   27.152 -133.319      3.2   1018.2
     1     1    19     4     4    16     0     2  -146.0   27.309 -133.512      3.2   1018.2
     1     1    19     4     4    15     0     3  -147.0   27.487 -133.719      3.2   1018.2
     1     1    19     4     4    14     0     2  -148.0   27.674 -133.938      3.2   1018.2
     1     1    19     4     4    13     0     1  -149.0   27.856 -134.168      3.2   1018.1
     1     1    19     4     4    12     0     0  -150.0   28.032 -134.409      3.2   1018.1
     1     1    19     4     4    11     0     1  -151.0   28.204 -134.656      3.2   1018.1
     1     1    19     4     4    10     0     2  -152.0   28.376 -134.906      3.1   1018.2
     1     1    19     4     4     9     0     3  -153.0   28.558 -135.159      3.1   1018.4
     1     1    19     4     4     8     0     2  -154.0   28.744 -135.415      3.1   1017.8
     1     1    19     4     4     7     0     1  -155.0   28.927 -135.670      3.1   1017.6
     1     1    19     4     4     6     0     0  -156.0   29.123 -135.929      3.1   1018.0
     1     1    19     4     4     5     0     1  -157.0   29.318 -136.185      3.1   1017.1
     1     1    19     4     4     4     0     2  -158.0   29.495 -136.429      3.1   1015.9
     1     1    19     4     4     3     0     3  -159.0   29.667 -136.660      3.1   1014.7
     1     1    19     4     4     2     0     2  -160.0   29.840 -136.885      3.1   1014.8
     1     1    19     4     4     1     0     1  -161.0   30.004 -137.110      3.1   1014.9
     1     1    19     4     4     0     0     0  -162.0   30.157 -137.339      3.1   1015.0
     1     1    19     4     3    23     0     1  -163.0   30.299 -137.561      3.1   1014.9
     1     1    19     4     3    22     0     2  -164.0   30.421 -137.774      3.1   1014.9
     1     1    19     4     3    21     0     3  -165.0   30.517 -137.992      3.1   1014.8
     1     1    19     4     3    20     0     2  -166.0   30.595 -138.204      3.1   1014.7
     1     1    19     4     3    19     0     1  -167.0   30.655 -138.395      3.1   1014.6
     1     1    19     4     3    18     0     0  -168.0   30.695 -138.580      3.1   1014.5
     1     1    19     4     3    17     0     1  -169.0   30.716 -138.753      3.1   1014.6
     1     1    19     4     3    16     0     2  -170.0   30.702 -138.897      3.1   1014.6
     1     1    19     4     3    15     0     3  -171.0   30.638 -139.009      3.1   1014.6
     1     1    19     4     3    14     0     2  -172.0   30.552 -139.102      3.2   1014.7
     1     1    19     4     3    13     0     1  -173.0   30.469 -139.187      3.4   1014.8
     1     1    19     4     3    12     0     0  -174.0   30.382 -139.259      3.8   1014.9
     1     1    19     4     3    11     0     1  -175.0   30.296 -139.309      4.3   1014.9
     1     1    19     4     3    10     0     2  -176.0   30.223 -139.327      4.5   1014.9
     1     1    19     4     3     9     0     3  -177.0   30.164 -139.309      4.6   1014.8
     1     1    19     4     3     8     0     2  -178.0   30.126 -139.261      4.7   1014.9
     1     1    19     4     3     7     0     1  -179.0   30.113 -139.188      4.8   1014.9
     1     1    19     4     3     6     0     0  -180.0   30.124 -139.092      5.0   1015.0
     1     1    19     4     3     5     0     1  -181.0   30.130 -138.991      5.1   1016.2
     1     1    19     4     3     4     0     2  -182.0   30.103 -138.903      4.6   1017.6
     1     1    19     4     3     3     0     3  -183.0   30.042 -138.824      3.6   1018.7
     1     1    19     4     3     2     0     2  -184.0   29.959 -138.753      2.4   1018.8
     1     1    19     4     3     1     0     1  -185.0   29.859 -138.688      1.3   1018.8
     1     1    19     4     3     0     0     0  -186.0   29.744 -138.620      0.2   1019.1
     1     1    19     4     2    23     0     1  -187.0   29.622 -138.541      0.0   1019.2
     1     1    19     4     2    22     0     2  -188.0   29.504 -138.456      0.0   1019.3
     1     1    19     4     2    21     0     3  -189.0   29.393 -138.366      0.0   1019.4
     1     1    19     4     2    20     0     2  -190.0   29.291 -138.273      0.0   1019.5
     1     1    19     4     2    19     0     1  -191.0   29.202 -138.174      0.0   1019.7
     1     1    19     4     2    18     0     0  -192.0   29.123 -138.074      0.0   1019.9
     1     1    19     4     2    17     0     1  -193.0   29.061 -137.976      0.0   1020.0
     1     1    19     4     2    16     0     2  -194.0   29.019 -137.886      0.0   1020.1
     1     1    19     4     2    15     0     3  -195.0   28.998 -137.802      0.0   1020.2
     1     1    19     4     2    14     0     2  -196.0   28.994 -137.725      0.1   1020.3
     1     1    19     4     2    13     0     1  -197.0   29.005 -137.653      0.5   1020.4
     1     1    19     4     2    12     0     0  -198.0   29.031 -137.588      1.0   1020.5
     1     1    19     4     2    11     0     1  -199.0   29.067 -137.530      1.5   1020.4
     1     1    19     4     2    10     0     2  -200.0   29.111 -137.480      2.0   1020.4
     1     1    19     4     2     9     0     3  -201.0   29.162 -137.439      2.4   1020.3
     1     1    19     4     2     8     0     2  -202.0   29.219 -137.407      2.9   1020.4
     1     1    19     4     2     7     0     1  -203.0   29.285 -137.381      3.6   1020.4
     1     1    19     4     2     6     0     0  -204.0   29.358 -137.361      4.5   1020.5
     1     1    19     4     2     5     0     1  -205.0   29.437 -137.348      5.4   1020.4
     1     1    19     4     2     4     0     2  -206.0   29.522 -137.342      5.9   1020.3
     1     1    19     4     2     3     0     3  -207.0   29.612 -137.340      6.1   1020.2
     1     1    19     4     2     2     0     2  -208.0   29.704 -137.342      6.1   1020.3
     1     1    19     4     2     1     0     1  -209.0   29.794 -137.351      6.1   1020.5
     1     1    19     4     2     0     0     0  -210.0   29.883 -137.366      6.1   1020.6
     1     1    19     4     1    23     0     1  -211.0   29.975 -137.387      6.1   1020.6
     1     1    19     4     1    22     0     2  -212.0   30.068 -137.414      6.1   1020.6
     1     1    19     4     1    21     0     3  -213.0   30.162 -137.449      6.1   1020.6
     1     1    19     4     1    20     0     2  -214.0   30.255 -137.489      6.1   1020.7
     1     1    19     4     1    19     0     1  -215.0   30.345 -137.533      6.1   1020.8
     1     1    19     4     1    18     0     0  -216.0   30.434 -137.582      6.1   1020.9
     1     1    19     4     1    17     0     1  -217.0   30.524 -137.640      6.1   1020.0
     1     1    19     4     1    16     0     2  -218.0   30.620 -137.708      6.1   1019.1
     1     1    19     4     1    15     0     3  -219.0   30.721 -137.785      6.1   1018.1
     1     1    19     4     1    14     0     2  -220.0   30.822 -137.874      6.1   1017.8
     1     1    19     4     1    13     0     1  -221.0   30.920 -137.973      6.1   1017.7
     1     1    19     4     1    12     0     0  -222.0   31.014 -138.078      6.1   1017.7
     1     1    19     4     1    11     0     1  -223.0   31.100 -138.193      6.1   1017.8
     1     1    19     4     1    10     0     2  -224.0   31.174 -138.319      6.1   1017.9
     1     1    19     4     1     9     0     3  -225.0   31.237 -138.454      6.1   1018.0
     1     1    19     4     1     8     0     2  -226.0   31.285 -138.591      6.0   1018.2
     1     1    19     4     1     7     0     1  -227.0   31.317 -138.723      6.0   1018.5
     1     1    19     4     1     6     0     0  -228.0   31.340 -138.846      5.9   1018.7
     1     1    19     4     1     5     0     1  -229.0   31.359 -138.960      5.9   1017.6
     1     1    19     4     1     4     0     2  -230.0   31.371 -139.068      5.9   1016.5
     1     1    19     4     1     3     0     3  -231.0   31.376 -139.172      5.9   1015.3
     1     1    19     4     1     2     0     2  -232.0   31.368 -139.278      5.7   1015.7
     1     1    19     4     1     1     0     1  -233.0   31.344 -139.389      5.2   1016.0
     1     1    19     4     1     0     0     0  -234.0   31.309 -139.505      4.5   1016.3
     1     1    19     3    31    23     0     1  -235.0   31.267 -139.624      3.8   1016.4
     1     1    19     3    31    22     0     2  -236.0   31.220 -139.753      3.3   1016.5
     1     1    19     3    31    21     0     3  -237.0   31.180 -139.895      2.9   1016.6
     1     1    19     3    31    20     0     2  -238.0   31.127 -140.049      2.6   1016.9
     1     1    19     3    31    19     0     1  -239.0   31.037 -140.204      2.0   1017.2
     1     1    19     3    31    18     0     0  -240.0   30.921 -140.361      1.3   1017.5
