     7     1
    GDAS    18    12     1     0     0
    GDAS    19     1     1     0     0
    GDAS    19     2     1     0     0
    GDAS    19     3     1     0     0
    GDAS    19     4     1     0     0
    GDAS    19     5     1     0     0
    GDAS    19     6     1     0     0
     1 BACKWARD OMEGA   
    19     1    27    18   21.319 -157.670    10.0
     1 PRESSURE
     1     1    19     1    27    18     0     0     0.0   21.319 -157.670     10.0   1012.4
     1     1    19     1    27    17     0     1    -1.0   21.534 -157.522     10.5   1011.9
     1     1    19     1    27    16     0     2    -2.0   21.746 -157.362     10.9   1012.2
     1     1    19     1    27    15     0     3    -3.0   21.952 -157.193     11.0   1013.2
     1     1    19     1    27    14     0     2    -4.0   22.161 -157.029     11.0   1013.7
     1     1    19     1    27    13     0     1    -5.0   22.379 -156.883     11.0   1013.8
     1     1    19     1    27    12     0     0    -6.0   22.607 -156.753     11.0   1013.8
     1     1    19     1    27    11     0     1    -7.0   22.848 -156.627     11.0   1013.9
     1     1    19     1    27    10     0     2    -8.0   23.103 -156.492     11.0   1014.0
     1     1    19     1    27     9     0     3    -9.0   23.367 -156.349     11.0   1014.1
     1     1    19     1    27     8     0     2   -10.0   23.639 -156.206     11.0   1014.3
     1     1    19     1    27     7     0     1   -11.0   23.920 -156.071     11.0   1014.4
     1     1    19     1    27     6     0     0   -12.0   24.214 -155.940     11.0   1014.6
     1     1    19     1    27     5     0     1   -13.0   24.522 -155.820     11.0   1014.4
     1     1    19     1    27     4     0     2   -14.0   24.843 -155.717     11.0   1014.0
     1     1    19     1    27     3     0     3   -15.0   25.181 -155.631     11.0   1013.6
     1     1    19     1    27     2     0     2   -16.0   25.526 -155.550     11.0   1013.9
     1     1    19     1    27     1     0     1   -17.0   25.868 -155.466     11.0   1013.9
     1     1    19     1    27     0     0     0   -18.0   26.210 -155.382     11.0   1013.8
     1     1    19     1    26    23     0     1   -19.0   26.552 -155.297     11.0   1015.0
     1     1    19     1    26    22     0     2   -20.0   26.894 -155.205     11.0   1015.7
     1     1    19     1    26    21     0     3   -21.0   27.233 -155.102     11.0   1016.0
     1     1    19     1    26    20     0     2   -22.0   27.571 -154.985     11.0   1016.0
     1     1    19     1    26    19     0     1   -23.0   27.909 -154.858     11.0   1016.0
     1     1    19     1    26    18     0     0   -24.0   28.248 -154.723     11.0   1016.1
     1     1    19     1    26    17     0     1   -25.0   28.590 -154.584     11.0   1016.0
     1     1    19     1    26    16     0     2   -26.0   28.931 -154.452     11.0   1016.2
     1     1    19     1    26    15     0     3   -27.0   29.266 -154.336     11.0   1016.4
     1     1    19     1    26    14     0     2   -28.0   29.602 -154.230     11.0   1016.4
     1     1    19     1    26    13     0     1   -29.0   29.948 -154.120     11.0   1016.3
     1     1    19     1    26    12     0     0   -30.0   30.304 -153.998     11.0   1016.3
     1     1    19     1    26    11     0     1   -31.0   30.671 -153.877     11.0   1017.0
     1     1    19     1    26    10     0     2   -32.0   31.055 -153.773     11.0   1018.1
     1     1    19     1    26     9     0     3   -33.0   31.454 -153.686     11.0   1018.6
     1     1    19     1    26     8     0     2   -34.0   31.862 -153.612     11.0   1018.3
     1     1    19     1    26     7     0     1   -35.0   32.278 -153.550     11.0   1018.5
     1     1    19     1    26     6     0     0   -36.0   32.702 -153.501     11.0   1019.0
     1     1    19     1    26     5     0     1   -37.0   33.126 -153.472     11.1   1018.7
     1     1    19     1    26     4     0     2   -38.0   33.542 -153.464     11.3   1017.7
     1     1    19     1    26     3     0     3   -39.0   33.948 -153.479     12.0   1016.7
     1     1    19     1    26     2     0     2   -40.0   34.342 -153.514     12.8   1016.5
     1     1    19     1    26     1     0     1   -41.0   34.726 -153.570     13.1   1016.6
     1     1    19     1    26     0     0     0   -42.0   35.096 -153.648     13.2   1016.9
     1     1    19     1    25    23     0     1   -43.0   35.454 -153.743     13.4   1017.2
     1     1    19     1    25    22     0     2   -44.0   35.798 -153.848     13.5   1016.9
     1     1    19     1    25    21     0     3   -45.0   36.124 -153.961     13.6   1016.4
     1     1    19     1    25    20     0     2   -46.0   36.436 -154.093     14.0   1016.1
     1     1    19     1    25    19     0     1   -47.0   36.741 -154.262     15.3   1015.7
     1     1    19     1    25    18     0     0   -48.0   37.038 -154.472     17.7   1015.1
     1     1    19     1    25    17     0     1   -49.0   37.326 -154.729     20.7   1013.6
     1     1    19     1    25    16     0     2   -50.0   37.599 -155.033     24.3   1012.1
     1     1    19     1    25    15     0     3   -51.0   37.853 -155.383     29.3   1010.8
     1     1    19     1    25    14     0     2   -52.0   38.088 -155.776     35.3   1009.6
     1     1    19     1    25    13     0     1   -53.0   38.304 -156.198     40.7   1008.3
     1     1    19     1    25    12     0     0   -54.0   38.503 -156.650     46.4   1007.4
     1     1    19     1    25    11     0     1   -55.0   38.691 -157.142     54.8   1006.2
     1     1    19     1    25    10     0     2   -56.0   38.877 -157.683     66.2   1003.9
     1     1    19     1    25     9     0     3   -57.0   39.071 -158.277     81.0   1001.0
     1     1    19     1    25     8     0     2   -58.0   39.270 -158.912     98.4    997.5
     1     1    19     1    25     7     0     1   -59.0   39.471 -159.573    116.0    994.6
     1     1    19     1    25     6     0     0   -60.0   39.703 -160.254    132.3    991.8
     1     1    19     1    25     5     0     1   -61.0   39.967 -160.933    143.3    988.7
     1     1    19     1    25     4     0     2   -62.0   40.254 -161.579    147.7    986.4
     1     1    19     1    25     3     0     3   -63.0   40.588 -162.163    148.4    985.0
     1     1    19     1    25     2     0     2   -64.0   40.955 -162.682    148.4    983.4
     1     1    19     1    25     1     0     1   -65.0   41.344 -163.114    151.1    982.7
     1     1    19     1    25     0     0     0   -66.0   41.732 -163.424    160.8    980.6
     1     1    19     1    24    23     0     1   -67.0   42.078 -163.628    172.6    977.3
     1     1    19     1    24    22     0     2   -68.0   42.376 -163.772    182.0    976.1
     1     1    19     1    24    21     0     3   -69.0   42.633 -163.911    198.3    973.9
     1     1    19     1    24    20     0     2   -70.0   42.845 -164.065    218.0    969.9
     1     1    19     1    24    19     0     1   -71.0   43.014 -164.251    235.1    967.6
     1     1    19     1    24    18     0     0   -72.0   43.152 -164.470    250.3    964.8
     1     1    19     1    24    17     0     1   -73.0   43.276 -164.717    260.4    962.5
     1     1    19     1    24    16     0     2   -74.0   43.394 -164.996    266.9    960.9
     1     1    19     1    24    15     0     3   -75.0   43.502 -165.312    276.7    959.1
     1     1    19     1    24    14     0     2   -76.0   43.585 -165.663    294.5    956.7
     1     1    19     1    24    13     0     1   -77.0   43.634 -166.036    320.1    953.4
     1     1    19     1    24    12     0     0   -78.0   43.652 -166.412    352.6    949.2
     1     1    19     1    24    11     0     1   -79.0   43.652 -166.794    385.7    944.8
     1     1    19     1    24    10     0     2   -80.0   43.649 -167.195    410.6    941.7
     1     1    19     1    24     9     0     3   -81.0   43.648 -167.621    425.8    940.0
     1     1    19     1    24     8     0     2   -82.0   43.652 -168.076    434.4    938.5
     1     1    19     1    24     7     0     1   -83.0   43.662 -168.560    443.6    937.5
     1     1    19     1    24     6     0     0   -84.0   43.670 -169.067    461.4    935.1
     1     1    19     1    24     5     0     1   -85.0   43.650 -169.584    485.7    930.9
     1     1    19     1    24     4     0     2   -86.0   43.589 -170.100    511.7    927.2
     1     1    19     1    24     3     0     3   -87.0   43.499 -170.624    533.9    923.2
     1     1    19     1    24     2     0     2   -88.0   43.390 -171.146    546.4    921.7
     1     1    19     1    24     1     0     1   -89.0   43.269 -171.649    555.1    921.3
     1     1    19     1    24     0     0     0   -90.0   43.145 -172.149    570.4    920.0
     1     1    19     1    23    23     0     1   -91.0   43.021 -172.644    587.3    917.3
     1     1    19     1    23    22     0     2   -92.0   42.891 -173.131    593.7    916.6
     1     1    19     1    23    21     0     3   -93.0   42.750 -173.618    588.6    917.2
     1     1    19     1    23    20     0     2   -94.0   42.609 -174.119    577.8    918.9
     1     1    19     1    23    19     0     1   -95.0   42.479 -174.643    565.4    919.9
     1     1    19     1    23    18     0     0   -96.0   42.357 -175.192    548.8    921.3
     1     1    19     1    23    17     0     1   -97.0   42.234 -175.775    532.2    923.6
     1     1    19     1    23    16     0     2   -98.0   42.108 -176.395    519.6    924.7
     1     1    19     1    23    15     0     3   -99.0   41.977 -177.049    513.9    925.5
     1     1    19     1    23    14     0     2  -100.0   41.842 -177.714    519.5    925.3
     1     1    19     1    23    13     0     1  -101.0   41.707 -178.374    528.6    923.5
     1     1    19     1    23    12     0     0  -102.0   41.573 -179.038    531.6    923.3
     1     1    19     1    23    11     0     1  -103.0   41.456 -179.720    532.7    924.1
     1     1    19     1    23    10     0     2  -104.0   41.367  179.567    540.1    924.1
     1     1    19     1    23     9     0     3  -105.0   41.304  178.825    562.4    922.5
     1     1    19     1    23     8     0     2  -106.0   41.260  178.068    587.4    918.4
     1     1    19     1    23     7     0     1  -107.0   41.225  177.304    607.8    916.3
     1     1    19     1    23     6     0     0  -108.0   41.200  176.537    622.7    914.7
     1     1    19     1    23     5     0     1  -109.0   41.186  175.764    634.7    913.4
     1     1    19     1    23     4     0     2  -110.0   41.184  174.973    630.8    913.8
     1     1    19     1    23     3     0     3  -111.0   41.199  174.172    620.8    915.4
     1     1    19     1    23     2     0     2  -112.0   41.232  173.370    623.0    915.5
     1     1    19     1    23     1     0     1  -113.0   41.280  172.564    639.2    913.9
     1     1    19     1    23     0     0     0  -114.0   41.341  171.753    657.8    911.6
     1     1    19     1    22    23     0     1  -115.0   41.405  170.924    661.6    911.3
     1     1    19     1    22    22     0     2  -116.0   41.468  170.072    657.6    912.4
     1     1    19     1    22    21     0     3  -117.0   41.534  169.194    657.2    912.8
     1     1    19     1    22    20     0     2  -118.0   41.608  168.292    655.7    912.8
     1     1    19     1    22    19     0     1  -119.0   41.693  167.368    655.5    912.9
     1     1    19     1    22    18     0     0  -120.0   41.790  166.421    660.4    912.6
     1     1    19     1    22    17     0     1  -121.0   41.899  165.463    681.7    910.4
     1     1    19     1    22    16     0     2  -122.0   42.019  164.498    724.4    906.0
     1     1    19     1    22    15     0     3  -123.0   42.166  163.555    792.9    898.7
     1     1    19     1    22    14     0     2  -124.0   42.335  162.641    862.0    890.3
     1     1    19     1    22    13     0     1  -125.0   42.525  161.753    878.2    888.7
     1     1    19     1    22    12     0     0  -126.0   42.741  160.860    857.0    892.2
     1     1    19     1    22    11     0     1  -127.0   42.989  159.956    864.3    892.4
     1     1    19     1    22    10     0     2  -128.0   43.262  159.098    896.7    888.3
     1     1    19     1    22     9     0     3  -129.0   43.543  158.283    934.2    884.2
     1     1    19     1    22     8     0     2  -130.0   43.829  157.490    984.6    878.3
     1     1    19     1    22     7     0     1  -131.0   44.127  156.737   1066.7    869.1
     1     1    19     1    22     6     0     0  -132.0   44.425  156.072   1175.1    857.2
     1     1    19     1    22     5     0     1  -133.0   44.702  155.463   1286.7    842.8
     1     1    19     1    22     4     0     2  -134.0   44.955  154.860   1377.8    832.5
     1     1    19     1    22     3     0     3  -135.0   45.194  154.268   1446.7    824.7
     1     1    19     1    22     2     0     2  -136.0   45.419  153.735   1507.9    819.9
     1     1    19     1    22     1     0     1  -137.0   45.624  153.291   1578.8    811.9
     1     1    19     1    22     0     0     0  -138.0   45.815  152.917   1665.1    803.2
     1     1    19     1    21    23     0     1  -139.0   46.015  152.582   1730.9    790.9
     1     1    19     1    21    22     0     2  -140.0   46.251  152.264   1735.9    790.5
     1     1    19     1    21    21     0     3  -141.0   46.516  151.972   1713.9    794.2
     1     1    19     1    21    20     0     2  -142.0   46.792  151.697   1695.7    796.6
     1     1    19     1    21    19     0     1  -143.0   47.067  151.409   1674.4    797.5
     1     1    19     1    21    18     0     0  -144.0   47.337  151.094   1641.7    801.9
     1     1    19     1    21    17     0     1  -145.0   47.584  150.767   1601.2    806.4
     1     1    19     1    21    16     0     2  -146.0   47.786  150.431   1567.4    811.5
     1     1    19     1    21    15     0     3  -147.0   47.938  150.074   1559.3    812.9
     1     1    19     1    21    14     0     2  -148.0   48.038  149.715   1588.5    810.2
     1     1    19     1    21    13     0     1  -149.0   48.096  149.364   1649.0    802.4
     1     1    19     1    21    12     0     0  -150.0   48.107  148.994   1722.3    793.5
     1     1    19     1    21    11     0     1  -151.0   48.075  148.607   1807.1    785.1
     1     1    19     1    21    10     0     2  -152.0   48.006  148.210   1917.7    773.7
     1     1    19     1    21     9     0     3  -153.0   47.907  147.792   2060.2    758.3
     1     1    19     1    21     8     0     2  -154.0   47.792  147.368   2219.2    740.7
     1     1    19     1    21     7     0     1  -155.0   47.664  146.947   2382.0    724.3
     1     1    19     1    21     6     0     0  -156.0   47.542  146.528   2535.2    707.6
     1     1    19     1    21     5     0     1  -157.0   47.446  146.125   2671.6    695.3
     1     1    19     1    21     4     0     2  -158.0   47.375  145.723   2807.0    683.0
     1     1    19     1    21     3     0     3  -159.0   47.322  145.309   2948.9    669.8
     1     1    19     1    21     2     0     2  -160.0   47.288  144.904   3088.1    656.1
     1     1    19     1    21     1     0     1  -161.0   47.281  144.522   3223.2    645.2
     1     1    19     1    21     0     0     0  -162.0   47.288  144.163   3367.5    632.6
     1     1    19     1    20    23     0     1  -163.0   47.300  143.840   3500.0    616.6
     1     1    19     1    20    22     0     2  -164.0   47.307  143.546   3612.0    603.0
     1     1    19     1    20    21     0     3  -165.0   47.295  143.261   3716.2    589.9
     1     1    19     1    20    20     0     2  -166.0   47.267  142.982   3802.8    577.5
     1     1    19     1    20    19     0     1  -167.0   47.235  142.714   3874.9    574.0
     1     1    19     1    20    18     0     0  -168.0   47.194  142.456   3934.0    571.2
     1     1    19     1    20    17     0     1  -169.0   47.128  142.204   3989.2    568.8
     1     1    19     1    20    16     0     2  -170.0   47.024  141.955   4038.7    565.8
     1     1    19     1    20    15     0     3  -171.0   46.884  141.711   4069.6    565.4
     1     1    19     1    20    14     0     2  -172.0   46.715  141.489   4075.6    568.3
     1     1    19     1    20    13     0     1  -173.0   46.516  141.295   4052.6    571.7
     1     1    19     1    20    12     0     0  -174.0   46.302  141.133   3959.9    578.6
     1     1    19     1    20    11     0     1  -175.0   46.094  140.980   3766.4    596.5
     1     1    19     1    20    10     0     2  -176.0   45.904  140.818   3482.2    622.9
     1     1    19     1    20     9     0     3  -177.0   45.739  140.665   3167.1    656.3
     1     1    19     1    20     8     0     2  -178.0   45.590  140.500   2875.8    683.5
     1     1    19     1    20     7     0     1  -179.0   45.448  140.298   2614.6    710.4
     1     1    19     1    20     6     0     0  -180.0   45.305  140.052   2427.5    732.3
     1     1    19     1    20     5     0     1  -181.0   45.171  139.749   2320.6    742.0
     1     1    19     1    20     4     0     2  -182.0   45.055  139.412   2249.0    747.6
     1     1    19     1    20     3     0     3  -183.0   44.941  139.071   2191.0    753.9
     1     1    19     1    20     2     0     2  -184.0   44.832  138.728   2141.1    759.5
     1     1    19     1    20     1     0     1  -185.0   44.748  138.375   2103.5    764.9
     1     1    19     1    20     0     0     0  -186.0   44.691  138.011   2090.4    767.6
     1     1    19     1    19    23     0     1  -187.0   44.643  137.634   2082.7    766.5
     1     1    19     1    19    22     0     2  -188.0   44.593  137.243   2058.8    769.9
     1     1    19     1    19    21     0     3  -189.0   44.546  136.833   2021.9    769.3
     1     1    19     1    19    20     0     2  -190.0   44.496  136.402   1978.2    762.3
     1     1    19     1    19    19     0     1  -191.0   44.437  135.953   1935.1    757.3
     1     1    19     1    19    18     0     0  -192.0   44.370  135.477   1927.9    750.2
     1     1    19     1    19    17     0     1  -193.0   44.294  134.952   1983.8    729.9
     1     1    19     1    19    16     0     2  -194.0   44.233  134.378   2066.4    723.2
     1     1    19     1    19    15     0     3  -195.0   44.199  133.778   2122.1    724.9
     1     1    19     1    19    14     0     2  -196.0   44.176  133.203   2149.0    734.4
     1     1    19     1    19    13     0     1  -197.0   44.161  132.685   2141.0    745.5
     1     1    19     1    19    12     0     0  -198.0   44.164  132.226   2102.3    758.4
     1     1    19     1    19    11     0     1  -199.0   44.189  131.786   2037.0    764.7
     1     1    19     1    19    10     0     2  -200.0   44.230  131.304   1949.3    760.8
     1     1    19     1    19     9     0     3  -201.0   44.276  130.763   1856.0    757.4
     1     1    19     1    19     8     0     2  -202.0   44.315  130.173   1805.3    753.0
     1     1    19     1    19     7     0     1  -203.0   44.351  129.551   1802.7    749.3
     1     1    19     1    19     6     0     0  -204.0   44.390  128.913   1807.0    749.3
     1     1    19     1    19     5     0     1  -205.0   44.424  128.267   1838.7    745.3
     1     1    19     1    19     4     0     2  -206.0   44.450  127.632   1896.6    746.4
     1     1    19     1    19     3     0     3  -207.0   44.471  127.038   1925.0    760.5
     1     1    19     1    19     2     0     2  -208.0   44.493  126.493   1908.6    770.2
     1     1    19     1    19     1     0     1  -209.0   44.517  125.989   1870.1    780.2
     1     1    19     1    19     0     0     0  -210.0   44.547  125.522   1826.3    787.4
     1     1    19     1    18    23     0     1  -211.0   44.591  125.086   1794.9    791.5
     1     1    19     1    18    22     0     2  -212.0   44.646  124.678   1778.3    794.3
     1     1    19     1    18    21     0     3  -213.0   44.712  124.291   1773.8    795.5
     1     1    19     1    18    20     0     2  -214.0   44.789  123.934   1774.8    796.4
     1     1    19     1    18    19     0     1  -215.0   44.878  123.610   1776.5    796.8
     1     1    19     1    18    18     0     0  -216.0   44.978  123.321   1777.2    797.1
     1     1    19     1    18    17     0     1  -217.0   45.092  123.054   1781.0    797.3
     1     1    19     1    18    16     0     2  -218.0   45.222  122.787   1791.6    794.9
     1     1    19     1    18    15     0     3  -219.0   45.368  122.524   1806.4    790.2
     1     1    19     1    18    14     0     2  -220.0   45.519  122.260   1821.1    784.2
     1     1    19     1    18    13     0     1  -221.0   45.673  121.992   1834.4    777.0
     1     1    19     1    18    12     0     0  -222.0   45.833  121.725   1852.6    763.1
     1     1    19     1    18    11     0     1  -223.0   45.997  121.442   1889.0    744.1
     1     1    19     1    18    10     0     2  -224.0   46.162  121.137   1937.0    724.3
     1     1    19     1    18     9     0     3  -225.0   46.331  120.819   1986.8    708.1
     1     1    19     1    18     8     0     2  -226.0   46.502  120.492   2030.2    693.3
     1     1    19     1    18     7     0     1  -227.0   46.676  120.155   2065.8    677.2
     1     1    19     1    18     6     0     0  -228.0   46.858  119.813   2107.0    667.8
     1     1    19     1    18     5     0     1  -229.0   47.046  119.467   2155.1    670.0
     1     1    19     1    18     4     0     2  -230.0   47.234  119.124   2196.6    678.3
     1     1    19     1    18     3     0     3  -231.0   47.422  118.797   2221.6    685.7
     1     1    19     1    18     2     0     2  -232.0   47.609  118.483   2237.5    692.8
     1     1    19     1    18     1     0     1  -233.0   47.796  118.175   2250.4    699.3
     1     1    19     1    18     0     0     0  -234.0   47.987  117.876   2259.3    704.0
     1     1    19     1    17    23     0     1  -235.0   48.178  117.581   2265.8    703.8
     1     1    19     1    17    22     0     2  -236.0   48.361  117.285   2277.0    701.8
     1     1    19     1    17    21     0     3  -237.0   48.542  116.989   2291.4    698.9
     1     1    19     1    17    20     0     2  -238.0   48.720  116.694   2303.3    694.1
     1     1    19     1    17    19     0     1  -239.0   48.895  116.402   2313.2    690.4
     1     1    19     1    17    18     0     0  -240.0   49.073  116.119   2325.4    687.4
