     7     1
    GDAS    18    12     1     0     0
    GDAS    19     1     1     0     0
    GDAS    19     2     1     0     0
    GDAS    19     3     1     0     0
    GDAS    19     4     1     0     0
    GDAS    19     5     1     0     0
    GDAS    19     6     1     0     0
     1 BACKWARD OMEGA   
    19     3    23     0   21.319 -157.670    10.0
     1 PRESSURE
     1     1    19     3    23     0     0     0     0.0   21.319 -157.670     10.0   1016.9
     1     1    19     3    22    23     0     1    -1.0   21.426 -157.507     10.6   1016.3
     1     1    19     3    22    22     0     2    -2.0   21.516 -157.341     11.5   1015.8
     1     1    19     3    22    21     0     3    -3.0   21.584 -157.170     12.8   1015.4
     1     1    19     3    22    20     0     2    -4.0   21.639 -157.000     14.7   1015.0
     1     1    19     3    22    19     0     1    -5.0   21.686 -156.831     17.1   1015.4
     1     1    19     3    22    18     0     0    -6.0   21.721 -156.656     20.0   1015.5
     1     1    19     3    22    17     0     1    -7.0   21.743 -156.462     23.0   1015.5
     1     1    19     3    22    16     0     2    -8.0   21.749 -156.236     25.8   1015.4
     1     1    19     3    22    15     0     3    -9.0   21.740 -155.985     27.8   1015.4
     1     1    19     3    22    14     0     2   -10.0   21.733 -155.727     29.3   1015.4
     1     1    19     3    22    13     0     1   -11.0   21.744 -155.474     30.5   1015.3
     1     1    19     3    22    12     0     0   -12.0   21.772 -155.228     31.6   1015.3
     1     1    19     3    22    11     0     1   -13.0   21.817 -154.990     32.7   1015.3
     1     1    19     3    22    10     0     2   -14.0   21.878 -154.759     33.6   1015.2
     1     1    19     3    22     9     0     3   -15.0   21.954 -154.533     34.0   1015.3
     1     1    19     3    22     8     0     2   -16.0   22.038 -154.324     34.1   1015.4
     1     1    19     3    22     7     0     1   -17.0   22.125 -154.141     34.1   1015.6
     1     1    19     3    22     6     0     0   -18.0   22.215 -153.985     34.1   1015.7
     1     1    19     3    22     5     0     1   -19.0   22.303 -153.848     34.1   1015.7
     1     1    19     3    22     4     0     2   -20.0   22.383 -153.717     34.1   1015.7
     1     1    19     3    22     3     0     3   -21.0   22.453 -153.592     34.1   1015.6
     1     1    19     3    22     2     0     2   -22.0   22.513 -153.471     34.1   1015.3
     1     1    19     3    22     1     0     1   -23.0   22.558 -153.350     34.1   1015.1
     1     1    19     3    22     0     0     0   -24.0   22.586 -153.227     34.1   1014.9
     1     1    19     3    21    23     0     1   -25.0   22.599 -153.094     34.1   1015.6
     1     1    19     3    21    22     0     2   -26.0   22.603 -152.944     34.1   1016.2
     1     1    19     3    21    21     0     3   -27.0   22.602 -152.777     34.5   1016.8
     1     1    19     3    21    20     0     2   -28.0   22.606 -152.603     35.4   1015.9
     1     1    19     3    21    19     0     1   -29.0   22.623 -152.433     37.5   1014.9
     1     1    19     3    21    18     0     0   -30.0   22.650 -152.265     41.1   1013.7
     1     1    19     3    21    17     0     1   -31.0   22.689 -152.102     46.0   1013.3
     1     1    19     3    21    16     0     2   -32.0   22.743 -151.951     50.6   1012.9
     1     1    19     3    21    15     0     3   -33.0   22.813 -151.818     54.1   1012.7
     1     1    19     3    21    14     0     2   -34.0   22.885 -151.707     56.5   1012.5
     1     1    19     3    21    13     0     1   -35.0   22.944 -151.617     58.2   1012.3
     1     1    19     3    21    12     0     0   -36.0   22.989 -151.549     58.8   1012.2
     1     1    19     3    21    11     0     1   -37.0   23.012 -151.492     58.9   1012.4
     1     1    19     3    21    10     0     2   -38.0   23.006 -151.436     58.9   1012.4
     1     1    19     3    21     9     0     3   -39.0   22.971 -151.380     59.0   1012.5
     1     1    19     3    21     8     0     2   -40.0   22.917 -151.321     59.7   1012.5
     1     1    19     3    21     7     0     1   -41.0   22.856 -151.260     61.7   1012.3
     1     1    19     3    21     6     0     0   -42.0   22.791 -151.197     64.7   1011.8
     1     1    19     3    21     5     0     1   -43.0   22.730 -151.129     68.2   1010.5
     1     1    19     3    21     4     0     2   -44.0   22.681 -151.053     71.7   1009.3
     1     1    19     3    21     3     0     3   -45.0   22.645 -150.971     75.0   1008.2
     1     1    19     3    21     2     0     2   -46.0   22.613 -150.883     77.8   1007.8
     1     1    19     3    21     1     0     1   -47.0   22.578 -150.788     79.8   1007.6
     1     1    19     3    21     0     0     0   -48.0   22.542 -150.685     80.5   1007.5
     1     1    19     3    20    23     0     1   -49.0   22.504 -150.572     80.5   1008.5
     1     1    19     3    20    22     0     2   -50.0   22.466 -150.445     80.5   1009.5
     1     1    19     3    20    21     0     3   -51.0   22.428 -150.306     80.5   1010.4
     1     1    19     3    20    20     0     2   -52.0   22.393 -150.154     80.5   1010.4
     1     1    19     3    20    19     0     1   -53.0   22.362 -149.993     80.5   1010.4
     1     1    19     3    20    18     0     0   -54.0   22.334 -149.821     80.4   1010.3
     1     1    19     3    20    17     0     1   -55.0   22.309 -149.640     80.4   1010.1
     1     1    19     3    20    16     0     2   -56.0   22.284 -149.453     80.4   1009.9
     1     1    19     3    20    15     0     3   -57.0   22.261 -149.261     80.4   1009.7
     1     1    19     3    20    14     0     2   -58.0   22.240 -149.065     80.4   1009.7
     1     1    19     3    20    13     0     1   -59.0   22.224 -148.868     80.4   1009.7
     1     1    19     3    20    12     0     0   -60.0   22.212 -148.669     80.4   1009.7
     1     1    19     3    20    11     0     1   -61.0   22.208 -148.467     80.4   1009.8
     1     1    19     3    20    10     0     2   -62.0   22.214 -148.259     80.4   1009.8
     1     1    19     3    20     9     0     3   -63.0   22.229 -148.044     80.4   1009.9
     1     1    19     3    20     8     0     2   -64.0   22.255 -147.826     80.4   1009.7
     1     1    19     3    20     7     0     1   -65.0   22.293 -147.607     80.4   1009.5
     1     1    19     3    20     6     0     0   -66.0   22.344 -147.388     80.4   1009.4
     1     1    19     3    20     5     0     1   -67.0   22.404 -147.175     80.6   1009.1
     1     1    19     3    20     4     0     2   -68.0   22.469 -146.975     80.9   1008.7
     1     1    19     3    20     3     0     3   -69.0   22.540 -146.789     81.5   1008.5
     1     1    19     3    20     2     0     2   -70.0   22.612 -146.616     83.4   1008.3
     1     1    19     3    20     1     0     1   -71.0   22.679 -146.457     86.5   1007.8
     1     1    19     3    20     0     0     0   -72.0   22.739 -146.311     89.9   1007.3
     1     1    19     3    19    23     0     1   -73.0   22.799 -146.172     93.0   1007.7
     1     1    19     3    19    22     0     2   -74.0   22.864 -146.030     95.0   1008.2
     1     1    19     3    19    21     0     3   -75.0   22.933 -145.888     96.1   1008.9
     1     1    19     3    19    20     0     2   -76.0   23.009 -145.748     96.9   1008.8
     1     1    19     3    19    19     0     1   -77.0   23.093 -145.613     99.0   1008.6
     1     1    19     3    19    18     0     0   -78.0   23.187 -145.484    104.0   1008.0
     1     1    19     3    19    17     0     1   -79.0   23.289 -145.363    110.4   1006.4
     1     1    19     3    19    16     0     2   -80.0   23.398 -145.254    115.1   1005.3
     1     1    19     3    19    15     0     3   -81.0   23.514 -145.158    116.9   1004.5
     1     1    19     3    19    14     0     2   -82.0   23.636 -145.073    116.9   1004.7
     1     1    19     3    19    13     0     1   -83.0   23.770 -144.996    116.9   1004.6
     1     1    19     3    19    12     0     0   -84.0   23.914 -144.930    116.9   1004.4
     1     1    19     3    19    11     0     1   -85.0   24.067 -144.876    116.9   1004.7
     1     1    19     3    19    10     0     2   -86.0   24.228 -144.835    116.9   1004.9
     1     1    19     3    19     9     0     3   -87.0   24.396 -144.807    116.9   1005.1
     1     1    19     3    19     8     0     2   -88.0   24.575 -144.793    116.9   1004.8
     1     1    19     3    19     7     0     1   -89.0   24.767 -144.797    116.9   1004.6
     1     1    19     3    19     6     0     0   -90.0   24.970 -144.818    116.9   1004.4
     1     1    19     3    19     5     0     1   -91.0   25.177 -144.865    116.9   1004.2
     1     1    19     3    19     4     0     2   -92.0   25.382 -144.946    116.9   1004.0
     1     1    19     3    19     3     0     3   -93.0   25.585 -145.056    116.9   1003.8
     1     1    19     3    19     2     0     2   -94.0   25.791 -145.188    116.9   1003.6
     1     1    19     3    19     1     0     1   -95.0   26.002 -145.336    116.9   1003.4
     1     1    19     3    19     0     0     0   -96.0   26.222 -145.502    116.9   1003.2
     1     1    19     3    18    23     0     1   -97.0   26.442 -145.676    116.9   1003.6
     1     1    19     3    18    22     0     2   -98.0   26.651 -145.854    116.9   1003.9
     1     1    19     3    18    21     0     3   -99.0   26.846 -146.036    116.9   1004.2
     1     1    19     3    18    20     0     2  -100.0   27.036 -146.233    118.0   1003.8
     1     1    19     3    18    19     0     1  -101.0   27.239 -146.454    123.0   1003.0
     1     1    19     3    18    18     0     0  -102.0   27.456 -146.691    133.4   1001.6
     1     1    19     3    18    17     0     1  -103.0   27.683 -146.941    143.9    999.2
     1     1    19     3    18    16     0     2  -104.0   27.916 -147.206    148.1    998.0
     1     1    19     3    18    15     0     3  -105.0   28.159 -147.496    148.5    997.9
     1     1    19     3    18    14     0     2  -106.0   28.412 -147.806    148.5    997.6
     1     1    19     3    18    13     0     1  -107.0   28.666 -148.126    148.5    997.2
     1     1    19     3    18    12     0     0  -108.0   28.910 -148.460    148.5    996.8
     1     1    19     3    18    11     0     1  -109.0   29.149 -148.812    148.9    997.1
     1     1    19     3    18    10     0     2  -110.0   29.401 -149.167    149.9    997.2
     1     1    19     3    18     9     0     3  -111.0   29.666 -149.512    151.1    997.2
     1     1    19     3    18     8     0     2  -112.0   29.939 -149.859    151.7    996.7
     1     1    19     3    18     7     0     1  -113.0   30.220 -150.228    154.0    996.3
     1     1    19     3    18     6     0     0  -114.0   30.513 -150.614    160.1    994.9
     1     1    19     3    18     5     0     1  -115.0   30.814 -151.009    164.9    992.7
     1     1    19     3    18     4     0     2  -116.0   31.121 -151.423    166.0    992.1
     1     1    19     3    18     3     0     3  -117.0   31.435 -151.859    166.7    991.2
     1     1    19     3    18     2     0     2  -118.0   31.754 -152.301    167.4    990.6
     1     1    19     3    18     1     0     1  -119.0   32.072 -152.755    167.9    990.1
     1     1    19     3    18     0     0     0  -120.0   32.384 -153.221    168.0    989.6
     1     1    19     3    17    23     0     1  -121.0   32.700 -153.680    168.4    989.6
     1     1    19     3    17    22     0     2  -122.0   33.031 -154.127    168.8    989.3
     1     1    19     3    17    21     0     3  -123.0   33.376 -154.563    168.8    989.2
     1     1    19     3    17    20     0     2  -124.0   33.737 -154.992    167.9    988.6
     1     1    19     3    17    19     0     1  -125.0   34.107 -155.427    165.8    988.3
     1     1    19     3    17    18     0     0  -126.0   34.484 -155.863    164.8    988.0
     1     1    19     3    17    17     0     1  -127.0   34.872 -156.294    167.2    987.2
     1     1    19     3    17    16     0     2  -128.0   35.271 -156.721    174.4    985.9
     1     1    19     3    17    15     0     3  -129.0   35.676 -157.141    182.2    983.7
     1     1    19     3    17    14     0     2  -130.0   36.090 -157.557    187.2    982.9
     1     1    19     3    17    13     0     1  -131.0   36.509 -157.974    193.3    981.9
     1     1    19     3    17    12     0     0  -132.0   36.932 -158.393    197.6    980.3
     1     1    19     3    17    11     0     1  -133.0   37.366 -158.804    200.1    980.3
     1     1    19     3    17    10     0     2  -134.0   37.814 -159.199    203.2    979.5
     1     1    19     3    17     9     0     3  -135.0   38.267 -159.580    204.4    979.2
     1     1    19     3    17     8     0     2  -136.0   38.731 -159.952    208.8    978.2
     1     1    19     3    17     7     0     1  -137.0   39.212 -160.321    219.6    975.9
     1     1    19     3    17     6     0     0  -138.0   39.710 -160.691    230.4    973.4
     1     1    19     3    17     5     0     1  -139.0   40.214 -161.049    236.2    971.7
     1     1    19     3    17     4     0     2  -140.0   40.713 -161.387    240.0    970.6
     1     1    19     3    17     3     0     3  -141.0   41.204 -161.707    243.8    969.0
     1     1    19     3    17     2     0     2  -142.0   41.692 -162.001    245.3    968.0
     1     1    19     3    17     1     0     1  -143.0   42.185 -162.268    245.3    967.5
     1     1    19     3    17     0     0     0  -144.0   42.678 -162.518    245.3    966.8
     1     1    19     3    16    23     0     1  -145.0   43.179 -162.744    247.0    966.6
     1     1    19     3    16    22     0     2  -146.0   43.697 -162.934    250.0    965.7
     1     1    19     3    16    21     0     3  -147.0   44.230 -163.096    251.2    965.2
     1     1    19     3    16    20     0     2  -148.0   44.772 -163.239    254.5    964.5
     1     1    19     3    16    19     0     1  -149.0   45.319 -163.369    262.8    962.7
     1     1    19     3    16    18     0     0  -150.0   45.865 -163.498    269.5    960.5
     1     1    19     3    16    17     0     1  -151.0   46.398 -163.614    273.5    960.0
     1     1    19     3    16    16     0     2  -152.0   46.909 -163.703    278.2    958.7
     1     1    19     3    16    15     0     3  -153.0   47.391 -163.767    281.8    957.6
     1     1    19     3    16    14     0     2  -154.0   47.855 -163.818    283.4    957.1
     1     1    19     3    16    13     0     1  -155.0   48.314 -163.866    283.6    956.8
     1     1    19     3    16    12     0     0  -156.0   48.761 -163.916    283.5    956.5
     1     1    19     3    16    11     0     1  -157.0   49.199 -163.960    282.5    956.6
     1     1    19     3    16    10     0     2  -158.0   49.630 -163.990    279.9    957.1
     1     1    19     3    16     9     0     3  -159.0   50.048 -164.007    278.2    957.6
     1     1    19     3    16     8     0     2  -160.0   50.460 -164.014    278.0    957.3
     1     1    19     3    16     7     0     1  -161.0   50.879 -164.017    276.7    957.3
     1     1    19     3    16     6     0     0  -162.0   51.304 -164.022    272.9    957.6
     1     1    19     3    16     5     0     1  -163.0   51.727 -164.031    267.3    958.8
     1     1    19     3    16     4     0     2  -164.0   52.137 -164.040    262.9    959.8
     1     1    19     3    16     3     0     3  -165.0   52.536 -164.047    261.3    960.3
     1     1    19     3    16     2     0     2  -166.0   52.922 -164.051    261.1    960.6
     1     1    19     3    16     1     0     1  -167.0   53.289 -164.050    257.7    961.2
     1     1    19     3    16     0     0     0  -168.0   53.629 -164.035    248.5    962.7
     1     1    19     3    15    23     0     1  -169.0   53.940 -164.006    236.5    965.2
     1     1    19     3    15    22     0     2  -170.0   54.233 -163.960    199.4    967.4
     1     1    19     3    15    21     0     3  -171.0   54.514 -163.889    123.1    978.4
     1     1    19     3    15    20     0     2  -172.0   54.770 -163.809     68.4    990.2
     1     1    19     3    15    19     0     1  -173.0   54.997 -163.738     38.9    991.7
     1     1    19     3    15    18     0     0  -174.0   55.196 -163.680     26.7    992.2
     1     1    19     3    15    17     0     1  -175.0   55.378 -163.632     24.0    992.4
     1     1    19     3    15    16     0     2  -176.0   55.545 -163.589     25.9    992.9
     1     1    19     3    15    15     0     3  -177.0   55.694 -163.549     29.6    993.6
     1     1    19     3    15    14     0     2  -178.0   55.817 -163.501     34.1    994.2
     1     1    19     3    15    13     0     1  -179.0   55.910 -163.438     39.0    994.6
     1     1    19     3    15    12     0     0  -180.0   55.973 -163.361     43.8    994.9
     1     1    19     3    15    11     0     1  -181.0   56.016 -163.289     48.2    994.9
     1     1    19     3    15    10     0     2  -182.0   56.044 -163.245     52.1    994.8
     1     1    19     3    15     9     0     3  -183.0   56.056 -163.235     56.2    994.5
     1     1    19     3    15     8     0     2  -184.0   56.053 -163.240     60.2    992.9
     1     1    19     3    15     7     0     1  -185.0   56.037 -163.244     63.4    991.7
     1     1    19     3    15     6     0     0  -186.0   56.009 -163.246     65.6    990.6
     1     1    19     3    15     5     0     1  -187.0   55.979 -163.245     68.3    990.1
     1     1    19     3    15     4     0     2  -188.0   55.955 -163.242     73.1    989.2
     1     1    19     3    15     3     0     3  -189.0   55.939 -163.237     80.4    988.0
     1     1    19     3    15     2     0     2  -190.0   55.936 -163.233     91.3    986.7
     1     1    19     3    15     1     0     1  -191.0   55.952 -163.234    104.9    985.1
     1     1    19     3    15     0     0     0  -192.0   55.984 -163.240    118.8    983.6
     1     1    19     3    14    23     0     1  -193.0   56.027 -163.276    131.0    982.2
     1     1    19     3    14    22     0     2  -194.0   56.070 -163.365    143.5    980.8
     1     1    19     3    14    21     0     3  -195.0   56.108 -163.500    158.6    978.5
     1     1    19     3    14    20     0     2  -196.0   56.148 -163.672    176.4    975.7
     1     1    19     3    14    19     0     1  -197.0   56.202 -163.877    196.8    972.9
     1     1    19     3    14    18     0     0  -198.0   56.273 -164.119    220.8    969.7
     1     1    19     3    14    17     0     1  -199.0   56.340 -164.392    245.5    966.1
     1     1    19     3    14    16     0     2  -200.0   56.399 -164.692    268.6    963.2
     1     1    19     3    14    15     0     3  -201.0   56.469 -165.026    291.7    960.1
     1     1    19     3    14    14     0     2  -202.0   56.539 -165.384    317.0    956.7
     1     1    19     3    14    13     0     1  -203.0   56.596 -165.750    347.7    952.9
     1     1    19     3    14    12     0     0  -204.0   56.645 -166.123    385.7    948.4
     1     1    19     3    14    11     0     1  -205.0   56.693 -166.503    426.8    943.2
     1     1    19     3    14    10     0     2  -206.0   56.752 -166.893    468.0    938.1
     1     1    19     3    14     9     0     3  -207.0   56.834 -167.300    513.0    932.4
     1     1    19     3    14     8     0     2  -208.0   56.930 -167.723    565.8    926.5
     1     1    19     3    14     7     0     1  -209.0   57.021 -168.168    624.9    919.5
     1     1    19     3    14     6     0     0  -210.0   57.103 -168.640    673.2    911.9
     1     1    19     3    14     5     0     1  -211.0   57.173 -169.109    709.2    908.7
     1     1    19     3    14     4     0     2  -212.0   57.239 -169.549    752.2    904.4
     1     1    19     3    14     3     0     3  -213.0   57.309 -169.971    817.1    897.6
     1     1    19     3    14     2     0     2  -214.0   57.382 -170.387    884.0    887.1
     1     1    19     3    14     1     0     1  -215.0   57.464 -170.799    928.0    882.4
     1     1    19     3    14     0     0     0  -216.0   57.556 -171.211    958.6    879.5
     1     1    19     3    13    23     0     1  -217.0   57.669 -171.616    991.6    876.9
     1     1    19     3    13    22     0     2  -218.0   57.809 -172.019   1044.2    871.7
     1     1    19     3    13    21     0     3  -219.0   57.968 -172.439   1116.1    863.1
     1     1    19     3    13    20     0     2  -220.0   58.128 -172.867   1191.7    853.8
     1     1    19     3    13    19     0     1  -221.0   58.279 -173.278   1257.6    845.8
     1     1    19     3    13    18     0     0  -222.0   58.416 -173.670   1312.5    840.0
     1     1    19     3    13    17     0     1  -223.0   58.548 -174.052   1360.9    835.1
     1     1    19     3    13    16     0     2  -224.0   58.685 -174.424   1404.9    830.5
     1     1    19     3    13    15     0     3  -225.0   58.827 -174.793   1444.0    826.4
     1     1    19     3    13    14     0     2  -226.0   58.974 -175.161   1472.1    823.1
     1     1    19     3    13    13     0     1  -227.0   59.128 -175.509   1485.4    822.2
     1     1    19     3    13    12     0     0  -228.0   59.291 -175.830   1486.3    822.6
     1     1    19     3    13    11     0     1  -229.0   59.469 -176.113   1482.4    823.8
     1     1    19     3    13    10     0     2  -230.0   59.666 -176.353   1481.1    824.1
     1     1    19     3    13     9     0     3  -231.0   59.879 -176.553   1481.9    824.0
     1     1    19     3    13     8     0     2  -232.0   60.104 -176.721   1486.3    823.9
     1     1    19     3    13     7     0     1  -233.0   60.338 -176.860   1495.1    823.0
     1     1    19     3    13     6     0     0  -234.0   60.578 -176.967   1505.0    821.8
     1     1    19     3    13     5     0     1  -235.0   60.822 -177.040   1511.9    820.9
     1     1    19     3    13     4     0     2  -236.0   61.072 -177.082   1514.1    820.9
     1     1    19     3    13     3     0     3  -237.0   61.335 -177.086   1514.1    821.4
     1     1    19     3    13     2     0     2  -238.0   61.611 -177.045   1514.1    821.6
     1     1    19     3    13     1     0     1  -239.0   61.892 -176.963   1514.1    821.7
     1     1    19     3    13     0     0     0  -240.0   62.176 -176.845   1517.1    821.9
