     7     1
    GDAS    19     6     1     0     0
    GDAS    19     7     1     0     0
    GDAS    19     8     1     0     0
    GDAS    19     9     1     0     0
    GDAS    19    10     1     0     0
    GDAS    19    11     1     0     0
    GDAS    19    12     1     0     0
     1 BACKWARD OMEGA   
    19     7    19     6   21.319 -157.670    10.0
     1 PRESSURE
     1     1    19     7    19     6     0     0     0.0   21.319 -157.670     10.0   1011.6
     1     1    19     7    19     5     0     1    -1.0   21.435 -157.411     40.0   1009.0
     1     1    19     7    19     4     0     2    -2.0   21.552 -157.102    148.7    997.3
     1     1    19     7    19     3     0     3    -3.0   21.670 -156.736    278.1    978.8
     1     1    19     7    19     2     0     2    -4.0   21.778 -156.348    341.0    970.8
     1     1    19     7    19     1     0     1    -5.0   21.876 -155.962    353.5    974.4
     1     1    19     7    19     0     0     0    -6.0   21.985 -155.576    376.4    975.2
     1     1    19     7    18    23     0     1    -7.0   22.097 -155.182    417.8    969.3
     1     1    19     7    18    22     0     2    -8.0   22.181 -154.789    447.7    966.1
     1     1    19     7    18    21     0     3    -9.0   22.245 -154.409    470.5    965.3
     1     1    19     7    18    20     0     2   -10.0   22.312 -154.040    487.5    962.2
     1     1    19     7    18    19     0     1   -11.0   22.389 -153.671    493.1    961.7
     1     1    19     7    18    18     0     0   -12.0   22.475 -153.307    506.2    961.9
     1     1    19     7    18    17     0     1   -13.0   22.561 -152.946    532.4    957.9
     1     1    19     7    18    16     0     2   -14.0   22.641 -152.578    541.6    954.7
     1     1    19     7    18    15     0     3   -15.0   22.712 -152.213    522.5    957.8
     1     1    19     7    18    14     0     2   -16.0   22.778 -151.853    495.1    961.9
     1     1    19     7    18    13     0     1   -17.0   22.842 -151.486    474.5    964.7
     1     1    19     7    18    12     0     0   -18.0   22.899 -151.107    466.7    965.4
     1     1    19     7    18    11     0     1   -19.0   22.952 -150.716    468.0    965.5
     1     1    19     7    18    10     0     2   -20.0   23.009 -150.314    471.9    965.6
     1     1    19     7    18     9     0     3   -21.0   23.063 -149.899    475.0    965.7
     1     1    19     7    18     8     0     2   -22.0   23.121 -149.475    476.6    965.3
     1     1    19     7    18     7     0     1   -23.0   23.193 -149.048    474.9    964.8
     1     1    19     7    18     6     0     0   -24.0   23.273 -148.618    470.9    965.5
     1     1    19     7    18     5     0     1   -25.0   23.362 -148.179    470.7    965.3
     1     1    19     7    18     4     0     2   -26.0   23.463 -147.730    470.2    964.5
     1     1    19     7    18     3     0     3   -27.0   23.574 -147.276    457.9    965.0
     1     1    19     7    18     2     0     2   -28.0   23.694 -146.827    441.6    968.6
     1     1    19     7    18     1     0     1   -29.0   23.817 -146.387    436.1    969.6
     1     1    19     7    18     0     0     0   -30.0   23.943 -145.949    436.7    968.7
     1     1    19     7    17    23     0     1   -31.0   24.071 -145.507    438.7    969.1
     1     1    19     7    17    22     0     2   -32.0   24.200 -145.055    446.4    968.8
     1     1    19     7    17    21     0     3   -33.0   24.331 -144.602    457.8    967.4
     1     1    19     7    17    20     0     2   -34.0   24.467 -144.156    467.4    966.3
     1     1    19     7    17    19     0     1   -35.0   24.608 -143.722    477.6    965.8
     1     1    19     7    17    18     0     0   -36.0   24.749 -143.301    487.6    964.3
     1     1    19     7    17    17     0     1   -37.0   24.891 -142.890    489.4    963.4
     1     1    19     7    17    16     0     2   -38.0   25.030 -142.486    486.6    964.3
     1     1    19     7    17    15     0     3   -39.0   25.163 -142.085    487.0    964.0
     1     1    19     7    17    14     0     2   -40.0   25.289 -141.688    487.1    963.4
     1     1    19     7    17    13     0     1   -41.0   25.410 -141.295    482.2    963.7
     1     1    19     7    17    12     0     0   -42.0   25.528 -140.902    471.6    964.7
     1     1    19     7    17    11     0     1   -43.0   25.644 -140.502    462.2    967.1
     1     1    19     7    17    10     0     2   -44.0   25.759 -140.092    458.9    967.7
     1     1    19     7    17     9     0     3   -45.0   25.873 -139.673    459.7    968.0
     1     1    19     7    17     8     0     2   -46.0   25.998 -139.252    462.1    967.5
     1     1    19     7    17     7     0     1   -47.0   26.141 -138.832    463.4    967.3
     1     1    19     7    17     6     0     0   -48.0   26.297 -138.411    465.5    967.5
     1     1    19     7    17     5     0     1   -49.0   26.459 -137.992    471.7    966.4
     1     1    19     7    17     4     0     2   -50.0   26.622 -137.581    479.1    964.8
     1     1    19     7    17     3     0     3   -51.0   26.791 -137.178    483.5    963.8
     1     1    19     7    17     2     0     2   -52.0   26.960 -136.783    486.1    963.9
     1     1    19     7    17     1     0     1   -53.0   27.119 -136.402    488.5    963.7
     1     1    19     7    17     0     0     0   -54.0   27.266 -136.038    488.8    963.6
     1     1    19     7    16    23     0     1   -55.0   27.407 -135.683    487.0    964.4
     1     1    19     7    16    22     0     2   -56.0   27.548 -135.321    483.3    965.1
     1     1    19     7    16    21     0     3   -57.0   27.687 -134.955    476.1    966.3
     1     1    19     7    16    20     0     2   -58.0   27.828 -134.591    476.2    967.7
     1     1    19     7    16    19     0     1   -59.0   27.969 -134.235    490.3    965.6
     1     1    19     7    16    18     0     0   -60.0   28.108 -133.885    512.8    962.9
     1     1    19     7    16    17     0     1   -61.0   28.239 -133.545    535.0    959.4
     1     1    19     7    16    16     0     2   -62.0   28.367 -133.217    547.1    957.4
     1     1    19     7    16    15     0     3   -63.0   28.493 -132.897    545.8    957.2
     1     1    19     7    16    14     0     2   -64.0   28.618 -132.586    533.8    958.7
     1     1    19     7    16    13     0     1   -65.0   28.739 -132.281    510.7    960.7
     1     1    19     7    16    12     0     0   -66.0   28.857 -131.981    471.9    964.8
     1     1    19     7    16    11     0     1   -67.0   28.991 -131.683    438.7    971.6
     1     1    19     7    16    10     0     2   -68.0   29.147 -131.391    435.2    972.3
     1     1    19     7    16     9     0     3   -69.0   29.318 -131.103    458.4    969.1
     1     1    19     7    16     8     0     2   -70.0   29.495 -130.821    481.9    964.2
     1     1    19     7    16     7     0     1   -71.0   29.686 -130.549    492.2    964.3
     1     1    19     7    16     6     0     0   -72.0   29.893 -130.289    505.9    964.1
     1     1    19     7    16     5     0     1   -73.0   30.102 -130.041    526.3    960.8
     1     1    19     7    16     4     0     2   -74.0   30.303 -129.805    541.8    958.2
     1     1    19     7    16     3     0     3   -75.0   30.503 -129.579    548.7    957.4
     1     1    19     7    16     2     0     2   -76.0   30.701 -129.368    550.7    957.3
     1     1    19     7    16     1     0     1   -77.0   30.892 -129.170    545.3    957.2
     1     1    19     7    16     0     0     0   -78.0   31.075 -128.986    526.2    958.9
     1     1    19     7    15    23     0     1   -79.0   31.260 -128.804    510.5    963.2
     1     1    19     7    15    22     0     2   -80.0   31.454 -128.618    511.9    962.8
     1     1    19     7    15    21     0     3   -81.0   31.654 -128.428    522.4    961.6
     1     1    19     7    15    20     0     2   -82.0   31.864 -128.244    541.1    959.9
     1     1    19     7    15    19     0     1   -83.0   32.084 -128.073    570.6    956.8
     1     1    19     7    15    18     0     0   -84.0   32.313 -127.917    606.5    952.6
     1     1    19     7    15    17     0     1   -85.0   32.551 -127.783    635.0    948.3
     1     1    19     7    15    16     0     2   -86.0   32.804 -127.677    651.3    946.8
     1     1    19     7    15    15     0     3   -87.0   33.068 -127.598    663.9    945.6
     1     1    19     7    15    14     0     2   -88.0   33.327 -127.543    678.3    943.8
     1     1    19     7    15    13     0     1   -89.0   33.570 -127.507    696.3    941.5
     1     1    19     7    15    12     0     0   -90.0   33.799 -127.492    717.4    938.8
     1     1    19     7    15    11     0     1   -91.0   34.015 -127.490    738.6    936.4
     1     1    19     7    15    10     0     2   -92.0   34.218 -127.493    755.2    934.4
     1     1    19     7    15     9     0     3   -93.0   34.408 -127.501    765.0    933.6
     1     1    19     7    15     8     0     2   -94.0   34.593 -127.517    770.9    933.3
     1     1    19     7    15     7     0     1   -95.0   34.776 -127.547    776.0    933.1
     1     1    19     7    15     6     0     0   -96.0   34.955 -127.585    782.9    932.7
     1     1    19     7    15     5     0     1   -97.0   35.131 -127.629    796.4    931.4
     1     1    19     7    15     4     0     2   -98.0   35.308 -127.674    819.0    928.8
     1     1    19     7    15     3     0     3   -99.0   35.483 -127.722    847.6    925.5
     1     1    19     7    15     2     0     2  -100.0   35.643 -127.778    874.6    922.1
     1     1    19     7    15     1     0     1  -101.0   35.782 -127.844    895.6    919.8
     1     1    19     7    15     0     0     0  -102.0   35.901 -127.922    913.8    917.8
     1     1    19     7    14    23     0     1  -103.0   36.007 -128.004    933.3    916.1
     1     1    19     7    14    22     0     2  -104.0   36.110 -128.080    953.8    913.6
     1     1    19     7    14    21     0     3  -105.0   36.211 -128.150    970.6    911.7
     1     1    19     7    14    20     0     2  -106.0   36.315 -128.220    981.0    910.4
     1     1    19     7    14    19     0     1  -107.0   36.424 -128.297    984.6    910.1
     1     1    19     7    14    18     0     0  -108.0   36.538 -128.378    982.7    910.3
     1     1    19     7    14    17     0     1  -109.0   36.657 -128.466    985.2    910.7
     1     1    19     7    14    16     0     2  -110.0   36.784 -128.560   1003.8    908.5
     1     1    19     7    14    15     0     3  -111.0   36.916 -128.661   1043.4    904.1
     1     1    19     7    14    14     0     2  -112.0   37.043 -128.768   1088.2    897.3
     1     1    19     7    14    13     0     1  -113.0   37.160 -128.880   1121.2    893.6
     1     1    19     7    14    12     0     0  -114.0   37.271 -128.994   1146.6    891.1
     1     1    19     7    14    11     0     1  -115.0   37.376 -129.107   1163.5    888.8
     1     1    19     7    14    10     0     2  -116.0   37.476 -129.220   1164.0    888.5
     1     1    19     7    14     9     0     3  -117.0   37.571 -129.332   1144.7    890.4
     1     1    19     7    14     8     0     2  -118.0   37.664 -129.443   1127.0    894.7
     1     1    19     7    14     7     0     1  -119.0   37.757 -129.551   1138.1    894.1
     1     1    19     7    14     6     0     0  -120.0   37.854 -129.655   1188.7    889.8
     1     1    19     7    14     5     0     1  -121.0   37.954 -129.771   1256.8    879.1
     1     1    19     7    14     4     0     2  -122.0   38.055 -129.908   1303.0    872.8
     1     1    19     7    14     3     0     3  -123.0   38.155 -130.060   1314.3    871.1
     1     1    19     7    14     2     0     2  -124.0   38.247 -130.224   1305.5    873.7
     1     1    19     7    14     1     0     1  -125.0   38.326 -130.396   1292.0    875.0
     1     1    19     7    14     0     0     0  -126.0   38.394 -130.577   1278.8    877.0
     1     1    19     7    13    23     0     1  -127.0   38.449 -130.764   1289.9    878.1
     1     1    19     7    13    22     0     2  -128.0   38.490 -130.956   1347.2    872.8
     1     1    19     7    13    21     0     3  -129.0   38.518 -131.151   1434.3    861.9
     1     1    19     7    13    20     0     2  -130.0   38.539 -131.350   1508.1    852.1
     1     1    19     7    13    19     0     1  -131.0   38.559 -131.549   1551.9    848.0
     1     1    19     7    13    18     0     0  -132.0   38.585 -131.744   1577.6    845.7
     1     1    19     7    13    17     0     1  -133.0   38.618 -131.936   1585.7    844.1
     1     1    19     7    13    16     0     2  -134.0   38.655 -132.131   1577.4    845.4
     1     1    19     7    13    15     0     3  -135.0   38.693 -132.330   1563.0    847.0
     1     1    19     7    13    14     0     2  -136.0   38.731 -132.538   1545.4    848.5
     1     1    19     7    13    13     0     1  -137.0   38.770 -132.763   1526.9    850.6
     1     1    19     7    13    12     0     0  -138.0   38.827 -133.017   1514.2    852.1
     1     1    19     7    13    11     0     1  -139.0   38.879 -133.288   1501.6    852.8
     1     1    19     7    13    10     0     2  -140.0   38.904 -133.559   1489.5    854.5
     1     1    19     7    13     9     0     3  -141.0   38.919 -133.836   1484.1    855.4
     1     1    19     7    13     8     0     2  -142.0   38.928 -134.118   1493.3    855.3
     1     1    19     7    13     7     0     1  -143.0   38.928 -134.402   1521.0    852.6
     1     1    19     7    13     6     0     0  -144.0   38.920 -134.695   1552.5    848.2
     1     1    19     7    13     5     0     1  -145.0   38.910 -134.996   1576.1    845.8
     1     1    19     7    13     4     0     2  -146.0   38.899 -135.300   1607.0    843.7
     1     1    19     7    13     3     0     3  -147.0   38.884 -135.610   1658.9    838.3
     1     1    19     7    13     2     0     2  -148.0   38.862 -135.936   1716.0    831.0
     1     1    19     7    13     1     0     1  -149.0   38.834 -136.278   1761.8    826.3
     1     1    19     7    13     0     0     0  -150.0   38.807 -136.625   1802.2    823.2
     1     1    19     7    12    23     0     1  -151.0   38.772 -136.972   1839.1    819.1
     1     1    19     7    12    22     0     2  -152.0   38.718 -137.323   1858.2    816.4
     1     1    19     7    12    21     0     3  -153.0   38.648 -137.678   1857.5    817.0
     1     1    19     7    12    20     0     2  -154.0   38.571 -138.034   1861.4    818.5
     1     1    19     7    12    19     0     1  -155.0   38.488 -138.396   1867.4    815.9
     1     1    19     7    12    18     0     0  -156.0   38.395 -138.761   1843.6    817.1
     1     1    19     7    12    17     0     1  -157.0   38.302 -139.124   1785.3    823.4
     1     1    19     7    12    16     0     2  -158.0   38.212 -139.475   1739.8    831.4
     1     1    19     7    12    15     0     3  -159.0   38.112 -139.823   1776.0    830.7
     1     1    19     7    12    14     0     2  -160.0   38.003 -140.193   1882.7    815.5
     1     1    19     7    12    13     0     1  -161.0   37.891 -140.587   1963.3    803.1
     1     1    19     7    12    12     0     0  -162.0   37.769 -140.976   1990.1    801.8
     1     1    19     7    12    11     0     1  -163.0   37.639 -141.347   1999.9    803.2
     1     1    19     7    12    10     0     2  -164.0   37.509 -141.701   2005.0    802.3
     1     1    19     7    12     9     0     3  -165.0   37.370 -142.042   1990.8    803.0
     1     1    19     7    12     8     0     2  -166.0   37.238 -142.372   1985.4    807.5
     1     1    19     7    12     7     0     1  -167.0   37.121 -142.706   2025.0    803.7
     1     1    19     7    12     6     0     0  -168.0   37.001 -143.057   2115.6    795.6
     1     1    19     7    12     5     0     1  -169.0   36.885 -143.416   2179.9    781.7
     1     1    19     7    12     4     0     2  -170.0   36.786 -143.761   2165.6    784.9
     1     1    19     7    12     3     0     3  -171.0   36.696 -144.085   2123.0    791.6
     1     1    19     7    12     2     0     2  -172.0   36.610 -144.395   2103.6    795.9
     1     1    19     7    12     1     0     1  -173.0   36.521 -144.704   2132.1    793.4
     1     1    19     7    12     0     0     0  -174.0   36.427 -145.020   2211.2    786.2
     1     1    19     7    11    23     0     1  -175.0   36.336 -145.335   2286.7    774.2
     1     1    19     7    11    22     0     2  -176.0   36.252 -145.632   2322.5    772.6
     1     1    19     7    11    21     0     3  -177.0   36.173 -145.916   2351.7    771.7
     1     1    19     7    11    20     0     2  -178.0   36.099 -146.194   2376.9    767.9
     1     1    19     7    11    19     0     1  -179.0   36.028 -146.468   2386.3    767.2
     1     1    19     7    11    18     0     0  -180.0   35.961 -146.739   2385.8    767.5
     1     1    19     7    11    17     0     1  -181.0   35.903 -147.009   2384.8    767.9
     1     1    19     7    11    16     0     2  -182.0   35.856 -147.280   2379.5    767.2
     1     1    19     7    11    15     0     3  -183.0   35.821 -147.551   2364.4    768.7
     1     1    19     7    11    14     0     2  -184.0   35.789 -147.826   2349.7    770.6
     1     1    19     7    11    13     0     1  -185.0   35.746 -148.102   2346.8    771.2
     1     1    19     7    11    12     0     0  -186.0   35.694 -148.376   2368.5    769.8
     1     1    19     7    11    11     0     1  -187.0   35.639 -148.646   2412.8    765.0
     1     1    19     7    11    10     0     2  -188.0   35.584 -148.902   2456.6    760.2
     1     1    19     7    11     9     0     3  -189.0   35.529 -149.141   2489.5    757.7
     1     1    19     7    11     8     0     2  -190.0   35.485 -149.369   2522.6    755.5
     1     1    19     7    11     7     0     1  -191.0   35.465 -149.595   2563.4    751.3
     1     1    19     7    11     6     0     0  -192.0   35.471 -149.818   2606.3    747.0
     1     1    19     7    11     5     0     1  -193.0   35.494 -150.055   2643.9    743.1
     1     1    19     7    11     4     0     2  -194.0   35.531 -150.326   2668.1    740.5
     1     1    19     7    11     3     0     3  -195.0   35.580 -150.633   2674.1    739.7
     1     1    19     7    11     2     0     2  -196.0   35.634 -150.959   2668.3    740.9
     1     1    19     7    11     1     0     1  -197.0   35.689 -151.290   2663.0    741.8
     1     1    19     7    11     0     0     0  -198.0   35.742 -151.627   2663.0    741.9
     1     1    19     7    10    23     0     1  -199.0   35.789 -151.975   2662.8    741.6
     1     1    19     7    10    22     0     2  -200.0   35.837 -152.336   2662.5    742.5
     1     1    19     7    10    21     0     3  -201.0   35.882 -152.702   2665.8    742.1
     1     1    19     7    10    20     0     2  -202.0   35.921 -153.068   2672.0    741.8
     1     1    19     7    10    19     0     1  -203.0   35.960 -153.427   2672.7    740.7
     1     1    19     7    10    18     0     0  -204.0   35.992 -153.764   2641.0    742.2
     1     1    19     7    10    17     0     1  -205.0   36.014 -154.081   2613.6    749.2
     1     1    19     7    10    16     0     2  -206.0   36.042 -154.386   2649.4    746.5
     1     1    19     7    10    15     0     3  -207.0   36.079 -154.666   2753.8    736.7
     1     1    19     7    10    14     0     2  -208.0   36.124 -154.943   2888.8    721.7
     1     1    19     7    10    13     0     1  -209.0   36.173 -155.241   3024.4    710.8
     1     1    19     7    10    12     0     0  -210.0   36.225 -155.537   3181.3    698.4
     1     1    19     7    10    11     0     1  -211.0   36.281 -155.813   3345.0    682.2
     1     1    19     7    10    10     0     2  -212.0   36.347 -156.094   3475.7    671.1
     1     1    19     7    10     9     0     3  -213.0   36.421 -156.407   3462.5    664.3
     1     1    19     7    10     8     0     2  -214.0   36.501 -156.753   3289.3    685.3
     1     1    19     7    10     7     0     1  -215.0   36.593 -157.111   3128.4    706.1
     1     1    19     7    10     6     0     0  -216.0   36.689 -157.471   3063.4    712.6
     1     1    19     7    10     5     0     1  -217.0   36.784 -157.844   3053.7    708.9
     1     1    19     7    10     4     0     2  -218.0   36.886 -158.235   3034.0    709.5
     1     1    19     7    10     3     0     3  -219.0   36.994 -158.628   2991.8    713.1
     1     1    19     7    10     2     0     2  -220.0   37.090 -159.025   2965.4    718.8
     1     1    19     7    10     1     0     1  -221.0   37.169 -159.448   2981.0    716.4
     1     1    19     7    10     0     0     0  -222.0   37.245 -159.899   3018.4    712.8
     1     1    19     7     9    23     0     1  -223.0   37.307 -160.362   3053.6    708.2
     1     1    19     7     9    22     0     2  -224.0   37.342 -160.817   3074.9    706.9
     1     1    19     7     9    21     0     3  -225.0   37.364 -161.272   3076.4    705.6
     1     1    19     7     9    20     0     2  -226.0   37.385 -161.729   3051.9    708.4
     1     1    19     7     9    19     0     1  -227.0   37.411 -162.183   3006.5    712.3
     1     1    19     7     9    18     0     0  -228.0   37.439 -162.623   2934.8    718.1
     1     1    19     7     9    17     0     1  -229.0   37.460 -163.056   2868.3    726.7
     1     1    19     7     9    16     0     2  -230.0   37.474 -163.496   2834.5    729.1
     1     1    19     7     9    15     0     3  -231.0   37.490 -163.949   2819.3    729.0
     1     1    19     7     9    14     0     2  -232.0   37.507 -164.406   2807.2    730.0
     1     1    19     7     9    13     0     1  -233.0   37.522 -164.859   2810.5    731.7
     1     1    19     7     9    12     0     0  -234.0   37.541 -165.323   2837.5    728.7
     1     1    19     7     9    11     0     1  -235.0   37.564 -165.803   2847.6    725.2
     1     1    19     7     9    10     0     2  -236.0   37.584 -166.295   2831.7    728.6
     1     1    19     7     9     9     0     3  -237.0   37.602 -166.801   2838.1    730.3
     1     1    19     7     9     8     0     2  -238.0   37.618 -167.323   2869.4    725.3
     1     1    19     7     9     7     0     1  -239.0   37.629 -167.864   2901.8    722.7
     1     1    19     7     9     6     0     0  -240.0   37.636 -168.429   2931.3    719.5
