     7     1
    GDAS    18    12     1     0     0
    GDAS    19     1     1     0     0
    GDAS    19     2     1     0     0
    GDAS    19     3     1     0     0
    GDAS    19     4     1     0     0
    GDAS    19     5     1     0     0
    GDAS    19     6     1     0     0
     1 BACKWARD OMEGA   
    19     6    17     6   21.319 -157.670    10.0
     1 PRESSURE
     1     1    19     6    17     6     0     0     0.0   21.319 -157.670     10.0   1012.9
     1     1    19     6    17     5     0     1    -1.0   21.389 -157.425     45.9   1008.6
     1     1    19     6    17     4     0     2    -2.0   21.459 -157.138    169.5    994.2
     1     1    19     6    17     3     0     3    -3.0   21.510 -156.803    349.0    971.5
     1     1    19     6    17     2     0     2    -4.0   21.531 -156.446    489.0    951.2
     1     1    19     6    17     1     0     1    -5.0   21.526 -156.084    546.5    948.7
     1     1    19     6    17     0     0     0    -6.0   21.510 -155.714    566.4    950.3
     1     1    19     6    16    23     0     1    -7.0   21.500 -155.359    583.8    949.3
     1     1    19     6    16    22     0     2    -8.0   21.494 -155.038    606.8    948.0
     1     1    19     6    16    21     0     3    -9.0   21.483 -154.744    629.4    945.0
     1     1    19     6    16    20     0     2   -10.0   21.463 -154.462    639.2    943.6
     1     1    19     6    16    19     0     1   -11.0   21.440 -154.183    641.5    944.2
     1     1    19     6    16    18     0     0   -12.0   21.422 -153.909    649.7    944.0
     1     1    19     6    16    17     0     1   -13.0   21.400 -153.634    664.6    941.4
     1     1    19     6    16    16     0     2   -14.0   21.377 -153.353    682.5    939.4
     1     1    19     6    16    15     0     3   -15.0   21.369 -153.063    708.8    936.6
     1     1    19     6    16    14     0     2   -16.0   21.374 -152.761    735.5    932.3
     1     1    19     6    16    13     0     1   -17.0   21.384 -152.445    745.3    930.4
     1     1    19     6    16    12     0     0   -18.0   21.411 -152.114    728.7    931.7
     1     1    19     6    16    11     0     1   -19.0   21.454 -151.777    704.8    937.5
     1     1    19     6    16    10     0     2   -20.0   21.504 -151.438    690.1    939.0
     1     1    19     6    16     9     0     3   -21.0   21.567 -151.086    659.5    941.1
     1     1    19     6    16     8     0     2   -22.0   21.643 -150.733    617.6    948.3
     1     1    19     6    16     7     0     1   -23.0   21.723 -150.389    585.3    951.1
     1     1    19     6    16     6     0     0   -24.0   21.810 -150.046    549.2    953.7
     1     1    19     6    16     5     0     1   -25.0   21.908 -149.708    515.4    959.0
     1     1    19     6    16     4     0     2   -26.0   22.012 -149.376    496.0    960.7
     1     1    19     6    16     3     0     3   -27.0   22.115 -149.051    488.4    961.2
     1     1    19     6    16     2     0     2   -28.0   22.217 -148.740    486.9    961.0
     1     1    19     6    16     1     0     1   -29.0   22.313 -148.449    486.8    961.1
     1     1    19     6    16     0     0     0   -30.0   22.394 -148.173    485.6    961.0
     1     1    19     6    15    23     0     1   -31.0   22.466 -147.902    486.4    962.2
     1     1    19     6    15    22     0     2   -32.0   22.533 -147.633    493.1    961.7
     1     1    19     6    15    21     0     3   -33.0   22.593 -147.360    504.1    961.1
     1     1    19     6    15    20     0     2   -34.0   22.646 -147.084    509.8    959.3
     1     1    19     6    15    19     0     1   -35.0   22.701 -146.810    502.3    960.4
     1     1    19     6    15    18     0     0   -36.0   22.763 -146.536    486.2    962.6
     1     1    19     6    15    17     0     1   -37.0   22.832 -146.258    475.6    964.9
     1     1    19     6    15    16     0     2   -38.0   22.913 -145.976    472.2    964.0
     1     1    19     6    15    15     0     3   -39.0   23.004 -145.697    465.9    964.4
     1     1    19     6    15    14     0     2   -40.0   23.086 -145.426    450.8    965.5
     1     1    19     6    15    13     0     1   -41.0   23.153 -145.162    421.5    968.7
     1     1    19     6    15    12     0     0   -42.0   23.213 -144.899    381.7    973.2
     1     1    19     6    15    11     0     1   -43.0   23.273 -144.644    351.7    978.7
     1     1    19     6    15    10     0     2   -44.0   23.330 -144.400    342.7    979.8
     1     1    19     6    15     9     0     3   -45.0   23.379 -144.164    351.1    979.1
     1     1    19     6    15     8     0     2   -46.0   23.428 -143.925    363.4    976.1
     1     1    19     6    15     7     0     1   -47.0   23.487 -143.676    367.0    975.6
     1     1    19     6    15     6     0     0   -48.0   23.553 -143.421    372.5    976.1
     1     1    19     6    15     5     0     1   -49.0   23.623 -143.175    392.5    973.9
     1     1    19     6    15     4     0     2   -50.0   23.694 -142.950    422.4    970.1
     1     1    19     6    15     3     0     3   -51.0   23.773 -142.745    449.5    965.8
     1     1    19     6    15     2     0     2   -52.0   23.851 -142.553    465.4    963.9
     1     1    19     6    15     1     0     1   -53.0   23.920 -142.362    469.3    963.2
     1     1    19     6    15     0     0     0   -54.0   23.976 -142.167    458.5    964.2
     1     1    19     6    14    23     0     1   -55.0   24.027 -141.969    439.2    968.0
     1     1    19     6    14    22     0     2   -56.0   24.079 -141.775    421.6    970.9
     1     1    19     6    14    21     0     3   -57.0   24.129 -141.585    402.1    972.7
     1     1    19     6    14    20     0     2   -58.0   24.172 -141.397    374.0    975.7
     1     1    19     6    14    19     0     1   -59.0   24.208 -141.206    339.1    979.8
     1     1    19     6    14    18     0     0   -60.0   24.241 -141.011    300.5    984.5
     1     1    19     6    14    17     0     1   -61.0   24.275 -140.822    269.0    989.3
     1     1    19     6    14    16     0     2   -62.0   24.308 -140.650    250.1    990.7
     1     1    19     6    14    15     0     3   -63.0   24.340 -140.492    240.5    991.3
     1     1    19     6    14    14     0     2   -64.0   24.367 -140.336    237.3    991.2
     1     1    19     6    14    13     0     1   -65.0   24.388 -140.174    238.2    990.6
     1     1    19     6    14    12     0     0   -66.0   24.405 -140.008    241.7    989.9
     1     1    19     6    14    11     0     1   -67.0   24.425 -139.838    244.8    989.8
     1     1    19     6    14    10     0     2   -68.0   24.456 -139.666    246.5    990.3
     1     1    19     6    14     9     0     3   -69.0   24.498 -139.490    248.8    990.7
     1     1    19     6    14     8     0     2   -70.0   24.550 -139.315    251.3    990.2
     1     1    19     6    14     7     0     1   -71.0   24.614 -139.141    252.3    989.9
     1     1    19     6    14     6     0     0   -72.0   24.692 -138.971    251.3    989.9
     1     1    19     6    14     5     0     1   -73.0   24.776 -138.809    252.3    990.0
     1     1    19     6    14     4     0     2   -74.0   24.861 -138.658    258.1    989.2
     1     1    19     6    14     3     0     3   -75.0   24.944 -138.518    266.3    988.1
     1     1    19     6    14     2     0     2   -76.0   25.025 -138.388    274.1    986.8
     1     1    19     6    14     1     0     1   -77.0   25.100 -138.273    277.1    985.9
     1     1    19     6    14     0     0     0   -78.0   25.172 -138.172    270.5    986.4
     1     1    19     6    13    23     0     1   -79.0   25.235 -138.077    257.5    989.1
     1     1    19     6    13    22     0     2   -80.0   25.287 -137.981    244.5    991.4
     1     1    19     6    13    21     0     3   -81.0   25.327 -137.885    236.1    993.2
     1     1    19     6    13    20     0     2   -82.0   25.361 -137.786    232.3    993.3
     1     1    19     6    13    19     0     1   -83.0   25.393 -137.678    231.8    993.4
     1     1    19     6    13    18     0     0   -84.0   25.423 -137.557    235.9    992.9
     1     1    19     6    13    17     0     1   -85.0   25.456 -137.432    240.8    991.8
     1     1    19     6    13    16     0     2   -86.0   25.494 -137.309    240.8    991.5
     1     1    19     6    13    15     0     3   -87.0   25.539 -137.188    234.2    992.0
     1     1    19     6    13    14     0     2   -88.0   25.593 -137.073    222.5    993.0
     1     1    19     6    13    13     0     1   -89.0   25.657 -136.968    207.4    994.2
     1     1    19     6    13    12     0     0   -90.0   25.734 -136.871    189.6    995.9
     1     1    19     6    13    11     0     1   -91.0   25.815 -136.775    173.0    998.8
     1     1    19     6    13    10     0     2   -92.0   25.890 -136.673    159.8   1001.0
     1     1    19     6    13     9     0     3   -93.0   25.957 -136.567    149.0   1002.9
     1     1    19     6    13     8     0     2   -94.0   26.028 -136.465    141.4   1004.0
     1     1    19     6    13     7     0     1   -95.0   26.112 -136.372    137.8   1004.3
     1     1    19     6    13     6     0     0   -96.0   26.211 -136.289    136.8   1004.3
     1     1    19     6    13     5     0     1   -97.0   26.322 -136.219    136.8   1004.0
     1     1    19     6    13     4     0     2   -98.0   26.441 -136.169    136.8   1003.9
     1     1    19     6    13     3     0     3   -99.0   26.568 -136.139    136.8   1003.8
     1     1    19     6    13     2     0     2  -100.0   26.693 -136.125    136.7   1003.9
     1     1    19     6    13     1     0     1  -101.0   26.803 -136.123    136.5   1004.0
     1     1    19     6    13     0     0     0  -102.0   26.898 -136.130    136.3   1004.1
     1     1    19     6    12    23     0     1  -103.0   26.978 -136.140    135.4   1004.6
     1     1    19     6    12    22     0     2  -104.0   27.046 -136.145    133.0   1005.2
     1     1    19     6    12    21     0     3  -105.0   27.101 -136.144    129.0   1006.1
     1     1    19     6    12    20     0     2  -106.0   27.149 -136.136    125.1   1006.7
     1     1    19     6    12    19     0     1  -107.0   27.195 -136.120    122.4   1007.0
     1     1    19     6    12    18     0     0  -108.0   27.240 -136.097    120.9   1007.3
     1     1    19     6    12    17     0     1  -109.0   27.286 -136.066    119.9   1006.8
     1     1    19     6    12    16     0     2  -110.0   27.338 -136.025    119.4   1006.4
     1     1    19     6    12    15     0     3  -111.0   27.397 -135.974    119.2   1005.9
     1     1    19     6    12    14     0     2  -112.0   27.465 -135.920    118.7   1005.6
     1     1    19     6    12    13     0     1  -113.0   27.545 -135.871    117.9   1005.3
     1     1    19     6    12    12     0     0  -114.0   27.638 -135.828    116.9   1005.0
     1     1    19     6    12    11     0     1  -115.0   27.741 -135.793    115.7   1005.5
     1     1    19     6    12    10     0     2  -116.0   27.855 -135.769    113.7   1006.2
     1     1    19     6    12     9     0     3  -117.0   27.980 -135.757    110.6   1007.1
     1     1    19     6    12     8     0     2  -118.0   28.112 -135.749    107.8   1007.3
     1     1    19     6    12     7     0     1  -119.0   28.244 -135.738    107.3   1007.2
     1     1    19     6    12     6     0     0  -120.0   28.377 -135.724    109.8   1006.8
     1     1    19     6    12     5     0     1  -121.0   28.510 -135.715    113.8   1006.0
     1     1    19     6    12     4     0     2  -122.0   28.642 -135.719    117.0   1005.3
     1     1    19     6    12     3     0     3  -123.0   28.770 -135.734    118.2   1004.8
     1     1    19     6    12     2     0     2  -124.0   28.899 -135.757    118.2   1005.1
     1     1    19     6    12     1     0     1  -125.0   29.032 -135.783    118.2   1005.3
     1     1    19     6    12     0     0     0  -126.0   29.169 -135.814    118.2   1005.4
     1     1    19     6    11    23     0     1  -127.0   29.297 -135.845    117.1   1005.7
     1     1    19     6    11    22     0     2  -128.0   29.407 -135.872    113.9   1006.4
     1     1    19     6    11    21     0     3  -129.0   29.503 -135.893    109.5   1007.2
     1     1    19     6    11    20     0     2  -130.0   29.594 -135.908    105.8   1007.9
     1     1    19     6    11    19     0     1  -131.0   29.691 -135.914    104.2   1008.2
     1     1    19     6    11    18     0     0  -132.0   29.793 -135.916    104.0   1008.3
     1     1    19     6    11    17     0     1  -133.0   29.899 -135.911    104.1   1007.6
     1     1    19     6    11    16     0     2  -134.0   30.004 -135.899    104.2   1006.9
     1     1    19     6    11    15     0     3  -135.0   30.106 -135.878    104.2   1006.3
     1     1    19     6    11    14     0     2  -136.0   30.208 -135.847    104.2   1006.3
     1     1    19     6    11    13     0     1  -137.0   30.315 -135.806    104.2   1006.3
     1     1    19     6    11    12     0     0  -138.0   30.427 -135.756    104.2   1006.3
     1     1    19     6    11    11     0     1  -139.0   30.550 -135.693    104.2   1006.5
     1     1    19     6    11    10     0     2  -140.0   30.690 -135.617    104.2   1006.7
     1     1    19     6    11     9     0     3  -141.0   30.848 -135.528    104.2   1006.9
     1     1    19     6    11     8     0     2  -142.0   31.022 -135.434    104.6   1007.2
     1     1    19     6    11     7     0     1  -143.0   31.211 -135.342    105.9   1007.3
     1     1    19     6    11     6     0     0  -144.0   31.415 -135.250    108.5   1007.2
     1     1    19     6    11     5     0     1  -145.0   31.626 -135.161    111.5   1006.6
     1     1    19     6    11     4     0     2  -146.0   31.838 -135.079    113.8   1006.3
     1     1    19     6    11     3     0     3  -147.0   32.050 -135.002    114.6   1006.0
     1     1    19     6    11     2     0     2  -148.0   32.265 -134.928    114.6   1006.5
     1     1    19     6    11     1     0     1  -149.0   32.480 -134.850    114.6   1006.9
     1     1    19     6    11     0     0     0  -150.0   32.695 -134.768    114.6   1007.5
     1     1    19     6    10    23     0     1  -151.0   32.909 -134.673    114.6   1007.9
     1     1    19     6    10    22     0     2  -152.0   33.123 -134.556    114.6   1008.2
     1     1    19     6    10    21     0     3  -153.0   33.337 -134.418    114.6   1008.5
     1     1    19     6    10    20     0     2  -154.0   33.557 -134.266    114.6   1008.8
     1     1    19     6    10    19     0     1  -155.0   33.782 -134.105    114.6   1009.1
     1     1    19     6    10    18     0     0  -156.0   34.010 -133.937    114.6   1009.4
     1     1    19     6    10    17     0     1  -157.0   34.249 -133.765    114.6   1009.4
     1     1    19     6    10    16     0     2  -158.0   34.509 -133.591    114.6   1009.4
     1     1    19     6    10    15     0     3  -159.0   34.788 -133.413    114.6   1009.6
     1     1    19     6    10    14     0     2  -160.0   35.083 -133.234    114.6   1009.6
     1     1    19     6    10    13     0     1  -161.0   35.390 -133.056    114.6   1009.7
     1     1    19     6    10    12     0     0  -162.0   35.708 -132.879    114.6   1010.0
     1     1    19     6    10    11     0     1  -163.0   36.034 -132.704    114.6   1010.5
     1     1    19     6    10    10     0     2  -164.0   36.362 -132.528    114.6   1010.8
     1     1    19     6    10     9     0     3  -165.0   36.693 -132.353    114.6   1011.4
     1     1    19     6    10     8     0     2  -166.0   37.032 -132.178    114.7   1012.1
     1     1    19     6    10     7     0     1  -167.0   37.377 -132.008    115.5   1012.3
     1     1    19     6    10     6     0     0  -168.0   37.726 -131.848    116.8   1012.1
     1     1    19     6    10     5     0     1  -169.0   38.080 -131.704    118.5   1011.7
     1     1    19     6    10     4     0     2  -170.0   38.439 -131.576    119.9   1011.6
     1     1    19     6    10     3     0     3  -171.0   38.805 -131.463    120.3   1011.8
     1     1    19     6    10     2     0     2  -172.0   39.169 -131.363    121.2   1012.2
     1     1    19     6    10     1     0     1  -173.0   39.518 -131.277    124.0   1012.2
     1     1    19     6    10     0     0     0  -174.0   39.850 -131.203    128.6   1011.8
     1     1    19     6     9    23     0     1  -175.0   40.169 -131.135    134.1   1011.7
     1     1    19     6     9    22     0     2  -176.0   40.477 -131.069    139.4   1011.5
     1     1    19     6     9    21     0     3  -177.0   40.771 -130.998    144.5   1010.8
     1     1    19     6     9    20     0     2  -178.0   41.049 -130.925    150.2   1010.4
     1     1    19     6     9    19     0     1  -179.0   41.312 -130.849    157.7   1009.7
     1     1    19     6     9    18     0     0  -180.0   41.562 -130.769    167.0   1008.6
     1     1    19     6     9    17     0     1  -181.0   41.807 -130.685    177.0   1007.4
     1     1    19     6     9    16     0     2  -182.0   42.052 -130.604    186.7   1006.4
     1     1    19     6     9    15     0     3  -183.0   42.289 -130.535    196.4   1005.4
     1     1    19     6     9    14     0     2  -184.0   42.510 -130.475    207.3   1004.3
     1     1    19     6     9    13     0     1  -185.0   42.711 -130.417    219.9   1002.9
     1     1    19     6     9    12     0     0  -186.0   42.894 -130.363    233.6   1001.4
     1     1    19     6     9    11     0     1  -187.0   43.060 -130.312    245.7   1000.1
     1     1    19     6     9    10     0     2  -188.0   43.208 -130.268    253.5    999.4
     1     1    19     6     9     9     0     3  -189.0   43.340 -130.231    256.7    999.3
     1     1    19     6     9     8     0     2  -190.0   43.455 -130.198    259.8    999.6
     1     1    19     6     9     7     0     1  -191.0   43.556 -130.164    267.3    999.0
     1     1    19     6     9     6     0     0  -192.0   43.643 -130.129    278.9    997.6
     1     1    19     6     9     5     0     1  -193.0   43.719 -130.100    292.7    995.5
     1     1    19     6     9     4     0     2  -194.0   43.786 -130.084    307.0    993.6
     1     1    19     6     9     3     0     3  -195.0   43.843 -130.082    322.4    991.7
     1     1    19     6     9     2     0     2  -196.0   43.892 -130.084    338.2    989.8
     1     1    19     6     9     1     0     1  -197.0   43.937 -130.082    353.3    988.1
     1     1    19     6     9     0     0     0  -198.0   43.979 -130.074    367.9    986.6
     1     1    19     6     8    23     0     1  -199.0   44.021 -130.060    380.3    985.0
     1     1    19     6     8    22     0     2  -200.0   44.064 -130.042    388.4    984.0
     1     1    19     6     8    21     0     3  -201.0   44.110 -130.020    391.3    983.7
     1     1    19     6     8    20     0     2  -202.0   44.160 -129.999    394.7    983.9
     1     1    19     6     8    19     0     1  -203.0   44.213 -129.985    405.6    982.7
     1     1    19     6     8    18     0     0  -204.0   44.269 -129.980    425.3    980.5
     1     1    19     6     8    17     0     1  -205.0   44.330 -129.986    449.3    976.6
     1     1    19     6     8    16     0     2  -206.0   44.396 -130.002    470.7    973.5
     1     1    19     6     8    15     0     3  -207.0   44.466 -130.027    487.4    971.0
     1     1    19     6     8    14     0     2  -208.0   44.543 -130.065    499.3    969.6
     1     1    19     6     8    13     0     1  -209.0   44.627 -130.115    508.2    968.5
     1     1    19     6     8    12     0     0  -210.0   44.718 -130.179    515.7    967.7
     1     1    19     6     8    11     0     1  -211.0   44.818 -130.266    526.1    966.9
     1     1    19     6     8    10     0     2  -212.0   44.929 -130.385    542.9    964.9
     1     1    19     6     8     9     0     3  -213.0   45.049 -130.536    565.7    962.3
     1     1    19     6     8     8     0     2  -214.0   45.173 -130.714    586.0    958.9
     1     1    19     6     8     7     0     1  -215.0   45.292 -130.914    596.7    957.7
     1     1    19     6     8     6     0     0  -216.0   45.407 -131.136    600.9    957.3
     1     1    19     6     8     5     0     1  -217.0   45.519 -131.370    603.6    957.1
     1     1    19     6     8     4     0     2  -218.0   45.631 -131.609    606.2    956.5
     1     1    19     6     8     3     0     3  -219.0   45.744 -131.855    607.3    956.2
     1     1    19     6     8     2     0     2  -220.0   45.859 -132.099    607.3    956.1
     1     1    19     6     8     1     0     1  -221.0   45.982 -132.335    607.3    955.9
     1     1    19     6     8     0     0     0  -222.0   46.115 -132.562    608.1    955.6
     1     1    19     6     7    23     0     1  -223.0   46.261 -132.795    611.3    955.2
     1     1    19     6     7    22     0     2  -224.0   46.419 -133.047    618.8    954.3
     1     1    19     6     7    21     0     3  -225.0   46.591 -133.315    631.8    952.7
     1     1    19     6     7    20     0     2  -226.0   46.770 -133.597    647.3    950.3
     1     1    19     6     7    19     0     1  -227.0   46.951 -133.895    663.3    948.2
     1     1    19     6     7    18     0     0  -228.0   47.137 -134.210    683.2    945.8
     1     1    19     6     7    17     0     1  -229.0   47.326 -134.532    705.0    942.3
     1     1    19     6     7    16     0     2  -230.0   47.516 -134.857    722.6    939.9
     1     1    19     6     7    15     0     3  -231.0   47.711 -135.185    732.9    938.2
     1     1    19     6     7    14     0     2  -232.0   47.912 -135.516    740.8    937.8
     1     1    19     6     7    13     0     1  -233.0   48.120 -135.845    751.7    936.2
     1     1    19     6     7    12     0     0  -234.0   48.335 -136.169    767.4    934.5
     1     1    19     6     7    11     0     1  -235.0   48.554 -136.493    792.4    931.7
     1     1    19     6     7    10     0     2  -236.0   48.773 -136.825    823.9    927.8
     1     1    19     6     7     9     0     3  -237.0   48.995 -137.172    851.6    924.1
     1     1    19     6     7     8     0     2  -238.0   49.219 -137.530    870.6    922.0
     1     1    19     6     7     7     0     1  -239.0   49.446 -137.888    882.3    920.3
     1     1    19     6     7     6     0     0  -240.0   49.676 -138.257    884.6    919.6
