     7     1
    GDAS    19     6     1     0     0
    GDAS    19     7     1     0     0
    GDAS    19     8     1     0     0
    GDAS    19     9     1     0     0
    GDAS    19    10     1     0     0
    GDAS    19    11     1     0     0
    GDAS    19    12     1     0     0
     1 BACKWARD OMEGA   
    19    11     3     6   21.319 -157.670    10.0
     1 PRESSURE
     1     1    19    11     3     6     0     0     0.0   21.319 -157.670     10.0   1009.3
     1     1    19    11     3     5     0     1    -1.0   21.240 -157.792     19.3   1007.7
     1     1    19    11     3     4     0     2    -2.0   21.169 -157.919     26.7   1006.5
     1     1    19    11     3     3     0     3    -3.0   21.101 -158.046     29.6   1006.0
     1     1    19    11     3     2     0     2    -4.0   21.036 -158.168     30.0   1006.2
     1     1    19    11     3     1     0     1    -5.0   20.976 -158.278     30.1   1006.2
     1     1    19    11     3     0     0     0    -6.0   20.921 -158.373     30.1   1006.3
     1     1    19    11     2    23     0     1    -7.0   20.870 -158.460     30.1   1007.2
     1     1    19    11     2    22     0     2    -8.0   20.818 -158.545     30.1   1008.1
     1     1    19    11     2    21     0     3    -9.0   20.764 -158.627     30.1   1009.0
     1     1    19    11     2    20     0     2   -10.0   20.710 -158.704     30.0   1008.8
     1     1    19    11     2    19     0     1   -11.0   20.660 -158.774     29.5   1008.7
     1     1    19    11     2    18     0     0   -12.0   20.617 -158.839     28.9   1008.6
     1     1    19    11     2    17     0     1   -13.0   20.582 -158.905     28.4   1008.4
     1     1    19    11     2    16     0     2   -14.0   20.556 -158.979     28.1   1008.2
     1     1    19    11     2    15     0     3   -15.0   20.539 -159.062     28.2   1007.9
     1     1    19    11     2    14     0     2   -16.0   20.531 -159.145     29.1   1007.8
     1     1    19    11     2    13     0     1   -17.0   20.529 -159.224     31.0   1007.5
     1     1    19    11     2    12     0     0   -18.0   20.532 -159.298     33.6   1007.2
     1     1    19    11     2    11     0     1   -19.0   20.537 -159.367     36.8   1007.6
     1     1    19    11     2    10     0     2   -20.0   20.541 -159.432     40.4   1008.0
     1     1    19    11     2     9     0     3   -21.0   20.544 -159.492     44.2   1008.5
     1     1    19    11     2     8     0     2   -22.0   20.549 -159.554     48.1   1007.8
     1     1    19    11     2     7     0     1   -23.0   20.558 -159.623     52.0   1007.2
     1     1    19    11     2     6     0     0   -24.0   20.571 -159.700     56.6   1006.4
     1     1    19    11     2     5     0     1   -25.0   20.584 -159.784     61.2   1005.0
     1     1    19    11     2     4     0     2   -26.0   20.594 -159.873     64.6   1003.9
     1     1    19    11     2     3     0     3   -27.0   20.602 -159.966     66.0   1003.1
     1     1    19    11     2     2     0     2   -28.0   20.605 -160.057     67.0   1003.1
     1     1    19    11     2     1     0     1   -29.0   20.598 -160.141     69.6   1002.5
     1     1    19    11     2     0     0     0   -30.0   20.581 -160.217     74.2   1001.7
     1     1    19    11     1    23     0     1   -31.0   20.559 -160.282     79.4   1001.7
     1     1    19    11     1    22     0     2   -32.0   20.534 -160.337     83.1   1002.0
     1     1    19    11     1    21     0     3   -33.0   20.510 -160.381     85.0   1002.7
     1     1    19    11     1    20     0     2   -34.0   20.493 -160.419     85.7   1002.5
     1     1    19    11     1    19     0     1   -35.0   20.489 -160.454     86.2   1002.3
     1     1    19    11     1    18     0     0   -36.0   20.498 -160.489     86.3   1002.2
     1     1    19    11     1    17     0     1   -37.0   20.514 -160.531     86.6   1001.4
     1     1    19    11     1    16     0     2   -38.0   20.528 -160.586     87.6   1000.5
     1     1    19    11     1    15     0     3   -39.0   20.541 -160.655     89.3    999.5
     1     1    19    11     1    14     0     2   -40.0   20.556 -160.730     91.6    999.2
     1     1    19    11     1    13     0     1   -41.0   20.575 -160.804     94.1    999.0
     1     1    19    11     1    12     0     0   -42.0   20.599 -160.879     96.9    998.7
     1     1    19    11     1    11     0     1   -43.0   20.623 -160.954    100.0    999.3
     1     1    19    11     1    10     0     2   -44.0   20.643 -161.033    103.6    999.8
     1     1    19    11     1     9     0     3   -45.0   20.657 -161.113    107.9   1000.3
     1     1    19    11     1     8     0     2   -46.0   20.668 -161.191    113.6    999.2
     1     1    19    11     1     7     0     1   -47.0   20.680 -161.267    120.5    998.0
     1     1    19    11     1     6     0     0   -48.0   20.694 -161.341    128.6    996.7
     1     1    19    11     1     5     0     1   -49.0   20.710 -161.415    136.1    995.6
     1     1    19    11     1     4     0     2   -50.0   20.725 -161.487    141.6    994.6
     1     1    19    11     1     3     0     3   -51.0   20.739 -161.560    144.5    993.9
     1     1    19    11     1     2     0     2   -52.0   20.752 -161.634    147.0    993.5
     1     1    19    11     1     1     0     1   -53.0   20.764 -161.710    151.7    992.7
     1     1    19    11     1     0     0     0   -54.0   20.774 -161.788    159.4    991.5
     1     1    19    10    31    23     0     1   -55.0   20.779 -161.864    168.0    991.0
     1     1    19    10    31    22     0     2   -56.0   20.774 -161.933    173.8    991.1
     1     1    19    10    31    21     0     3   -57.0   20.759 -161.994    175.9    991.7
     1     1    19    10    31    20     0     2   -58.0   20.747 -162.048    177.6    991.5
     1     1    19    10    31    19     0     1   -59.0   20.750 -162.099    182.8    990.5
     1     1    19    10    31    18     0     0   -60.0   20.768 -162.149    191.4    989.1
     1     1    19    10    31    17     0     1   -61.0   20.796 -162.196    199.9    987.3
     1     1    19    10    31    16     0     2   -62.0   20.830 -162.243    203.5    986.3
     1     1    19    10    31    15     0     3   -63.0   20.870 -162.290    201.8    986.0
     1     1    19    10    31    14     0     2   -64.0   20.922 -162.335    199.7    986.7
     1     1    19    10    31    13     0     1   -65.0   20.991 -162.379    203.2    986.4
     1     1    19    10    31    12     0     0   -66.0   21.076 -162.417    214.7    985.1
     1     1    19    10    31    11     0     1   -67.0   21.172 -162.443    229.5    983.5
     1     1    19    10    31    10     0     2   -68.0   21.274 -162.459    241.0    982.8
     1     1    19    10    31     9     0     3   -69.0   21.385 -162.466    248.0    982.6
     1     1    19    10    31     8     0     2   -70.0   21.508 -162.471    254.0    982.1
     1     1    19    10    31     7     0     1   -71.0   21.644 -162.480    261.2    980.9
     1     1    19    10    31     6     0     0   -72.0   21.791 -162.495    266.0    979.8
     1     1    19    10    31     5     0     1   -73.0   21.945 -162.520    267.5    979.4
     1     1    19    10    31     4     0     2   -74.0   22.102 -162.556    270.2    979.1
     1     1    19    10    31     3     0     3   -75.0   22.264 -162.606    277.6    978.0
     1     1    19    10    31     2     0     2   -76.0   22.431 -162.660    285.6    976.3
     1     1    19    10    31     1     0     1   -77.0   22.598 -162.708    290.4    975.6
     1     1    19    10    31     0     0     0   -78.0   22.766 -162.748    293.1    975.1
     1     1    19    10    30    23     0     1   -79.0   22.936 -162.790    302.3    976.1
     1     1    19    10    30    22     0     2   -80.0   23.104 -162.842    328.2    974.3
     1     1    19    10    30    21     0     3   -81.0   23.272 -162.899    374.0    970.4
     1     1    19    10    30    20     0     2   -82.0   23.442 -162.953    420.9    962.9
     1     1    19    10    30    19     0     1   -83.0   23.616 -162.995    445.2    959.5
     1     1    19    10    30    18     0     0   -84.0   23.798 -163.037    448.4    958.9
     1     1    19    10    30    17     0     1   -85.0   23.986 -163.075    451.9    960.7
     1     1    19    10    30    16     0     2   -86.0   24.177 -163.095    460.7    957.9
     1     1    19    10    30    15     0     3   -87.0   24.368 -163.098    449.0    957.9
     1     1    19    10    30    14     0     2   -88.0   24.563 -163.090    418.5    962.8
     1     1    19    10    30    13     0     1   -89.0   24.761 -163.072    397.9    966.7
     1     1    19    10    30    12     0     0   -90.0   24.956 -163.047    421.1    966.1
     1     1    19    10    30    11     0     1   -91.0   25.154 -163.001    472.9    957.1
     1     1    19    10    30    10     0     2   -92.0   25.359 -162.924    516.8    952.5
     1     1    19    10    30     9     0     3   -93.0   25.569 -162.823    553.0    949.5
     1     1    19    10    30     8     0     2   -94.0   25.786 -162.708    568.2    946.0
     1     1    19    10    30     7     0     1   -95.0   26.007 -162.579    549.6    948.3
     1     1    19    10    30     6     0     0   -96.0   26.231 -162.441    520.3    953.3
     1     1    19    10    30     5     0     1   -97.0   26.447 -162.309    498.6    955.7
     1     1    19    10    30     4     0     2   -98.0   26.640 -162.192    479.0    956.9
     1     1    19    10    30     3     0     3   -99.0   26.810 -162.083    451.0    959.4
     1     1    19    10    30     2     0     2  -100.0   26.967 -161.976    422.1    964.1
     1     1    19    10    30     1     0     1  -101.0   27.120 -161.859    407.9    966.0
     1     1    19    10    30     0     0     0  -102.0   27.268 -161.725    415.6    965.6
     1     1    19    10    29    23     0     1  -103.0   27.423 -161.573    438.3    962.8
     1     1    19    10    29    22     0     2  -104.0   27.588 -161.405    464.0    960.2
     1     1    19    10    29    21     0     3  -105.0   27.745 -161.215    493.2    957.5
     1     1    19    10    29    20     0     2  -106.0   27.900 -161.018    516.4    953.3
     1     1    19    10    29    19     0     1  -107.0   28.081 -160.833    511.1    952.6
     1     1    19    10    29    18     0     0  -108.0   28.298 -160.662    481.9    957.1
     1     1    19    10    29    17     0     1  -109.0   28.526 -160.493    456.9    961.8
     1     1    19    10    29    16     0     2  -110.0   28.745 -160.322    431.0    962.7
     1     1    19    10    29    15     0     3  -111.0   28.944 -160.149    369.9    967.0
     1     1    19    10    29    14     0     2  -112.0   29.119 -159.987    313.4    979.5
     1     1    19    10    29    13     0     1  -113.0   29.282 -159.843    296.6    981.2
     1     1    19    10    29    12     0     0  -114.0   29.436 -159.708    301.3    978.9
     1     1    19    10    29    11     0     1  -115.0   29.586 -159.560    303.8    978.2
     1     1    19    10    29    10     0     2  -116.0   29.722 -159.375    304.2    979.7
     1     1    19    10    29     9     0     3  -117.0   29.806 -159.163    319.6    979.3
     1     1    19    10    29     8     0     2  -118.0   29.823 -158.942    333.5    974.5
     1     1    19    10    29     7     0     1  -119.0   29.824 -158.722    327.2    975.9
     1     1    19    10    29     6     0     0  -120.0   29.846 -158.488    326.5    978.1
     1     1    19    10    29     5     0     1  -121.0   29.873 -158.271    353.0    974.9
     1     1    19    10    29     4     0     2  -122.0   29.858 -158.125    389.5    969.0
     1     1    19    10    29     3     0     3  -123.0   29.783 -158.070    406.0    965.5
     1     1    19    10    29     2     0     2  -124.0   29.702 -158.084    425.9    966.8
     1     1    19    10    29     1     0     1  -125.0   29.632 -158.133    478.1    960.3
     1     1    19    10    29     0     0     0  -126.0   29.575 -158.208    544.8    951.6
     1     1    19    10    28    23     0     1  -127.0   29.529 -158.278    598.2    945.0
     1     1    19    10    28    22     0     2  -128.0   29.486 -158.324    633.8    942.8
     1     1    19    10    28    21     0     3  -129.0   29.440 -158.355    661.4    940.9
     1     1    19    10    28    20     0     2  -130.0   29.403 -158.362    630.6    938.2
     1     1    19    10    28    19     0     1  -131.0   29.384 -158.336    525.3    951.8
     1     1    19    10    28    18     0     0  -132.0   29.373 -158.293    392.8    970.1
     1     1    19    10    28    17     0     1  -133.0   29.371 -158.247    297.6    985.9
     1     1    19    10    28    16     0     2  -134.0   29.386 -158.198    252.5    988.4
     1     1    19    10    28    15     0     3  -135.0   29.427 -158.140    246.7    988.1
     1     1    19    10    28    14     0     2  -136.0   29.504 -158.065    267.1    984.9
     1     1    19    10    28    13     0     1  -137.0   29.624 -157.972    291.9    981.0
     1     1    19    10    28    12     0     0  -138.0   29.789 -157.861    293.5    979.3
     1     1    19    10    28    11     0     1  -139.0   29.981 -157.744    262.9    984.1
     1     1    19    10    28    10     0     2  -140.0   30.159 -157.634    220.6    990.9
     1     1    19    10    28     9     0     3  -141.0   30.298 -157.536    182.7    996.3
     1     1    19    10    28     8     0     2  -142.0   30.402 -157.458    158.7   1000.2
     1     1    19    10    28     7     0     1  -143.0   30.490 -157.404    153.5   1000.8
     1     1    19    10    28     6     0     0  -144.0   30.580 -157.362    169.2    999.0
     1     1    19    10    28     5     0     1  -145.0   30.661 -157.318    208.6    993.7
     1     1    19    10    28     4     0     2  -146.0   30.688 -157.271    275.8    986.6
     1     1    19    10    28     3     0     3  -147.0   30.641 -157.218    387.4    974.3
     1     1    19    10    28     2     0     2  -148.0   30.534 -157.159    543.1    954.7
     1     1    19    10    28     1     0     1  -149.0   30.403 -157.111    694.4    936.1
     1     1    19    10    28     0     0     0  -150.0   30.262 -157.096    786.2    923.1
     1     1    19    10    27    23     0     1  -151.0   30.116 -157.091    815.5    923.4
     1     1    19    10    27    22     0     2  -152.0   29.964 -157.072    822.0    924.3
     1     1    19    10    27    21     0     3  -153.0   29.811 -157.031    815.2    925.6
     1     1    19    10    27    20     0     2  -154.0   29.661 -156.973    813.1    927.4
     1     1    19    10    27    19     0     1  -155.0   29.524 -156.914    832.8    925.3
     1     1    19    10    27    18     0     0  -156.0   29.402 -156.857    878.7    920.7
     1     1    19    10    27    17     0     1  -157.0   29.291 -156.804    934.2    912.5
     1     1    19    10    27    16     0     2  -158.0   29.182 -156.749    974.2    907.3
     1     1    19    10    27    15     0     3  -159.0   29.071 -156.691    987.2    905.3
     1     1    19    10    27    14     0     2  -160.0   28.955 -156.627    982.0    907.2
     1     1    19    10    27    13     0     1  -161.0   28.835 -156.551    978.3    908.1
     1     1    19    10    27    12     0     0  -162.0   28.715 -156.465    983.6    907.6
     1     1    19    10    27    11     0     1  -163.0   28.604 -156.370   1002.3    906.3
     1     1    19    10    27    10     0     2  -164.0   28.507 -156.272   1035.3    903.1
     1     1    19    10    27     9     0     3  -165.0   28.421 -156.171   1082.0    898.7
     1     1    19    10    27     8     0     2  -166.0   28.340 -156.070   1135.2    892.7
     1     1    19    10    27     7     0     1  -167.0   28.259 -155.968   1189.1    887.3
     1     1    19    10    27     6     0     0  -168.0   28.185 -155.863   1244.0    881.4
     1     1    19    10    27     5     0     1  -169.0   28.114 -155.756   1292.0    875.1
     1     1    19    10    27     4     0     2  -170.0   28.039 -155.647   1322.3    871.1
     1     1    19    10    27     3     0     3  -171.0   27.953 -155.534   1326.8    869.6
     1     1    19    10    27     2     0     2  -172.0   27.862 -155.414   1321.8    872.3
     1     1    19    10    27     1     0     1  -173.0   27.771 -155.285   1329.2    871.7
     1     1    19    10    27     0     0     0  -174.0   27.680 -155.149   1351.0    869.5
     1     1    19    10    26    23     0     1  -175.0   27.580 -154.998   1378.5    866.4
     1     1    19    10    26    22     0     2  -176.0   27.465 -154.823   1404.8    864.6
     1     1    19    10    26    21     0     3  -177.0   27.339 -154.622   1442.6    862.4
     1     1    19    10    26    20     0     2  -178.0   27.221 -154.401   1493.1    856.5
     1     1    19    10    26    19     0     1  -179.0   27.129 -154.164   1547.2    851.1
     1     1    19    10    26    18     0     0  -180.0   27.054 -153.915   1608.6    844.6
     1     1    19    10    26    17     0     1  -181.0   27.006 -153.677   1660.3    837.7
     1     1    19    10    26    16     0     2  -182.0   26.984 -153.466   1702.5    834.7
     1     1    19    10    26    15     0     3  -183.0   26.973 -153.275   1759.2    829.9
     1     1    19    10    26    14     0     2  -184.0   26.965 -153.088   1820.0    821.9
     1     1    19    10    26    13     0     1  -185.0   26.953 -152.894   1854.6    817.3
     1     1    19    10    26    12     0     0  -186.0   26.939 -152.690   1852.8    817.4
     1     1    19    10    26    11     0     1  -187.0   26.921 -152.475   1835.7    821.3
     1     1    19    10    26    10     0     2  -188.0   26.898 -152.257   1826.3    822.8
     1     1    19    10    26     9     0     3  -189.0   26.873 -152.045   1832.0    823.0
     1     1    19    10    26     8     0     2  -190.0   26.850 -151.834   1841.8    820.5
     1     1    19    10    26     7     0     1  -191.0   26.835 -151.617   1840.2    821.0
     1     1    19    10    26     6     0     0  -192.0   26.828 -151.396   1837.5    821.7
     1     1    19    10    26     5     0     1  -193.0   26.825 -151.178   1837.2    821.2
     1     1    19    10    26     4     0     2  -194.0   26.820 -150.967   1837.7    820.9
     1     1    19    10    26     3     0     3  -195.0   26.811 -150.762   1852.1    820.4
     1     1    19    10    26     2     0     2  -196.0   26.801 -150.564   1887.4    816.2
     1     1    19    10    26     1     0     1  -197.0   26.790 -150.379   1925.6    811.2
     1     1    19    10    26     0     0     0  -198.0   26.777 -150.208   1945.0    808.2
     1     1    19    10    25    23     0     1  -199.0   26.758 -150.043   1955.3    809.6
     1     1    19    10    25    22     0     2  -200.0   26.729 -149.873   1976.5    807.9
     1     1    19    10    25    21     0     3  -201.0   26.691 -149.694   2003.2    805.4
     1     1    19    10    25    20     0     2  -202.0   26.654 -149.511   2032.5    802.6
     1     1    19    10    25    19     0     1  -203.0   26.624 -149.328   2069.9    799.2
     1     1    19    10    25    18     0     0  -204.0   26.600 -149.147   2121.6    794.5
     1     1    19    10    25    17     0     1  -205.0   26.576 -148.967   2172.4    787.8
     1     1    19    10    25    16     0     2  -206.0   26.553 -148.790   2204.2    784.7
     1     1    19    10    25    15     0     3  -207.0   26.531 -148.621   2220.3    783.2
     1     1    19    10    25    14     0     2  -208.0   26.508 -148.453   2232.7    782.7
     1     1    19    10    25    13     0     1  -209.0   26.482 -148.278   2248.5    780.8
     1     1    19    10    25    12     0     0  -210.0   26.452 -148.094   2263.8    779.1
     1     1    19    10    25    11     0     1  -211.0   26.420 -147.900   2275.1    778.1
     1     1    19    10    25    10     0     2  -212.0   26.392 -147.699   2281.4    777.9
     1     1    19    10    25     9     0     3  -213.0   26.369 -147.497   2284.7    778.0
     1     1    19    10    25     8     0     2  -214.0   26.351 -147.298   2285.8    777.9
     1     1    19    10    25     7     0     1  -215.0   26.342 -147.107   2285.3    778.2
     1     1    19    10    25     6     0     0  -216.0   26.338 -146.918   2287.2    778.3
     1     1    19    10    25     5     0     1  -217.0   26.335 -146.729   2297.7    777.1
     1     1    19    10    25     4     0     2  -218.0   26.329 -146.539   2315.7    774.5
     1     1    19    10    25     3     0     3  -219.0   26.324 -146.346   2330.9    772.2
     1     1    19    10    25     2     0     2  -220.0   26.318 -146.152   2343.9    771.4
     1     1    19    10    25     1     0     1  -221.0   26.307 -145.962   2366.2    769.9
     1     1    19    10    25     0     0     0  -222.0   26.293 -145.775   2403.3    766.3
     1     1    19    10    24    23     0     1  -223.0   26.272 -145.583   2437.2    762.0
     1     1    19    10    24    22     0     2  -224.0   26.242 -145.380   2452.5    761.1
     1     1    19    10    24    21     0     3  -225.0   26.204 -145.168   2454.3    761.6
     1     1    19    10    24    20     0     2  -226.0   26.169 -144.947   2454.5    762.6
     1     1    19    10    24    19     0     1  -227.0   26.147 -144.720   2464.4    762.2
     1     1    19    10    24    18     0     0  -228.0   26.137 -144.487   2485.2    760.4
     1     1    19    10    24    17     0     1  -229.0   26.131 -144.253   2522.2    757.3
     1     1    19    10    24    16     0     2  -230.0   26.119 -144.024   2579.7    751.7
     1     1    19    10    24    15     0     3  -231.0   26.103 -143.803   2645.0    744.6
     1     1    19    10    24    14     0     2  -232.0   26.081 -143.584   2693.3    739.1
     1     1    19    10    24    13     0     1  -233.0   26.054 -143.359   2715.5    737.8
     1     1    19    10    24    12     0     0  -234.0   26.022 -143.126   2726.2    737.5
     1     1    19    10    24    11     0     1  -235.0   25.987 -142.883   2725.0    737.1
     1     1    19    10    24    10     0     2  -236.0   25.948 -142.625   2707.4    739.3
     1     1    19    10    24     9     0     3  -237.0   25.905 -142.353   2683.5    742.1
     1     1    19    10    24     8     0     2  -238.0   25.862 -142.067   2670.3    744.3
     1     1    19    10    24     7     0     1  -239.0   25.827 -141.768   2672.4    743.7
     1     1    19    10    24     6     0     0  -240.0   25.801 -141.455   2678.4    742.9
