     7     1
    GDAS    18    12     1     0     0
    GDAS    19     1     1     0     0
    GDAS    19     2     1     0     0
    GDAS    19     3     1     0     0
    GDAS    19     4     1     0     0
    GDAS    19     5     1     0     0
    GDAS    19     6     1     0     0
     1 BACKWARD OMEGA   
    19     3    25    18   21.319 -157.670    10.0
     1 PRESSURE
     1     1    19     3    25    18     0     0     0.0   21.319 -157.670     10.0   1016.2
     1     1    19     3    25    17     0     1    -1.0   21.354 -157.472      9.6   1015.5
     1     1    19     3    25    16     0     2    -2.0   21.378 -157.277      9.1   1014.9
     1     1    19     3    25    15     0     3    -3.0   21.392 -157.089      8.7   1014.3
     1     1    19     3    25    14     0     2    -4.0   21.400 -156.908      8.8   1014.7
     1     1    19     3    25    13     0     1    -5.0   21.405 -156.727      9.7   1015.9
     1     1    19     3    25    12     0     0    -6.0   21.397 -156.539     11.5   1016.9
     1     1    19     3    25    11     0     1    -7.0   21.373 -156.326     14.9   1017.4
     1     1    19     3    25    10     0     2    -8.0   21.324 -156.067     21.3   1018.3
     1     1    19     3    25     9     0     3    -9.0   21.260 -155.770     31.5   1017.8
     1     1    19     3    25     8     0     2   -10.0   21.205 -155.459     41.8   1015.9
     1     1    19     3    25     7     0     1   -11.0   21.165 -155.147     47.5   1014.3
     1     1    19     3    25     6     0     0   -12.0   21.146 -154.834     48.3   1013.4
     1     1    19     3    25     5     0     1   -13.0   21.147 -154.520     47.6   1013.9
     1     1    19     3    25     4     0     2   -14.0   21.166 -154.205     46.9   1014.1
     1     1    19     3    25     3     0     3   -15.0   21.198 -153.894     45.8   1014.2
     1     1    19     3    25     2     0     2   -16.0   21.235 -153.581     44.5   1014.6
     1     1    19     3    25     1     0     1   -17.0   21.276 -153.260     43.1   1015.0
     1     1    19     3    25     0     0     0   -18.0   21.320 -152.932     41.2   1015.5
     1     1    19     3    24    23     0     1   -19.0   21.373 -152.603     39.2   1015.9
     1     1    19     3    24    22     0     2   -20.0   21.434 -152.276     37.9   1016.1
     1     1    19     3    24    21     0     3   -21.0   21.498 -151.952     37.4   1016.3
     1     1    19     3    24    20     0     2   -22.0   21.570 -151.631     37.4   1016.5
     1     1    19     3    24    19     0     1   -23.0   21.654 -151.315     37.4   1016.7
     1     1    19     3    24    18     0     0   -24.0   21.748 -151.003     37.4   1016.8
     1     1    19     3    24    17     0     1   -25.0   21.854 -150.697     37.4   1016.8
     1     1    19     3    24    16     0     2   -26.0   21.972 -150.399     37.4   1016.8
     1     1    19     3    24    15     0     3   -27.0   22.103 -150.107     37.4   1016.8
     1     1    19     3    24    14     0     2   -28.0   22.246 -149.820     37.4   1016.3
     1     1    19     3    24    13     0     1   -29.0   22.398 -149.541     37.4   1016.0
     1     1    19     3    24    12     0     0   -30.0   22.557 -149.272     37.4   1016.0
     1     1    19     3    24    11     0     1   -31.0   22.718 -149.016     37.4   1016.8
     1     1    19     3    24    10     0     2   -32.0   22.872 -148.775     37.4   1017.2
     1     1    19     3    24     9     0     3   -33.0   23.017 -148.552     37.4   1017.3
     1     1    19     3    24     8     0     2   -34.0   23.160 -148.339     37.4   1017.2
     1     1    19     3    24     7     0     1   -35.0   23.309 -148.133     37.4   1017.2
     1     1    19     3    24     6     0     0   -36.0   23.464 -147.940     37.4   1017.1
     1     1    19     3    24     5     0     1   -37.0   23.614 -147.761     37.4   1016.9
     1     1    19     3    24     4     0     2   -38.0   23.751 -147.597     37.4   1016.7
     1     1    19     3    24     3     0     3   -39.0   23.872 -147.449     37.4   1016.5
     1     1    19     3    24     2     0     2   -40.0   23.982 -147.311     38.0   1016.4
     1     1    19     3    24     1     0     1   -41.0   24.084 -147.178     39.8   1016.1
     1     1    19     3    24     0     0     0   -42.0   24.180 -147.049     43.2   1015.7
     1     1    19     3    23    23     0     1   -43.0   24.267 -146.922     46.7   1016.2
     1     1    19     3    23    22     0     2   -44.0   24.341 -146.795     48.2   1017.0
     1     1    19     3    23    21     0     3   -45.0   24.396 -146.671     47.9   1018.0
     1     1    19     3    23    20     0     2   -46.0   24.429 -146.544     46.6   1018.0
     1     1    19     3    23    19     0     1   -47.0   24.438 -146.407     45.7   1017.8
     1     1    19     3    23    18     0     0   -48.0   24.424 -146.259     45.4   1017.6
     1     1    19     3    23    17     0     1   -49.0   24.398 -146.096     46.4   1017.3
     1     1    19     3    23    16     0     2   -50.0   24.376 -145.919     48.9   1016.8
     1     1    19     3    23    15     0     3   -51.0   24.361 -145.728     52.3   1016.1
     1     1    19     3    23    14     0     2   -52.0   24.358 -145.528     55.0   1015.6
     1     1    19     3    23    13     0     1   -53.0   24.370 -145.327     56.1   1015.3
     1     1    19     3    23    12     0     0   -54.0   24.395 -145.124     56.4   1015.1
     1     1    19     3    23    11     0     1   -55.0   24.429 -144.918     56.4   1015.5
     1     1    19     3    23    10     0     2   -56.0   24.470 -144.709     56.4   1015.9
     1     1    19     3    23     9     0     3   -57.0   24.520 -144.496     56.4   1016.4
     1     1    19     3    23     8     0     2   -58.0   24.578 -144.286     56.4   1016.7
     1     1    19     3    23     7     0     1   -59.0   24.643 -144.083     56.4   1017.0
     1     1    19     3    23     6     0     0   -60.0   24.716 -143.887     56.4   1017.1
     1     1    19     3    23     5     0     1   -61.0   24.791 -143.700     56.4   1016.0
     1     1    19     3    23     4     0     2   -62.0   24.859 -143.525     56.4   1014.9
     1     1    19     3    23     3     0     3   -63.0   24.919 -143.361     56.4   1013.8
     1     1    19     3    23     2     0     2   -64.0   24.966 -143.203     56.4   1013.7
     1     1    19     3    23     1     0     1   -65.0   24.997 -143.047     56.4   1013.7
     1     1    19     3    23     0     0     0   -66.0   25.013 -142.895     56.4   1013.6
     1     1    19     3    22    23     0     1   -67.0   25.026 -142.746     56.4   1014.7
     1     1    19     3    22    22     0     2   -68.0   25.044 -142.596     56.3   1015.8
     1     1    19     3    22    21     0     3   -69.0   25.066 -142.447     56.1   1016.9
     1     1    19     3    22    20     0     2   -70.0   25.087 -142.305     56.6   1017.0
     1     1    19     3    22    19     0     1   -71.0   25.103 -142.177     59.0   1016.7
     1     1    19     3    22    18     0     0   -72.0   25.114 -142.061     64.4   1016.0
     1     1    19     3    22    17     0     1   -73.0   25.127 -141.957     71.0   1014.5
     1     1    19     3    22    16     0     2   -74.0   25.150 -141.862     75.5   1013.5
     1     1    19     3    22    15     0     3   -75.0   25.183 -141.779     77.1   1013.1
     1     1    19     3    22    14     0     2   -76.0   25.217 -141.706     77.1   1012.5
     1     1    19     3    22    13     0     1   -77.0   25.249 -141.639     77.1   1011.7
     1     1    19     3    22    12     0     0   -78.0   25.279 -141.580     77.1   1010.9
     1     1    19     3    22    11     0     1   -79.0   25.308 -141.525     77.1   1011.7
     1     1    19     3    22    10     0     2   -80.0   25.338 -141.474     77.1   1012.6
     1     1    19     3    22     9     0     3   -81.0   25.369 -141.425     77.1   1013.5
     1     1    19     3    22     8     0     2   -82.0   25.399 -141.385     77.8   1013.6
     1     1    19     3    22     7     0     1   -83.0   25.429 -141.358     80.2   1013.4
     1     1    19     3    22     6     0     0   -84.0   25.458 -141.345     84.1   1013.0
     1     1    19     3    22     5     0     1   -85.0   25.481 -141.346     88.5   1011.4
     1     1    19     3    22     4     0     2   -86.0   25.490 -141.360     92.2   1010.1
     1     1    19     3    22     3     0     3   -87.0   25.485 -141.385     95.3   1008.9
     1     1    19     3    22     2     0     2   -88.0   25.461 -141.409     97.8   1008.6
     1     1    19     3    22     1     0     1   -89.0   25.409 -141.418     99.2   1008.3
     1     1    19     3    22     0     0     0   -90.0   25.329 -141.407     99.7   1008.2
     1     1    19     3    21    23     0     1   -91.0   25.234 -141.373     99.7   1008.7
     1     1    19     3    21    22     0     2   -92.0   25.136 -141.310     99.7   1009.2
     1     1    19     3    21    21     0     3   -93.0   25.040 -141.218     99.7   1009.7
     1     1    19     3    21    20     0     2   -94.0   24.954 -141.101    101.9   1009.8
     1     1    19     3    21    19     0     1   -95.0   24.881 -140.967    109.3   1009.2
     1     1    19     3    21    18     0     0   -96.0   24.820 -140.820    122.5   1007.9
     1     1    19     3    21    17     0     1   -97.0   24.770 -140.674    136.6   1005.9
     1     1    19     3    21    16     0     2   -98.0   24.729 -140.538    145.7   1004.6
     1     1    19     3    21    15     0     3   -99.0   24.694 -140.413    149.0   1004.0
     1     1    19     3    21    14     0     2  -100.0   24.654 -140.287    149.2   1003.8
     1     1    19     3    21    13     0     1  -101.0   24.599 -140.148    149.3   1003.2
     1     1    19     3    21    12     0     0  -102.0   24.531 -139.994    149.3   1002.6
     1     1    19     3    21    11     0     1  -103.0   24.460 -139.828    149.3   1003.2
     1     1    19     3    21    10     0     2  -104.0   24.397 -139.653    149.3   1003.8
     1     1    19     3    21     9     0     3  -105.0   24.341 -139.469    149.3   1004.4
     1     1    19     3    21     8     0     2  -106.0   24.292 -139.277    151.4   1004.1
     1     1    19     3    21     7     0     1  -107.0   24.246 -139.079    159.0   1002.9
     1     1    19     3    21     6     0     0  -108.0   24.202 -138.872    173.0   1000.8
     1     1    19     3    21     5     0     1  -109.0   24.162 -138.663    187.6    998.2
     1     1    19     3    21     4     0     2  -110.0   24.134 -138.459    199.2    996.8
     1     1    19     3    21     3     0     3  -111.0   24.116 -138.262    211.6    995.4
     1     1    19     3    21     2     0     2  -112.0   24.105 -138.070    224.1    993.6
     1     1    19     3    21     1     0     1  -113.0   24.092 -137.880    232.9    992.3
     1     1    19     3    21     0     0     0  -114.0   24.077 -137.691    236.4    991.7
     1     1    19     3    20    23     0     1  -115.0   24.061 -137.492    235.9    992.5
     1     1    19     3    20    22     0     2  -116.0   24.047 -137.278    234.0    993.4
     1     1    19     3    20    21     0     3  -117.0   24.038 -137.050    232.6    994.3
     1     1    19     3    20    20     0     2  -118.0   24.039 -136.813    232.3    994.5
     1     1    19     3    20    19     0     1  -119.0   24.051 -136.572    232.3    994.6
     1     1    19     3    20    18     0     0  -120.0   24.074 -136.327    232.3    994.8
     1     1    19     3    20    17     0     1  -121.0   24.110 -136.086    232.3    994.4
     1     1    19     3    20    16     0     2  -122.0   24.166 -135.856    232.3    994.0
     1     1    19     3    20    15     0     3  -123.0   24.244 -135.639    232.3    993.6
     1     1    19     3    20    14     0     2  -124.0   24.340 -135.435    232.3    993.3
     1     1    19     3    20    13     0     1  -125.0   24.451 -135.242    232.3    993.0
     1     1    19     3    20    12     0     0  -126.0   24.578 -135.065    232.3    992.7
     1     1    19     3    20    11     0     1  -127.0   24.714 -134.908    232.3    992.9
     1     1    19     3    20    10     0     2  -128.0   24.854 -134.778    232.3    993.2
     1     1    19     3    20     9     0     3  -129.0   24.999 -134.673    232.3    993.4
     1     1    19     3    20     8     0     2  -130.0   25.145 -134.590    232.3    993.2
     1     1    19     3    20     7     0     1  -131.0   25.287 -134.524    232.3    993.0
     1     1    19     3    20     6     0     0  -132.0   25.426 -134.476    232.3    992.7
     1     1    19     3    20     5     0     1  -133.0   25.567 -134.450    235.5    992.3
     1     1    19     3    20     4     0     2  -134.0   25.717 -134.450    245.0    990.9
     1     1    19     3    20     3     0     3  -135.0   25.876 -134.477    261.2    988.9
     1     1    19     3    20     2     0     2  -136.0   26.038 -134.526    279.6    985.8
     1     1    19     3    20     1     0     1  -137.0   26.199 -134.594    295.9    983.5
     1     1    19     3    20     0     0     0  -138.0   26.358 -134.679    311.8    981.3
     1     1    19     3    19    23     0     1  -139.0   26.513 -134.777    327.1    979.6
     1     1    19     3    19    22     0     2  -140.0   26.661 -134.885    340.9    978.1
     1     1    19     3    19    21     0     3  -141.0   26.802 -135.004    352.9    976.9
     1     1    19     3    19    20     0     2  -142.0   26.944 -135.135    365.8    975.7
     1     1    19     3    19    19     0     1  -143.0   27.091 -135.278    381.5    973.7
     1     1    19     3    19    18     0     0  -144.0   27.242 -135.433    398.7    971.7
     1     1    19     3    19    17     0     1  -145.0   27.396 -135.601    413.7    969.1
     1     1    19     3    19    16     0     2  -146.0   27.551 -135.778    422.7    967.5
     1     1    19     3    19    15     0     3  -147.0   27.702 -135.964    425.7    966.5
     1     1    19     3    19    14     0     2  -148.0   27.853 -136.165    429.1    966.5
     1     1    19     3    19    13     0     1  -149.0   28.008 -136.387    442.5    965.0
     1     1    19     3    19    12     0     0  -150.0   28.168 -136.622    467.2    961.4
     1     1    19     3    19    11     0     1  -151.0   28.333 -136.867    491.4    957.5
     1     1    19     3    19    10     0     2  -152.0   28.509 -137.121    504.1    955.9
     1     1    19     3    19     9     0     3  -153.0   28.698 -137.386    507.0    955.9
     1     1    19     3    19     8     0     2  -154.0   28.897 -137.668    506.6    956.2
     1     1    19     3    19     7     0     1  -155.0   29.108 -137.972    506.4    955.9
     1     1    19     3    19     6     0     0  -156.0   29.331 -138.293    506.4    955.6
     1     1    19     3    19     5     0     1  -157.0   29.558 -138.633    507.2    955.0
     1     1    19     3    19     4     0     2  -158.0   29.783 -138.993    508.8    954.2
     1     1    19     3    19     3     0     3  -159.0   30.009 -139.371    511.7    953.5
     1     1    19     3    19     2     0     2  -160.0   30.232 -139.763    516.2    952.4
     1     1    19     3    19     1     0     1  -161.0   30.453 -140.166    519.7    951.4
     1     1    19     3    19     0     0     0  -162.0   30.679 -140.578    520.6    950.9
     1     1    19     3    18    23     0     1  -163.0   30.905 -140.994    520.6    951.0
     1     1    19     3    18    22     0     2  -164.0   31.133 -141.411    522.3    951.1
     1     1    19     3    18    21     0     3  -165.0   31.371 -141.824    527.9    950.5
     1     1    19     3    18    20     0     2  -166.0   31.620 -142.236    533.4    948.9
     1     1    19     3    18    19     0     1  -167.0   31.883 -142.649    535.0    948.4
     1     1    19     3    18    18     0     0  -168.0   32.161 -143.056    535.2    948.1
     1     1    19     3    18    17     0     1  -169.0   32.447 -143.469    535.5    947.4
     1     1    19     3    18    16     0     2  -170.0   32.740 -143.903    527.7    946.7
     1     1    19     3    18    15     0     3  -171.0   33.037 -144.344    506.4    948.8
     1     1    19     3    18    14     0     2  -172.0   33.328 -144.783    492.4    952.1
     1     1    19     3    18    13     0     1  -173.0   33.607 -145.227    494.5    950.3
     1     1    19     3    18    12     0     0  -174.0   33.884 -145.670    497.6    948.9
     1     1    19     3    18    11     0     1  -175.0   34.166 -146.093    498.1    949.0
     1     1    19     3    18    10     0     2  -176.0   34.455 -146.482    498.9    948.8
     1     1    19     3    18     9     0     3  -177.0   34.746 -146.843    500.5    948.3
     1     1    19     3    18     8     0     2  -178.0   35.049 -147.199    505.2    947.5
     1     1    19     3    18     7     0     1  -179.0   35.368 -147.570    513.4    945.7
     1     1    19     3    18     6     0     0  -180.0   35.702 -147.960    518.6    944.0
     1     1    19     3    18     5     0     1  -181.0   36.038 -148.362    519.4    943.3
     1     1    19     3    18     4     0     2  -182.0   36.362 -148.766    519.8    942.4
     1     1    19     3    18     3     0     3  -183.0   36.665 -149.179    519.9    941.3
     1     1    19     3    18     2     0     2  -184.0   36.958 -149.596    519.9    940.7
     1     1    19     3    18     1     0     1  -185.0   37.244 -150.012    519.4    940.1
     1     1    19     3    18     0     0     0  -186.0   37.521 -150.427    516.0    939.6
     1     1    19     3    17    23     0     1  -187.0   37.808 -150.832    512.1    940.4
     1     1    19     3    17    22     0     2  -188.0   38.109 -151.219    511.9    940.1
     1     1    19     3    17    21     0     3  -189.0   38.413 -151.588    514.1    939.4
     1     1    19     3    17    20     0     2  -190.0   38.728 -151.952    522.9    938.3
     1     1    19     3    17    19     0     1  -191.0   39.061 -152.319    539.3    935.1
     1     1    19     3    17    18     0     0  -192.0   39.410 -152.680    547.6    932.2
     1     1    19     3    17    17     0     1  -193.0   39.775 -153.040    544.2    932.7
     1     1    19     3    17    16     0     2  -194.0   40.138 -153.423    545.5    933.0
     1     1    19     3    17    15     0     3  -195.0   40.495 -153.826    545.1    930.5
     1     1    19     3    17    14     0     2  -196.0   40.868 -154.235    528.7    932.0
     1     1    19     3    17    13     0     1  -197.0   41.257 -154.650    509.8    934.8
     1     1    19     3    17    12     0     0  -198.0   41.661 -155.074    487.9    935.2
     1     1    19     3    17    11     0     1  -199.0   42.093 -155.500    460.8    939.1
     1     1    19     3    17    10     0     2  -200.0   42.548 -155.939    440.6    941.4
     1     1    19     3    17     9     0     3  -201.0   43.020 -156.387    423.7    941.9
     1     1    19     3    17     8     0     2  -202.0   43.513 -156.833    415.3    943.5
     1     1    19     3    17     7     0     1  -203.0   44.038 -157.268    416.7    941.5
     1     1    19     3    17     6     0     0  -204.0   44.600 -157.676    423.5    940.8
     1     1    19     3    17     5     0     1  -205.0   45.196 -158.043    438.6    938.2
     1     1    19     3    17     4     0     2  -206.0   45.811 -158.364    450.7    935.0
     1     1    19     3    17     3     0     3  -207.0   46.435 -158.632    452.1    934.8
     1     1    19     3    17     2     0     2  -208.0   47.064 -158.855    444.8    935.7
     1     1    19     3    17     1     0     1  -209.0   47.688 -159.051    427.4    937.5
     1     1    19     3    17     0     0     0  -210.0   48.312 -159.233    405.9    940.6
     1     1    19     3    16    23     0     1  -211.0   48.924 -159.411    394.1    943.0
     1     1    19     3    16    22     0     2  -212.0   49.506 -159.603    392.9    942.6
     1     1    19     3    16    21     0     3  -213.0   50.053 -159.823    393.3    942.4
     1     1    19     3    16    20     0     2  -214.0   50.579 -160.058    396.0    941.9
     1     1    19     3    16    19     0     1  -215.0   51.109 -160.297    400.1    940.3
     1     1    19     3    16    18     0     0  -216.0   51.656 -160.541    401.5    939.4
     1     1    19     3    16    17     0     1  -217.0   52.220 -160.792    403.8    939.3
     1     1    19     3    16    16     0     2  -218.0   52.789 -161.058    407.2    938.4
     1     1    19     3    16    15     0     3  -219.0   53.370 -161.345    412.4    938.2
     1     1    19     3    16    14     0     2  -220.0   53.975 -161.658    427.8    937.1
     1     1    19     3    16    13     0     1  -221.0   54.562 -161.983    542.1    931.9
     1     1    19     3    16    12     0     0  -222.0   55.145 -162.302    820.2    894.2
     1     1    19     3    16    11     0     1  -223.0   55.687 -162.559   1052.2    850.4
     1     1    19     3    16    10     0     2  -224.0   56.170 -162.751   1109.1    853.7
     1     1    19     3    16     9     0     3  -225.0   56.619 -162.899   1114.8    862.9
     1     1    19     3    16     8     0     2  -226.0   57.044 -163.016   1149.5    858.3
     1     1    19     3    16     7     0     1  -227.0   57.442 -163.115   1199.9    852.9
     1     1    19     3    16     6     0     0  -228.0   57.802 -163.191   1262.3    846.2
     1     1    19     3    16     5     0     1  -229.0   58.117 -163.246   1327.7    838.7
     1     1    19     3    16     4     0     2  -230.0   58.387 -163.284   1388.1    832.6
     1     1    19     3    16     3     0     3  -231.0   58.617 -163.306   1442.4    827.4
     1     1    19     3    16     2     0     2  -232.0   58.805 -163.318   1496.9    822.9
     1     1    19     3    16     1     0     1  -233.0   58.950 -163.323   1558.2    816.6
     1     1    19     3    16     0     0     0  -234.0   59.056 -163.322   1626.0    809.6
     1     1    19     3    15    23     0     1  -235.0   59.126 -163.314   1693.4    802.1
     1     1    19     3    15    22     0     2  -236.0   59.163 -163.299   1755.3    796.1
     1     1    19     3    15    21     0     3  -237.0   59.173 -163.284   1814.7    790.5
     1     1    19     3    15    20     0     2  -238.0   59.159 -163.274   1870.2    784.6
     1     1    19     3    15    19     0     1  -239.0   59.123 -163.275   1918.2    779.5
     1     1    19     3    15    18     0     0  -240.0   59.066 -163.287   1958.0    775.5
