     7     1
    GDAS    18    12     1     0     0
    GDAS    19     1     1     0     0
    GDAS    19     2     1     0     0
    GDAS    19     3     1     0     0
    GDAS    19     4     1     0     0
    GDAS    19     5     1     0     0
    GDAS    19     6     1     0     0
     1 BACKWARD OMEGA   
    19     4    25    18   21.319 -157.670    10.0
     1 PRESSURE
     1     1    19     4    25    18     0     0     0.0   21.319 -157.670     10.0   1015.2
     1     1    19     4    25    17     0     1    -1.0   21.369 -157.499     11.5   1013.9
     1     1    19     4    25    16     0     2    -2.0   21.418 -157.320     14.6   1012.6
     1     1    19     4    25    15     0     3    -3.0   21.463 -157.131     20.8   1011.3
     1     1    19     4    25    14     0     2    -4.0   21.509 -156.939     31.6   1010.2
     1     1    19     4    25    13     0     1    -5.0   21.556 -156.746     44.6   1009.7
     1     1    19     4    25    12     0     0    -6.0   21.602 -156.550     55.7   1009.3
     1     1    19     4    25    11     0     1    -7.0   21.639 -156.347     61.8   1009.1
     1     1    19     4    25    10     0     2    -8.0   21.666 -156.135     61.4   1010.0
     1     1    19     4    25     9     0     3    -9.0   21.685 -155.919     56.5   1011.5
     1     1    19     4    25     8     0     2   -10.0   21.708 -155.702     51.5   1012.4
     1     1    19     4    25     7     0     1   -11.0   21.743 -155.489     48.4   1012.6
     1     1    19     4    25     6     0     0   -12.0   21.789 -155.279     46.7   1012.7
     1     1    19     4    25     5     0     1   -13.0   21.842 -155.074     46.1   1012.0
     1     1    19     4    25     4     0     2   -14.0   21.901 -154.875     46.0   1011.2
     1     1    19     4    25     3     0     3   -15.0   21.966 -154.683     46.0   1010.5
     1     1    19     4    25     2     0     2   -16.0   22.037 -154.496     46.0   1010.7
     1     1    19     4    25     1     0     1   -17.0   22.114 -154.311     46.0   1010.9
     1     1    19     4    25     0     0     0   -18.0   22.196 -154.133     46.0   1011.1
     1     1    19     4    24    23     0     1   -19.0   22.272 -153.959     45.7   1011.5
     1     1    19     4    24    22     0     2   -20.0   22.335 -153.782     44.6   1011.9
     1     1    19     4    24    21     0     3   -21.0   22.388 -153.602     42.7   1012.3
     1     1    19     4    24    20     0     2   -22.0   22.435 -153.420     40.5   1012.8
     1     1    19     4    24    19     0     1   -23.0   22.480 -153.234     38.3   1013.2
     1     1    19     4    24    18     0     0   -24.0   22.522 -153.047     35.7   1013.7
     1     1    19     4    24    17     0     1   -25.0   22.563 -152.864     33.0   1014.2
     1     1    19     4    24    16     0     2   -26.0   22.606 -152.693     30.4   1014.8
     1     1    19     4    24    15     0     3   -27.0   22.651 -152.532     27.7   1015.3
     1     1    19     4    24    14     0     2   -28.0   22.693 -152.374     25.1   1015.9
     1     1    19     4    24    13     0     1   -29.0   22.731 -152.209     22.8   1016.4
     1     1    19     4    24    12     0     0   -30.0   22.764 -152.041     20.6   1016.9
     1     1    19     4    24    11     0     1   -31.0   22.798 -151.869     18.9   1017.4
     1     1    19     4    24    10     0     2   -32.0   22.835 -151.689     18.0   1017.6
     1     1    19     4    24     9     0     3   -33.0   22.874 -151.502     17.7   1017.7
     1     1    19     4    24     8     0     2   -34.0   22.914 -151.304     17.7   1017.7
     1     1    19     4    24     7     0     1   -35.0   22.956 -151.095     17.7   1017.8
     1     1    19     4    24     6     0     0   -36.0   22.999 -150.877     17.7   1017.8
     1     1    19     4    24     5     0     1   -37.0   23.050 -150.658     17.7   1017.9
     1     1    19     4    24     4     0     2   -38.0   23.109 -150.446     17.5   1018.0
     1     1    19     4    24     3     0     3   -39.0   23.176 -150.242     17.1   1018.2
     1     1    19     4    24     2     0     2   -40.0   23.246 -150.040     16.6   1018.4
     1     1    19     4    24     1     0     1   -41.0   23.309 -149.831     16.0   1018.7
     1     1    19     4    24     0     0     0   -42.0   23.366 -149.616     15.4   1019.0
     1     1    19     4    23    23     0     1   -43.0   23.418 -149.390     15.0   1019.0
     1     1    19     4    23    22     0     2   -44.0   23.463 -149.147     14.7   1018.9
     1     1    19     4    23    21     0     3   -45.0   23.504 -148.889     14.6   1018.8
     1     1    19     4    23    20     0     2   -46.0   23.546 -148.621     14.4   1018.8
     1     1    19     4    23    19     0     1   -47.0   23.595 -148.350     14.2   1018.8
     1     1    19     4    23    18     0     0   -48.0   23.654 -148.074     14.0   1018.8
     1     1    19     4    23    17     0     1   -49.0   23.716 -147.793     14.0   1018.8
     1     1    19     4    23    16     0     2   -50.0   23.772 -147.507     14.0   1018.9
     1     1    19     4    23    15     0     3   -51.0   23.822 -147.221     14.0   1018.9
     1     1    19     4    23    14     0     2   -52.0   23.870 -146.935     14.0   1018.8
     1     1    19     4    23    13     0     1   -53.0   23.919 -146.646     14.0   1018.8
     1     1    19     4    23    12     0     0   -54.0   23.968 -146.352     14.1   1018.7
     1     1    19     4    23    11     0     1   -55.0   24.017 -146.052     14.1   1019.9
     1     1    19     4    23    10     0     2   -56.0   24.066 -145.751     14.1   1021.2
     1     1    19     4    23     9     0     3   -57.0   24.118 -145.449     14.1   1022.5
     1     1    19     4    23     8     0     2   -58.0   24.174 -145.144     14.1   1022.5
     1     1    19     4    23     7     0     1   -59.0   24.235 -144.834     14.1   1022.4
     1     1    19     4    23     6     0     0   -60.0   24.301 -144.522     14.2   1022.4
     1     1    19     4    23     5     0     1   -61.0   24.365 -144.210     14.2   1022.2
     1     1    19     4    23     4     0     2   -62.0   24.427 -143.898     14.0   1022.1
     1     1    19     4    23     3     0     3   -63.0   24.489 -143.586     13.7   1022.1
     1     1    19     4    23     2     0     2   -64.0   24.553 -143.273     13.4   1022.1
     1     1    19     4    23     1     0     1   -65.0   24.618 -142.960     13.4   1022.0
     1     1    19     4    23     0     0     0   -66.0   24.687 -142.648     13.5   1022.0
     1     1    19     4    22    23     0     1   -67.0   24.757 -142.334     13.7   1021.9
     1     1    19     4    22    22     0     2   -68.0   24.827 -142.012     13.9   1021.7
     1     1    19     4    22    21     0     3   -69.0   24.894 -141.684     14.1   1021.6
     1     1    19     4    22    20     0     2   -70.0   24.964 -141.352     14.4   1022.6
     1     1    19     4    22    19     0     1   -71.0   25.047 -141.018     15.1   1023.7
     1     1    19     4    22    18     0     0   -72.0   25.142 -140.682     16.2   1024.6
     1     1    19     4    22    17     0     1   -73.0   25.242 -140.349     17.5   1024.2
     1     1    19     4    22    16     0     2   -74.0   25.341 -140.024     18.6   1024.0
     1     1    19     4    22    15     0     3   -75.0   25.439 -139.706     19.6   1023.8
     1     1    19     4    22    14     0     2   -76.0   25.536 -139.393     20.8   1023.5
     1     1    19     4    22    13     0     1   -77.0   25.627 -139.081     22.2   1023.3
     1     1    19     4    22    12     0     0   -78.0   25.713 -138.769     23.9   1023.0
     1     1    19     4    22    11     0     1   -79.0   25.796 -138.455     25.5   1022.8
     1     1    19     4    22    10     0     2   -80.0   25.879 -138.135     26.8   1022.6
     1     1    19     4    22     9     0     3   -81.0   25.961 -137.811     27.4   1022.6
     1     1    19     4    22     8     0     2   -82.0   26.050 -137.481     27.8   1022.5
     1     1    19     4    22     7     0     1   -83.0   26.153 -137.148     28.7   1022.4
     1     1    19     4    22     6     0     0   -84.0   26.270 -136.812     30.3   1022.1
     1     1    19     4    22     5     0     1   -85.0   26.401 -136.479     32.1   1021.9
     1     1    19     4    22     4     0     2   -86.0   26.545 -136.156     34.1   1021.6
     1     1    19     4    22     3     0     3   -87.0   26.704 -135.843     36.6   1021.3
     1     1    19     4    22     2     0     2   -88.0   26.872 -135.537     39.0   1021.1
     1     1    19     4    22     1     0     1   -89.0   27.044 -135.239     40.4   1021.0
     1     1    19     4    22     0     0     0   -90.0   27.217 -134.950     40.5   1021.0
     1     1    19     4    21    23     0     1   -91.0   27.388 -134.668     39.6   1021.3
     1     1    19     4    21    22     0     2   -92.0   27.553 -134.389     38.9   1021.6
     1     1    19     4    21    21     0     3   -93.0   27.714 -134.114     38.5   1021.8
     1     1    19     4    21    20     0     2   -94.0   27.878 -133.841     38.8   1021.9
     1     1    19     4    21    19     0     1   -95.0   28.054 -133.570     39.7   1022.2
     1     1    19     4    21    18     0     0   -96.0   28.241 -133.303     41.1   1022.3
     1     1    19     4    21    17     0     1   -97.0   28.439 -133.046     43.0   1022.1
     1     1    19     4    21    16     0     2   -98.0   28.645 -132.805     45.1   1021.9
     1     1    19     4    21    15     0     3   -99.0   28.859 -132.577     47.5   1021.8
     1     1    19     4    21    14     0     2  -100.0   29.081 -132.359     49.9   1021.7
     1     1    19     4    21    13     0     1  -101.0   29.308 -132.151     52.2   1021.6
     1     1    19     4    21    12     0     0  -102.0   29.539 -131.953     53.9   1021.6
     1     1    19     4    21    11     0     1  -103.0   29.770 -131.760     55.2   1021.2
     1     1    19     4    21    10     0     2  -104.0   30.002 -131.566     56.8   1020.7
     1     1    19     4    21     9     0     3  -105.0   30.235 -131.370     58.8   1020.0
     1     1    19     4    21     8     0     2  -106.0   30.475 -131.180     61.1   1019.4
     1     1    19     4    21     7     0     1  -107.0   30.725 -131.004     63.6   1018.8
     1     1    19     4    21     6     0     0  -108.0   30.988 -130.835     66.4   1017.9
     1     1    19     4    21     5     0     1  -109.0   31.256 -130.680     69.4   1017.8
     1     1    19     4    21     4     0     2  -110.0   31.523 -130.541     72.7   1017.3
     1     1    19     4    21     3     0     3  -111.0   31.788 -130.419     76.5   1016.5
     1     1    19     4    21     2     0     2  -112.0   32.056 -130.308     80.6   1015.3
     1     1    19     4    21     1     0     1  -113.0   32.330 -130.206     84.8   1014.2
     1     1    19     4    21     0     0     0  -114.0   32.612 -130.114     89.6   1013.2
     1     1    19     4    20    23     0     1  -115.0   32.897 -130.029     94.3   1012.5
     1     1    19     4    20    22     0     2  -116.0   33.185 -129.950     97.4   1012.4
     1     1    19     4    20    21     0     3  -117.0   33.474 -129.881     98.6   1012.8
     1     1    19     4    20    20     0     2  -118.0   33.772 -129.823    100.0   1013.0
     1     1    19     4    20    19     0     1  -119.0   34.083 -129.776    103.9   1012.4
     1     1    19     4    20    18     0     0  -120.0   34.402 -129.738    111.1   1011.2
     1     1    19     4    20    17     0     1  -121.0   34.720 -129.714    120.2   1009.8
     1     1    19     4    20    16     0     2  -122.0   35.038 -129.704    130.2   1008.5
     1     1    19     4    20    15     0     3  -123.0   35.359 -129.702    141.2   1007.1
     1     1    19     4    20    14     0     2  -124.0   35.688 -129.706    152.9   1005.1
     1     1    19     4    20    13     0     1  -125.0   36.025 -129.716    165.1   1003.2
     1     1    19     4    20    12     0     0  -126.0   36.371 -129.733    177.9   1001.3
     1     1    19     4    20    11     0     1  -127.0   36.725 -129.757    189.2    999.5
     1     1    19     4    20    10     0     2  -128.0   37.086 -129.787    197.4    998.4
     1     1    19     4    20     9     0     3  -129.0   37.451 -129.822    202.7    997.7
     1     1    19     4    20     8     0     2  -130.0   37.821 -129.860    206.6    997.4
     1     1    19     4    20     7     0     1  -131.0   38.196 -129.898    209.6    996.9
     1     1    19     4    20     6     0     0  -132.0   38.577 -129.934    211.1    996.7
     1     1    19     4    20     5     0     1  -133.0   38.960 -129.977    211.6    996.2
     1     1    19     4    20     4     0     2  -134.0   39.340 -130.032    212.6    995.8
     1     1    19     4    20     3     0     3  -135.0   39.715 -130.091    216.4    995.1
     1     1    19     4    20     2     0     2  -136.0   40.083 -130.156    223.7    994.1
     1     1    19     4    20     1     0     1  -137.0   40.441 -130.225    233.0    992.9
     1     1    19     4    20     0     0     0  -138.0   40.792 -130.296    241.3    991.7
     1     1    19     4    19    23     0     1  -139.0   41.136 -130.368    247.6    991.3
     1     1    19     4    19    22     0     2  -140.0   41.474 -130.442    254.2    990.8
     1     1    19     4    19    21     0     3  -141.0   41.804 -130.519    262.5    990.1
     1     1    19     4    19    20     0     2  -142.0   42.128 -130.604    270.6    988.7
     1     1    19     4    19    19     0     1  -143.0   42.452 -130.706    275.1    987.9
     1     1    19     4    19    18     0     0  -144.0   42.778 -130.825    276.2    987.9
     1     1    19     4    19    17     0     1  -145.0   43.100 -130.957    276.4    987.7
     1     1    19     4    19    16     0     2  -146.0   43.412 -131.102    278.1    987.2
     1     1    19     4    19    15     0     3  -147.0   43.708 -131.265    283.8    986.2
     1     1    19     4    19    14     0     2  -148.0   43.988 -131.446    293.4    984.5
     1     1    19     4    19    13     0     1  -149.0   44.251 -131.646    305.4    982.7
     1     1    19     4    19    12     0     0  -150.0   44.493 -131.865    316.9    980.7
     1     1    19     4    19    11     0     1  -151.0   44.714 -132.094    325.8    979.9
     1     1    19     4    19    10     0     2  -152.0   44.912 -132.322    335.8    979.2
     1     1    19     4    19     9     0     3  -153.0   45.085 -132.547    349.9    977.6
     1     1    19     4    19     8     0     2  -154.0   45.246 -132.778    365.8    975.3
     1     1    19     4    19     7     0     1  -155.0   45.412 -133.024    378.1    973.5
     1     1    19     4    19     6     0     0  -156.0   45.585 -133.282    384.9    972.5
     1     1    19     4    19     5     0     1  -157.0   45.742 -133.548    386.5    971.8
     1     1    19     4    19     4     0     2  -158.0   45.865 -133.821    383.4    971.7
     1     1    19     4    19     3     0     3  -159.0   45.960 -134.104    376.2    972.1
     1     1    19     4    19     2     0     2  -160.0   46.028 -134.378    369.0    973.2
     1     1    19     4    19     1     0     1  -161.0   46.072 -134.627    364.3    973.6
     1     1    19     4    19     0     0     0  -162.0   46.088 -134.859    360.8    973.8
     1     1    19     4    18    23     0     1  -163.0   46.090 -135.047    358.2    974.0
     1     1    19     4    18    22     0     2  -164.0   46.095 -135.167    356.3    974.0
     1     1    19     4    18    21     0     3  -165.0   46.103 -135.223    354.7    974.0
     1     1    19     4    18    20     0     2  -166.0   46.119 -135.240    354.4    974.1
     1     1    19     4    18    19     0     1  -167.0   46.144 -135.244    356.5    973.8
     1     1    19     4    18    18     0     0  -168.0   46.178 -135.233    361.2    973.2
     1     1    19     4    18    17     0     1  -169.0   46.215 -135.229    369.0    972.2
     1     1    19     4    18    16     0     2  -170.0   46.249 -135.255    379.6    970.8
     1     1    19     4    18    15     0     3  -171.0   46.279 -135.312    391.7    969.2
     1     1    19     4    18    14     0     2  -172.0   46.293 -135.394    397.6    967.9
     1     1    19     4    18    13     0     1  -173.0   46.284 -135.487    391.1    968.7
     1     1    19     4    18    12     0     0  -174.0   46.254 -135.589    373.8    970.8
     1     1    19     4    18    11     0     1  -175.0   46.209 -135.703    356.2    974.1
     1     1    19     4    18    10     0     2  -176.0   46.157 -135.832    347.0    975.3
     1     1    19     4    18     9     0     3  -177.0   46.098 -135.972    345.2    975.6
     1     1    19     4    18     8     0     2  -178.0   46.031 -136.120    344.2    975.1
     1     1    19     4    18     7     0     1  -179.0   45.954 -136.277    338.2    976.1
     1     1    19     4    18     6     0     0  -180.0   45.866 -136.446    330.6    977.3
     1     1    19     4    18     5     0     1  -181.0   45.774 -136.645    326.3    977.9
     1     1    19     4    18     4     0     2  -182.0   45.681 -136.890    326.5    977.4
     1     1    19     4    18     3     0     3  -183.0   45.585 -137.177    328.3    976.7
     1     1    19     4    18     2     0     2  -184.0   45.487 -137.508    332.6    976.3
     1     1    19     4    18     1     0     1  -185.0   45.388 -137.880    338.3    975.1
     1     1    19     4    18     0     0     0  -186.0   45.286 -138.292    342.2    974.6
     1     1    19     4    17    23     0     1  -187.0   45.173 -138.746    348.3    973.8
     1     1    19     4    17    22     0     2  -188.0   45.046 -139.243    358.7    972.2
     1     1    19     4    17    21     0     3  -189.0   44.906 -139.780    368.1    970.4
     1     1    19     4    17    20     0     2  -190.0   44.753 -140.347    380.8    969.4
     1     1    19     4    17    19     0     1  -191.0   44.589 -140.939    400.9    966.0
     1     1    19     4    17    18     0     0  -192.0   44.422 -141.556    428.4    963.3
     1     1    19     4    17    17     0     1  -193.0   44.248 -142.209    467.1    957.3
     1     1    19     4    17    16     0     2  -194.0   44.060 -142.905    523.3    951.0
     1     1    19     4    17    15     0     3  -195.0   43.871 -143.653    579.1    940.2
     1     1    19     4    17    14     0     2  -196.0   43.673 -144.439    610.9    938.0
     1     1    19     4    17    13     0     1  -197.0   43.463 -145.263    638.9    934.6
     1     1    19     4    17    12     0     0  -198.0   43.261 -146.121    685.2    928.4
     1     1    19     4    17    11     0     1  -199.0   43.060 -146.995    745.8    920.8
     1     1    19     4    17    10     0     2  -200.0   42.871 -147.874    821.9    912.1
     1     1    19     4    17     9     0     3  -201.0   42.739 -148.765    912.9    900.9
     1     1    19     4    17     8     0     2  -202.0   42.652 -149.667    979.7    891.4
     1     1    19     4    17     7     0     1  -203.0   42.643 -150.593   1011.1    887.4
     1     1    19     4    17     6     0     0  -204.0   42.751 -151.492   1017.0    886.2
     1     1    19     4    17     5     0     1  -205.0   42.904 -152.321   1029.9    882.9
     1     1    19     4    17     4     0     2  -206.0   43.155 -152.992   1042.6    879.4
     1     1    19     4    17     3     0     3  -207.0   43.539 -153.450   1052.8    878.7
     1     1    19     4    17     2     0     2  -208.0   43.938 -153.671   1067.0    876.4
     1     1    19     4    17     1     0     1  -209.0   44.284 -153.662   1067.8    876.0
     1     1    19     4    17     0     0     0  -210.0   44.552 -153.475   1058.3    877.8
     1     1    19     4    16    23     0     1  -211.0   44.738 -153.196   1051.3    881.2
     1     1    19     4    16    22     0     2  -212.0   44.852 -152.934   1054.7    882.2
     1     1    19     4    16    21     0     3  -213.0   44.910 -152.715   1071.5    882.5
     1     1    19     4    16    20     0     2  -214.0   44.936 -152.562   1095.3    879.4
     1     1    19     4    16    19     0     1  -215.0   44.947 -152.489   1113.0    877.8
     1     1    19     4    16    18     0     0  -216.0   44.943 -152.495   1120.7    877.4
     1     1    19     4    16    17     0     1  -217.0   44.935 -152.575   1126.7    878.1
     1     1    19     4    16    16     0     2  -218.0   44.933 -152.725   1139.8    877.0
     1     1    19     4    16    15     0     3  -219.0   44.939 -152.944   1159.9    875.1
     1     1    19     4    16    14     0     2  -220.0   44.944 -153.225   1180.7    872.2
     1     1    19     4    16    13     0     1  -221.0   44.939 -153.560   1194.9    870.5
     1     1    19     4    16    12     0     0  -222.0   44.924 -153.944   1201.0    869.9
     1     1    19     4    16    11     0     1  -223.0   44.906 -154.364   1203.1    870.4
     1     1    19     4    16    10     0     2  -224.0   44.892 -154.814   1205.8    870.2
     1     1    19     4    16     9     0     3  -225.0   44.885 -155.292   1212.0    870.3
     1     1    19     4    16     8     0     2  -226.0   44.877 -155.790   1230.0    868.5
     1     1    19     4    16     7     0     1  -227.0   44.864 -156.297   1255.0    864.8
     1     1    19     4    16     6     0     0  -228.0   44.843 -156.812   1280.8    861.9
     1     1    19     4    16     5     0     1  -229.0   44.830 -157.344   1305.2    858.7
     1     1    19     4    16     4     0     2  -230.0   44.837 -157.906   1321.1    856.5
     1     1    19     4    16     3     0     3  -231.0   44.855 -158.498   1334.2    855.9
     1     1    19     4    16     2     0     2  -232.0   44.880 -159.116   1354.4    853.7
     1     1    19     4    16     1     0     1  -233.0   44.903 -159.750   1388.3    850.6
     1     1    19     4    16     0     0     0  -234.0   44.921 -160.394   1431.5    845.0
     1     1    19     4    15    23     0     1  -235.0   44.948 -161.059   1469.2    840.3
     1     1    19     4    15    22     0     2  -236.0   44.991 -161.756   1498.4    837.0
     1     1    19     4    15    21     0     3  -237.0   45.046 -162.478   1527.4    834.4
     1     1    19     4    15    20     0     2  -238.0   45.112 -163.227   1564.6    829.8
     1     1    19     4    15    19     0     1  -239.0   45.183 -164.006   1611.4    824.3
     1     1    19     4    15    18     0     0  -240.0   45.256 -164.800   1681.4    817.0
