     7     1
    GDAS    19     6     1     0     0
    GDAS    19     7     1     0     0
    GDAS    19     8     1     0     0
    GDAS    19     9     1     0     0
    GDAS    19    10     1     0     0
    GDAS    19    11     1     0     0
    GDAS    19    12     1     0     0
     1 BACKWARD OMEGA   
    19     9    13     0   21.319 -157.670    10.0
     1 PRESSURE
     1     1    19     9    13     0     0     0     0.0   21.319 -157.670     10.0   1009.4
     1     1    19     9    12    23     0     1    -1.0   21.449 -157.481     83.6   1002.4
     1     1    19     9    12    22     0     2    -2.0   21.563 -157.283    175.4    989.6
     1     1    19     9    12    21     0     3    -3.0   21.655 -157.076    254.5    981.3
     1     1    19     9    12    20     0     2    -4.0   21.731 -156.865    318.1    974.8
     1     1    19     9    12    19     0     1    -5.0   21.800 -156.651    361.8    970.3
     1     1    19     9    12    18     0     0    -6.0   21.859 -156.431    378.4    968.9
     1     1    19     9    12    17     0     1    -7.0   21.912 -156.203    372.6    970.1
     1     1    19     9    12    16     0     2    -8.0   21.969 -155.968    357.0    972.4
     1     1    19     9    12    15     0     3    -9.0   22.034 -155.728    343.8    974.0
     1     1    19     9    12    14     0     2   -10.0   22.108 -155.493    333.8    974.6
     1     1    19     9    12    13     0     1   -11.0   22.185 -155.263    322.7    975.7
     1     1    19     9    12    12     0     0   -12.0   22.268 -155.037    310.4    977.1
     1     1    19     9    12    11     0     1   -13.0   22.351 -154.812    303.7    979.4
     1     1    19     9    12    10     0     2   -14.0   22.428 -154.585    302.2    979.6
     1     1    19     9    12     9     0     3   -15.0   22.498 -154.354    296.1    980.7
     1     1    19     9    12     8     0     2   -16.0   22.576 -154.120    288.1    982.3
     1     1    19     9    12     7     0     1   -17.0   22.676 -153.883    288.1    982.4
     1     1    19     9    12     6     0     0   -18.0   22.799 -153.643    297.7    981.0
     1     1    19     9    12     5     0     1   -19.0   22.935 -153.404    308.1    978.5
     1     1    19     9    12     4     0     2   -20.0   23.078 -153.170    305.8    978.0
     1     1    19     9    12     3     0     3   -21.0   23.230 -152.939    288.7    980.0
     1     1    19     9    12     2     0     2   -22.0   23.387 -152.717    273.2    983.7
     1     1    19     9    12     1     0     1   -23.0   23.541 -152.509    267.4    983.7
     1     1    19     9    12     0     0     0   -24.0   23.692 -152.310    263.0    983.8
     1     1    19     9    11    23     0     1   -25.0   23.840 -152.119    260.0    985.1
     1     1    19     9    11    22     0     2   -26.0   23.986 -151.933    264.8    985.7
     1     1    19     9    11    21     0     3   -27.0   24.121 -151.744    273.7    984.5
     1     1    19     9    11    20     0     2   -28.0   24.250 -151.554    277.6    983.9
     1     1    19     9    11    19     0     1   -29.0   24.379 -151.363    280.2    984.4
     1     1    19     9    11    18     0     0   -30.0   24.503 -151.164    293.1    983.8
     1     1    19     9    11    17     0     1   -31.0   24.616 -150.954    309.7    979.8
     1     1    19     9    11    16     0     2   -32.0   24.717 -150.744    314.0    978.8
     1     1    19     9    11    15     0     3   -33.0   24.807 -150.540    308.4    979.6
     1     1    19     9    11    14     0     2   -34.0   24.885 -150.338    301.9    980.8
     1     1    19     9    11    13     0     1   -35.0   24.945 -150.130    296.1    980.9
     1     1    19     9    11    12     0     0   -36.0   24.987 -149.913    286.7    981.6
     1     1    19     9    11    11     0     1   -37.0   25.020 -149.682    276.0    984.1
     1     1    19     9    11    10     0     2   -38.0   25.051 -149.435    266.7    986.0
     1     1    19     9    11     9     0     3   -39.0   25.084 -149.169    257.5    987.6
     1     1    19     9    11     8     0     2   -40.0   25.130 -148.888    255.7    988.5
     1     1    19     9    11     7     0     1   -41.0   25.197 -148.599    265.8    987.1
     1     1    19     9    11     6     0     0   -42.0   25.282 -148.307    280.4    984.8
     1     1    19     9    11     5     0     1   -43.0   25.373 -148.012    292.1    982.9
     1     1    19     9    11     4     0     2   -44.0   25.466 -147.712    301.9    982.0
     1     1    19     9    11     3     0     3   -45.0   25.564 -147.402    308.8    980.5
     1     1    19     9    11     2     0     2   -46.0   25.667 -147.085    307.7    980.6
     1     1    19     9    11     1     0     1   -47.0   25.776 -146.766    308.5    981.9
     1     1    19     9    11     0     0     0   -48.0   25.886 -146.452    326.8    980.4
     1     1    19     9    10    23     0     1   -49.0   25.992 -146.134    360.4    976.5
     1     1    19     9    10    22     0     2   -50.0   26.097 -145.809    395.9    972.8
     1     1    19     9    10    21     0     3   -51.0   26.206 -145.474    425.4    970.3
     1     1    19     9    10    20     0     2   -52.0   26.322 -145.125    457.1    967.8
     1     1    19     9    10    19     0     1   -53.0   26.450 -144.767    500.7    963.0
     1     1    19     9    10    18     0     0   -54.0   26.588 -144.401    555.8    957.1
     1     1    19     9    10    17     0     1   -55.0   26.733 -144.031    622.8    949.9
     1     1    19     9    10    16     0     2   -56.0   26.874 -143.669    689.5    940.7
     1     1    19     9    10    15     0     3   -57.0   27.008 -143.330    717.9    934.5
     1     1    19     9    10    14     0     2   -58.0   27.141 -142.997    712.5    938.4
     1     1    19     9    10    13     0     1   -59.0   27.266 -142.659    721.9    939.5
     1     1    19     9    10    12     0     0   -60.0   27.381 -142.316    743.5    934.5
     1     1    19     9    10    11     0     1   -61.0   27.495 -141.971    747.8    934.1
     1     1    19     9    10    10     0     2   -62.0   27.610 -141.619    747.2    936.6
     1     1    19     9    10     9     0     3   -63.0   27.730 -141.259    763.3    935.8
     1     1    19     9    10     8     0     2   -64.0   27.853 -140.902    795.3    932.0
     1     1    19     9    10     7     0     1   -65.0   27.969 -140.552    840.8    927.7
     1     1    19     9    10     6     0     0   -66.0   28.073 -140.205    911.2    921.4
     1     1    19     9    10     5     0     1   -67.0   28.169 -139.869    987.0    909.6
     1     1    19     9    10     4     0     2   -68.0   28.262 -139.549   1035.9    903.4
     1     1    19     9    10     3     0     3   -69.0   28.353 -139.240   1063.2    901.5
     1     1    19     9    10     2     0     2   -70.0   28.446 -138.941   1079.7    899.7
     1     1    19     9    10     1     0     1   -71.0   28.545 -138.646   1088.8    899.1
     1     1    19     9    10     0     0     0   -72.0   28.662 -138.354   1098.0    898.5
     1     1    19     9     9    23     0     1   -73.0   28.800 -138.066   1120.9    897.6
     1     1    19     9     9    22     0     2   -74.0   28.958 -137.787   1155.7    893.4
     1     1    19     9     9    21     0     3   -75.0   29.114 -137.529   1186.5    890.1
     1     1    19     9     9    20     0     2   -76.0   29.253 -137.294   1210.9    887.9
     1     1    19     9     9    19     0     1   -77.0   29.375 -137.077   1231.6    886.0
     1     1    19     9     9    18     0     0   -78.0   29.492 -136.873   1252.6    884.3
     1     1    19     9     9    17     0     1   -79.0   29.609 -136.682   1273.0    881.4
     1     1    19     9     9    16     0     2   -80.0   29.732 -136.503   1292.3    879.3
     1     1    19     9     9    15     0     3   -81.0   29.856 -136.342   1311.3    876.6
     1     1    19     9     9    14     0     2   -82.0   29.979 -136.199   1321.6    875.1
     1     1    19     9     9    13     0     1   -83.0   30.097 -136.070   1322.4    875.5
     1     1    19     9     9    12     0     0   -84.0   30.208 -135.951   1321.7    876.2
     1     1    19     9     9    11     0     1   -85.0   30.310 -135.834   1317.4    876.2
     1     1    19     9     9    10     0     2   -86.0   30.401 -135.709   1302.2    877.9
     1     1    19     9     9     9     0     3   -87.0   30.485 -135.577   1274.8    880.9
     1     1    19     9     9     8     0     2   -88.0   30.569 -135.436   1248.1    885.3
     1     1    19     9     9     7     0     1   -89.0   30.661 -135.288   1229.6    886.8
     1     1    19     9     9     6     0     0   -90.0   30.762 -135.133   1203.2    888.7
     1     1    19     9     9     5     0     1   -91.0   30.876 -134.977   1188.0    893.3
     1     1    19     9     9     4     0     2   -92.0   31.000 -134.836   1216.8    890.6
     1     1    19     9     9     3     0     3   -93.0   31.129 -134.714   1282.2    881.6
     1     1    19     9     9     2     0     2   -94.0   31.261 -134.610   1343.3    872.2
     1     1    19     9     9     1     0     1   -95.0   31.397 -134.520   1378.5    869.3
     1     1    19     9     9     0     0     0   -96.0   31.537 -134.449   1399.5    867.6
     1     1    19     9     8    23     0     1   -97.0   31.675 -134.390   1409.1    866.9
     1     1    19     9     8    22     0     2   -98.0   31.805 -134.331   1409.1    867.5
     1     1    19     9     8    21     0     3   -99.0   31.927 -134.270   1405.2    868.6
     1     1    19     9     8    20     0     2  -100.0   32.041 -134.210   1401.2    869.2
     1     1    19     9     8    19     0     1  -101.0   32.151 -134.154   1398.5    869.6
     1     1    19     9     8    18     0     0  -102.0   32.257 -134.103   1396.1    869.8
     1     1    19     9     8    17     0     1  -103.0   32.363 -134.059   1391.1    869.9
     1     1    19     9     8    16     0     2  -104.0   32.472 -134.025   1377.4    870.6
     1     1    19     9     8    15     0     3  -105.0   32.585 -134.003   1346.9    873.1
     1     1    19     9     8    14     0     2  -106.0   32.696 -133.982   1311.4    878.4
     1     1    19     9     8    13     0     1  -107.0   32.801 -133.960   1284.6    880.8
     1     1    19     9     8    12     0     0  -108.0   32.895 -133.940   1260.3    883.0
     1     1    19     9     8    11     0     1  -109.0   32.984 -133.920   1241.7    886.2
     1     1    19     9     8    10     0     2  -110.0   33.078 -133.898   1239.9    887.4
     1     1    19     9     8     9     0     3  -111.0   33.179 -133.874   1256.6    885.7
     1     1    19     9     8     8     0     2  -112.0   33.288 -133.850   1283.1    882.3
     1     1    19     9     8     7     0     1  -113.0   33.406 -133.826   1316.2    879.0
     1     1    19     9     8     6     0     0  -114.0   33.534 -133.809   1360.1    874.8
     1     1    19     9     8     5     0     1  -115.0   33.670 -133.802   1402.8    868.8
     1     1    19     9     8     4     0     2  -116.0   33.816 -133.809   1432.8    865.9
     1     1    19     9     8     3     0     3  -117.0   33.975 -133.831   1455.6    863.7
     1     1    19     9     8     2     0     2  -118.0   34.135 -133.876   1469.5    861.6
     1     1    19     9     8     1     0     1  -119.0   34.285 -133.941   1477.2    861.2
     1     1    19     9     8     0     0     0  -120.0   34.423 -134.022   1495.1    860.1
     1     1    19     9     7    23     0     1  -121.0   34.551 -134.114   1516.2    856.6
     1     1    19     9     7    22     0     2  -122.0   34.672 -134.214   1524.6    855.9
     1     1    19     9     7    21     0     3  -123.0   34.790 -134.318   1521.2    856.7
     1     1    19     9     7    20     0     2  -124.0   34.906 -134.432   1523.5    858.2
     1     1    19     9     7    19     0     1  -125.0   35.017 -134.559   1546.5    855.7
     1     1    19     9     7    18     0     0  -126.0   35.118 -134.695   1585.7    851.2
     1     1    19     9     7    17     0     1  -127.0   35.209 -134.836   1627.0    845.6
     1     1    19     9     7    16     0     2  -128.0   35.289 -134.982   1659.5    841.8
     1     1    19     9     7    15     0     3  -129.0   35.360 -135.136   1686.7    839.1
     1     1    19     9     7    14     0     2  -130.0   35.417 -135.292   1717.1    836.4
     1     1    19     9     7    13     0     1  -131.0   35.458 -135.448   1752.2    832.5
     1     1    19     9     7    12     0     0  -132.0   35.485 -135.602   1787.8    828.8
     1     1    19     9     7    11     0     1  -133.0   35.508 -135.747   1819.5    825.6
     1     1    19     9     7    10     0     2  -134.0   35.535 -135.877   1845.7    823.2
     1     1    19     9     7     9     0     3  -135.0   35.567 -135.987   1866.7    821.3
     1     1    19     9     7     8     0     2  -136.0   35.607 -136.088   1883.2    819.8
     1     1    19     9     7     7     0     1  -137.0   35.656 -136.195   1894.6    818.7
     1     1    19     9     7     6     0     0  -138.0   35.717 -136.308   1899.2    818.3
     1     1    19     9     7     5     0     1  -139.0   35.789 -136.436   1908.0    818.2
     1     1    19     9     7     4     0     2  -140.0   35.873 -136.584   1932.7    815.4
     1     1    19     9     7     3     0     3  -141.0   35.972 -136.755   1971.2    811.0
     1     1    19     9     7     2     0     2  -142.0   36.060 -136.945   2022.5    806.0
     1     1    19     9     7     1     0     1  -143.0   36.112 -137.147   2081.1    799.6
     1     1    19     9     7     0     0     0  -144.0   36.140 -137.353   2138.1    793.9
     1     1    19     9     6    23     0     1  -145.0   36.169 -137.554   2188.7    788.8
     1     1    19     9     6    22     0     2  -146.0   36.211 -137.751   2227.2    784.9
     1     1    19     9     6    21     0     3  -147.0   36.258 -137.945   2245.3    782.9
     1     1    19     9     6    20     0     2  -148.0   36.302 -138.144   2251.1    783.3
     1     1    19     9     6    19     0     1  -149.0   36.343 -138.352   2260.1    782.8
     1     1    19     9     6    18     0     0  -150.0   36.389 -138.566   2279.1    780.9
     1     1    19     9     6    17     0     1  -151.0   36.434 -138.782   2294.6    777.5
     1     1    19     9     6    16     0     2  -152.0   36.462 -139.005   2273.1    777.4
     1     1    19     9     6    15     0     3  -153.0   36.469 -139.240   2206.2    784.3
     1     1    19     9     6    14     0     2  -154.0   36.460 -139.467   2150.3    793.6
     1     1    19     9     6    13     0     1  -155.0   36.445 -139.671   2137.5    793.3
     1     1    19     9     6    12     0     0  -156.0   36.422 -139.848   2140.6    791.6
     1     1    19     9     6    11     0     1  -157.0   36.389 -139.994   2160.0    791.0
     1     1    19     9     6    10     0     2  -158.0   36.345 -140.110   2212.6    786.8
     1     1    19     9     6     9     0     3  -159.0   36.289 -140.202   2292.9    778.4
     1     1    19     9     6     8     0     2  -160.0   36.240 -140.286   2359.2    769.2
     1     1    19     9     6     7     0     1  -161.0   36.212 -140.371   2394.1    766.9
     1     1    19     9     6     6     0     0  -162.0   36.205 -140.456   2413.2    765.8
     1     1    19     9     6     5     0     1  -163.0   36.211 -140.555   2427.7    764.7
     1     1    19     9     6     4     0     2  -164.0   36.226 -140.684   2438.2    763.1
     1     1    19     9     6     3     0     3  -165.0   36.251 -140.844   2434.6    762.7
     1     1    19     9     6     2     0     2  -166.0   36.266 -141.018   2388.9    764.8
     1     1    19     9     6     1     0     1  -167.0   36.250 -141.182   2283.4    775.6
     1     1    19     9     6     0     0     0  -168.0   36.201 -141.331   2130.7    790.2
     1     1    19     9     5    23     0     1  -169.0   36.144 -141.476   1988.5    809.5
     1     1    19     9     5    22     0     2  -170.0   36.106 -141.621   1944.9    816.2
     1     1    19     9     5    21     0     3  -171.0   36.080 -141.766   2013.5    809.7
     1     1    19     9     5    20     0     2  -172.0   36.062 -141.924   2119.7    792.9
     1     1    19     9     5    19     0     1  -173.0   36.055 -142.095   2186.5    784.7
     1     1    19     9     5    18     0     0  -174.0   36.058 -142.273   2166.4    784.4
     1     1    19     9     5    17     0     1  -175.0   36.060 -142.453   2079.7    796.5
     1     1    19     9     5    16     0     2  -176.0   36.068 -142.651   2007.5    806.8
     1     1    19     9     5    15     0     3  -177.0   36.103 -142.883   2030.2    808.6
     1     1    19     9     5    14     0     2  -178.0   36.140 -143.113   2102.8    793.4
     1     1    19     9     5    13     0     1  -179.0   36.147 -143.317   2137.9    789.4
     1     1    19     9     5    12     0     0  -180.0   36.124 -143.514   2125.8    790.4
     1     1    19     9     5    11     0     1  -181.0   36.086 -143.705   2095.8    796.4
     1     1    19     9     5    10     0     2  -182.0   36.047 -143.877   2068.0    798.3
     1     1    19     9     5     9     0     3  -183.0   36.008 -144.018   2030.2    801.6
     1     1    19     9     5     8     0     2  -184.0   35.971 -144.137   1988.1    806.9
     1     1    19     9     5     7     0     1  -185.0   35.940 -144.247   1954.2    810.5
     1     1    19     9     5     6     0     0  -186.0   35.916 -144.349   1932.4    813.0
     1     1    19     9     5     5     0     1  -187.0   35.896 -144.446   1917.7    813.7
     1     1    19     9     5     4     0     2  -188.0   35.880 -144.546   1900.5    814.9
     1     1    19     9     5     3     0     3  -189.0   35.867 -144.648   1873.0    817.1
     1     1    19     9     5     2     0     2  -190.0   35.848 -144.746   1838.9    821.4
     1     1    19     9     5     1     0     1  -191.0   35.813 -144.836   1809.8    824.4
     1     1    19     9     5     0     0     0  -192.0   35.765 -144.920   1788.0    826.6
     1     1    19     9     4    23     0     1  -193.0   35.708 -145.003   1775.7    828.4
     1     1    19     9     4    22     0     2  -194.0   35.650 -145.092   1774.8    828.8
     1     1    19     9     4    21     0     3  -195.0   35.591 -145.188   1783.3    828.2
     1     1    19     9     4    20     0     2  -196.0   35.530 -145.288   1795.1    826.7
     1     1    19     9     4    19     0     1  -197.0   35.469 -145.387   1807.2    825.7
     1     1    19     9     4    18     0     0  -198.0   35.408 -145.484   1822.0    824.5
     1     1    19     9     4    17     0     1  -199.0   35.347 -145.577   1835.7    822.6
     1     1    19     9     4    16     0     2  -200.0   35.287 -145.663   1843.5    821.7
     1     1    19     9     4    15     0     3  -201.0   35.224 -145.742   1846.3    821.4
     1     1    19     9     4    14     0     2  -202.0   35.161 -145.809   1848.9    821.4
     1     1    19     9     4    13     0     1  -203.0   35.103 -145.858   1853.3    820.6
     1     1    19     9     4    12     0     0  -204.0   35.053 -145.885   1856.3    820.0
     1     1    19     9     4    11     0     1  -205.0   35.012 -145.898   1857.6    820.5
     1     1    19     9     4    10     0     2  -206.0   34.982 -145.909   1858.8    821.0
     1     1    19     9     4     9     0     3  -207.0   34.961 -145.917   1860.8    821.4
     1     1    19     9     4     8     0     2  -208.0   34.938 -145.920   1871.4    821.2
     1     1    19     9     4     7     0     1  -209.0   34.899 -145.916   1897.8    818.5
     1     1    19     9     4     6     0     0  -210.0   34.848 -145.909   1937.6    814.5
     1     1    19     9     4     5     0     1  -211.0   34.797 -145.899   1978.9    809.2
     1     1    19     9     4     4     0     2  -212.0   34.760 -145.886   2012.7    805.9
     1     1    19     9     4     3     0     3  -213.0   34.732 -145.868   2040.8    803.1
     1     1    19     9     4     2     0     2  -214.0   34.714 -145.842   2067.3    800.9
     1     1    19     9     4     1     0     1  -215.0   34.704 -145.806   2095.0    798.2
     1     1    19     9     4     0     0     0  -216.0   34.702 -145.759   2122.9    795.6
     1     1    19     9     3    23     0     1  -217.0   34.709 -145.711   2153.3    793.0
     1     1    19     9     3    22     0     2  -218.0   34.725 -145.672   2189.4    789.7
     1     1    19     9     3    21     0     3  -219.0   34.749 -145.641   2232.3    785.8
     1     1    19     9     3    20     0     2  -220.0   34.776 -145.613   2271.0    781.2
     1     1    19     9     3    19     0     1  -221.0   34.803 -145.582   2292.3    779.2
     1     1    19     9     3    18     0     0  -222.0   34.831 -145.548   2294.3    779.0
     1     1    19     9     3    17     0     1  -223.0   34.863 -145.513   2288.2    780.3
     1     1    19     9     3    16     0     2  -224.0   34.899 -145.480   2286.6    780.2
     1     1    19     9     3    15     0     3  -225.0   34.940 -145.450   2290.3    779.6
     1     1    19     9     3    14     0     2  -226.0   34.980 -145.413   2295.9    778.6
     1     1    19     9     3    13     0     1  -227.0   35.015 -145.362   2300.2    778.2
     1     1    19     9     3    12     0     0  -228.0   35.044 -145.298   2303.5    777.9
     1     1    19     9     3    11     0     1  -229.0   35.079 -145.225   2306.7    777.8
     1     1    19     9     3    10     0     2  -230.0   35.134 -145.149   2310.3    777.6
     1     1    19     9     3     9     0     3  -231.0   35.209 -145.069   2312.8    777.4
     1     1    19     9     3     8     0     2  -232.0   35.298 -144.982   2313.6    777.4
     1     1    19     9     3     7     0     1  -233.0   35.398 -144.887   2314.2    777.4
     1     1    19     9     3     6     0     0  -234.0   35.511 -144.784   2312.6    777.3
     1     1    19     9     3     5     0     1  -235.0   35.629 -144.686   2314.3    777.6
     1     1    19     9     3     4     0     2  -236.0   35.748 -144.602   2327.4    776.2
     1     1    19     9     3     3     0     3  -237.0   35.871 -144.532   2352.6    773.6
     1     1    19     9     3     2     0     2  -238.0   35.992 -144.472   2380.7    770.0
     1     1    19     9     3     1     0     1  -239.0   36.106 -144.418   2402.6    767.8
     1     1    19     9     3     0     0     0  -240.0   36.214 -144.370   2416.5    766.3
