     7     1
    GDAS    19     6     1     0     0
    GDAS    19     7     1     0     0
    GDAS    19     8     1     0     0
    GDAS    19     9     1     0     0
    GDAS    19    10     1     0     0
    GDAS    19    11     1     0     0
    GDAS    19    12     1     0     0
     1 BACKWARD OMEGA   
    19     7    19     0   21.319 -157.670    10.0
     1 PRESSURE
     1     1    19     7    19     0     0     0     0.0   21.319 -157.670     10.0   1011.8
     1     1    19     7    18    23     0     1    -1.0   21.449 -157.353     86.1   1007.6
     1     1    19     7    18    22     0     2    -2.0   21.566 -156.971    273.3    983.3
     1     1    19     7    18    21     0     3    -3.0   21.641 -156.552    423.6    960.9
     1     1    19     7    18    20     0     2    -4.0   21.677 -156.137    483.6    958.0
     1     1    19     7    18    19     0     1    -5.0   21.712 -155.744    496.1    960.1
     1     1    19     7    18    18     0     0    -6.0   21.765 -155.370    493.3    960.9
     1     1    19     7    18    17     0     1    -7.0   21.828 -155.008    485.8    962.3
     1     1    19     7    18    16     0     2    -8.0   21.882 -154.650    482.5    963.2
     1     1    19     7    18    15     0     3    -9.0   21.929 -154.292    491.3    962.6
     1     1    19     7    18    14     0     2   -10.0   21.974 -153.938    514.3    959.8
     1     1    19     7    18    13     0     1   -11.0   22.018 -153.592    537.8    955.7
     1     1    19     7    18    12     0     0   -12.0   22.061 -153.255    536.7    954.3
     1     1    19     7    18    11     0     1   -13.0   22.106 -152.911    520.0    959.0
     1     1    19     7    18    10     0     2   -14.0   22.158 -152.543    517.4    961.2
     1     1    19     7    18     9     0     3   -15.0   22.215 -152.157    536.3    959.5
     1     1    19     7    18     8     0     2   -16.0   22.276 -151.760    561.6    955.0
     1     1    19     7    18     7     0     1   -17.0   22.342 -151.359    578.0    952.6
     1     1    19     7    18     6     0     0   -18.0   22.413 -150.955    587.1    951.7
     1     1    19     7    18     5     0     1   -19.0   22.494 -150.549    596.0    950.7
     1     1    19     7    18     4     0     2   -20.0   22.586 -150.139    604.3    949.2
     1     1    19     7    18     3     0     3   -21.0   22.690 -149.724    605.5    948.5
     1     1    19     7    18     2     0     2   -22.0   22.799 -149.302    600.4    949.4
     1     1    19     7    18     1     0     1   -23.0   22.912 -148.877    591.9    950.3
     1     1    19     7    18     0     0     0   -24.0   23.033 -148.454    584.0    951.6
     1     1    19     7    17    23     0     1   -25.0   23.158 -148.037    585.8    952.5
     1     1    19     7    17    22     0     2   -26.0   23.281 -147.624    593.5    951.2
     1     1    19     7    17    21     0     3   -27.0   23.403 -147.212    589.7    951.1
     1     1    19     7    17    20     0     2   -28.0   23.529 -146.799    573.4    953.6
     1     1    19     7    17    19     0     1   -29.0   23.662 -146.381    556.2    956.1
     1     1    19     7    17    18     0     0   -30.0   23.806 -145.965    537.6    957.7
     1     1    19     7    17    17     0     1   -31.0   23.954 -145.552    526.9    960.4
     1     1    19     7    17    16     0     2   -32.0   24.097 -145.148    547.6    958.7
     1     1    19     7    17    15     0     3   -33.0   24.237 -144.760    594.6    951.8
     1     1    19     7    17    14     0     2   -34.0   24.374 -144.380    630.5    945.3
     1     1    19     7    17    13     0     1   -35.0   24.508 -143.998    636.7    945.3
     1     1    19     7    17    12     0     0   -36.0   24.642 -143.620    636.4    947.1
     1     1    19     7    17    11     0     1   -37.0   24.776 -143.244    642.8    946.6
     1     1    19     7    17    10     0     2   -38.0   24.907 -142.868    652.8    945.7
     1     1    19     7    17     9     0     3   -39.0   25.037 -142.484    666.1    944.6
     1     1    19     7    17     8     0     2   -40.0   25.175 -142.095    678.1    942.6
     1     1    19     7    17     7     0     1   -41.0   25.329 -141.710    683.7    942.1
     1     1    19     7    17     6     0     0   -42.0   25.499 -141.328    686.9    942.2
     1     1    19     7    17     5     0     1   -43.0   25.678 -140.943    698.5    941.4
     1     1    19     7    17     4     0     2   -44.0   25.851 -140.556    715.9    938.0
     1     1    19     7    17     3     0     3   -45.0   26.014 -140.170    727.6    936.2
     1     1    19     7    17     2     0     2   -46.0   26.170 -139.790    736.6    935.8
     1     1    19     7    17     1     0     1   -47.0   26.321 -139.411    749.7    934.8
     1     1    19     7    17     0     0     0   -48.0   26.464 -139.035    766.6    932.7
     1     1    19     7    16    23     0     1   -49.0   26.595 -138.658    781.6    931.2
     1     1    19     7    16    22     0     2   -50.0   26.713 -138.282    791.5    930.4
     1     1    19     7    16    21     0     3   -51.0   26.822 -137.906    793.8    930.4
     1     1    19     7    16    20     0     2   -52.0   26.926 -137.535    791.6    931.3
     1     1    19     7    16    19     0     1   -53.0   27.027 -137.169    790.1    931.6
     1     1    19     7    16    18     0     0   -54.0   27.124 -136.806    788.1    931.7
     1     1    19     7    16    17     0     1   -55.0   27.217 -136.441    784.0    931.7
     1     1    19     7    16    16     0     2   -56.0   27.306 -136.070    777.5    931.9
     1     1    19     7    16    15     0     3   -57.0   27.392 -135.697    770.1    932.5
     1     1    19     7    16    14     0     2   -58.0   27.473 -135.326    764.0    933.1
     1     1    19     7    16    13     0     1   -59.0   27.547 -134.960    755.5    933.5
     1     1    19     7    16    12     0     0   -60.0   27.615 -134.595    740.0    935.0
     1     1    19     7    16    11     0     1   -61.0   27.681 -134.225    725.6    937.8
     1     1    19     7    16    10     0     2   -62.0   27.755 -133.844    724.4    938.5
     1     1    19     7    16     9     0     3   -63.0   27.842 -133.459    736.3    936.8
     1     1    19     7    16     8     0     2   -64.0   27.940 -133.077    741.8    934.8
     1     1    19     7    16     7     0     1   -65.0   28.049 -132.705    738.8    936.9
     1     1    19     7    16     6     0     0   -66.0   28.170 -132.343    747.6    937.2
     1     1    19     7    16     5     0     1   -67.0   28.297 -131.993    768.3    933.6
     1     1    19     7    16     4     0     2   -68.0   28.427 -131.654    779.5    930.5
     1     1    19     7    16     3     0     3   -69.0   28.563 -131.325    774.9    931.4
     1     1    19     7    16     2     0     2   -70.0   28.698 -131.005    773.3    932.7
     1     1    19     7    16     1     0     1   -71.0   28.824 -130.694    787.7    931.3
     1     1    19     7    16     0     0     0   -72.0   28.937 -130.394    816.4    927.6
     1     1    19     7    15    23     0     1   -73.0   29.047 -130.099    843.9    924.0
     1     1    19     7    15    22     0     2   -74.0   29.165 -129.802    860.8    922.9
     1     1    19     7    15    21     0     3   -75.0   29.291 -129.503    872.7    922.5
     1     1    19     7    15    20     0     2   -76.0   29.426 -129.208    885.7    921.4
     1     1    19     7    15    19     0     1   -77.0   29.571 -128.923    901.9    919.6
     1     1    19     7    15    18     0     0   -78.0   29.723 -128.647    918.2    917.5
     1     1    19     7    15    17     0     1   -79.0   29.884 -128.380    927.8    915.8
     1     1    19     7    15    16     0     2   -80.0   30.054 -128.124    931.1    915.9
     1     1    19     7    15    15     0     3   -81.0   30.234 -127.882    933.4    915.6
     1     1    19     7    15    14     0     2   -82.0   30.420 -127.651    933.6    914.9
     1     1    19     7    15    13     0     1   -83.0   30.611 -127.433    930.2    914.9
     1     1    19     7    15    12     0     0   -84.0   30.808 -127.224    926.1    915.1
     1     1    19     7    15    11     0     1   -85.0   31.011 -127.025    930.8    915.6
     1     1    19     7    15    10     0     2   -86.0   31.217 -126.841    946.0    913.6
     1     1    19     7    15     9     0     3   -87.0   31.424 -126.668    963.2    911.6
     1     1    19     7    15     8     0     2   -88.0   31.635 -126.501    977.1    910.0
     1     1    19     7    15     7     0     1   -89.0   31.852 -126.342    990.0    909.2
     1     1    19     7    15     6     0     0   -90.0   32.073 -126.192   1008.5    907.6
     1     1    19     7    15     5     0     1   -91.0   32.297 -126.056   1029.6    904.6
     1     1    19     7    15     4     0     2   -92.0   32.527 -125.938   1048.0    902.4
     1     1    19     7    15     3     0     3   -93.0   32.763 -125.844   1063.6    900.6
     1     1    19     7    15     2     0     2   -94.0   33.002 -125.774   1082.8    899.2
     1     1    19     7    15     1     0     1   -95.0   33.243 -125.727   1110.4    896.1
     1     1    19     7    15     0     0     0   -96.0   33.481 -125.701   1142.0    892.6
     1     1    19     7    14    23     0     1   -97.0   33.715 -125.688   1170.8    889.4
     1     1    19     7    14    22     0     2   -98.0   33.943 -125.685   1193.4    887.3
     1     1    19     7    14    21     0     3   -99.0   34.166 -125.693   1209.3    885.6
     1     1    19     7    14    20     0     2  -100.0   34.386 -125.712   1221.1    884.8
     1     1    19     7    14    19     0     1  -101.0   34.605 -125.738   1237.8    883.4
     1     1    19     7    14    18     0     0  -102.0   34.822 -125.773   1267.2    880.7
     1     1    19     7    14    17     0     1  -103.0   35.038 -125.820   1299.8    875.5
     1     1    19     7    14    16     0     2  -104.0   35.253 -125.882   1323.9    872.8
     1     1    19     7    14    15     0     3  -105.0   35.467 -125.959   1342.0    870.7
     1     1    19     7    14    14     0     2  -106.0   35.679 -126.049   1362.3    868.9
     1     1    19     7    14    13     0     1  -107.0   35.889 -126.152   1390.0    865.5
     1     1    19     7    14    12     0     0  -108.0   36.092 -126.269   1420.7    861.7
     1     1    19     7    14    11     0     1  -109.0   36.299 -126.399   1449.2    858.6
     1     1    19     7    14    10     0     2  -110.0   36.520 -126.537   1475.2    856.3
     1     1    19     7    14     9     0     3  -111.0   36.751 -126.675   1504.5    853.7
     1     1    19     7    14     8     0     2  -112.0   36.985 -126.813   1545.1    850.1
     1     1    19     7    14     7     0     1  -113.0   37.210 -126.949   1607.2    844.4
     1     1    19     7    14     6     0     0  -114.0   37.426 -127.084   1698.1    835.6
     1     1    19     7    14     5     0     1  -115.0   37.640 -127.228   1799.3    823.6
     1     1    19     7    14     4     0     2  -116.0   37.850 -127.391   1889.5    814.5
     1     1    19     7    14     3     0     3  -117.0   38.051 -127.568   1975.7    806.4
     1     1    19     7    14     2     0     2  -118.0   38.231 -127.762   2066.6    797.6
     1     1    19     7    14     1     0     1  -119.0   38.381 -127.980   2167.0    788.6
     1     1    19     7    14     0     0     0  -120.0   38.503 -128.228   2271.5    777.8
     1     1    19     7    13    23     0     1  -121.0   38.602 -128.488   2346.4    768.9
     1     1    19     7    13    22     0     2  -122.0   38.673 -128.732   2381.2    766.4
     1     1    19     7    13    21     0     3  -123.0   38.708 -128.952   2390.4    766.5
     1     1    19     7    13    20     0     2  -124.0   38.731 -129.159   2393.6    767.2
     1     1    19     7    13    19     0     1  -125.0   38.768 -129.358   2401.5    766.4
     1     1    19     7    13    18     0     0  -126.0   38.813 -129.534   2413.6    765.1
     1     1    19     7    13    17     0     1  -127.0   38.865 -129.709   2433.6    763.3
     1     1    19     7    13    16     0     2  -128.0   38.927 -129.912   2467.7    760.0
     1     1    19     7    13    15     0     3  -129.0   39.002 -130.152   2510.3    755.2
     1     1    19     7    13    14     0     2  -130.0   39.079 -130.422   2540.2    751.3
     1     1    19     7    13    13     0     1  -131.0   39.138 -130.712   2549.8    750.4
     1     1    19     7    13    12     0     0  -132.0   39.169 -131.027   2544.8    751.1
     1     1    19     7    13    11     0     1  -133.0   39.184 -131.359   2535.5    752.6
     1     1    19     7    13    10     0     2  -134.0   39.191 -131.700   2532.0    753.2
     1     1    19     7    13     9     0     3  -135.0   39.184 -132.041   2541.3    752.8
     1     1    19     7    13     8     0     2  -136.0   39.175 -132.383   2569.0    750.8
     1     1    19     7    13     7     0     1  -137.0   39.175 -132.731   2616.4    746.5
     1     1    19     7    13     6     0     0  -138.0   39.177 -133.095   2675.4    741.0
     1     1    19     7    13     5     0     1  -139.0   39.187 -133.477   2728.1    734.9
     1     1    19     7    13     4     0     2  -140.0   39.202 -133.868   2755.2    731.6
     1     1    19     7    13     3     0     3  -141.0   39.211 -134.257   2748.8    731.7
     1     1    19     7    13     2     0     2  -142.0   39.212 -134.654   2730.8    735.5
     1     1    19     7    13     1     0     1  -143.0   39.214 -135.073   2742.5    736.1
     1     1    19     7    13     0     0     0  -144.0   39.212 -135.507   2790.2    730.7
     1     1    19     7    12    23     0     1  -145.0   39.200 -135.953   2848.2    723.9
     1     1    19     7    12    22     0     2  -146.0   39.172 -136.419   2895.0    719.4
     1     1    19     7    12    21     0     3  -147.0   39.142 -136.911   2915.1    716.4
     1     1    19     7    12    20     0     2  -148.0   39.109 -137.409   2908.7    718.2
     1     1    19     7    12    19     0     1  -149.0   39.061 -137.893   2888.3    719.8
     1     1    19     7    12    18     0     0  -150.0   38.993 -138.365   2868.5    723.1
     1     1    19     7    12    17     0     1  -151.0   38.919 -138.829   2863.0    723.2
     1     1    19     7    12    16     0     2  -152.0   38.849 -139.281   2873.2    722.3
     1     1    19     7    12    15     0     3  -153.0   38.780 -139.712   2922.5    719.6
     1     1    19     7    12    14     0     2  -154.0   38.723 -140.133   2989.2    709.9
     1     1    19     7    12    13     0     1  -155.0   38.676 -140.559   2996.8    706.1
     1     1    19     7    12    12     0     0  -156.0   38.624 -140.991   2901.6    713.5
     1     1    19     7    12    11     0     1  -157.0   38.554 -141.404   2805.9    731.8
     1     1    19     7    12    10     0     2  -158.0   38.473 -141.791   2776.9    731.6
     1     1    19     7    12     9     0     3  -159.0   38.388 -142.162   2754.3    731.1
     1     1    19     7    12     8     0     2  -160.0   38.313 -142.519   2723.9    735.5
     1     1    19     7    12     7     0     1  -161.0   38.256 -142.858   2705.7    737.5
     1     1    19     7    12     6     0     0  -162.0   38.212 -143.177   2707.7    738.0
     1     1    19     7    12     5     0     1  -163.0   38.176 -143.491   2733.5    735.2
     1     1    19     7    12     4     0     2  -164.0   38.146 -143.803   2772.9    730.8
     1     1    19     7    12     3     0     3  -165.0   38.120 -144.101   2810.5    726.5
     1     1    19     7    12     2     0     2  -166.0   38.114 -144.393   2823.8    724.2
     1     1    19     7    12     1     0     1  -167.0   38.136 -144.690   2796.0    726.6
     1     1    19     7    12     0     0     0  -168.0   38.173 -144.988   2725.7    733.1
     1     1    19     7    11    23     0     1  -169.0   38.207 -145.290   2666.8    743.3
     1     1    19     7    11    22     0     2  -170.0   38.233 -145.600   2671.6    742.8
     1     1    19     7    11    21     0     3  -171.0   38.258 -145.913   2739.1    736.9
     1     1    19     7    11    20     0     2  -172.0   38.297 -146.224   2810.6    725.2
     1     1    19     7    11    19     0     1  -173.0   38.350 -146.529   2825.2    723.3
     1     1    19     7    11    18     0     0  -174.0   38.407 -146.824   2779.9    727.4
     1     1    19     7    11    17     0     1  -175.0   38.465 -147.120   2721.7    736.5
     1     1    19     7    11    16     0     2  -176.0   38.540 -147.428   2698.9    738.4
     1     1    19     7    11    15     0     3  -177.0   38.638 -147.743   2706.7    736.7
     1     1    19     7    11    14     0     2  -178.0   38.755 -148.064   2738.7    733.7
     1     1    19     7    11    13     0     1  -179.0   38.888 -148.382   2782.7    728.4
     1     1    19     7    11    12     0     0  -180.0   39.042 -148.692   2820.5    724.3
     1     1    19     7    11    11     0     1  -181.0   39.201 -148.996   2831.5    722.1
     1     1    19     7    11    10     0     2  -182.0   39.343 -149.296   2821.8    725.1
     1     1    19     7    11     9     0     3  -183.0   39.474 -149.595   2817.2    725.9
     1     1    19     7    11     8     0     2  -184.0   39.616 -149.893   2831.5    725.4
     1     1    19     7    11     7     0     1  -185.0   39.785 -150.189   2847.9    721.3
     1     1    19     7    11     6     0     0  -186.0   39.978 -150.476   2834.3    721.7
     1     1    19     7    11     5     0     1  -187.0   40.177 -150.767   2809.7    725.7
     1     1    19     7    11     4     0     2  -188.0   40.375 -151.074   2811.8    726.5
     1     1    19     7    11     3     0     3  -189.0   40.577 -151.394   2848.5    722.3
     1     1    19     7    11     2     0     2  -190.0   40.785 -151.720   2893.6    716.5
     1     1    19     7    11     1     0     1  -191.0   40.999 -152.051   2928.4    713.4
     1     1    19     7    11     0     0     0  -192.0   41.217 -152.388   2940.8    711.2
     1     1    19     7    10    23     0     1  -193.0   41.437 -152.728   2937.8    713.2
     1     1    19     7    10    22     0     2  -194.0   41.660 -153.066   2949.3    712.8
     1     1    19     7    10    21     0     3  -195.0   41.888 -153.397   2990.7    709.7
     1     1    19     7    10    20     0     2  -196.0   42.123 -153.719   3046.4    702.6
     1     1    19     7    10    19     0     1  -197.0   42.360 -154.040   3094.0    698.3
     1     1    19     7    10    18     0     0  -198.0   42.595 -154.362   3129.3    694.7
     1     1    19     7    10    17     0     1  -199.0   42.834 -154.690   3154.1    692.9
     1     1    19     7    10    16     0     2  -200.0   43.076 -155.030   3177.6    690.8
     1     1    19     7    10    15     0     3  -201.0   43.322 -155.378   3211.0    688.4
     1     1    19     7    10    14     0     2  -202.0   43.570 -155.727   3255.0    683.8
     1     1    19     7    10    13     0     1  -203.0   43.818 -156.071   3303.1    679.7
     1     1    19     7    10    12     0     0  -204.0   44.069 -156.407   3361.6    675.0
     1     1    19     7    10    11     0     1  -205.0   44.326 -156.748   3425.1    668.8
     1     1    19     7    10    10     0     2  -206.0   44.586 -157.111   3491.8    663.8
     1     1    19     7    10     9     0     3  -207.0   44.848 -157.501   3566.5    657.2
     1     1    19     7    10     8     0     2  -208.0   45.102 -157.914   3624.0    650.6
     1     1    19     7    10     7     0     1  -209.0   45.337 -158.343   3653.9    649.0
     1     1    19     7    10     6     0     0  -210.0   45.550 -158.786   3667.4    647.6
     1     1    19     7    10     5     0     1  -211.0   45.745 -159.239   3678.0    647.9
     1     1    19     7    10     4     0     2  -212.0   45.922 -159.702   3708.8    645.9
     1     1    19     7    10     3     0     3  -213.0   46.081 -160.177   3771.3    641.0
     1     1    19     7    10     2     0     2  -214.0   46.222 -160.659   3839.9    633.0
     1     1    19     7    10     1     0     1  -215.0   46.345 -161.140   3884.9    629.1
     1     1    19     7    10     0     0     0  -216.0   46.450 -161.618   3912.5    627.4
     1     1    19     7     9    23     0     1  -217.0   46.547 -162.094   3930.4    625.7
     1     1    19     7     9    22     0     2  -218.0   46.644 -162.569   3950.3    624.9
     1     1    19     7     9    21     0     3  -219.0   46.741 -163.048   4002.9    621.8
     1     1    19     7     9    20     0     2  -220.0   46.833 -163.544   4066.4    613.5
     1     1    19     7     9    19     0     1  -221.0   46.915 -164.068   4103.5    610.6
     1     1    19     7     9    18     0     0  -222.0   46.981 -164.631   4142.2    609.1
     1     1    19     7     9    17     0     1  -223.0   47.021 -165.239   4194.5    603.6
     1     1    19     7     9    16     0     2  -224.0   47.036 -165.887   4233.2    599.3
     1     1    19     7     9    15     0     3  -225.0   47.031 -166.576   4263.6    597.9
     1     1    19     7     9    14     0     2  -226.0   47.013 -167.286   4296.4    594.6
     1     1    19     7     9    13     0     1  -227.0   46.979 -168.006   4328.8    592.8
     1     1    19     7     9    12     0     0  -228.0   46.939 -168.753   4374.2    589.6
     1     1    19     7     9    11     0     1  -229.0   46.911 -169.529   4425.9    584.8
     1     1    19     7     9    10     0     2  -230.0   46.894 -170.335   4483.6    579.8
     1     1    19     7     9     9     0     3  -231.0   46.896 -171.192   4524.7    576.2
     1     1    19     7     9     8     0     2  -232.0   46.926 -172.102   4547.1    574.3
     1     1    19     7     9     7     0     1  -233.0   46.975 -173.041   4576.6    572.1
     1     1    19     7     9     6     0     0  -234.0   47.058 -174.019   4631.9    567.7
     1     1    19     7     9     5     0     1  -235.0   47.160 -175.010   4663.6    564.2
     1     1    19     7     9     4     0     2  -236.0   47.263 -175.993   4667.0    564.1
     1     1    19     7     9     3     0     3  -237.0   47.397 -176.956   4669.3    563.6
     1     1    19     7     9     2     0     2  -238.0   47.558 -177.872   4678.7    562.7
     1     1    19     7     9     1     0     1  -239.0   47.716 -178.774   4686.8    561.6
     1     1    19     7     9     0     0     0  -240.0   47.886 -179.675   4682.8    561.8
