     7     1
    GDAS    19     6     1     0     0
    GDAS    19     7     1     0     0
    GDAS    19     8     1     0     0
    GDAS    19     9     1     0     0
    GDAS    19    10     1     0     0
    GDAS    19    11     1     0     0
    GDAS    19    12     1     0     0
     1 BACKWARD OMEGA   
    19     8    24     0   21.319 -157.670    10.0
     1 PRESSURE
     1     1    19     8    24     0     0     0     0.0   21.319 -157.670     10.0   1009.2
     1     1    19     8    23    23     0     1    -1.0   21.403 -157.489     54.2   1005.4
     1     1    19     8    23    22     0     2    -2.0   21.478 -157.270    134.2    995.1
     1     1    19     8    23    21     0     3    -3.0   21.559 -157.022    226.0    984.2
     1     1    19     8    23    20     0     2    -4.0   21.623 -156.750    292.8    974.8
     1     1    19     8    23    19     0     1    -5.0   21.654 -156.466    318.2    973.8
     1     1    19     8    23    18     0     0    -6.0   21.679 -156.187    302.5    976.3
     1     1    19     8    23    17     0     1    -7.0   21.708 -155.919    271.4    983.6
     1     1    19     8    23    16     0     2    -8.0   21.732 -155.656    253.3    986.1
     1     1    19     8    23    15     0     3    -9.0   21.757 -155.406    250.6    985.7
     1     1    19     8    23    14     0     2   -10.0   21.787 -155.165    253.8    984.9
     1     1    19     8    23    13     0     1   -11.0   21.818 -154.920    260.6    984.8
     1     1    19     8    23    12     0     0   -12.0   21.848 -154.665    273.3    983.2
     1     1    19     8    23    11     0     1   -13.0   21.877 -154.395    284.2    981.7
     1     1    19     8    23    10     0     2   -14.0   21.914 -154.117    298.7    981.7
     1     1    19     8    23     9     0     3   -15.0   21.966 -153.838    330.5    978.8
     1     1    19     8    23     8     0     2   -16.0   22.028 -153.550    364.3    972.9
     1     1    19     8    23     7     0     1   -17.0   22.098 -153.252    374.6    971.2
     1     1    19     8    23     6     0     0   -18.0   22.189 -152.953    357.8    973.0
     1     1    19     8    23     5     0     1   -19.0   22.292 -152.656    338.2    977.4
     1     1    19     8    23     4     0     2   -20.0   22.395 -152.360    330.0    977.5
     1     1    19     8    23     3     0     3   -21.0   22.506 -152.072    327.1    977.6
     1     1    19     8    23     2     0     2   -22.0   22.619 -151.795    329.2    977.6
     1     1    19     8    23     1     0     1   -23.0   22.722 -151.531    332.6    977.0
     1     1    19     8    23     0     0     0   -24.0   22.809 -151.280    329.8    977.0
     1     1    19     8    22    23     0     1   -25.0   22.883 -151.046    319.2    979.2
     1     1    19     8    22    22     0     2   -26.0   22.954 -150.835    307.9    981.7
     1     1    19     8    22    21     0     3   -27.0   23.027 -150.646    302.4    983.4
     1     1    19     8    22    20     0     2   -28.0   23.090 -150.459    298.3    982.8
     1     1    19     8    22    19     0     1   -29.0   23.137 -150.258    284.7    983.7
     1     1    19     8    22    18     0     0   -30.0   23.172 -150.047    254.5    986.8
     1     1    19     8    22    17     0     1   -31.0   23.205 -149.836    227.2    991.8
     1     1    19     8    22    16     0     2   -32.0   23.236 -149.631    219.5    992.2
     1     1    19     8    22    15     0     3   -33.0   23.262 -149.433    226.1    991.2
     1     1    19     8    22    14     0     2   -34.0   23.285 -149.234    238.0    989.1
     1     1    19     8    22    13     0     1   -35.0   23.313 -149.034    249.1    988.0
     1     1    19     8    22    12     0     0   -36.0   23.347 -148.836    259.3    986.7
     1     1    19     8    22    11     0     1   -37.0   23.383 -148.627    267.8    986.6
     1     1    19     8    22    10     0     2   -38.0   23.411 -148.398    272.6    986.5
     1     1    19     8    22     9     0     3   -39.0   23.430 -148.153    271.2    987.2
     1     1    19     8    22     8     0     2   -40.0   23.455 -147.903    266.1    988.1
     1     1    19     8    22     7     0     1   -41.0   23.505 -147.653    265.6    988.4
     1     1    19     8    22     6     0     0   -42.0   23.578 -147.402    275.5    987.2
     1     1    19     8    22     5     0     1   -43.0   23.659 -147.152    294.7    984.5
     1     1    19     8    22     4     0     2   -44.0   23.738 -146.915    318.4    981.3
     1     1    19     8    22     3     0     3   -45.0   23.816 -146.697    333.6    978.2
     1     1    19     8    22     2     0     2   -46.0   23.891 -146.485    330.0    978.8
     1     1    19     8    22     1     0     1   -47.0   23.962 -146.271    307.9    981.3
     1     1    19     8    22     0     0     0   -48.0   24.030 -146.059    271.1    986.2
     1     1    19     8    21    23     0     1   -49.0   24.086 -145.853    244.8    991.7
     1     1    19     8    21    22     0     2   -50.0   24.122 -145.649    242.2    991.7
     1     1    19     8    21    21     0     3   -51.0   24.141 -145.443    251.3    990.5
     1     1    19     8    21    20     0     2   -52.0   24.155 -145.236    254.7    988.9
     1     1    19     8    21    19     0     1   -53.0   24.179 -145.035    239.7    990.2
     1     1    19     8    21    18     0     0   -54.0   24.217 -144.843    214.6    993.7
     1     1    19     8    21    17     0     1   -55.0   24.256 -144.654    197.8    996.7
     1     1    19     8    21    16     0     2   -56.0   24.285 -144.465    194.5    996.4
     1     1    19     8    21    15     0     3   -57.0   24.305 -144.276    198.5    995.5
     1     1    19     8    21    14     0     2   -58.0   24.317 -144.086    201.9    994.1
     1     1    19     8    21    13     0     1   -59.0   24.320 -143.893    200.3    994.1
     1     1    19     8    21    12     0     0   -60.0   24.319 -143.699    195.8    994.3
     1     1    19     8    21    11     0     1   -61.0   24.320 -143.493    193.2    995.8
     1     1    19     8    21    10     0     2   -62.0   24.327 -143.268    195.4    996.1
     1     1    19     8    21     9     0     3   -63.0   24.334 -143.025    199.6    996.1
     1     1    19     8    21     8     0     2   -64.0   24.349 -142.778    204.4    995.3
     1     1    19     8    21     7     0     1   -65.0   24.378 -142.535    209.0    994.4
     1     1    19     8    21     6     0     0   -66.0   24.417 -142.295    212.1    993.7
     1     1    19     8    21     5     0     1   -67.0   24.460 -142.057    213.3    993.3
     1     1    19     8    21     4     0     2   -68.0   24.507 -141.823    214.3    992.8
     1     1    19     8    21     3     0     3   -69.0   24.556 -141.593    217.7    992.2
     1     1    19     8    21     2     0     2   -70.0   24.602 -141.368    221.8    991.1
     1     1    19     8    21     1     0     1   -71.0   24.636 -141.151    222.6    990.7
     1     1    19     8    21     0     0     0   -72.0   24.655 -140.944    218.6    990.9
     1     1    19     8    20    23     0     1   -73.0   24.665 -140.733    210.6    992.4
     1     1    19     8    20    22     0     2   -74.0   24.672 -140.509    200.8    994.1
     1     1    19     8    20    21     0     3   -75.0   24.677 -140.276    190.6    995.8
     1     1    19     8    20    20     0     2   -76.0   24.686 -140.040    183.8    996.8
     1     1    19     8    20    19     0     1   -77.0   24.700 -139.802    180.2    996.8
     1     1    19     8    20    18     0     0   -78.0   24.719 -139.561    174.4    997.0
     1     1    19     8    20    17     0     1   -79.0   24.742 -139.324    165.8    998.1
     1     1    19     8    20    16     0     2   -80.0   24.764 -139.098    158.5    999.0
     1     1    19     8    20    15     0     3   -81.0   24.780 -138.879    155.6    999.4
     1     1    19     8    20    14     0     2   -82.0   24.792 -138.659    155.7    998.7
     1     1    19     8    20    13     0     1   -83.0   24.802 -138.436    154.9    998.5
     1     1    19     8    20    12     0     0   -84.0   24.812 -138.214    153.2    998.5
     1     1    19     8    20    11     0     1   -85.0   24.820 -137.993    150.4    999.4
     1     1    19     8    20    10     0     2   -86.0   24.825 -137.768    147.0   1000.4
     1     1    19     8    20     9     0     3   -87.0   24.821 -137.537    142.1   1001.4
     1     1    19     8    20     8     0     2   -88.0   24.811 -137.302    138.7   1002.0
     1     1    19     8    20     7     0     1   -89.0   24.802 -137.059    141.8   1001.4
     1     1    19     8    20     6     0     0   -90.0   24.796 -136.809    152.3    999.7
     1     1    19     8    20     5     0     1   -91.0   24.798 -136.552    166.0    997.1
     1     1    19     8    20     4     0     2   -92.0   24.811 -136.292    178.6    995.3
     1     1    19     8    20     3     0     3   -93.0   24.834 -136.030    191.2    993.6
     1     1    19     8    20     2     0     2   -94.0   24.864 -135.769    201.7    991.9
     1     1    19     8    20     1     0     1   -95.0   24.894 -135.517    208.7    991.2
     1     1    19     8    20     0     0     0   -96.0   24.926 -135.280    215.6    990.5
     1     1    19     8    19    23     0     1   -97.0   24.961 -135.049    231.2    990.1
     1     1    19     8    19    22     0     2   -98.0   25.000 -134.813    260.4    987.2
     1     1    19     8    19    21     0     3   -99.0   25.037 -134.571    302.8    983.1
     1     1    19     8    19    20     0     2  -100.0   25.072 -134.321    352.9    975.9
     1     1    19     8    19    19     0     1  -101.0   25.109 -134.068    395.9    970.8
     1     1    19     8    19    18     0     0  -102.0   25.150 -133.814    423.5    967.3
     1     1    19     8    19    17     0     1  -103.0   25.197 -133.562    438.7    966.1
     1     1    19     8    19    16     0     2  -104.0   25.252 -133.314    450.6    964.4
     1     1    19     8    19    15     0     3  -105.0   25.318 -133.075    461.6    962.9
     1     1    19     8    19    14     0     2  -106.0   25.386 -132.846    461.6    961.5
     1     1    19     8    19    13     0     1  -107.0   25.450 -132.627    443.5    964.1
     1     1    19     8    19    12     0     0  -108.0   25.507 -132.419    416.6    967.6
     1     1    19     8    19    11     0     1  -109.0   25.560 -132.212    394.0    971.0
     1     1    19     8    19    10     0     2  -110.0   25.609 -132.000    384.6    972.3
     1     1    19     8    19     9     0     3  -111.0   25.657 -131.782    391.0    972.0
     1     1    19     8    19     8     0     2  -112.0   25.713 -131.554    403.2    969.5
     1     1    19     8    19     7     0     1  -113.0   25.781 -131.318    407.4    969.1
     1     1    19     8    19     6     0     0  -114.0   25.860 -131.073    401.2    969.9
     1     1    19     8    19     5     0     1  -115.0   25.947 -130.830    392.0    971.2
     1     1    19     8    19     4     0     2  -116.0   26.043 -130.599    388.8    970.9
     1     1    19     8    19     3     0     3  -117.0   26.154 -130.384    391.1    970.1
     1     1    19     8    19     2     0     2  -118.0   26.270 -130.182    396.9    969.3
     1     1    19     8    19     1     0     1  -119.0   26.381 -129.991    401.4    968.4
     1     1    19     8    19     0     0     0  -120.0   26.484 -129.810    400.5    968.3
     1     1    19     8    18    23     0     1  -121.0   26.591 -129.638    397.3    969.5
     1     1    19     8    18    22     0     2  -122.0   26.711 -129.475    398.9    970.1
     1     1    19     8    18    21     0     3  -123.0   26.844 -129.324    410.1    969.6
     1     1    19     8    18    20     0     2  -124.0   26.993 -129.180    428.5    967.5
     1     1    19     8    18    19     0     1  -125.0   27.151 -129.037    447.6    965.2
     1     1    19     8    18    18     0     0  -126.0   27.313 -128.896    461.3    963.3
     1     1    19     8    18    17     0     1  -127.0   27.474 -128.764    468.0    962.2
     1     1    19     8    18    16     0     2  -128.0   27.636 -128.647    471.2    961.4
     1     1    19     8    18    15     0     3  -129.0   27.800 -128.543    473.5    960.6
     1     1    19     8    18    14     0     2  -130.0   27.964 -128.451    474.2    960.3
     1     1    19     8    18    13     0     1  -131.0   28.127 -128.368    471.1    960.5
     1     1    19     8    18    12     0     0  -132.0   28.290 -128.294    464.7    961.4
     1     1    19     8    18    11     0     1  -133.0   28.454 -128.223    459.7    962.5
     1     1    19     8    18    10     0     2  -134.0   28.620 -128.151    459.9    962.6
     1     1    19     8    18     9     0     3  -135.0   28.786 -128.079    465.5    962.0
     1     1    19     8    18     8     0     2  -136.0   28.962 -128.006    474.8    961.2
     1     1    19     8    18     7     0     1  -137.0   29.159 -127.932    486.6    960.1
     1     1    19     8    18     6     0     0  -138.0   29.376 -127.856    500.0    959.0
     1     1    19     8    18     5     0     1  -139.0   29.609 -127.783    512.9    956.9
     1     1    19     8    18     4     0     2  -140.0   29.859 -127.719    522.0    955.3
     1     1    19     8    18     3     0     3  -141.0   30.131 -127.666    525.6    954.6
     1     1    19     8    18     2     0     2  -142.0   30.416 -127.628    528.8    954.9
     1     1    19     8    18     1     0     1  -143.0   30.702 -127.608    534.1    954.2
     1     1    19     8    18     0     0     0  -144.0   30.985 -127.606    536.7    953.9
     1     1    19     8    17    23     0     1  -145.0   31.272 -127.612    535.4    954.5
     1     1    19     8    17    22     0     2  -146.0   31.570 -127.614    531.0    955.4
     1     1    19     8    17    21     0     3  -147.0   31.878 -127.614    522.8    956.7
     1     1    19     8    17    20     0     2  -148.0   32.198 -127.619    515.2    958.5
     1     1    19     8    17    19     0     1  -149.0   32.528 -127.628    513.8    959.1
     1     1    19     8    17    18     0     0  -150.0   32.869 -127.642    514.4    958.9
     1     1    19     8    17    17     0     1  -151.0   33.222 -127.665    518.3    958.8
     1     1    19     8    17    16     0     2  -152.0   33.592 -127.706    527.2    957.1
     1     1    19     8    17    15     0     3  -153.0   33.984 -127.770    533.3    955.7
     1     1    19     8    17    14     0     2  -154.0   34.391 -127.847    542.4    955.7
     1     1    19     8    17    13     0     1  -155.0   34.811 -127.922    562.6    953.2
     1     1    19     8    17    12     0     0  -156.0   35.247 -127.994    587.3    949.8
     1     1    19     8    17    11     0     1  -157.0   35.703 -128.062    603.6    947.5
     1     1    19     8    17    10     0     2  -158.0   36.178 -128.123    607.3    947.6
     1     1    19     8    17     9     0     3  -159.0   36.662 -128.171    599.6    948.5
     1     1    19     8    17     8     0     2  -160.0   37.152 -128.216    589.8    951.3
     1     1    19     8    17     7     0     1  -161.0   37.655 -128.260    599.0    951.6
     1     1    19     8    17     6     0     0  -162.0   38.178 -128.289    636.7    948.1
     1     1    19     8    17     5     0     1  -163.0   38.714 -128.313    676.6    940.4
     1     1    19     8    17     4     0     2  -164.0   39.245 -128.346    693.2    939.0
     1     1    19     8    17     3     0     3  -165.0   39.766 -128.382    696.3    939.5
     1     1    19     8    17     2     0     2  -166.0   40.264 -128.413    705.1    940.3
     1     1    19     8    17     1     0     1  -167.0   40.726 -128.432    732.2    937.6
     1     1    19     8    17     0     0     0  -168.0   41.159 -128.441    770.9    932.7
     1     1    19     8    16    23     0     1  -169.0   41.577 -128.439    814.3    928.5
     1     1    19     8    16    22     0     2  -170.0   41.989 -128.433    860.5    924.2
     1     1    19     8    16    21     0     3  -171.0   42.391 -128.433    916.1    919.4
     1     1    19     8    16    20     0     2  -172.0   42.777 -128.445    976.5    911.7
     1     1    19     8    16    19     0     1  -173.0   43.147 -128.471   1026.7    906.2
     1     1    19     8    16    18     0     0  -174.0   43.506 -128.514   1069.7    902.6
     1     1    19     8    16    17     0     1  -175.0   43.861 -128.573   1113.4    898.2
     1     1    19     8    16    16     0     2  -176.0   44.213 -128.647   1148.2    893.6
     1     1    19     8    16    15     0     3  -177.0   44.558 -128.736   1157.9    892.0
     1     1    19     8    16    14     0     2  -178.0   44.889 -128.848   1148.5    894.1
     1     1    19     8    16    13     0     1  -179.0   45.210 -128.991   1138.5    895.9
     1     1    19     8    16    12     0     0  -180.0   45.522 -129.157   1136.7    896.2
     1     1    19     8    16    11     0     1  -181.0   45.815 -129.332   1144.5    895.6
     1     1    19     8    16    10     0     2  -182.0   46.087 -129.509   1156.2    893.8
     1     1    19     8    16     9     0     3  -183.0   46.341 -129.689   1161.1    893.0
     1     1    19     8    16     8     0     2  -184.0   46.580 -129.879   1166.4    893.9
     1     1    19     8    16     7     0     1  -185.0   46.808 -130.082   1180.1    892.4
     1     1    19     8    16     6     0     0  -186.0   47.027 -130.288   1196.2    890.7
     1     1    19     8    16     5     0     1  -187.0   47.236 -130.493   1210.2    889.0
     1     1    19     8    16     4     0     2  -188.0   47.432 -130.697   1218.3    887.8
     1     1    19     8    16     3     0     3  -189.0   47.615 -130.902   1217.1    887.8
     1     1    19     8    16     2     0     2  -190.0   47.779 -131.107   1226.4    889.2
     1     1    19     8    16     1     0     1  -191.0   47.924 -131.307   1262.8    884.8
     1     1    19     8    16     0     0     0  -192.0   48.054 -131.503   1310.8    878.6
     1     1    19     8    15    23     0     1  -193.0   48.165 -131.699   1341.6    873.7
     1     1    19     8    15    22     0     2  -194.0   48.250 -131.891   1350.2    874.3
     1     1    19     8    15    21     0     3  -195.0   48.306 -132.073   1358.0    874.7
     1     1    19     8    15    20     0     2  -196.0   48.340 -132.238   1368.0    873.1
     1     1    19     8    15    19     0     1  -197.0   48.362 -132.379   1374.5    872.3
     1     1    19     8    15    18     0     0  -198.0   48.375 -132.497   1376.6    872.0
     1     1    19     8    15    17     0     1  -199.0   48.383 -132.597   1378.3    871.9
     1     1    19     8    15    16     0     2  -200.0   48.386 -132.684   1381.3    871.0
     1     1    19     8    15    15     0     3  -201.0   48.383 -132.759   1380.7    870.5
     1     1    19     8    15    14     0     2  -202.0   48.371 -132.821   1384.1    871.1
     1     1    19     8    15    13     0     1  -203.0   48.347 -132.878   1401.5    869.3
     1     1    19     8    15    12     0     0  -204.0   48.311 -132.930   1432.7    866.1
     1     1    19     8    15    11     0     1  -205.0   48.264 -132.986   1466.2    861.7
     1     1    19     8    15    10     0     2  -206.0   48.206 -133.054   1492.0    859.2
     1     1    19     8    15     9     0     3  -207.0   48.134 -133.135   1511.2    857.2
     1     1    19     8    15     8     0     2  -208.0   48.053 -133.210   1512.4    855.6
     1     1    19     8    15     7     0     1  -209.0   47.968 -133.249   1483.0    858.3
     1     1    19     8    15     6     0     0  -210.0   47.884 -133.258   1428.2    864.2
     1     1    19     8    15     5     0     1  -211.0   47.796 -133.257   1382.5    871.6
     1     1    19     8    15     4     0     2  -212.0   47.702 -133.267   1374.7    872.0
     1     1    19     8    15     3     0     3  -213.0   47.602 -133.289   1399.9    869.0
     1     1    19     8    15     2     0     2  -214.0   47.498 -133.325   1440.0    863.2
     1     1    19     8    15     1     0     1  -215.0   47.392 -133.368   1474.0    859.3
     1     1    19     8    15     0     0     0  -216.0   47.280 -133.415   1492.0    856.8
     1     1    19     8    14    23     0     1  -217.0   47.160 -133.467   1488.9    857.0
     1     1    19     8    14    22     0     2  -218.0   47.032 -133.528   1471.9    859.2
     1     1    19     8    14    21     0     3  -219.0   46.893 -133.593   1451.7    861.5
     1     1    19     8    14    20     0     2  -220.0   46.746 -133.669   1449.6    863.3
     1     1    19     8    14    19     0     1  -221.0   46.592 -133.763   1478.5    859.7
     1     1    19     8    14    18     0     0  -222.0   46.436 -133.863   1525.9    853.8
     1     1    19     8    14    17     0     1  -223.0   46.295 -133.967   1561.1    847.6
     1     1    19     8    14    16     0     2  -224.0   46.185 -134.084   1570.4    846.7
     1     1    19     8    14    15     0     3  -225.0   46.104 -134.221   1545.5    848.2
     1     1    19     8    14    14     0     2  -226.0   46.020 -134.356   1482.7    854.9
     1     1    19     8    14    13     0     1  -227.0   45.905 -134.472   1404.7    864.0
     1     1    19     8    14    12     0     0  -228.0   45.772 -134.576   1343.4    871.4
     1     1    19     8    14    11     0     1  -229.0   45.628 -134.684   1284.4    875.0
     1     1    19     8    14    10     0     2  -230.0   45.471 -134.789   1217.8    884.0
     1     1    19     8    14     9     0     3  -231.0   45.306 -134.899   1173.3    890.7
     1     1    19     8    14     8     0     2  -232.0   45.141 -135.016   1135.1    891.5
     1     1    19     8    14     7     0     1  -233.0   44.971 -135.111   1057.5    897.2
     1     1    19     8    14     6     0     0  -234.0   44.782 -135.156    917.7    912.0
     1     1    19     8    14     5     0     1  -235.0   44.594 -135.149    776.0    934.4
     1     1    19     8    14     4     0     2  -236.0   44.433 -135.140    699.9    943.2
     1     1    19     8    14     3     0     3  -237.0   44.295 -135.157    681.1    944.3
     1     1    19     8    14     2     0     2  -238.0   44.148 -135.203    670.2    940.7
     1     1    19     8    14     1     0     1  -239.0   43.950 -135.254    622.3    945.6
     1     1    19     8    14     0     0     0  -240.0   43.707 -135.295    554.4    955.0
