     7     1
    GDAS    19     6     1     0     0
    GDAS    19     7     1     0     0
    GDAS    19     8     1     0     0
    GDAS    19     9     1     0     0
    GDAS    19    10     1     0     0
    GDAS    19    11     1     0     0
    GDAS    19    12     1     0     0
     1 BACKWARD OMEGA   
    19    12    25    18   21.319 -157.670    10.0
     1 PRESSURE
     1     1    19    12    25    18     0     0     0.0   21.319 -157.670     10.0   1006.5
     1     1    19    12    25    17     0     1    -1.0   20.968 -157.539     15.9   1004.5
     1     1    19    12    25    16     0     2    -2.0   20.600 -157.416     28.8   1003.0
     1     1    19    12    25    15     0     3    -3.0   20.192 -157.275     45.8   1002.0
     1     1    19    12    25    14     0     2    -4.0   19.753 -157.095     56.0   1001.8
     1     1    19    12    25    13     0     1    -5.0   19.366 -156.863     63.6   1002.5
     1     1    19    12    25    12     0     0    -6.0   19.046 -156.550     94.9   1000.8
     1     1    19    12    25    11     0     1    -7.0   18.792 -156.149    192.0    991.8
     1     1    19    12    25    10     0     2    -8.0   18.604 -155.743    347.5    971.3
     1     1    19    12    25     9     0     3    -9.0   18.458 -155.390    480.5    954.3
     1     1    19    12    25     8     0     2   -10.0   18.341 -155.070    546.6    946.3
     1     1    19    12    25     7     0     1   -11.0   18.239 -154.737    550.9    947.6
     1     1    19    12    25     6     0     0   -12.0   18.151 -154.361    521.9    951.9
     1     1    19    12    25     5     0     1   -13.0   18.079 -153.966    492.5    957.0
     1     1    19    12    25     4     0     2   -14.0   18.020 -153.570    476.1    958.0
     1     1    19    12    25     3     0     3   -15.0   17.979 -153.179    456.6    958.4
     1     1    19    12    25     2     0     2   -16.0   17.942 -152.801    429.3    962.6
     1     1    19    12    25     1     0     1   -17.0   17.896 -152.435    405.4    965.6
     1     1    19    12    25     0     0     0   -18.0   17.857 -152.080    385.3    967.5
     1     1    19    12    24    23     0     1   -19.0   17.825 -151.717    371.1    970.3
     1     1    19    12    24    22     0     2   -20.0   17.792 -151.330    366.6    971.2
     1     1    19    12    24    21     0     3   -21.0   17.766 -150.919    367.7    971.4
     1     1    19    12    24    20     0     2   -22.0   17.750 -150.490    367.8    971.4
     1     1    19    12    24    19     0     1   -23.0   17.748 -150.058    374.0    972.2
     1     1    19    12    24    18     0     0   -24.0   17.765 -149.625    395.8    970.3
     1     1    19    12    24    17     0     1   -25.0   17.794 -149.189    417.0    966.1
     1     1    19    12    24    16     0     2   -26.0   17.825 -148.755    425.7    965.3
     1     1    19    12    24    15     0     3   -27.0   17.863 -148.325    436.8    964.7
     1     1    19    12    24    14     0     2   -28.0   17.903 -147.895    453.7    961.9
     1     1    19    12    24    13     0     1   -29.0   17.931 -147.464    463.5    960.1
     1     1    19    12    24    12     0     0   -30.0   17.951 -147.031    473.2    960.2
     1     1    19    12    24    11     0     1   -31.0   17.982 -146.590    488.7    958.3
     1     1    19    12    24    10     0     2   -32.0   18.028 -146.142    502.2    957.3
     1     1    19    12    24     9     0     3   -33.0   18.084 -145.695    500.3    957.0
     1     1    19    12    24     8     0     2   -34.0   18.141 -145.252    485.9    960.0
     1     1    19    12    24     7     0     1   -35.0   18.189 -144.809    476.1    961.3
     1     1    19    12    24     6     0     0   -36.0   18.227 -144.365    462.5    961.2
     1     1    19    12    24     5     0     1   -37.0   18.272 -143.918    440.4    964.7
     1     1    19    12    24     4     0     2   -38.0   18.337 -143.474    429.2    967.3
     1     1    19    12    24     3     0     3   -39.0   18.419 -143.043    434.4    966.3
     1     1    19    12    24     2     0     2   -40.0   18.509 -142.624    447.7    963.9
     1     1    19    12    24     1     0     1   -41.0   18.601 -142.213    466.1    961.3
     1     1    19    12    24     0     0     0   -42.0   18.700 -141.813    491.1    958.2
     1     1    19    12    23    23     0     1   -43.0   18.818 -141.408    524.0    955.4
     1     1    19    12    23    22     0     2   -44.0   18.964 -140.992    562.2    952.0
     1     1    19    12    23    21     0     3   -45.0   19.132 -140.571    586.1    948.5
     1     1    19    12    23    20     0     2   -46.0   19.324 -140.151    583.7    949.6
     1     1    19    12    23    19     0     1   -47.0   19.549 -139.745    575.4    952.2
     1     1    19    12    23    18     0     0   -48.0   19.816 -139.353    572.6    952.9
     1     1    19    12    23    17     0     1   -49.0   20.099 -138.975    578.0    952.5
     1     1    19    12    23    16     0     2   -50.0   20.360 -138.618    590.1    950.8
     1     1    19    12    23    15     0     3   -51.0   20.601 -138.287    612.8    949.1
     1     1    19    12    23    14     0     2   -52.0   20.841 -137.977    658.8    944.3
     1     1    19    12    23    13     0     1   -53.0   21.085 -137.688    714.4    935.3
     1     1    19    12    23    12     0     0   -54.0   21.325 -137.425    752.3    930.2
     1     1    19    12    23    11     0     1   -55.0   21.561 -137.180    775.4    929.1
     1     1    19    12    23    10     0     2   -56.0   21.802 -136.947    779.4    927.4
     1     1    19    12    23     9     0     3   -57.0   22.053 -136.730    752.1    931.1
     1     1    19    12    23     8     0     2   -58.0   22.319 -136.535    730.3    937.6
     1     1    19    12    23     7     0     1   -59.0   22.600 -136.366    737.2    935.8
     1     1    19    12    23     6     0     0   -60.0   22.901 -136.218    754.9    933.3
     1     1    19    12    23     5     0     1   -61.0   23.212 -136.083    771.7    930.4
     1     1    19    12    23     4     0     2   -62.0   23.524 -135.955    783.3    928.7
     1     1    19    12    23     3     0     3   -63.0   23.842 -135.832    790.4    927.5
     1     1    19    12    23     2     0     2   -64.0   24.166 -135.725    804.4    926.9
     1     1    19    12    23     1     0     1   -65.0   24.491 -135.645    837.9    923.2
     1     1    19    12    23     0     0     0   -66.0   24.816 -135.591    885.5    917.4
     1     1    19    12    22    23     0     1   -67.0   25.144 -135.559    943.2    911.5
     1     1    19    12    22    22     0     2   -68.0   25.478 -135.544   1003.6    904.2
     1     1    19    12    22    21     0     3   -69.0   25.815 -135.536   1042.0    898.9
     1     1    19    12    22    20     0     2   -70.0   26.154 -135.542   1065.4    899.0
     1     1    19    12    22    19     0     1   -71.0   26.499 -135.569   1096.3    895.4
     1     1    19    12    22    18     0     0   -72.0   26.855 -135.614   1113.7    891.9
     1     1    19    12    22    17     0     1   -73.0   27.223 -135.667   1123.1    892.8
     1     1    19    12    22    16     0     2   -74.0   27.600 -135.727   1145.7    889.7
     1     1    19    12    22    15     0     3   -75.0   27.989 -135.799   1157.5    885.8
     1     1    19    12    22    14     0     2   -76.0   28.382 -135.882   1156.9    887.6
     1     1    19    12    22    13     0     1   -77.0   28.775 -135.980   1172.2    886.6
     1     1    19    12    22    12     0     0   -78.0   29.175 -136.099   1216.0    881.9
     1     1    19    12    22    11     0     1   -79.0   29.577 -136.229   1269.1    873.7
     1     1    19    12    22    10     0     2   -80.0   29.977 -136.357   1321.1    869.7
     1     1    19    12    22     9     0     3   -81.0   30.378 -136.478   1365.3    863.0
     1     1    19    12    22     8     0     2   -82.0   30.781 -136.595   1386.8    861.1
     1     1    19    12    22     7     0     1   -83.0   31.188 -136.718   1408.8    860.4
     1     1    19    12    22     6     0     0   -84.0   31.604 -136.846   1465.5    855.9
     1     1    19    12    22     5     0     1   -85.0   32.037 -136.976   1543.2    844.1
     1     1    19    12    22     4     0     2   -86.0   32.483 -137.096   1619.7    836.4
     1     1    19    12    22     3     0     3   -87.0   32.933 -137.199   1726.3    827.4
     1     1    19    12    22     2     0     2   -88.0   33.374 -137.302   1823.0    810.8
     1     1    19    12    22     1     0     1   -89.0   33.802 -137.415   1848.9    808.2
     1     1    19    12    22     0     0     0   -90.0   34.225 -137.529   1835.8    812.1
     1     1    19    12    21    23     0     1   -91.0   34.640 -137.640   1844.2    814.7
     1     1    19    12    21    22     0     2   -92.0   35.036 -137.746   1903.4    808.7
     1     1    19    12    21    21     0     3   -93.0   35.409 -137.842   1985.7    797.8
     1     1    19    12    21    20     0     2   -94.0   35.769 -137.922   2052.9    789.4
     1     1    19    12    21    19     0     1   -95.0   36.130 -137.988   2099.3    785.1
     1     1    19    12    21    18     0     0   -96.0   36.494 -138.042   2137.9    781.5
     1     1    19    12    21    17     0     1   -97.0   36.859 -138.102   2195.7    777.3
     1     1    19    12    21    16     0     2   -98.0   37.222 -138.183   2287.5    767.4
     1     1    19    12    21    15     0     3   -99.0   37.581 -138.290   2394.0    755.1
     1     1    19    12    21    14     0     2  -100.0   37.920 -138.423   2484.9    744.3
     1     1    19    12    21    13     0     1  -101.0   38.228 -138.572   2538.6    738.5
     1     1    19    12    21    12     0     0  -102.0   38.507 -138.728   2572.7    736.8
     1     1    19    12    21    11     0     1  -103.0   38.758 -138.883   2624.9    733.4
     1     1    19    12    21    10     0     2  -104.0   38.983 -139.036   2706.3    724.6
     1     1    19    12    21     9     0     3  -105.0   39.194 -139.183   2785.0    714.5
     1     1    19    12    21     8     0     2  -106.0   39.397 -139.329   2854.1    709.4
     1     1    19    12    21     7     0     1  -107.0   39.592 -139.479   2924.7    701.9
     1     1    19    12    21     6     0     0  -108.0   39.779 -139.629   2984.4    695.7
     1     1    19    12    21     5     0     1  -109.0   39.961 -139.783   3008.1    691.3
     1     1    19    12    21     4     0     2  -110.0   40.139 -139.950   2993.4    693.7
     1     1    19    12    21     3     0     3  -111.0   40.311 -140.137   2974.6    696.5
     1     1    19    12    21     2     0     2  -112.0   40.477 -140.347   2987.1    696.4
     1     1    19    12    21     1     0     1  -113.0   40.631 -140.577   3040.3    690.4
     1     1    19    12    21     0     0     0  -114.0   40.768 -140.813   3131.3    682.1
     1     1    19    12    20    23     0     1  -115.0   40.892 -141.055   3230.4    670.2
     1     1    19    12    20    22     0     2  -116.0   41.012 -141.313   3296.9    663.5
     1     1    19    12    20    21     0     3  -117.0   41.125 -141.593   3334.0    661.1
     1     1    19    12    20    20     0     2  -118.0   41.223 -141.890   3357.8    659.0
     1     1    19    12    20    19     0     1  -119.0   41.313 -142.200   3364.3    657.3
     1     1    19    12    20    18     0     0  -120.0   41.399 -142.524   3349.9    658.6
     1     1    19    12    20    17     0     1  -121.0   41.480 -142.865   3326.2    660.7
     1     1    19    12    20    16     0     2  -122.0   41.559 -143.220   3297.4    662.5
     1     1    19    12    20    15     0     3  -123.0   41.632 -143.591   3289.9    665.1
     1     1    19    12    20    14     0     2  -124.0   41.693 -143.976   3321.7    661.1
     1     1    19    12    20    13     0     1  -125.0   41.750 -144.367   3358.5    655.6
     1     1    19    12    20    12     0     0  -126.0   41.807 -144.768   3393.9    653.8
     1     1    19    12    20    11     0     1  -127.0   41.863 -145.177   3449.8    649.2
     1     1    19    12    20    10     0     2  -128.0   41.917 -145.588   3526.2    642.2
     1     1    19    12    20     9     0     3  -129.0   41.958 -146.018   3631.5    634.1
     1     1    19    12    20     8     0     2  -130.0   42.000 -146.471   3736.9    621.7
     1     1    19    12    20     7     0     1  -131.0   42.055 -146.932   3808.9    615.6
     1     1    19    12    20     6     0     0  -132.0   42.115 -147.401   3845.4    611.9
     1     1    19    12    20     5     0     1  -133.0   42.196 -147.884   3860.4    612.0
     1     1    19    12    20     4     0     2  -134.0   42.300 -148.395   3895.8    610.9
     1     1    19    12    20     3     0     3  -135.0   42.408 -148.947   3989.9    604.2
     1     1    19    12    20     2     0     2  -136.0   42.527 -149.525   4074.6    590.0
     1     1    19    12    20     1     0     1  -137.0   42.660 -150.094   4077.5    590.9
     1     1    19    12    20     0     0     0  -138.0   42.792 -150.667   4071.0    595.8
     1     1    19    12    19    23     0     1  -139.0   42.924 -151.243   4097.0    592.7
     1     1    19    12    19    22     0     2  -140.0   43.065 -151.803   4109.3    589.5
     1     1    19    12    19    21     0     3  -141.0   43.213 -152.343   4109.7    592.3
     1     1    19    12    19    20     0     2  -142.0   43.380 -152.876   4122.3    590.6
     1     1    19    12    19    19     0     1  -143.0   43.582 -153.410   4137.3    589.1
     1     1    19    12    19    18     0     0  -144.0   43.812 -153.940   4167.7    587.8
     1     1    19    12    19    17     0     1  -145.0   44.057 -154.472   4214.4    582.4
     1     1    19    12    19    16     0     2  -146.0   44.303 -155.010   4256.4    578.4
     1     1    19    12    19    15     0     3  -147.0   44.542 -155.563   4297.5    575.4
     1     1    19    12    19    14     0     2  -148.0   44.784 -156.132   4350.5    571.6
     1     1    19    12    19    13     0     1  -149.0   45.036 -156.695   4393.1    566.1
     1     1    19    12    19    12     0     0  -150.0   45.282 -157.247   4417.4    565.5
     1     1    19    12    19    11     0     1  -151.0   45.528 -157.789   4442.7    563.5
     1     1    19    12    19    10     0     2  -152.0   45.786 -158.306   4465.7    560.9
     1     1    19    12    19     9     0     3  -153.0   46.041 -158.772   4476.5    559.5
     1     1    19    12    19     8     0     2  -154.0   46.304 -159.230   4485.6    559.7
     1     1    19    12    19     7     0     1  -155.0   46.594 -159.719   4510.0    557.5
     1     1    19    12    19     6     0     0  -156.0   46.892 -160.214   4544.9    554.0
     1     1    19    12    19     5     0     1  -157.0   47.189 -160.725   4573.5    550.7
     1     1    19    12    19     4     0     2  -158.0   47.494 -161.273   4590.5    549.6
     1     1    19    12    19     3     0     3  -159.0   47.798 -161.852   4610.9    548.2
     1     1    19    12    19     2     0     2  -160.0   48.098 -162.450   4625.4    545.7
     1     1    19    12    19     1     0     1  -161.0   48.415 -163.060   4625.8    546.2
     1     1    19    12    19     0     0     0  -162.0   48.736 -163.696   4594.6    546.6
     1     1    19    12    18    23     0     1  -163.0   49.057 -164.335   4550.7    553.5
     1     1    19    12    18    22     0     2  -164.0   49.395 -164.955   4546.7    554.3
     1     1    19    12    18    21     0     3  -165.0   49.746 -165.577   4588.9    551.1
     1     1    19    12    18    20     0     2  -166.0   50.107 -166.212   4650.1    543.9
     1     1    19    12    18    19     0     1  -167.0   50.484 -166.850   4690.9    539.8
     1     1    19    12    18    18     0     0  -168.0   50.866 -167.497   4704.4    538.8
     1     1    19    12    18    17     0     1  -169.0   51.257 -168.148   4699.3    539.3
     1     1    19    12    18    16     0     2  -170.0   51.659 -168.790   4684.3    540.5
     1     1    19    12    18    15     0     3  -171.0   52.061 -169.437   4671.9    541.8
     1     1    19    12    18    14     0     2  -172.0   52.476 -170.074   4688.9    541.9
     1     1    19    12    18    13     0     1  -173.0   52.904 -170.681   4725.4    536.6
     1     1    19    12    18    12     0     0  -174.0   53.322 -171.262   4738.1    534.8
     1     1    19    12    18    11     0     1  -175.0   53.735 -171.792   4747.2    536.5
     1     1    19    12    18    10     0     2  -176.0   54.151 -172.269   4761.3    533.5
     1     1    19    12    18     9     0     3  -177.0   54.565 -172.706   4744.0    533.8
     1     1    19    12    18     8     0     2  -178.0   54.980 -173.097   4685.7    538.1
     1     1    19    12    18     7     0     1  -179.0   55.387 -173.426   4602.9    545.1
     1     1    19    12    18     6     0     0  -180.0   55.783 -173.691   4502.5    552.0
     1     1    19    12    18     5     0     1  -181.0   56.162 -173.894   4385.4    561.3
     1     1    19    12    18     4     0     2  -182.0   56.515 -174.040   4273.6    571.1
     1     1    19    12    18     3     0     3  -183.0   56.848 -174.146   4175.6    578.1
     1     1    19    12    18     2     0     2  -184.0   57.172 -174.195   4089.1    585.0
     1     1    19    12    18     1     0     1  -185.0   57.490 -174.160   4008.1    590.8
     1     1    19    12    18     0     0     0  -186.0   57.801 -174.055   3925.9    597.2
     1     1    19    12    17    23     0     1  -187.0   58.099 -173.892   3832.4    603.9
     1     1    19    12    17    22     0     2  -188.0   58.372 -173.679   3730.4    613.2
     1     1    19    12    17    21     0     3  -189.0   58.622 -173.429   3635.4    621.5
     1     1    19    12    17    20     0     2  -190.0   58.852 -173.145   3567.3    628.1
     1     1    19    12    17    19     0     1  -191.0   59.059 -172.829   3532.8    629.9
     1     1    19    12    17    18     0     0  -192.0   59.249 -172.475   3532.7    630.3
     1     1    19    12    17    17     0     1  -193.0   59.429 -172.055   3561.8    626.4
     1     1    19    12    17    16     0     2  -194.0   59.597 -171.553   3578.7    622.6
     1     1    19    12    17    15     0     3  -195.0   59.751 -170.988   3559.4    624.4
     1     1    19    12    17    14     0     2  -196.0   59.893 -170.374   3527.0    628.5
     1     1    19    12    17    13     0     1  -197.0   60.027 -169.723   3497.5    631.1
     1     1    19    12    17    12     0     0  -198.0   60.141 -169.039   3504.6    633.4
     1     1    19    12    17    11     0     1  -199.0   60.232 -168.331   3544.5    626.9
     1     1    19    12    17    10     0     2  -200.0   60.306 -167.598   3601.3    624.3
     1     1    19    12    17     9     0     3  -201.0   60.368 -166.797   3679.7    614.7
     1     1    19    12    17     8     0     2  -202.0   60.415 -165.961   3678.4    611.6
     1     1    19    12    17     7     0     1  -203.0   60.440 -165.143   3653.9    618.4
     1     1    19    12    17     6     0     0  -204.0   60.447 -164.314   3676.7    618.3
     1     1    19    12    17     5     0     1  -205.0   60.429 -163.491   3784.0    608.7
     1     1    19    12    17     4     0     2  -206.0   60.406 -162.675   3905.4    599.1
     1     1    19    12    17     3     0     3  -207.0   60.407 -161.822   4053.6    586.5
     1     1    19    12    17     2     0     2  -208.0   60.413 -160.989   4179.4    567.5
     1     1    19    12    17     1     0     1  -209.0   60.402 -160.180   4110.4    551.4
     1     1    19    12    17     0     0     0  -210.0   60.361 -159.382   4008.5    566.2
     1     1    19    12    16    23     0     1  -211.0   60.296 -158.496   4277.0    548.6
     1     1    19    12    16    22     0     2  -212.0   60.231 -157.515   4435.4    547.2
     1     1    19    12    16    21     0     3  -213.0   60.168 -156.443   4563.0    536.3
     1     1    19    12    16    20     0     2  -214.0   60.077 -155.262   4560.8    529.3
     1     1    19    12    16    19     0     1  -215.0   60.023 -154.024   4428.3    504.5
     1     1    19    12    16    18     0     0  -216.0   60.024 -152.788   4547.1    514.1
     1     1    19    12    16    17     0     1  -217.0   59.987 -151.758   4545.9    541.5
     1     1    19    12    16    16     0     2  -218.0   59.916 -150.842   4068.5    551.5
     1     1    19    12    16    15     0     3  -219.0   59.797 -149.828   4072.2    532.9
     1     1    19    12    16    14     0     2  -220.0   59.638 -148.759   4352.2    546.7
     1     1    19    12    16    13     0     1  -221.0   59.463 -147.863   4203.8    574.8
     1     1    19    12    16    12     0     0  -222.0   59.303 -147.075   3975.2    597.6
     1     1    19    12    16    11     0     1  -223.0   59.145 -146.372   3800.2    612.3
     1     1    19    12    16    10     0     2  -224.0   58.970 -145.777   3685.3    623.2
     1     1    19    12    16     9     0     3  -225.0   58.800 -145.210   3567.1    628.1
     1     1    19    12    16     8     0     2  -226.0   58.591 -144.641   3428.7    644.1
     1     1    19    12    16     7     0     1  -227.0   58.296 -144.114   3370.3    651.6
     1     1    19    12    16     6     0     0  -228.0   58.001 -143.575   3359.1    648.3
     1     1    19    12    16     5     0     1  -229.0   57.722 -143.009   3232.8    650.8
     1     1    19    12    16     4     0     2  -230.0   57.379 -142.510   2996.9    680.4
     1     1    19    12    16     3     0     3  -231.0   57.054 -142.139   2677.7    701.7
     1     1    19    12    16     2     0     2  -232.0   56.732 -141.881   2411.2    740.1
     1     1    19    12    16     1     0     1  -233.0   56.385 -141.691   2194.7    755.6
     1     1    19    12    16     0     0     0  -234.0   56.062 -141.554   1919.3    776.0
     1     1    19    12    15    23     0     1  -235.0   55.724 -141.498   1631.7    815.1
     1     1    19    12    15    22     0     2  -236.0   55.348 -141.505   1445.4    836.1
     1     1    19    12    15    21     0     3  -237.0   54.962 -141.580   1329.2    846.0
     1     1    19    12    15    20     0     2  -238.0   54.580 -141.697   1223.7    854.1
     1     1    19    12    15    19     0     1  -239.0   54.187 -141.788   1130.5    867.4
     1     1    19    12    15    18     0     0  -240.0   53.781 -141.856   1087.8    873.1
