     7     1
    GDAS    19     6     1     0     0
    GDAS    19     7     1     0     0
    GDAS    19     8     1     0     0
    GDAS    19     9     1     0     0
    GDAS    19    10     1     0     0
    GDAS    19    11     1     0     0
    GDAS    19    12     1     0     0
     1 BACKWARD OMEGA   
    19    10    21     0   21.319 -157.670    10.0
     1 PRESSURE
     1     1    19    10    21     0     0     0     0.0   21.319 -157.670     10.0   1010.1
     1     1    19    10    20    23     0     1    -1.0   21.309 -157.559     17.5   1008.9
     1     1    19    10    20    22     0     2    -2.0   21.299 -157.448     24.3   1007.6
     1     1    19    10    20    21     0     3    -3.0   21.286 -157.335     25.4   1007.2
     1     1    19    10    20    20     0     2    -4.0   21.272 -157.230     23.1   1007.2
     1     1    19    10    20    19     0     1    -5.0   21.257 -157.138     21.3   1006.7
     1     1    19    10    20    18     0     0    -6.0   21.241 -157.059     20.4   1006.1
     1     1    19    10    20    17     0     1    -7.0   21.231 -156.976     29.0   1005.5
     1     1    19    10    20    16     0     2    -8.0   21.222 -156.854     70.0   1002.0
     1     1    19    10    20    15     0     3    -9.0   21.193 -156.673    143.3    993.8
     1     1    19    10    20    14     0     2   -10.0   21.124 -156.443    212.5    984.3
     1     1    19    10    20    13     0     1   -11.0   21.013 -156.193    257.9    982.6
     1     1    19    10    20    12     0     0   -12.0   20.870 -155.934    294.2    980.9
     1     1    19    10    20    11     0     1   -13.0   20.726 -155.682    325.1    977.5
     1     1    19    10    20    10     0     2   -14.0   20.585 -155.434    339.9    975.6
     1     1    19    10    20     9     0     3   -15.0   20.431 -155.199    330.2    977.4
     1     1    19    10    20     8     0     2   -16.0   20.259 -154.968    313.2    981.2
     1     1    19    10    20     7     0     1   -17.0   20.088 -154.728    307.7    982.2
     1     1    19    10    20     6     0     0   -18.0   19.949 -154.468    310.4    980.9
     1     1    19    10    20     5     0     1   -19.0   19.849 -154.184    312.3    980.0
     1     1    19    10    20     4     0     2   -20.0   19.790 -153.874    313.5    979.5
     1     1    19    10    20     3     0     3   -21.0   19.752 -153.554    315.2    978.9
     1     1    19    10    20     2     0     2   -22.0   19.719 -153.232    321.6    978.7
     1     1    19    10    20     1     0     1   -23.0   19.690 -152.912    335.9    976.9
     1     1    19    10    20     0     0     0   -24.0   19.664 -152.597    349.9    974.6
     1     1    19    10    19    23     0     1   -25.0   19.632 -152.282    356.0    974.6
     1     1    19    10    19    22     0     2   -26.0   19.602 -151.959    355.1    975.7
     1     1    19    10    19    21     0     3   -27.0   19.576 -151.627    350.4    977.2
     1     1    19    10    19    20     0     2   -28.0   19.554 -151.283    344.9    977.9
     1     1    19    10    19    19     0     1   -29.0   19.540 -150.927    340.4    978.3
     1     1    19    10    19    18     0     0   -30.0   19.535 -150.566    337.5    978.6
     1     1    19    10    19    17     0     1   -31.0   19.530 -150.208    335.1    978.4
     1     1    19    10    19    16     0     2   -32.0   19.524 -149.859    336.3    978.4
     1     1    19    10    19    15     0     3   -33.0   19.518 -149.518    347.6    977.2
     1     1    19    10    19    14     0     2   -34.0   19.513 -149.182    373.0    974.3
     1     1    19    10    19    13     0     1   -35.0   19.514 -148.843    412.5    969.9
     1     1    19    10    19    12     0     0   -36.0   19.518 -148.502    458.4    963.9
     1     1    19    10    19    11     0     1   -37.0   19.521 -148.155    502.3    959.4
     1     1    19    10    19    10     0     2   -38.0   19.527 -147.804    549.9    955.4
     1     1    19    10    19     9     0     3   -39.0   19.539 -147.450    600.9    949.9
     1     1    19    10    19     8     0     2   -40.0   19.562 -147.090    638.3    944.7
     1     1    19    10    19     7     0     1   -41.0   19.602 -146.729    668.0    943.0
     1     1    19    10    19     6     0     0   -42.0   19.662 -146.367    720.3    938.4
     1     1    19    10    19     5     0     1   -43.0   19.736 -146.007    800.4    928.3
     1     1    19    10    19     4     0     2   -44.0   19.816 -145.650    876.4    917.6
     1     1    19    10    19     3     0     3   -45.0   19.898 -145.297    930.5    911.9
     1     1    19    10    19     2     0     2   -46.0   19.987 -144.950    964.0    907.4
     1     1    19    10    19     1     0     1   -47.0   20.086 -144.609    985.1    906.3
     1     1    19    10    19     0     0     0   -48.0   20.190 -144.280   1015.2    903.7
     1     1    19    10    18    23     0     1   -49.0   20.291 -143.960   1057.3    899.4
     1     1    19    10    18    22     0     2   -50.0   20.385 -143.651   1096.5    895.1
     1     1    19    10    18    21     0     3   -51.0   20.474 -143.347   1130.0    893.2
     1     1    19    10    18    20     0     2   -52.0   20.559 -143.049   1170.2    889.9
     1     1    19    10    18    19     0     1   -53.0   20.643 -142.759   1223.6    884.3
     1     1    19    10    18    18     0     0   -54.0   20.727 -142.478   1291.5    877.3
     1     1    19    10    18    17     0     1   -55.0   20.814 -142.206   1368.5    868.3
     1     1    19    10    18    16     0     2   -56.0   20.897 -141.937   1460.0    859.8
     1     1    19    10    18    15     0     3   -57.0   20.973 -141.679   1564.3    847.5
     1     1    19    10    18    14     0     2   -58.0   21.049 -141.447   1649.2    836.7
     1     1    19    10    18    13     0     1   -59.0   21.130 -141.238   1702.3    832.0
     1     1    19    10    18    12     0     0   -60.0   21.213 -141.041   1734.9    829.3
     1     1    19    10    18    11     0     1   -61.0   21.295 -140.849   1755.3    828.0
     1     1    19    10    18    10     0     2   -62.0   21.369 -140.652   1766.7    827.4
     1     1    19    10    18     9     0     3   -63.0   21.437 -140.444   1772.3    827.4
     1     1    19    10    18     8     0     2   -64.0   21.511 -140.232   1780.1    827.3
     1     1    19    10    18     7     0     1   -65.0   21.600 -140.020   1793.9    825.8
     1     1    19    10    18     6     0     0   -66.0   21.705 -139.804   1804.8    824.2
     1     1    19    10    18     5     0     1   -67.0   21.825 -139.587   1809.1    823.7
     1     1    19    10    18     4     0     2   -68.0   21.961 -139.379   1811.8    823.1
     1     1    19    10    18     3     0     3   -69.0   22.112 -139.177   1818.6    822.5
     1     1    19    10    18     2     0     2   -70.0   22.270 -138.992   1833.9    820.9
     1     1    19    10    18     1     0     1   -71.0   22.427 -138.826   1857.7    818.5
     1     1    19    10    18     0     0     0   -72.0   22.581 -138.681   1889.3    815.2
     1     1    19    10    17    23     0     1   -73.0   22.728 -138.546   1920.6    811.9
     1     1    19    10    17    22     0     2   -74.0   22.864 -138.412   1943.4    810.1
     1     1    19    10    17    21     0     3   -75.0   22.993 -138.278   1957.4    809.2
     1     1    19    10    17    20     0     2   -76.0   23.119 -138.146   1973.2    808.9
     1     1    19    10    17    19     0     1   -77.0   23.244 -138.022   1998.4    806.2
     1     1    19    10    17    18     0     0   -78.0   23.366 -137.906   2023.7    803.4
     1     1    19    10    17    17     0     1   -79.0   23.484 -137.804   2040.5    801.2
     1     1    19    10    17    16     0     2   -80.0   23.599 -137.716   2049.1    800.3
     1     1    19    10    17    15     0     3   -81.0   23.708 -137.637   2056.2    799.6
     1     1    19    10    17    14     0     2   -82.0   23.809 -137.557   2065.0    798.7
     1     1    19    10    17    13     0     1   -83.0   23.897 -137.470   2074.6    797.6
     1     1    19    10    17    12     0     0   -84.0   23.973 -137.379   2083.0    796.6
     1     1    19    10    17    11     0     1   -85.0   24.043 -137.279   2095.4    796.3
     1     1    19    10    17    10     0     2   -86.0   24.114 -137.172   2118.9    794.5
     1     1    19    10    17     9     0     3   -87.0   24.186 -137.062   2156.5    791.3
     1     1    19    10    17     8     0     2   -88.0   24.262 -136.960   2187.7    786.4
     1     1    19    10    17     7     0     1   -89.0   24.343 -136.862   2193.3    786.3
     1     1    19    10    17     6     0     0   -90.0   24.431 -136.763   2184.6    787.8
     1     1    19    10    17     5     0     1   -91.0   24.525 -136.668   2180.7    788.8
     1     1    19    10    17     4     0     2   -92.0   24.626 -136.586   2185.9    787.3
     1     1    19    10    17     3     0     3   -93.0   24.735 -136.515   2184.7    786.3
     1     1    19    10    17     2     0     2   -94.0   24.846 -136.449   2176.9    787.5
     1     1    19    10    17     1     0     1   -95.0   24.947 -136.384   2170.1    788.0
     1     1    19    10    17     0     0     0   -96.0   25.037 -136.322   2166.2    788.4
     1     1    19    10    16    23     0     1   -97.0   25.119 -136.257   2169.8    788.7
     1     1    19    10    16    22     0     2   -98.0   25.195 -136.183   2185.4    787.6
     1     1    19    10    16    21     0     3   -99.0   25.262 -136.100   2216.0    785.2
     1     1    19    10    16    20     0     2  -100.0   25.327 -136.017   2256.0    781.0
     1     1    19    10    16    19     0     1  -101.0   25.400 -135.941   2293.8    777.3
     1     1    19    10    16    18     0     0  -102.0   25.481 -135.873   2322.7    774.5
     1     1    19    10    16    17     0     1  -103.0   25.563 -135.816   2346.8    772.3
     1     1    19    10    16    16     0     2  -104.0   25.641 -135.776   2373.2    769.2
     1     1    19    10    16    15     0     3  -105.0   25.716 -135.752   2402.1    765.9
     1     1    19    10    16    14     0     2  -106.0   25.791 -135.743   2432.9    762.8
     1     1    19    10    16    13     0     1  -107.0   25.865 -135.751   2461.6    759.7
     1     1    19    10    16    12     0     0  -108.0   25.941 -135.778   2481.0    757.4
     1     1    19    10    16    11     0     1  -109.0   26.003 -135.815   2492.2    757.0
     1     1    19    10    16    10     0     2  -110.0   26.038 -135.846   2502.0    756.7
     1     1    19    10    16     9     0     3  -111.0   26.044 -135.871   2513.6    755.8
     1     1    19    10    16     8     0     2  -112.0   26.042 -135.885   2522.8    754.7
     1     1    19    10    16     7     0     1  -113.0   26.047 -135.889   2526.3    754.5
     1     1    19    10    16     6     0     0  -114.0   26.059 -135.882   2524.2    754.8
     1     1    19    10    16     5     0     1  -115.0   26.078 -135.866   2521.8    755.2
     1     1    19    10    16     4     0     2  -116.0   26.100 -135.849   2525.5    754.6
     1     1    19    10    16     3     0     3  -117.0   26.123 -135.831   2536.4    753.3
     1     1    19    10    16     2     0     2  -118.0   26.133 -135.812   2544.8    751.4
     1     1    19    10    16     1     0     1  -119.0   26.121 -135.791   2540.5    751.5
     1     1    19    10    16     0     0     0  -120.0   26.090 -135.768   2521.7    752.8
     1     1    19    10    15    23     0     1  -121.0   26.052 -135.737   2503.6    756.1
     1     1    19    10    15    22     0     2  -122.0   26.016 -135.692   2506.1    756.2
     1     1    19    10    15    21     0     3  -123.0   25.977 -135.634   2530.4    754.2
     1     1    19    10    15    20     0     2  -124.0   25.933 -135.569   2547.8    750.2
     1     1    19    10    15    19     0     1  -125.0   25.892 -135.500   2532.7    751.7
     1     1    19    10    15    18     0     0  -126.0   25.858 -135.426   2485.8    756.1
     1     1    19    10    15    17     0     1  -127.0   25.829 -135.346   2435.8    763.0
     1     1    19    10    15    16     0     2  -128.0   25.794 -135.263   2407.7    765.1
     1     1    19    10    15    15     0     3  -129.0   25.752 -135.178   2397.6    765.5
     1     1    19    10    15    14     0     2  -130.0   25.700 -135.088   2394.7    764.6
     1     1    19    10    15    13     0     1  -131.0   25.640 -134.993   2389.7    764.8
     1     1    19    10    15    12     0     0  -132.0   25.572 -134.892   2381.8    765.1
     1     1    19    10    15    11     0     1  -133.0   25.501 -134.782   2368.8    766.5
     1     1    19    10    15    10     0     2  -134.0   25.434 -134.661   2347.9    768.7
     1     1    19    10    15     9     0     3  -135.0   25.371 -134.534   2317.0    771.8
     1     1    19    10    15     8     0     2  -136.0   25.322 -134.407   2282.1    776.0
     1     1    19    10    15     7     0     1  -137.0   25.289 -134.281   2253.0    779.1
     1     1    19    10    15     6     0     0  -138.0   25.272 -134.154   2234.0    781.2
     1     1    19    10    15     5     0     1  -139.0   25.263 -134.028   2220.5    781.7
     1     1    19    10    15     4     0     2  -140.0   25.254 -133.901   2207.6    782.7
     1     1    19    10    15     3     0     3  -141.0   25.246 -133.772   2194.9    783.5
     1     1    19    10    15     2     0     2  -142.0   25.230 -133.640   2183.9    784.3
     1     1    19    10    15     1     0     1  -143.0   25.199 -133.503   2179.1    784.5
     1     1    19    10    15     0     0     0  -144.0   25.152 -133.360   2184.5    783.7
     1     1    19    10    14    23     0     1  -145.0   25.097 -133.207   2192.3    782.4
     1     1    19    10    14    22     0     2  -146.0   25.043 -133.043   2192.2    782.7
     1     1    19    10    14    21     0     3  -147.0   24.995 -132.871   2183.3    783.8
     1     1    19    10    14    20     0     2  -148.0   24.953 -132.699   2173.4    785.8
     1     1    19    10    14    19     0     1  -149.0   24.917 -132.531   2170.8    786.2
     1     1    19    10    14    18     0     0  -150.0   24.883 -132.366   2174.3    786.0
     1     1    19    10    14    17     0     1  -151.0   24.855 -132.205   2179.3    784.9
     1     1    19    10    14    16     0     2  -152.0   24.835 -132.048   2181.4    784.4
     1     1    19    10    14    15     0     3  -153.0   24.825 -131.895   2181.7    784.3
     1     1    19    10    14    14     0     2  -154.0   24.819 -131.742   2181.9    783.9
     1     1    19    10    14    13     0     1  -155.0   24.812 -131.588   2179.5    783.6
     1     1    19    10    14    12     0     0  -156.0   24.802 -131.434   2171.1    783.8
     1     1    19    10    14    11     0     1  -157.0   24.797 -131.281   2166.7    785.5
     1     1    19    10    14    10     0     2  -158.0   24.803 -131.130   2179.6    784.8
     1     1    19    10    14     9     0     3  -159.0   24.823 -130.983   2214.0    782.1
     1     1    19    10    14     8     0     2  -160.0   24.857 -130.847   2245.7    777.0
     1     1    19    10    14     7     0     1  -161.0   24.908 -130.728   2244.5    777.3
     1     1    19    10    14     6     0     0  -162.0   24.980 -130.619   2207.6    780.8
     1     1    19    10    14     5     0     1  -163.0   25.062 -130.516   2160.3    787.1
     1     1    19    10    14     4     0     2  -164.0   25.140 -130.415   2130.9    789.2
     1     1    19    10    14     3     0     3  -165.0   25.213 -130.316   2117.5    789.7
     1     1    19    10    14     2     0     2  -166.0   25.284 -130.224   2118.1    789.5
     1     1    19    10    14     1     0     1  -167.0   25.353 -130.140   2133.5    788.0
     1     1    19    10    14     0     0     0  -168.0   25.418 -130.066   2163.6    785.1
     1     1    19    10    13    23     0     1  -169.0   25.479 -130.005   2197.3    781.1
     1     1    19    10    13    22     0     2  -170.0   25.540 -129.955   2224.0    778.7
     1     1    19    10    13    21     0     3  -171.0   25.604 -129.915   2244.7    777.0
     1     1    19    10    13    20     0     2  -172.0   25.668 -129.879   2262.8    775.8
     1     1    19    10    13    19     0     1  -173.0   25.731 -129.842   2280.2    774.4
     1     1    19    10    13    18     0     0  -174.0   25.794 -129.802   2295.6    773.1
     1     1    19    10    13    17     0     1  -175.0   25.859 -129.761   2305.8    771.6
     1     1    19    10    13    16     0     2  -176.0   25.934 -129.720   2308.2    771.1
     1     1    19    10    13    15     0     3  -177.0   26.020 -129.678   2303.7    771.2
     1     1    19    10    13    14     0     2  -178.0   26.110 -129.637   2307.7    772.0
     1     1    19    10    13    13     0     1  -179.0   26.192 -129.604   2333.3    769.3
     1     1    19    10    13    12     0     0  -180.0   26.266 -129.579   2379.5    764.8
     1     1    19    10    13    11     0     1  -181.0   26.339 -129.560   2425.7    758.8
     1     1    19    10    13    10     0     2  -182.0   26.420 -129.544   2452.0    756.5
     1     1    19    10    13     9     0     3  -183.0   26.508 -129.528   2457.7    756.1
     1     1    19    10    13     8     0     2  -184.0   26.606 -129.510   2454.1    757.8
     1     1    19    10    13     7     0     1  -185.0   26.717 -129.490   2452.8    758.3
     1     1    19    10    13     6     0     0  -186.0   26.840 -129.468   2453.2    758.5
     1     1    19    10    13     5     0     1  -187.0   26.976 -129.447   2450.4    758.1
     1     1    19    10    13     4     0     2  -188.0   27.123 -129.430   2443.4    758.7
     1     1    19    10    13     3     0     3  -189.0   27.281 -129.424   2437.4    759.1
     1     1    19    10    13     2     0     2  -190.0   27.447 -129.432   2443.2    759.3
     1     1    19    10    13     1     0     1  -191.0   27.612 -129.457   2469.1    756.8
     1     1    19    10    13     0     0     0  -192.0   27.773 -129.496   2515.6    752.6
     1     1    19    10    12    23     0     1  -193.0   27.927 -129.541   2564.1    747.0
     1     1    19    10    12    22     0     2  -194.0   28.075 -129.585   2590.1    744.8
     1     1    19    10    12    21     0     3  -195.0   28.218 -129.627   2591.6    745.3
     1     1    19    10    12    20     0     2  -196.0   28.359 -129.662   2590.2    747.3
     1     1    19    10    12    19     0     1  -197.0   28.493 -129.688   2603.5    746.1
     1     1    19    10    12    18     0     0  -198.0   28.623 -129.703   2628.6    743.9
     1     1    19    10    12    17     0     1  -199.0   28.753 -129.706   2645.7    740.6
     1     1    19    10    12    16     0     2  -200.0   28.892 -129.693   2636.3    741.1
     1     1    19    10    12    15     0     3  -201.0   29.040 -129.661   2598.0    744.2
     1     1    19    10    12    14     0     2  -202.0   29.197 -129.623   2554.6    750.2
     1     1    19    10    12    13     0     1  -203.0   29.361 -129.588   2527.4    752.2
     1     1    19    10    12    12     0     0  -204.0   29.534 -129.552   2509.5    753.4
     1     1    19    10    12    11     0     1  -205.0   29.723 -129.514   2492.6    754.8
     1     1    19    10    12    10     0     2  -206.0   29.930 -129.469   2476.3    757.1
     1     1    19    10    12     9     0     3  -207.0   30.150 -129.419   2467.7    758.5
     1     1    19    10    12     8     0     2  -208.0   30.377 -129.374   2479.5    758.6
     1     1    19    10    12     7     0     1  -209.0   30.604 -129.339   2520.1    755.0
     1     1    19    10    12     6     0     0  -210.0   30.837 -129.304   2585.4    749.3
     1     1    19    10    12     5     0     1  -211.0   31.073 -129.271   2652.9    741.2
     1     1    19    10    12     4     0     2  -212.0   31.309 -129.246   2701.5    736.9
     1     1    19    10    12     3     0     3  -213.0   31.547 -129.232   2740.4    733.8
     1     1    19    10    12     2     0     2  -214.0   31.783 -129.223   2776.1    730.5
     1     1    19    10    12     1     0     1  -215.0   32.012 -129.218   2801.7    727.7
     1     1    19    10    12     0     0     0  -216.0   32.232 -129.216   2804.3    726.7
     1     1    19    10    11    23     0     1  -217.0   32.447 -129.208   2799.0    729.5
     1     1    19    10    11    22     0     2  -218.0   32.662 -129.180   2817.4    729.1
     1     1    19    10    11    21     0     3  -219.0   32.876 -129.126   2879.7    724.8
     1     1    19    10    11    20     0     2  -220.0   33.092 -129.058   2961.4    714.7
     1     1    19    10    11    19     0     1  -221.0   33.313 -128.993   3020.7    709.4
     1     1    19    10    11    18     0     0  -222.0   33.540 -128.927   3056.5    706.9
     1     1    19    10    11    17     0     1  -223.0   33.773 -128.859   3081.1    705.2
     1     1    19    10    11    16     0     2  -224.0   34.012 -128.789   3101.6    703.1
     1     1    19    10    11    15     0     3  -225.0   34.260 -128.724   3119.4    701.5
     1     1    19    10    11    14     0     2  -226.0   34.509 -128.671   3144.5    699.9
     1     1    19    10    11    13     0     1  -227.0   34.753 -128.627   3180.2    696.5
     1     1    19    10    11    12     0     0  -228.0   34.990 -128.588   3219.1    692.8
     1     1    19    10    11    11     0     1  -229.0   35.217 -128.549   3256.0    689.6
     1     1    19    10    11    10     0     2  -230.0   35.433 -128.509   3293.4    687.0
     1     1    19    10    11     9     0     3  -231.0   35.641 -128.466   3339.8    683.5
     1     1    19    10    11     8     0     2  -232.0   35.845 -128.417   3391.9    678.8
     1     1    19    10    11     7     0     1  -233.0   36.048 -128.358   3442.9    674.8
     1     1    19    10    11     6     0     0  -234.0   36.249 -128.293   3494.1    670.9
     1     1    19    10    11     5     0     1  -235.0   36.449 -128.229   3538.3    666.4
     1     1    19    10    11     4     0     2  -236.0   36.652 -128.168   3565.6    663.9
     1     1    19    10    11     3     0     3  -237.0   36.863 -128.108   3574.6    663.1
     1     1    19    10    11     2     0     2  -238.0   37.076 -128.056   3583.6    663.7
     1     1    19    10    11     1     0     1  -239.0   37.279 -128.014   3614.1    661.5
     1     1    19    10    11     0     0     0  -240.0   37.475 -127.981   3672.8    656.9
