     7     1
    GDAS    19     6     1     0     0
    GDAS    19     7     1     0     0
    GDAS    19     8     1     0     0
    GDAS    19     9     1     0     0
    GDAS    19    10     1     0     0
    GDAS    19    11     1     0     0
    GDAS    19    12     1     0     0
     1 BACKWARD OMEGA   
    19    12    19    12   21.319 -157.670    10.0
     1 PRESSURE
     1     1    19    12    19    12     0     0     0.0   21.319 -157.670     10.0   1011.6
     1     1    19    12    19    11     0     1    -1.0   21.358 -157.485     28.8   1009.4
     1     1    19    12    19    10     0     2    -2.0   21.389 -157.255     99.1   1002.3
     1     1    19    12    19     9     0     3    -3.0   21.412 -156.961    245.9    985.7
     1     1    19    12    19     8     0     2    -4.0   21.410 -156.611    410.1    962.9
     1     1    19    12    19     7     0     1    -5.0   21.375 -156.236    524.2    951.7
     1     1    19    12    19     6     0     0    -6.0   21.317 -155.841    599.6    947.1
     1     1    19    12    19     5     0     1    -7.0   21.254 -155.446    665.8    940.9
     1     1    19    12    19     4     0     2    -8.0   21.199 -155.067    724.4    932.7
     1     1    19    12    19     3     0     3    -9.0   21.161 -154.696    765.4    928.0
     1     1    19    12    19     2     0     2   -10.0   21.135 -154.336    798.5    925.4
     1     1    19    12    19     1     0     1   -11.0   21.118 -154.001    816.8    921.9
     1     1    19    12    19     0     0     0   -12.0   21.109 -153.687    810.6    923.0
     1     1    19    12    18    23     0     1   -13.0   21.100 -153.361    810.1    926.6
     1     1    19    12    18    22     0     2   -14.0   21.090 -153.009    837.9    924.3
     1     1    19    12    18    21     0     3   -15.0   21.080 -152.634    891.1    919.7
     1     1    19    12    18    20     0     2   -16.0   21.068 -152.245    958.1    911.1
     1     1    19    12    18    19     0     1   -17.0   21.059 -151.848   1027.3    903.4
     1     1    19    12    18    18     0     0   -18.0   21.056 -151.440   1104.2    896.1
     1     1    19    12    18    17     0     1   -19.0   21.055 -151.014   1186.3    886.4
     1     1    19    12    18    16     0     2   -20.0   21.055 -150.575   1251.7    877.7
     1     1    19    12    18    15     0     3   -21.0   21.063 -150.134   1300.5    873.9
     1     1    19    12    18    14     0     2   -22.0   21.082 -149.691   1348.3    869.2
     1     1    19    12    18    13     0     1   -23.0   21.112 -149.242   1395.2    864.1
     1     1    19    12    18    12     0     0   -24.0   21.154 -148.786   1449.8    859.6
     1     1    19    12    18    11     0     1   -25.0   21.205 -148.334   1521.4    852.8
     1     1    19    12    18    10     0     2   -26.0   21.271 -147.892   1593.9    844.6
     1     1    19    12    18     9     0     3   -27.0   21.349 -147.454   1646.4    839.0
     1     1    19    12    18     8     0     2   -28.0   21.437 -147.019   1684.0    836.4
     1     1    19    12    18     7     0     1   -29.0   21.537 -146.595   1727.3    833.0
     1     1    19    12    18     6     0     0   -30.0   21.651 -146.188   1778.6    827.5
     1     1    19    12    18     5     0     1   -31.0   21.773 -145.798   1830.8    822.3
     1     1    19    12    18     4     0     2   -32.0   21.895 -145.424   1863.0    816.8
     1     1    19    12    18     3     0     3   -33.0   22.007 -145.069   1807.8    817.7
     1     1    19    12    18     2     0     2   -34.0   22.117 -144.723   1714.1    835.6
     1     1    19    12    18     1     0     1   -35.0   22.224 -144.387   1668.2    839.3
     1     1    19    12    18     0     0     0   -36.0   22.321 -144.068   1659.8    839.2
     1     1    19    12    17    23     0     1   -37.0   22.416 -143.757   1665.9    837.6
     1     1    19    12    17    22     0     2   -38.0   22.518 -143.439   1671.6    838.0
     1     1    19    12    17    21     0     3   -39.0   22.625 -143.120   1681.7    837.9
     1     1    19    12    17    20     0     2   -40.0   22.740 -142.811   1701.8    836.3
     1     1    19    12    17    19     0     1   -41.0   22.864 -142.519   1752.8    833.2
     1     1    19    12    17    18     0     0   -42.0   22.989 -142.250   1885.5    823.6
     1     1    19    12    17    17     0     1   -43.0   23.105 -142.013   2066.5    798.9
     1     1    19    12    17    16     0     2   -44.0   23.219 -141.794   2185.6    783.5
     1     1    19    12    17    15     0     3   -45.0   23.333 -141.574   2212.9    781.5
     1     1    19    12    17    14     0     2   -46.0   23.445 -141.350   2213.5    786.2
     1     1    19    12    17    13     0     1   -47.0   23.556 -141.135   2229.5    783.4
     1     1    19    12    17    12     0     0   -48.0   23.664 -140.932   2237.9    781.4
     1     1    19    12    17    11     0     1   -49.0   23.771 -140.739   2223.7    782.7
     1     1    19    12    17    10     0     2   -50.0   23.878 -140.557   2176.6    786.9
     1     1    19    12    17     9     0     3   -51.0   23.985 -140.388   2082.8    795.4
     1     1    19    12    17     8     0     2   -52.0   24.097 -140.234   1979.4    809.6
     1     1    19    12    17     7     0     1   -53.0   24.213 -140.094   1905.6    816.7
     1     1    19    12    17     6     0     0   -54.0   24.331 -139.967   1854.2    821.3
     1     1    19    12    17     5     0     1   -55.0   24.441 -139.846   1816.8    824.1
     1     1    19    12    17     4     0     2   -56.0   24.538 -139.729   1796.0    826.0
     1     1    19    12    17     3     0     3   -57.0   24.621 -139.618   1794.7    825.6
     1     1    19    12    17     2     0     2   -58.0   24.682 -139.517   1814.9    823.5
     1     1    19    12    17     1     0     1   -59.0   24.712 -139.426   1860.4    819.0
     1     1    19    12    17     0     0     0   -60.0   24.714 -139.341   1933.3    811.4
     1     1    19    12    16    23     0     1   -61.0   24.703 -139.252   1998.2    802.1
     1     1    19    12    16    22     0     2   -62.0   24.685 -139.150   2019.3    800.7
     1     1    19    12    16    21     0     3   -63.0   24.656 -139.027   1999.0    803.4
     1     1    19    12    16    20     0     2   -64.0   24.613 -138.882   1973.1    809.3
     1     1    19    12    16    19     0     1   -65.0   24.559 -138.717   1968.8    809.2
     1     1    19    12    16    18     0     0   -66.0   24.494 -138.532   1972.8    808.2
     1     1    19    12    16    17     0     1   -67.0   24.424 -138.334   1964.7    807.1
     1     1    19    12    16    16     0     2   -68.0   24.348 -138.130   1934.6    809.9
     1     1    19    12    16    15     0     3   -69.0   24.267 -137.916   1896.9    814.1
     1     1    19    12    16    14     0     2   -70.0   24.184 -137.694   1854.5    817.3
     1     1    19    12    16    13     0     1   -71.0   24.102 -137.460   1795.0    822.5
     1     1    19    12    16    12     0     0   -72.0   24.018 -137.196   1722.1    830.0
     1     1    19    12    16    11     0     1   -73.0   23.931 -136.895   1673.6    838.2
     1     1    19    12    16    10     0     2   -74.0   23.844 -136.579   1652.7    838.6
     1     1    19    12    16     9     0     3   -75.0   23.760 -136.251   1632.5    840.1
     1     1    19    12    16     8     0     2   -76.0   23.688 -135.908   1619.6    843.3
     1     1    19    12    16     7     0     1   -77.0   23.636 -135.556   1631.2    842.1
     1     1    19    12    16     6     0     0   -78.0   23.602 -135.194   1647.3    838.9
     1     1    19    12    16     5     0     1   -79.0   23.582 -134.826   1658.5    838.4
     1     1    19    12    16     4     0     2   -80.0   23.574 -134.465   1676.9    836.4
     1     1    19    12    16     3     0     3   -81.0   23.582 -134.111   1692.7    833.3
     1     1    19    12    16     2     0     2   -82.0   23.596 -133.765   1691.4    832.8
     1     1    19    12    16     1     0     1   -83.0   23.610 -133.431   1682.6    834.4
     1     1    19    12    16     0     0     0   -84.0   23.628 -133.109   1689.8    834.6
     1     1    19    12    15    23     0     1   -85.0   23.646 -132.793   1710.5    831.6
     1     1    19    12    15    22     0     2   -86.0   23.657 -132.474   1731.3    830.0
     1     1    19    12    15    21     0     3   -87.0   23.661 -132.153   1752.6    828.5
     1     1    19    12    15    20     0     2   -88.0   23.666 -131.834   1777.4    826.8
     1     1    19    12    15    19     0     1   -89.0   23.673 -131.519   1798.6    824.3
     1     1    19    12    15    18     0     0   -90.0   23.679 -131.203   1797.8    823.9
     1     1    19    12    15    17     0     1   -91.0   23.691 -130.882   1777.0    826.5
     1     1    19    12    15    16     0     2   -92.0   23.713 -130.558   1756.0    828.8
     1     1    19    12    15    15     0     3   -93.0   23.744 -130.238   1737.8    829.4
     1     1    19    12    15    14     0     2   -94.0   23.780 -129.922   1728.5    831.3
     1     1    19    12    15    13     0     1   -95.0   23.819 -129.611   1749.1    829.9
     1     1    19    12    15    12     0     0   -96.0   23.859 -129.308   1808.5    824.0
     1     1    19    12    15    11     0     1   -97.0   23.900 -129.022   1875.3    814.7
     1     1    19    12    15    10     0     2   -98.0   23.953 -128.749   1902.2    810.6
     1     1    19    12    15     9     0     3   -99.0   24.025 -128.485   1869.6    813.5
     1     1    19    12    15     8     0     2  -100.0   24.099 -128.216   1812.8    822.8
     1     1    19    12    15     7     0     1  -101.0   24.156 -127.937   1778.8    827.5
     1     1    19    12    15     6     0     0  -102.0   24.201 -127.654   1779.8    827.3
     1     1    19    12    15     5     0     1  -103.0   24.240 -127.372   1799.8    823.6
     1     1    19    12    15     4     0     2  -104.0   24.279 -127.091   1818.7    820.9
     1     1    19    12    15     3     0     3  -105.0   24.318 -126.810   1831.5    819.5
     1     1    19    12    15     2     0     2  -106.0   24.364 -126.532   1837.2    818.5
     1     1    19    12    15     1     0     1  -107.0   24.416 -126.260   1826.3    818.7
     1     1    19    12    15     0     0     0  -108.0   24.471 -125.991   1785.4    821.8
     1     1    19    12    14    23     0     1  -109.0   24.531 -125.720   1743.5    829.4
     1     1    19    12    14    22     0     2  -110.0   24.592 -125.444   1733.4    830.7
     1     1    19    12    14    21     0     3  -111.0   24.647 -125.164   1752.5    829.0
     1     1    19    12    14    20     0     2  -112.0   24.697 -124.876   1770.8    825.1
     1     1    19    12    14    19     0     1  -113.0   24.756 -124.582   1767.0    826.4
     1     1    19    12    14    18     0     0  -114.0   24.834 -124.282   1751.4    829.1
     1     1    19    12    14    17     0     1  -115.0   24.939 -123.980   1733.1    830.8
     1     1    19    12    14    16     0     2  -116.0   25.073 -123.686   1705.3    832.4
     1     1    19    12    14    15     0     3  -117.0   25.231 -123.405   1664.3    836.6
     1     1    19    12    14    14     0     2  -118.0   25.399 -123.139   1624.1    841.5
     1     1    19    12    14    13     0     1  -119.0   25.569 -122.891   1596.7    844.4
     1     1    19    12    14    12     0     0  -120.0   25.740 -122.666   1577.4    845.6
     1     1    19    12    14    11     0     1  -121.0   25.911 -122.453   1571.0    847.7
     1     1    19    12    14    10     0     2  -122.0   26.076 -122.235   1602.5    846.1
     1     1    19    12    14     9     0     3  -123.0   26.229 -122.010   1681.2    838.2
     1     1    19    12    14     8     0     2  -124.0   26.368 -121.786   1750.2    826.8
     1     1    19    12    14     7     0     1  -125.0   26.510 -121.571   1768.7    826.4
     1     1    19    12    14     6     0     0  -126.0   26.663 -121.363   1747.1    829.1
     1     1    19    12    14     5     0     1  -127.0   26.841 -121.164   1711.3    834.9
     1     1    19    12    14     4     0     2  -128.0   27.048 -120.975   1687.7    837.5
     1     1    19    12    14     3     0     3  -129.0   27.272 -120.800   1675.5    838.4
     1     1    19    12    14     2     0     2  -130.0   27.498 -120.647   1660.8    838.7
     1     1    19    12    14     1     0     1  -131.0   27.716 -120.517   1644.9    841.1
     1     1    19    12    14     0     0     0  -132.0   27.922 -120.410   1645.8    841.6
     1     1    19    12    13    23     0     1  -133.0   28.114 -120.316   1649.7    839.4
     1     1    19    12    13    22     0     2  -134.0   28.294 -120.225   1638.6    840.9
     1     1    19    12    13    21     0     3  -135.0   28.463 -120.136   1619.1    843.6
     1     1    19    12    13    20     0     2  -136.0   28.627 -120.048   1607.1    846.6
     1     1    19    12    13    19     0     1  -137.0   28.784 -119.960   1616.0    846.7
     1     1    19    12    13    18     0     0  -138.0   28.931 -119.870   1649.4    844.2
     1     1    19    12    13    17     0     1  -139.0   29.074 -119.785   1691.7    838.0
     1     1    19    12    13    16     0     2  -140.0   29.226 -119.714   1722.6    834.3
     1     1    19    12    13    15     0     3  -141.0   29.390 -119.652   1738.9    832.4
     1     1    19    12    13    14     0     2  -142.0   29.564 -119.599   1753.1    832.3
     1     1    19    12    13    13     0     1  -143.0   29.747 -119.551   1779.3    829.9
     1     1    19    12    13    12     0     0  -144.0   29.939 -119.511   1820.6    826.2
     1     1    19    12    13    11     0     1  -145.0   30.131 -119.482   1864.7    820.7
     1     1    19    12    13    10     0     2  -146.0   30.312 -119.461   1898.9    817.6
     1     1    19    12    13     9     0     3  -147.0   30.489 -119.449   1927.3    815.1
     1     1    19    12    13     8     0     2  -148.0   30.673 -119.445   1964.3    813.0
     1     1    19    12    13     7     0     1  -149.0   30.875 -119.453   2025.6    807.6
     1     1    19    12    13     6     0     0  -150.0   31.088 -119.479   2114.7    799.6
     1     1    19    12    13     5     0     1  -151.0   31.312 -119.525   2205.2    788.5
     1     1    19    12    13     4     0     2  -152.0   31.551 -119.591   2268.3    782.5
     1     1    19    12    13     3     0     3  -153.0   31.799 -119.677   2303.1    778.9
     1     1    19    12    13     2     0     2  -154.0   32.049 -119.787   2333.9    778.2
     1     1    19    12    13     1     0     1  -155.0   32.297 -119.930   2394.9    773.0
     1     1    19    12    13     0     0     0  -156.0   32.537 -120.113   2479.4    763.6
     1     1    19    12    12    23     0     1  -157.0   32.762 -120.328   2564.8    755.2
     1     1    19    12    12    22     0     2  -158.0   32.967 -120.555   2646.7    748.3
     1     1    19    12    12    21     0     3  -159.0   33.152 -120.786   2730.4    741.0
     1     1    19    12    12    20     0     2  -160.0   33.332 -121.030   2821.2    733.7
     1     1    19    12    12    19     0     1  -161.0   33.517 -121.292   2923.6    725.2
     1     1    19    12    12    18     0     0  -162.0   33.704 -121.568   3032.3    715.7
     1     1    19    12    12    17     0     1  -163.0   33.890 -121.866   3133.3    705.7
     1     1    19    12    12    16     0     2  -164.0   34.085 -122.199   3223.6    697.8
     1     1    19    12    12    15     0     3  -165.0   34.300 -122.570   3321.0    689.7
     1     1    19    12    12    14     0     2  -166.0   34.525 -122.990   3422.9    679.7
     1     1    19    12    12    13     0     1  -167.0   34.746 -123.463   3503.3    671.8
     1     1    19    12    12    12     0     0  -168.0   34.963 -123.991   3551.2    667.8
     1     1    19    12    12    11     0     1  -169.0   35.161 -124.562   3578.3    666.0
     1     1    19    12    12    10     0     2  -170.0   35.330 -125.165   3601.5    664.4
     1     1    19    12    12     9     0     3  -171.0   35.473 -125.811   3651.2    661.9
     1     1    19    12    12     8     0     2  -172.0   35.584 -126.499   3709.7    653.8
     1     1    19    12    12     7     0     1  -173.0   35.664 -127.215   3724.3    651.8
     1     1    19    12    12     6     0     0  -174.0   35.721 -127.960   3685.3    654.8
     1     1    19    12    12     5     0     1  -175.0   35.760 -128.742   3647.5    659.9
     1     1    19    12    12     4     0     2  -176.0   35.787 -129.573   3631.7    659.8
     1     1    19    12    12     3     0     3  -177.0   35.798 -130.452   3587.9    663.4
     1     1    19    12    12     2     0     2  -178.0   35.776 -131.377   3564.3    664.8
     1     1    19    12    12     1     0     1  -179.0   35.719 -132.343   3555.5    665.2
     1     1    19    12    12     0     0     0  -180.0   35.630 -133.340   3551.9    665.3
     1     1    19    12    11    23     0     1  -181.0   35.503 -134.368   3570.3    663.1
     1     1    19    12    11    22     0     2  -182.0   35.334 -135.401   3569.2    663.2
     1     1    19    12    11    21     0     3  -183.0   35.127 -136.437   3550.2    665.1
     1     1    19    12    11    20     0     2  -184.0   34.894 -137.459   3538.3    666.5
     1     1    19    12    11    19     0     1  -185.0   34.642 -138.465   3554.6    664.5
     1     1    19    12    11    18     0     0  -186.0   34.384 -139.465   3542.0    665.4
     1     1    19    12    11    17     0     1  -187.0   34.121 -140.448   3507.4    668.5
     1     1    19    12    11    16     0     2  -188.0   33.865 -141.425   3471.6    670.6
     1     1    19    12    11    15     0     3  -189.0   33.619 -142.386   3416.5    675.1
     1     1    19    12    11    14     0     2  -190.0   33.385 -143.320   3381.8    677.8
     1     1    19    12    11    13     0     1  -191.0   33.148 -144.244   3349.8    681.6
     1     1    19    12    11    12     0     0  -192.0   32.906 -145.177   3444.8    673.8
     1     1    19    12    11    11     0     1  -193.0   32.670 -146.115   3526.9    665.0
     1     1    19    12    11    10     0     2  -194.0   32.440 -147.037   3540.6    664.9
     1     1    19    12    11     9     0     3  -195.0   32.213 -147.944   3574.7    663.2
     1     1    19    12    11     8     0     2  -196.0   32.010 -148.854   3615.2    658.5
     1     1    19    12    11     7     0     1  -197.0   31.827 -149.772   3611.6    659.2
     1     1    19    12    11     6     0     0  -198.0   31.664 -150.715   3601.7    660.8
     1     1    19    12    11     5     0     1  -199.0   31.518 -151.679   3627.1    657.4
     1     1    19    12    11     4     0     2  -200.0   31.379 -152.647   3633.5    656.4
     1     1    19    12    11     3     0     3  -201.0   31.240 -153.633   3612.6    657.9
     1     1    19    12    11     2     0     2  -202.0   31.109 -154.624   3597.2    659.9
     1     1    19    12    11     1     0     1  -203.0   30.968 -155.632   3612.8    656.9
     1     1    19    12    11     0     0     0  -204.0   30.824 -156.648   3579.0    660.7
     1     1    19    12    10    23     0     1  -205.0   30.685 -157.648   3553.1    662.7
     1     1    19    12    10    22     0     2  -206.0   30.563 -158.632   3517.1    666.2
     1     1    19    12    10    21     0     3  -207.0   30.445 -159.598   3486.3    669.9
     1     1    19    12    10    20     0     2  -208.0   30.335 -160.552   3481.3    669.6
     1     1    19    12    10    19     0     1  -209.0   30.249 -161.488   3480.5    669.8
     1     1    19    12    10    18     0     0  -210.0   30.184 -162.429   3484.8    669.1
     1     1    19    12    10    17     0     1  -211.0   30.132 -163.359   3486.0    669.1
     1     1    19    12    10    16     0     2  -212.0   30.085 -164.283   3488.8    669.1
     1     1    19    12    10    15     0     3  -213.0   30.028 -165.186   3518.0    667.0
     1     1    19    12    10    14     0     2  -214.0   29.970 -166.073   3564.3    662.7
     1     1    19    12    10    13     0     1  -215.0   29.932 -166.953   3579.5    661.0
     1     1    19    12    10    12     0     0  -216.0   29.903 -167.815   3570.7    662.7
     1     1    19    12    10    11     0     1  -217.0   29.877 -168.652   3599.0    660.8
     1     1    19    12    10    10     0     2  -218.0   29.866 -169.485   3654.0    656.4
     1     1    19    12    10     9     0     3  -219.0   29.880 -170.307   3712.7    652.1
     1     1    19    12    10     8     0     2  -220.0   29.929 -171.149   3766.8    647.5
     1     1    19    12    10     7     0     1  -221.0   30.016 -172.020   3800.1    644.3
     1     1    19    12    10     6     0     0  -222.0   30.127 -172.902   3840.7    641.7
     1     1    19    12    10     5     0     1  -223.0   30.242 -173.817   3904.7    635.4
     1     1    19    12    10     4     0     2  -224.0   30.352 -174.777   3963.2    631.4
     1     1    19    12    10     3     0     3  -225.0   30.456 -175.773   4052.6    623.5
     1     1    19    12    10     2     0     2  -226.0   30.553 -176.773   4134.3    617.5
     1     1    19    12    10     1     0     1  -227.0   30.651 -177.771   4215.5    611.4
     1     1    19    12    10     0     0     0  -228.0   30.740 -178.783   4270.3    605.9
     1     1    19    12     9    23     0     1  -229.0   30.840 -179.820   4282.3    607.6
     1     1    19    12     9    22     0     2  -230.0   30.950  179.115   4348.0    603.0
     1     1    19    12     9    21     0     3  -231.0   31.081  178.072   4387.8    596.8
     1     1    19    12     9    20     0     2  -232.0   31.190  177.044   4342.0    603.5
     1     1    19    12     9    19     0     1  -233.0   31.223  175.951   4367.4    600.8
     1     1    19    12     9    18     0     0  -234.0   31.241  174.856   4387.2    598.2
     1     1    19    12     9    17     0     1  -235.0   31.257  173.783   4411.0    597.2
     1     1    19    12     9    16     0     2  -236.0   31.203  172.729   4402.8    598.2
     1     1    19    12     9    15     0     3  -237.0   31.098  171.726   4381.1    601.2
     1     1    19    12     9    14     0     2  -238.0   30.970  170.776   4375.1    601.2
     1     1    19    12     9    13     0     1  -239.0   30.808  169.878   4379.5    601.9
     1     1    19    12     9    12     0     0  -240.0   30.593  169.020   4415.2    600.1
