     7     1
    GDAS    19     6     1     0     0
    GDAS    19     7     1     0     0
    GDAS    19     8     1     0     0
    GDAS    19     9     1     0     0
    GDAS    19    10     1     0     0
    GDAS    19    11     1     0     0
    GDAS    19    12     1     0     0
     1 BACKWARD OMEGA   
    19    10     4     0   21.319 -157.670    10.0
     1 PRESSURE
     1     1    19    10     4     0     0     0     0.0   21.319 -157.670     10.0   1010.0
     1     1    19    10     3    23     0     1    -1.0   21.453 -157.367    104.0   1004.3
     1     1    19    10     3    22     0     2    -2.0   21.563 -156.989    291.6    980.3
     1     1    19    10     3    21     0     3    -3.0   21.622 -156.558    461.9    954.6
     1     1    19    10     3    20     0     2    -4.0   21.643 -156.115    513.6    950.6
     1     1    19    10     3    19     0     1    -5.0   21.669 -155.679    490.8    958.3
     1     1    19    10     3    18     0     0    -6.0   21.717 -155.239    469.6    964.1
     1     1    19    10     3    17     0     1    -7.0   21.778 -154.801    471.9    962.9
     1     1    19    10     3    16     0     2    -8.0   21.832 -154.376    480.8    960.4
     1     1    19    10     3    15     0     3    -9.0   21.870 -153.964    483.5    959.8
     1     1    19    10     3    14     0     2   -10.0   21.914 -153.553    485.1    960.1
     1     1    19    10     3    13     0     1   -11.0   21.980 -153.131    483.1    959.1
     1     1    19    10     3    12     0     0   -12.0   22.057 -152.702    474.4    960.6
     1     1    19    10     3    11     0     1   -13.0   22.151 -152.278    475.9    962.4
     1     1    19    10     3    10     0     2   -14.0   22.254 -151.858    487.2    960.5
     1     1    19    10     3     9     0     3   -15.0   22.361 -151.433    488.6    960.1
     1     1    19    10     3     8     0     2   -16.0   22.482 -151.001    482.0    961.8
     1     1    19    10     3     7     0     1   -17.0   22.616 -150.564    484.6    962.1
     1     1    19    10     3     6     0     0   -18.0   22.761 -150.119    507.3    959.9
     1     1    19    10     3     5     0     1   -19.0   22.911 -149.672    539.0    954.2
     1     1    19    10     3     4     0     2   -20.0   23.059 -149.232    563.5    951.5
     1     1    19    10     3     3     0     3   -21.0   23.210 -148.800    585.1    949.1
     1     1    19    10     3     2     0     2   -22.0   23.367 -148.372    605.9    946.9
     1     1    19    10     3     1     0     1   -23.0   23.528 -147.945    629.4    944.7
     1     1    19    10     3     0     0     0   -24.0   23.695 -147.519    654.0    941.1
     1     1    19    10     2    23     0     1   -25.0   23.859 -147.095    668.9    939.5
     1     1    19    10     2    22     0     2   -26.0   24.012 -146.676    663.6    940.2
     1     1    19    10     2    21     0     3   -27.0   24.156 -146.266    635.0    944.3
     1     1    19    10     2    20     0     2   -28.0   24.298 -145.861    607.8    949.7
     1     1    19    10     2    19     0     1   -29.0   24.444 -145.455    599.4    950.2
     1     1    19    10     2    18     0     0   -30.0   24.603 -145.048    588.7    949.7
     1     1    19    10     2    17     0     1   -31.0   24.762 -144.645    584.7    952.8
     1     1    19    10     2    16     0     2   -32.0   24.913 -144.252    619.1    949.3
     1     1    19    10     2    15     0     3   -33.0   25.065 -143.871    682.0    940.6
     1     1    19    10     2    14     0     2   -34.0   25.213 -143.494    720.5    931.7
     1     1    19    10     2    13     0     1   -35.0   25.361 -143.109    705.1    934.3
     1     1    19    10     2    12     0     0   -36.0   25.506 -142.733    653.4    940.8
     1     1    19    10     2    11     0     1   -37.0   25.630 -142.362    606.9    950.0
     1     1    19    10     2    10     0     2   -38.0   25.728 -141.990    607.9    951.1
     1     1    19    10     2     9     0     3   -39.0   25.809 -141.619    647.0    945.2
     1     1    19    10     2     8     0     2   -40.0   25.888 -141.244    698.8    938.6
     1     1    19    10     2     7     0     1   -41.0   25.974 -140.862    762.7    932.1
     1     1    19    10     2     6     0     0   -42.0   26.063 -140.482    837.8    923.8
     1     1    19    10     2     5     0     1   -43.0   26.159 -140.125    905.9    914.6
     1     1    19    10     2     4     0     2   -44.0   26.270 -139.794    944.1    908.9
     1     1    19    10     2     3     0     3   -45.0   26.397 -139.471    943.6    908.6
     1     1    19    10     2     2     0     2   -46.0   26.531 -139.140    929.0    913.3
     1     1    19    10     2     1     0     1   -47.0   26.658 -138.815    931.5    913.9
     1     1    19    10     2     0     0     0   -48.0   26.776 -138.516    951.1    911.3
     1     1    19    10     1    23     0     1   -49.0   26.887 -138.248    979.3    908.1
     1     1    19    10     1    22     0     2   -50.0   26.996 -138.008   1015.7    904.6
     1     1    19    10     1    21     0     3   -51.0   27.097 -137.792   1048.5    899.7
     1     1    19    10     1    20     0     2   -52.0   27.195 -137.585   1070.8    898.3
     1     1    19    10     1    19     0     1   -53.0   27.295 -137.380   1089.3    896.7
     1     1    19    10     1    18     0     0   -54.0   27.397 -137.172   1104.0    895.3
     1     1    19    10     1    17     0     1   -55.0   27.498 -136.956   1123.1    893.9
     1     1    19    10     1    16     0     2   -56.0   27.594 -136.734   1157.8    890.1
     1     1    19    10     1    15     0     3   -57.0   27.686 -136.515   1205.9    884.2
     1     1    19    10     1    14     0     2   -58.0   27.773 -136.305   1264.3    877.7
     1     1    19    10     1    13     0     1   -59.0   27.856 -136.105   1333.9    870.1
     1     1    19    10     1    12     0     0   -60.0   27.935 -135.910   1411.7    861.6
     1     1    19    10     1    11     0     1   -61.0   28.008 -135.732   1477.4    853.5
     1     1    19    10     1    10     0     2   -62.0   28.075 -135.584   1518.7    849.7
     1     1    19    10     1     9     0     3   -63.0   28.139 -135.460   1545.0    848.0
     1     1    19    10     1     8     0     2   -64.0   28.213 -135.341   1574.1    846.4
     1     1    19    10     1     7     0     1   -65.0   28.311 -135.210   1613.1    842.1
     1     1    19    10     1     6     0     0   -66.0   28.434 -135.068   1652.8    837.7
     1     1    19    10     1     5     0     1   -67.0   28.575 -134.916   1683.9    833.8
     1     1    19    10     1     4     0     2   -68.0   28.727 -134.754   1700.6    831.7
     1     1    19    10     1     3     0     3   -69.0   28.887 -134.584   1699.6    831.2
     1     1    19    10     1     2     0     2   -70.0   29.049 -134.427   1691.8    833.2
     1     1    19    10     1     1     0     1   -71.0   29.208 -134.302   1690.0    833.4
     1     1    19    10     1     0     0     0   -72.0   29.362 -134.204   1694.1    832.9
     1     1    19     9    30    23     0     1   -73.0   29.509 -134.110   1707.7    832.3
     1     1    19     9    30    22     0     2   -74.0   29.648 -134.001   1733.9    830.0
     1     1    19     9    30    21     0     3   -75.0   29.780 -133.877   1768.5    826.5
     1     1    19     9    30    20     0     2   -76.0   29.910 -133.756   1801.2    822.7
     1     1    19     9    30    19     0     1   -77.0   30.046 -133.651   1829.4    820.3
     1     1    19     9    30    18     0     0   -78.0   30.192 -133.563   1855.2    817.8
     1     1    19     9    30    17     0     1   -79.0   30.343 -133.477   1881.7    815.3
     1     1    19     9    30    16     0     2   -80.0   30.492 -133.385   1918.8    811.9
     1     1    19     9    30    15     0     3   -81.0   30.640 -133.290   1979.7    806.4
     1     1    19     9    30    14     0     2   -82.0   30.788 -133.202   2048.2    797.2
     1     1    19     9    30    13     0     1   -83.0   30.937 -133.120   2098.9    791.8
     1     1    19     9    30    12     0     0   -84.0   31.086 -133.043   2119.0    788.9
     1     1    19     9    30    11     0     1   -85.0   31.242 -132.966   2118.7    790.8
     1     1    19     9    30    10     0     2   -86.0   31.411 -132.887   2117.9    791.2
     1     1    19     9    30     9     0     3   -87.0   31.593 -132.808   2120.1    791.2
     1     1    19     9    30     8     0     2   -88.0   31.784 -132.731   2122.2    790.8
     1     1    19     9    30     7     0     1   -89.0   31.988 -132.657   2121.3    791.1
     1     1    19     9    30     6     0     0   -90.0   32.204 -132.588   2120.0    791.5
     1     1    19     9    30     5     0     1   -91.0   32.434 -132.526   2123.2    791.3
     1     1    19     9    30     4     0     2   -92.0   32.673 -132.471   2138.3    790.0
     1     1    19     9    30     3     0     3   -93.0   32.919 -132.431   2171.9    786.9
     1     1    19     9    30     2     0     2   -94.0   33.174 -132.404   2211.9    781.7
     1     1    19     9    30     1     0     1   -95.0   33.442 -132.387   2241.7    778.5
     1     1    19     9    30     0     0     0   -96.0   33.719 -132.379   2256.3    776.8
     1     1    19     9    29    23     0     1   -97.0   33.995 -132.373   2274.5    777.5
     1     1    19     9    29    22     0     2   -98.0   34.265 -132.368   2316.4    773.7
     1     1    19     9    29    21     0     3   -99.0   34.531 -132.367   2375.7    767.9
     1     1    19     9    29    20     0     2  -100.0   34.802 -132.371   2424.4    761.1
     1     1    19     9    29    19     0     1  -101.0   35.084 -132.376   2447.0    759.6
     1     1    19     9    29    18     0     0  -102.0   35.384 -132.383   2455.6    759.2
     1     1    19     9    29    17     0     1  -103.0   35.708 -132.395   2458.1    759.0
     1     1    19     9    29    16     0     2  -104.0   36.056 -132.414   2455.8    758.9
     1     1    19     9    29    15     0     3  -105.0   36.420 -132.444   2447.6    759.5
     1     1    19     9    29    14     0     2  -106.0   36.797 -132.488   2441.1    760.6
     1     1    19     9    29    13     0     1  -107.0   37.186 -132.543   2438.1    760.2
     1     1    19     9    29    12     0     0  -108.0   37.581 -132.607   2438.3    760.4
     1     1    19     9    29    11     0     1  -109.0   37.980 -132.678   2447.9    760.2
     1     1    19     9    29    10     0     2  -110.0   38.388 -132.749   2466.1    758.7
     1     1    19     9    29     9     0     3  -111.0   38.806 -132.824   2488.8    756.8
     1     1    19     9    29     8     0     2  -112.0   39.234 -132.899   2519.0    754.3
     1     1    19     9    29     7     0     1  -113.0   39.682 -132.968   2569.7    750.3
     1     1    19     9    29     6     0     0  -114.0   40.153 -133.036   2648.1    743.0
     1     1    19     9    29     5     0     1  -115.0   40.643 -133.112   2726.4    733.2
     1     1    19     9    29     4     0     2  -116.0   41.148 -133.199   2782.4    728.4
     1     1    19     9    29     3     0     3  -117.0   41.660 -133.293   2811.4    724.8
     1     1    19     9    29     2     0     2  -118.0   42.172 -133.388   2824.3    725.3
     1     1    19     9    29     1     0     1  -119.0   42.688 -133.479   2849.6    724.1
     1     1    19     9    29     0     0     0  -120.0   43.211 -133.572   2880.8    719.9
     1     1    19     9    28    23     0     1  -121.0   43.741 -133.663   2893.8    718.1
     1     1    19     9    28    22     0     2  -122.0   44.275 -133.735   2894.0    719.6
     1     1    19     9    28    21     0     3  -123.0   44.808 -133.786   2933.0    719.4
     1     1    19     9    28    20     0     2  -124.0   45.351 -133.825   3014.6    709.2
     1     1    19     9    28    19     0     1  -125.0   45.912 -133.859   3100.3    701.1
     1     1    19     9    28    18     0     0  -126.0   46.480 -133.897   3166.3    694.0
     1     1    19     9    28    17     0     1  -127.0   47.044 -133.931   3206.8    691.1
     1     1    19     9    28    16     0     2  -128.0   47.607 -133.943   3246.1    688.6
     1     1    19     9    28    15     0     3  -129.0   48.173 -133.932   3269.3    683.9
     1     1    19     9    28    14     0     2  -130.0   48.731 -133.912   3296.7    685.5
     1     1    19     9    28    13     0     1  -131.0   49.289 -133.894   3382.8    678.4
     1     1    19     9    28    12     0     0  -132.0   49.842 -133.896   3531.9    665.3
     1     1    19     9    28    11     0     1  -133.0   50.402 -133.906   3712.4    647.3
     1     1    19     9    28    10     0     2  -134.0   50.981 -133.888   3886.7    632.7
     1     1    19     9    28     9     0     3  -135.0   51.569 -133.850   4083.4    618.9
     1     1    19     9    28     8     0     2  -136.0   52.174 -133.810   4318.6    599.1
     1     1    19     9    28     7     0     1  -137.0   52.796 -133.781   4546.3    578.7
     1     1    19     9    28     6     0     0  -138.0   53.422 -133.762   4711.3    563.7
     1     1    19     9    28     5     0     1  -139.0   54.037 -133.734   4825.1    555.1
     1     1    19     9    28     4     0     2  -140.0   54.633 -133.673   4947.8    546.6
     1     1    19     9    28     3     0     3  -141.0   55.233 -133.575   5090.9    534.4
     1     1    19     9    28     2     0     2  -142.0   55.832 -133.474   5247.0    523.5
     1     1    19     9    28     1     0     1  -143.0   56.427 -133.410   5423.5    508.4
     1     1    19     9    28     0     0     0  -144.0   57.072 -133.368   5621.0    486.1
     1     1    19     9    27    23     0     1  -145.0   57.823 -133.386   5756.3    444.5
     1     1    19     9    27    22     0     2  -146.0   58.651 -133.508   5891.2    414.7
     1     1    19     9    27    21     0     3  -147.0   59.534 -133.707   6026.4    402.7
     1     1    19     9    27    20     0     2  -148.0   60.387 -133.976   6248.6    393.8
     1     1    19     9    27    19     0     1  -149.0   61.247 -134.338   6381.4    380.3
     1     1    19     9    27    18     0     0  -150.0   62.089 -134.823   6543.8    381.4
     1     1    19     9    27    17     0     1  -151.0   62.857 -135.514   6648.3    376.5
     1     1    19     9    27    16     0     2  -152.0   63.630 -136.497   6704.5    366.5
     1     1    19     9    27    15     0     3  -153.0   64.394 -137.828   6660.4    370.3
     1     1    19     9    27    14     0     2  -154.0   65.121 -139.570   6577.4    370.9
     1     1    19     9    27    13     0     1  -155.0   65.784 -141.508   6571.0    401.4
     1     1    19     9    27    12     0     0  -156.0   66.380 -143.535   6507.8    420.1
     1     1    19     9    27    11     0     1  -157.0   66.961 -145.714   6360.0    434.7
     1     1    19     9    27    10     0     2  -158.0   67.557 -148.061   6056.7    409.1
     1     1    19     9    27     9     0     3  -159.0   68.119 -150.594   5950.1    400.8
     1     1    19     9    27     8     0     2  -160.0   68.611 -152.847   6109.3    421.9
     1     1    19     9    27     7     0     1  -161.0   69.031 -155.021   6202.2    435.5
     1     1    19     9    27     6     0     0  -162.0   69.364 -157.048   6225.8    435.1
     1     1    19     9    27     5     0     1  -163.0   69.612 -158.936   6275.2    434.8
     1     1    19     9    27     4     0     2  -164.0   69.795 -160.680   6339.0    437.1
     1     1    19     9    27     3     0     3  -165.0   69.929 -162.364   6441.0    434.7
     1     1    19     9    27     2     0     2  -166.0   70.017 -163.969   6467.4    434.1
     1     1    19     9    27     1     0     1  -167.0   70.062 -165.527   6457.4    434.4
     1     1    19     9    27     0     0     0  -168.0   70.080 -167.056   6434.3    435.5
     1     1    19     9    26    23     0     1  -169.0   70.055 -168.518   6440.5    434.8
     1     1    19     9    26    22     0     2  -170.0   70.001 -169.962   6479.2    431.9
     1     1    19     9    26    21     0     3  -171.0   69.936 -171.429   6493.3    430.5
     1     1    19     9    26    20     0     2  -172.0   69.868 -172.872   6509.1    429.5
     1     1    19     9    26    19     0     1  -173.0   69.796 -174.326   6547.0    426.7
     1     1    19     9    26    18     0     0  -174.0   69.716 -175.824   6611.2    422.5
     1     1    19     9    26    17     0     1  -175.0   69.617 -177.328   6684.5    417.5
     1     1    19     9    26    16     0     2  -176.0   69.511 -178.794   6730.8    414.9
     1     1    19     9    26    15     0     3  -177.0   69.382  179.781   6749.3    412.0
     1     1    19     9    26    14     0     2  -178.0   69.230  178.450   6692.7    402.1
     1     1    19     9    26    13     0     1  -179.0   69.070  177.176   6648.2    391.0
     1     1    19     9    26    12     0     0  -180.0   68.904  175.920   6640.7    382.8
     1     1    19     9    26    11     0     1  -181.0   68.741  174.756   6739.5    390.0
     1     1    19     9    26    10     0     2  -182.0   68.590  173.681   6752.6    387.6
     1     1    19     9    26     9     0     3  -183.0   68.453  172.695   6785.2    390.6
     1     1    19     9    26     8     0     2  -184.0   68.329  171.793   6822.1    398.4
     1     1    19     9    26     7     0     1  -185.0   68.219  170.922   6844.9    400.0
     1     1    19     9    26     6     0     0  -186.0   68.122  170.034   6852.0    395.5
     1     1    19     9    26     5     0     1  -187.0   68.010  169.028   6757.4    371.6
     1     1    19     9    26     4     0     2  -188.0   67.860  167.942   6814.7    369.7
     1     1    19     9    26     3     0     3  -189.0   67.685  166.919   6865.6    369.8
     1     1    19     9    26     2     0     2  -190.0   67.493  165.955   6950.1    370.7
     1     1    19     9    26     1     0     1  -191.0   67.300  165.085   7065.2    373.7
     1     1    19     9    26     0     0     0  -192.0   67.101  164.328   7134.3    372.9
     1     1    19     9    25    23     0     1  -193.0   66.904  163.634   7208.7    369.2
     1     1    19     9    25    22     0     2  -194.0   66.717  162.901   7274.7    361.7
     1     1    19     9    25    21     0     3  -195.0   66.527  162.132   7314.4    354.0
     1     1    19     9    25    20     0     2  -196.0   66.328  161.377   7333.8    350.8
     1     1    19     9    25    19     0     1  -197.0   66.131  160.675   7345.7    350.0
     1     1    19     9    25    18     0     0  -198.0   65.942  160.035   7303.7    349.1
     1     1    19     9    25    17     0     1  -199.0   65.757  159.451   7287.6    359.0
     1     1    19     9    25    16     0     2  -200.0   65.562  158.908   7282.2    362.4
     1     1    19     9    25    15     0     3  -201.0   65.358  158.404   7298.0    359.6
     1     1    19     9    25    14     0     2  -202.0   65.146  157.918   7357.8    353.7
     1     1    19     9    25    13     0     1  -203.0   64.918  157.426   7434.2    350.0
     1     1    19     9    25    12     0     0  -204.0   64.677  156.904   7469.8    347.6
     1     1    19     9    25    11     0     1  -205.0   64.443  156.391   7470.1    349.4
     1     1    19     9    25    10     0     2  -206.0   64.230  155.961   7446.6    351.3
     1     1    19     9    25     9     0     3  -207.0   64.035  155.642   7361.6    354.2
     1     1    19     9    25     8     0     2  -208.0   63.852  155.383   7261.4    359.6
     1     1    19     9    25     7     0     1  -209.0   63.675  155.137   7178.1    360.6
     1     1    19     9    25     6     0     0  -210.0   63.505  154.928   7111.9    361.7
     1     1    19     9    25     5     0     1  -211.0   63.346  154.745   7072.1    364.3
     1     1    19     9    25     4     0     2  -212.0   63.203  154.580   7057.1    366.4
     1     1    19     9    25     3     0     3  -213.0   63.073  154.464   7064.1    366.7
     1     1    19     9    25     2     0     2  -214.0   62.945  154.343   7073.7    366.3
     1     1    19     9    25     1     0     1  -215.0   62.810  154.151   7072.5    368.5
     1     1    19     9    25     0     0     0  -216.0   62.672  153.893   7028.5    370.3
     1     1    19     9    24    23     0     1  -217.0   62.525  153.614   6937.1    372.4
     1     1    19     9    24    22     0     2  -218.0   62.361  153.350   6836.2    373.6
     1     1    19     9    24    21     0     3  -219.0   62.178  153.112   6716.7    375.4
     1     1    19     9    24    20     0     2  -220.0   61.972  152.899   6604.9    379.2
     1     1    19     9    24    19     0     1  -221.0   61.742  152.703   6542.5    379.0
     1     1    19     9    24    18     0     0  -222.0   61.487  152.526   6511.4    375.1
     1     1    19     9    24    17     0     1  -223.0   61.202  152.375   6480.7    371.5
     1     1    19     9    24    16     0     2  -224.0   60.883  152.268   6475.8    372.2
     1     1    19     9    24    15     0     3  -225.0   60.542  152.232   6496.6    379.9
     1     1    19     9    24    14     0     2  -226.0   60.197  152.236   6458.1    393.2
     1     1    19     9    24    13     0     1  -227.0   59.848  152.214   6371.8    407.8
     1     1    19     9    24    12     0     0  -228.0   59.496  152.127   6296.4    415.9
     1     1    19     9    24    11     0     1  -229.0   59.120  151.978   6225.1    418.3
     1     1    19     9    24    10     0     2  -230.0   58.702  151.794   6160.1    434.4
     1     1    19     9    24     9     0     3  -231.0   58.226  151.564   6027.6    451.0
     1     1    19     9    24     8     0     2  -232.0   57.707  151.345   5786.0    472.5
     1     1    19     9    24     7     0     1  -233.0   57.195  151.117   5584.7    490.2
     1     1    19     9    24     6     0     0  -234.0   56.651  150.814   5344.4    497.2
     1     1    19     9    24     5     0     1  -235.0   56.054  150.469   5089.2    524.6
     1     1    19     9    24     4     0     2  -236.0   55.436  150.020   4914.9    536.1
     1     1    19     9    24     3     0     3  -237.0   54.790  149.448   4815.2    543.7
     1     1    19     9    24     2     0     2  -238.0   54.059  148.871   4804.3    546.3
     1     1    19     9    24     1     0     1  -239.0   53.306  148.347   4718.9    548.5
     1     1    19     9    24     0     0     0  -240.0   52.600  147.815   4555.8    564.7
