     7     1
    GDAS    18    12     1     0     0
    GDAS    19     1     1     0     0
    GDAS    19     2     1     0     0
    GDAS    19     3     1     0     0
    GDAS    19     4     1     0     0
    GDAS    19     5     1     0     0
    GDAS    19     6     1     0     0
     1 BACKWARD OMEGA   
    19     2    16     6   21.319 -157.670    10.0
     1 PRESSURE
     1     1    19     2    16     6     0     0     0.0   21.319 -157.670     10.0   1012.5
     1     1    19     2    16     5     0     1    -1.0   21.550 -157.448     13.1   1011.5
     1     1    19     2    16     4     0     2    -2.0   21.791 -157.212     16.8   1011.1
     1     1    19     2    16     3     0     3    -3.0   22.041 -156.961     18.6   1011.6
     1     1    19     2    16     2     0     2    -4.0   22.290 -156.701     19.0   1011.9
     1     1    19     2    16     1     0     1    -5.0   22.540 -156.430     20.0   1011.7
     1     1    19     2    16     0     0     0    -6.0   22.793 -156.135     20.9   1011.6
     1     1    19     2    15    23     0     1    -7.0   23.047 -155.815     21.3   1012.2
     1     1    19     2    15    22     0     2    -8.0   23.304 -155.471     21.3   1012.6
     1     1    19     2    15    21     0     3    -9.0   23.567 -155.102     21.3   1013.0
     1     1    19     2    15    20     0     2   -10.0   23.837 -154.710     21.3   1013.2
     1     1    19     2    15    19     0     1   -11.0   24.100 -154.291     21.3   1013.5
     1     1    19     2    15    18     0     0   -12.0   24.349 -153.850     21.3   1013.9
     1     1    19     2    15    17     0     1   -13.0   24.585 -153.390     21.3   1013.3
     1     1    19     2    15    16     0     2   -14.0   24.805 -152.905     21.3   1013.3
     1     1    19     2    15    15     0     3   -15.0   25.003 -152.394     21.3   1013.3
     1     1    19     2    15    14     0     2   -16.0   25.179 -151.872     21.3   1013.9
     1     1    19     2    15    13     0     1   -17.0   25.337 -151.353     21.3   1014.1
     1     1    19     2    15    12     0     0   -18.0   25.480 -150.837     21.3   1013.9
     1     1    19     2    15    11     0     1   -19.0   25.611 -150.329     21.3   1014.8
     1     1    19     2    15    10     0     2   -20.0   25.730 -149.828     21.3   1016.0
     1     1    19     2    15     9     0     3   -21.0   25.839 -149.333     21.3   1017.2
     1     1    19     2    15     8     0     2   -22.0   25.944 -148.843     21.3   1016.7
     1     1    19     2    15     7     0     1   -23.0   26.052 -148.356     21.2   1016.0
     1     1    19     2    15     6     0     0   -24.0   26.166 -147.868     20.9   1015.6
     1     1    19     2    15     5     0     1   -25.0   26.285 -147.391     19.8   1016.0
     1     1    19     2    15     4     0     2   -26.0   26.406 -146.943     18.5   1017.0
     1     1    19     2    15     3     0     3   -27.0   26.522 -146.530     18.0   1017.5
     1     1    19     2    15     2     0     2   -28.0   26.636 -146.153     17.6   1017.4
     1     1    19     2    15     1     0     1   -29.0   26.752 -145.802     16.5   1017.3
     1     1    19     2    15     0     0     0   -30.0   26.869 -145.471     15.2   1017.0
     1     1    19     2    14    23     0     1   -31.0   26.978 -145.150     14.5   1017.4
     1     1    19     2    14    22     0     2   -32.0   27.071 -144.835     14.3   1017.7
     1     1    19     2    14    21     0     3   -33.0   27.150 -144.528     14.2   1018.3
     1     1    19     2    14    20     0     2   -34.0   27.240 -144.234     13.9   1018.5
     1     1    19     2    14    19     0     1   -35.0   27.366 -143.964     13.3   1018.6
     1     1    19     2    14    18     0     0   -36.0   27.529 -143.720     12.6   1018.4
     1     1    19     2    14    17     0     1   -37.0   27.710 -143.511     12.1   1018.4
     1     1    19     2    14    16     0     2   -38.0   27.885 -143.342     11.8   1018.3
     1     1    19     2    14    15     0     3   -39.0   28.046 -143.210     11.7   1018.1
     1     1    19     2    14    14     0     2   -40.0   28.211 -143.099     11.7   1018.2
     1     1    19     2    14    13     0     1   -41.0   28.398 -142.999     11.7   1018.2
     1     1    19     2    14    12     0     0   -42.0   28.603 -142.920     11.7   1018.2
     1     1    19     2    14    11     0     1   -43.0   28.812 -142.865     11.7   1017.9
     1     1    19     2    14    10     0     2   -44.0   29.017 -142.832     11.7   1017.6
     1     1    19     2    14     9     0     3   -45.0   29.222 -142.815     11.7   1017.3
     1     1    19     2    14     8     0     2   -46.0   29.447 -142.810     11.7   1016.5
     1     1    19     2    14     7     0     1   -47.0   29.700 -142.820     11.7   1015.2
     1     1    19     2    14     6     0     0   -48.0   29.976 -142.853     11.7   1013.3
     1     1    19     2    14     5     0     1   -49.0   30.269 -142.900     11.7   1012.8
     1     1    19     2    14     4     0     2   -50.0   30.580 -142.947     11.7   1012.4
     1     1    19     2    14     3     0     3   -51.0   30.907 -142.995     11.7   1012.0
     1     1    19     2    14     2     0     2   -52.0   31.249 -143.046     11.7   1011.8
     1     1    19     2    14     1     0     1   -53.0   31.607 -143.099     11.7   1011.6
     1     1    19     2    14     0     0     0   -54.0   31.974 -143.154     11.7   1011.5
     1     1    19     2    13    23     0     1   -55.0   32.344 -143.202     11.7   1012.4
     1     1    19     2    13    22     0     2   -56.0   32.714 -143.235     11.7   1013.2
     1     1    19     2    13    21     0     3   -57.0   33.086 -143.255     11.7   1013.9
     1     1    19     2    13    20     0     2   -58.0   33.469 -143.264     11.7   1013.6
     1     1    19     2    13    19     0     1   -59.0   33.873 -143.263     11.7   1013.3
     1     1    19     2    13    18     0     0   -60.0   34.298 -143.252     11.7   1013.1
     1     1    19     2    13    17     0     1   -61.0   34.734 -143.229     11.7   1012.9
     1     1    19     2    13    16     0     2   -62.0   35.171 -143.191     11.7   1012.6
     1     1    19     2    13    15     0     3   -63.0   35.609 -143.143     11.7   1012.4
     1     1    19     2    13    14     0     2   -64.0   36.059 -143.085     11.7   1012.4
     1     1    19     2    13    13     0     1   -65.0   36.519 -143.015     11.7   1012.4
     1     1    19     2    13    12     0     0   -66.0   36.986 -142.942     11.7   1012.4
     1     1    19     2    13    11     0     1   -67.0   37.442 -142.854     11.7   1012.7
     1     1    19     2    13    10     0     2   -68.0   37.877 -142.739     11.7   1013.8
     1     1    19     2    13     9     0     3   -69.0   38.292 -142.600     11.7   1014.7
     1     1    19     2    13     8     0     2   -70.0   38.696 -142.442     11.7   1014.6
     1     1    19     2    13     7     0     1   -71.0   39.101 -142.271     11.7   1014.4
     1     1    19     2    13     6     0     0   -72.0   39.508 -142.088     11.7   1014.5
     1     1    19     2    13     5     0     1   -73.0   39.918 -141.902     11.7   1014.6
     1     1    19     2    13     4     0     2   -74.0   40.331 -141.713     11.7   1014.1
     1     1    19     2    13     3     0     3   -75.0   40.752 -141.512     11.7   1014.1
     1     1    19     2    13     2     0     2   -76.0   41.183 -141.308     11.7   1014.1
     1     1    19     2    13     1     0     1   -77.0   41.621 -141.113     11.7   1014.1
     1     1    19     2    13     0     0     0   -78.0   42.065 -140.931     11.7   1013.6
     1     1    19     2    12    23     0     1   -79.0   42.505 -140.761     11.7   1015.5
     1     1    19     2    12    22     0     2   -80.0   42.938 -140.604     11.7   1016.6
     1     1    19     2    12    21     0     3   -81.0   43.363 -140.455     11.7   1017.2
     1     1    19     2    12    20     0     2   -82.0   43.786 -140.323     11.7   1017.1
     1     1    19     2    12    19     0     1   -83.0   44.214 -140.209     11.7   1017.4
     1     1    19     2    12    18     0     0   -84.0   44.647 -140.105     11.7   1017.5
     1     1    19     2    12    17     0     1   -85.0   45.083 -140.014     11.7   1016.3
     1     1    19     2    12    16     0     2   -86.0   45.518 -139.938     11.7   1016.0
     1     1    19     2    12    15     0     3   -87.0   45.953 -139.868     11.7   1016.6
     1     1    19     2    12    14     0     2   -88.0   46.385 -139.800     11.7   1016.5
     1     1    19     2    12    13     0     1   -89.0   46.810 -139.733     11.7   1016.3
     1     1    19     2    12    12     0     0   -90.0   47.230 -139.663     11.7   1016.4
     1     1    19     2    12    11     0     1   -91.0   47.644 -139.584     11.8   1016.8
     1     1    19     2    12    10     0     2   -92.0   48.051 -139.489     12.2   1016.9
     1     1    19     2    12     9     0     3   -93.0   48.454 -139.374     12.9   1016.5
     1     1    19     2    12     8     0     2   -94.0   48.859 -139.241     13.7   1016.2
     1     1    19     2    12     7     0     1   -95.0   49.271 -139.101     14.2   1016.3
     1     1    19     2    12     6     0     0   -96.0   49.685 -138.953     14.3   1016.1
     1     1    19     2    12     5     0     1   -97.0   50.102 -138.796     14.3   1015.5
     1     1    19     2    12     4     0     2   -98.0   50.522 -138.632     14.3   1015.4
     1     1    19     2    12     3     0     3   -99.0   50.942 -138.468     14.3   1015.7
     1     1    19     2    12     2     0     2  -100.0   51.360 -138.298     14.5   1015.4
     1     1    19     2    12     1     0     1  -101.0   51.773 -138.125     15.2   1015.4
     1     1    19     2    12     0     0     0  -102.0   52.180 -137.959     16.7   1015.5
     1     1    19     2    11    23     0     1  -103.0   52.572 -137.787     18.4   1014.7
     1     1    19     2    11    22     0     2  -104.0   52.946 -137.604     19.2   1014.6
     1     1    19     2    11    21     0     3  -105.0   53.307 -137.416     19.6   1014.4
     1     1    19     2    11    20     0     2  -106.0   53.651 -137.218     19.8   1013.9
     1     1    19     2    11    19     0     1  -107.0   53.974 -137.001     19.9   1014.0
     1     1    19     2    11    18     0     0  -108.0   54.281 -136.774     19.9   1013.4
     1     1    19     2    11    17     0     1  -109.0   54.571 -136.546     19.9   1012.2
     1     1    19     2    11    16     0     2  -110.0   54.845 -136.318     19.9   1011.2
     1     1    19     2    11    15     0     3  -111.0   55.109 -136.089     19.9   1010.4
     1     1    19     2    11    14     0     2  -112.0   55.355 -135.868     20.1   1010.7
     1     1    19     2    11    13     0     1  -113.0   55.574 -135.667     21.1   1010.4
     1     1    19     2    11    12     0     0  -114.0   55.770 -135.490     23.6   1009.5
     1     1    19     2    11    11     0     1  -115.0   55.957 -135.294     28.7   1009.6
     1     1    19     2    11    10     0     2  -116.0   56.145 -135.038     38.3    998.2
     1     1    19     2    11     9     0     3  -117.0   56.329 -134.764     53.9    987.4
     1     1    19     2    11     8     0     2  -118.0   56.500 -134.531     68.7    982.0
     1     1    19     2    11     7     0     1  -119.0   56.660 -134.352     71.1    982.8
     1     1    19     2    11     6     0     0  -120.0   56.816 -134.223     57.0    988.2
     1     1    19     2    11     5     0     1  -121.0   56.966 -134.143     34.7    995.1
     1     1    19     2    11     4     0     2  -122.0   57.104 -134.086     20.1   1000.6
     1     1    19     2    11     3     0     3  -123.0   57.233 -134.027     12.2   1002.1
     1     1    19     2    11     2     0     2  -124.0   57.358 -133.966      9.7    998.6
     1     1    19     2    11     1     0     1  -125.0   57.486 -133.905     11.4    991.2
     1     1    19     2    11     0     0     0  -126.0   57.614 -133.823     21.3    979.9
     1     1    19     2    10    23     0     1  -127.0   57.736 -133.701     52.9    962.6
     1     1    19     2    10    22     0     2  -128.0   57.843 -133.524    147.2    933.0
     1     1    19     2    10    21     0     3  -129.0   57.930 -133.281    429.5    876.8
     1     1    19     2    10    20     0     2  -130.0   57.981 -132.945    931.4    788.6
     1     1    19     2    10    19     0     1  -131.0   58.017 -132.362   1470.7    698.3
     1     1    19     2    10    18     0     0  -132.0   58.098 -131.580   1795.9    686.3
     1     1    19     2    10    17     0     1  -133.0   58.229 -130.847   1976.0    704.2
     1     1    19     2    10    16     0     2  -134.0   58.429 -130.214   2110.0    673.5
     1     1    19     2    10    15     0     3  -135.0   58.712 -129.625   2325.1    643.2
     1     1    19     2    10    14     0     2  -136.0   59.084 -129.028   2671.1    609.0
     1     1    19     2    10    13     0     1  -137.0   59.499 -128.498   3065.0    593.7
     1     1    19     2    10    12     0     0  -138.0   59.921 -128.112   3310.3    596.7
     1     1    19     2    10    11     0     1  -139.0   60.341 -127.849   3364.5    577.2
     1     1    19     2    10    10     0     2  -140.0   60.750 -127.673   3323.0    563.2
     1     1    19     2    10     9     0     3  -141.0   61.159 -127.543   3247.5    554.6
     1     1    19     2    10     8     0     2  -142.0   61.566 -127.436   3158.6    553.7
     1     1    19     2    10     7     0     1  -143.0   61.977 -127.321   3083.0    555.3
     1     1    19     2    10     6     0     0  -144.0   62.389 -127.205   3086.5    556.4
     1     1    19     2    10     5     0     1  -145.0   62.802 -127.112   3170.8    541.5
     1     1    19     2    10     4     0     2  -146.0   63.221 -127.005   3325.4    532.9
     1     1    19     2    10     3     0     3  -147.0   63.645 -126.868   3540.4    534.9
     1     1    19     2    10     2     0     2  -148.0   64.066 -126.736   3712.7    541.4
     1     1    19     2    10     1     0     1  -149.0   64.513 -126.677   3832.1    565.8
     1     1    19     2    10     0     0     0  -150.0   65.025 -126.736   3996.0    588.9
     1     1    19     2     9    23     0     1  -151.0   65.543 -126.975   4129.1    566.6
     1     1    19     2     9    22     0     2  -152.0   66.008 -127.436   4244.8    557.1
     1     1    19     2     9    21     0     3  -153.0   66.424 -128.045   4291.4    561.9
     1     1    19     2     9    20     0     2  -154.0   66.801 -128.712   4263.8    561.7
     1     1    19     2     9    19     0     1  -155.0   67.150 -129.425   4235.3    567.5
     1     1    19     2     9    18     0     0  -156.0   67.469 -130.156   4222.9    567.6
     1     1    19     2     9    17     0     1  -157.0   67.772 -130.933   4120.5    563.6
     1     1    19     2     9    16     0     2  -158.0   68.058 -131.817   4028.4    581.8
     1     1    19     2     9    15     0     3  -159.0   68.335 -132.813   4087.2    582.6
     1     1    19     2     9    14     0     2  -160.0   68.602 -133.966   4146.5    583.7
     1     1    19     2     9    13     0     1  -161.0   68.782 -135.311   4153.8    583.9
     1     1    19     2     9    12     0     0  -162.0   68.883 -136.844   4144.5    580.4
     1     1    19     2     9    11     0     1  -163.0   68.934 -138.271   3969.8    590.9
     1     1    19     2     9    10     0     2  -164.0   68.924 -139.538   3585.7    590.6
     1     1    19     2     9     9     0     3  -165.0   68.856 -140.945   3403.2    580.3
     1     1    19     2     9     8     0     2  -166.0   68.795 -142.467   3304.7    576.5
     1     1    19     2     9     7     0     1  -167.0   68.706 -144.086   3302.8    546.5
     1     1    19     2     9     6     0     0  -168.0   68.548 -145.812   3234.2    581.7
     1     1    19     2     9     5     0     1  -169.0   68.407 -147.592   3134.1    599.5
     1     1    19     2     9     4     0     2  -170.0   68.244 -149.532   3257.3    579.2
     1     1    19     2     9     3     0     3  -171.0   67.946 -151.609   3291.7    572.9
     1     1    19     2     9     2     0     2  -172.0   67.567 -153.656   3467.2    576.5
     1     1    19     2     9     1     0     1  -173.0   67.110 -155.741   3701.6    584.7
     1     1    19     2     9     0     0     0  -174.0   66.630 -157.558   3621.8    623.4
     1     1    19     2     8    23     0     1  -175.0   66.184 -159.107   3408.7    641.5
     1     1    19     2     8    22     0     2  -176.0   65.707 -160.703   3548.2    625.6
     1     1    19     2     8    21     0     3  -177.0   65.195 -162.172   3480.0    636.6
     1     1    19     2     8    20     0     2  -178.0   64.638 -163.547   3536.1    630.7
     1     1    19     2     8    19     0     1  -179.0   64.125 -164.772   3502.8    641.2
     1     1    19     2     8    18     0     0  -180.0   63.646 -165.866   3517.3    643.0
     1     1    19     2     8    17     0     1  -181.0   63.181 -166.908   3603.2    634.0
     1     1    19     2     8    16     0     2  -182.0   62.748 -167.960   3731.8    621.9
     1     1    19     2     8    15     0     3  -183.0   62.315 -169.038   3867.6    608.9
     1     1    19     2     8    14     0     2  -184.0   61.874 -170.090   3983.2    598.6
     1     1    19     2     8    13     0     1  -185.0   61.427 -171.093   4084.6    589.1
     1     1    19     2     8    12     0     0  -186.0   60.997 -172.077   4205.5    579.7
     1     1    19     2     8    11     0     1  -187.0   60.573 -172.984   4354.9    565.1
     1     1    19     2     8    10     0     2  -188.0   60.133 -173.775   4451.9    556.6
     1     1    19     2     8     9     0     3  -189.0   59.735 -174.558   4541.6    549.4
     1     1    19     2     8     8     0     2  -190.0   59.381 -175.382   4637.3    540.1
     1     1    19     2     8     7     0     1  -191.0   59.020 -176.117   4688.7    535.4
     1     1    19     2     8     6     0     0  -192.0   58.707 -176.914   4756.5    530.4
     1     1    19     2     8     5     0     1  -193.0   58.429 -177.846   4850.3    521.3
     1     1    19     2     8     4     0     2  -194.0   58.130 -178.732   4933.0    513.9
     1     1    19     2     8     3     0     3  -195.0   57.867 -179.718   5004.6    507.4
     1     1    19     2     8     2     0     2  -196.0   57.582  179.232   5070.6    502.1
     1     1    19     2     8     1     0     1  -197.0   57.277  178.186   5163.4    495.0
     1     1    19     2     8     0     0     0  -198.0   56.987  176.883   5320.4    482.9
     1     1    19     2     7    23     0     1  -199.0   56.608  175.623   5460.8    470.5
     1     1    19     2     7    22     0     2  -200.0   56.147  174.545   5514.7    466.8
     1     1    19     2     7    21     0     3  -201.0   55.628  173.317   5569.5    462.0
     1     1    19     2     7    20     0     2  -202.0   55.058  172.090   5622.8    458.8
     1     1    19     2     7    19     0     1  -203.0   54.440  170.837   5664.5    454.3
     1     1    19     2     7    18     0     0  -204.0   53.722  169.557   5617.9    458.0
     1     1    19     2     7    17     0     1  -205.0   53.005  168.359   5535.7    463.9
     1     1    19     2     7    16     0     2  -206.0   52.368  167.123   5486.7    468.9
     1     1    19     2     7    15     0     3  -207.0   51.729  165.878   5529.9    464.7
     1     1    19     2     7    14     0     2  -208.0   51.146  164.609   5599.1    460.8
     1     1    19     2     7    13     0     1  -209.0   50.613  163.243   5680.0    454.3
     1     1    19     2     7    12     0     0  -210.0   50.083  161.898   5681.4    454.2
     1     1    19     2     7    11     0     1  -211.0   49.588  160.512   5595.9    461.7
     1     1    19     2     7    10     0     2  -212.0   49.144  159.001   5530.4    466.0
     1     1    19     2     7     9     0     3  -213.0   48.667  157.481   5451.4    471.6
     1     1    19     2     7     8     0     2  -214.0   48.224  155.924   5371.3    478.0
     1     1    19     2     7     7     0     1  -215.0   47.788  154.311   5305.3    482.9
     1     1    19     2     7     6     0     0  -216.0   47.407  152.602   5224.0    487.8
     1     1    19     2     7     5     0     1  -217.0   47.090  150.846   5204.8    490.4
     1     1    19     2     7     4     0     2  -218.0   46.763  148.994   5273.4    485.0
     1     1    19     2     7     3     0     3  -219.0   46.456  147.042   5333.7    480.1
     1     1    19     2     7     2     0     2  -220.0   46.171  145.049   5319.5    481.2
     1     1    19     2     7     1     0     1  -221.0   45.871  143.067   5214.9    490.6
     1     1    19     2     7     0     0     0  -222.0   45.586  141.020   5331.2    476.6
     1     1    19     2     6    23     0     1  -223.0   45.262  138.961   5294.5    483.5
     1     1    19     2     6    22     0     2  -224.0   44.899  136.945   5298.2    481.6
     1     1    19     2     6    21     0     3  -225.0   44.512  134.971   5051.6    461.6
     1     1    19     2     6    20     0     2  -226.0   44.155  132.985   5113.1    478.8
     1     1    19     2     6    19     0     1  -227.0   43.872  131.158   5064.2    482.8
     1     1    19     2     6    18     0     0  -228.0   43.674  129.380   4965.7    475.7
     1     1    19     2     6    17     0     1  -229.0   43.552  127.581   5007.9    463.9
     1     1    19     2     6    16     0     2  -230.0   43.490  125.852   5142.7    479.0
     1     1    19     2     6    15     0     3  -231.0   43.441  124.236   5186.2    484.8
     1     1    19     2     6    14     0     2  -232.0   43.405  122.737   5147.1    488.4
     1     1    19     2     6    13     0     1  -233.0   43.417  121.293   5160.4    480.4
     1     1    19     2     6    12     0     0  -234.0   43.435  119.847   5247.2    459.1
     1     1    19     2     6    11     0     1  -235.0   43.447  118.348   5155.0    428.2
     1     1    19     2     6    10     0     2  -236.0   43.485  116.811   5058.3    422.4
     1     1    19     2     6     9     0     3  -237.0   43.540  115.236   5121.3    422.3
     1     1    19     2     6     8     0     2  -238.0   43.618  113.710   5150.6    429.7
     1     1    19     2     6     7     0     1  -239.0   43.741  112.244   5166.6    429.2
     1     1    19     2     6     6     0     0  -240.0   43.891  110.781   5121.9    428.9
