     7     1
    GDAS    18    12     1     0     0
    GDAS    19     1     1     0     0
    GDAS    19     2     1     0     0
    GDAS    19     3     1     0     0
    GDAS    19     4     1     0     0
    GDAS    19     5     1     0     0
    GDAS    19     6     1     0     0
     1 BACKWARD OMEGA   
    19     3     7    12   21.319 -157.670    10.0
     1 PRESSURE
     1     1    19     3     7    12     0     0     0.0   21.319 -157.670     10.0   1017.0
     1     1    19     3     7    11     0     1    -1.0   21.496 -157.372     16.3   1015.6
     1     1    19     3     7    10     0     2    -2.0   21.659 -157.060     30.2   1013.9
     1     1    19     3     7     9     0     3    -3.0   21.811 -156.730     47.0   1013.3
     1     1    19     3     7     8     0     2    -4.0   21.950 -156.396     56.8   1012.8
     1     1    19     3     7     7     0     1    -5.0   22.084 -156.074     61.7   1012.5
     1     1    19     3     7     6     0     0    -6.0   22.226 -155.762     65.3   1012.0
     1     1    19     3     7     5     0     1    -7.0   22.369 -155.459     68.6   1011.4
     1     1    19     3     7     4     0     2    -8.0   22.507 -155.162     72.1   1010.7
     1     1    19     3     7     3     0     3    -9.0   22.638 -154.871     75.8   1009.9
     1     1    19     3     7     2     0     2   -10.0   22.773 -154.584     79.4   1009.4
     1     1    19     3     7     1     0     1   -11.0   22.919 -154.296     82.7   1008.9
     1     1    19     3     7     0     0     0   -12.0   23.075 -154.009     86.4   1008.5
     1     1    19     3     6    23     0     1   -13.0   23.237 -153.728     90.1   1008.8
     1     1    19     3     6    22     0     2   -14.0   23.401 -153.454     93.3   1009.4
     1     1    19     3     6    21     0     3   -15.0   23.568 -153.184     97.3   1009.8
     1     1    19     3     6    20     0     2   -16.0   23.742 -152.919    101.4   1009.1
     1     1    19     3     6    19     0     1   -17.0   23.931 -152.663    105.7   1008.7
     1     1    19     3     6    18     0     0   -18.0   24.129 -152.416    112.0   1008.1
     1     1    19     3     6    17     0     1   -19.0   24.326 -152.175    118.8   1006.8
     1     1    19     3     6    16     0     2   -20.0   24.510 -151.941    123.2   1006.0
     1     1    19     3     6    15     0     3   -21.0   24.685 -151.716    124.5   1005.6
     1     1    19     3     6    14     0     2   -22.0   24.853 -151.497    125.7   1005.9
     1     1    19     3     6    13     0     1   -23.0   25.015 -151.281    131.0   1005.5
     1     1    19     3     6    12     0     0   -24.0   25.175 -151.065    142.2   1004.4
     1     1    19     3     6    11     0     1   -25.0   25.339 -150.846    153.2   1002.4
     1     1    19     3     6    10     0     2   -26.0   25.509 -150.627    158.3   1002.2
     1     1    19     3     6     9     0     3   -27.0   25.685 -150.409    160.0   1002.5
     1     1    19     3     6     8     0     2   -28.0   25.869 -150.197    161.0   1002.4
     1     1    19     3     6     7     0     1   -29.0   26.067 -149.994    162.8   1002.0
     1     1    19     3     6     6     0     0   -30.0   26.281 -149.801    166.7   1001.6
     1     1    19     3     6     5     0     1   -31.0   26.512 -149.620    172.5   1000.5
     1     1    19     3     6     4     0     2   -32.0   26.764 -149.455    177.4    999.8
     1     1    19     3     6     3     0     3   -33.0   27.037 -149.308    180.6    999.3
     1     1    19     3     6     2     0     2   -34.0   27.320 -149.174    182.7    999.2
     1     1    19     3     6     1     0     1   -35.0   27.603 -149.051    184.7    999.0
     1     1    19     3     6     0     0     0   -36.0   27.886 -148.941    187.5    998.7
     1     1    19     3     5    23     0     1   -37.0   28.170 -148.839    190.6    998.5
     1     1    19     3     5    22     0     2   -38.0   28.451 -148.739    192.8    998.6
     1     1    19     3     5    21     0     3   -39.0   28.733 -148.641    195.0    998.8
     1     1    19     3     5    20     0     2   -40.0   29.018 -148.547    197.8    998.4
     1     1    19     3     5    19     0     1   -41.0   29.305 -148.456    201.0    998.0
     1     1    19     3     5    18     0     0   -42.0   29.594 -148.369    203.7    997.6
     1     1    19     3     5    17     0     1   -43.0   29.890 -148.287    206.0    996.7
     1     1    19     3     5    16     0     2   -44.0   30.200 -148.211    208.7    995.9
     1     1    19     3     5    15     0     3   -45.0   30.524 -148.139    211.7    994.9
     1     1    19     3     5    14     0     2   -46.0   30.860 -148.073    213.8    994.7
     1     1    19     3     5    13     0     1   -47.0   31.204 -148.016    214.9    994.8
     1     1    19     3     5    12     0     0   -48.0   31.557 -147.968    217.7    994.7
     1     1    19     3     5    11     0     1   -49.0   31.922 -147.915    223.7    994.1
     1     1    19     3     5    10     0     2   -50.0   32.297 -147.840    230.9    993.1
     1     1    19     3     5     9     0     3   -51.0   32.679 -147.743    237.9    992.5
     1     1    19     3     5     8     0     2   -52.0   33.069 -147.623    243.9    991.6
     1     1    19     3     5     7     0     1   -53.0   33.470 -147.475    248.7    990.9
     1     1    19     3     5     6     0     0   -54.0   33.881 -147.299    254.7    990.2
     1     1    19     3     5     5     0     1   -55.0   34.299 -147.101    263.1    988.9
     1     1    19     3     5     4     0     2   -56.0   34.722 -146.887    272.5    987.3
     1     1    19     3     5     3     0     3   -57.0   35.143 -146.662    281.5    985.7
     1     1    19     3     5     2     0     2   -58.0   35.563 -146.410    288.3    984.6
     1     1    19     3     5     1     0     1   -59.0   35.981 -146.115    292.2    984.1
     1     1    19     3     5     0     0     0   -60.0   36.395 -145.774    293.8    983.7
     1     1    19     3     4    23     0     1   -61.0   36.790 -145.381    294.0    984.0
     1     1    19     3     4    22     0     2   -62.0   37.150 -144.939    294.1    984.5
     1     1    19     3     4    21     0     3   -63.0   37.475 -144.447    293.2    984.7
     1     1    19     3     4    20     0     2   -64.0   37.774 -143.911    288.2    985.2
     1     1    19     3     4    19     0     1   -65.0   38.056 -143.344    284.3    986.4
     1     1    19     3     4    18     0     0   -66.0   38.317 -142.759    283.0    986.1
     1     1    19     3     4    17     0     1   -67.0   38.551 -142.154    278.4    986.4
     1     1    19     3     4    16     0     2   -68.0   38.751 -141.533    268.3    987.8
     1     1    19     3     4    15     0     3   -69.0   38.919 -140.909    252.8    989.8
     1     1    19     3     4    14     0     2   -70.0   39.051 -140.291    237.9    992.5
     1     1    19     3     4    13     0     1   -71.0   39.154 -139.682    229.1    993.9
     1     1    19     3     4    12     0     0   -72.0   39.239 -139.085    226.2    994.7
     1     1    19     3     4    11     0     1   -73.0   39.311 -138.520    226.6    995.0
     1     1    19     3     4    10     0     2   -74.0   39.372 -138.002    227.1    995.6
     1     1    19     3     4     9     0     3   -75.0   39.419 -137.530    226.7    996.3
     1     1    19     3     4     8     0     2   -76.0   39.461 -137.095    225.5    996.7
     1     1    19     3     4     7     0     1   -77.0   39.509 -136.688    224.1    997.2
     1     1    19     3     4     6     0     0   -78.0   39.571 -136.307    222.9    997.5
     1     1    19     3     4     5     0     1   -79.0   39.646 -135.953    222.2    997.8
     1     1    19     3     4     4     0     2   -80.0   39.733 -135.621    222.3    997.9
     1     1    19     3     4     3     0     3   -81.0   39.830 -135.309    222.8    998.0
     1     1    19     3     4     2     0     2   -82.0   39.943 -135.019    221.4    997.8
     1     1    19     3     4     1     0     1   -83.0   40.078 -134.756    217.1    998.2
     1     1    19     3     4     0     0     0   -84.0   40.234 -134.519    212.5    998.8
     1     1    19     3     3    23     0     1   -85.0   40.402 -134.305    210.0    999.7
     1     1    19     3     3    22     0     2   -86.0   40.572 -134.112    209.3   1000.0
     1     1    19     3     3    21     0     3   -87.0   40.741 -133.934    209.3   1000.3
     1     1    19     3     3    20     0     2   -88.0   40.919 -133.763    209.5   1000.3
     1     1    19     3     3    19     0     1   -89.0   41.113 -133.593    209.7   1000.2
     1     1    19     3     3    18     0     0   -90.0   41.323 -133.425    209.9   1000.2
     1     1    19     3     3    17     0     1   -91.0   41.540 -133.261    211.0   1000.0
     1     1    19     3     3    16     0     2   -92.0   41.757 -133.103    213.0    999.5
     1     1    19     3     3    15     0     3   -93.0   41.971 -132.948    214.3    999.1
     1     1    19     3     3    14     0     2   -94.0   42.187 -132.794    215.3    999.0
     1     1    19     3     3    13     0     1   -95.0   42.412 -132.640    216.8    998.7
     1     1    19     3     3    12     0     0   -96.0   42.647 -132.484    217.5    998.5
     1     1    19     3     3    11     0     1   -97.0   42.889 -132.327    220.0    998.6
     1     1    19     3     3    10     0     2   -98.0   43.136 -132.170    227.0    997.7
     1     1    19     3     3     9     0     3   -99.0   43.388 -132.014    236.3    996.5
     1     1    19     3     3     8     0     2  -100.0   43.649 -131.858    244.3    995.3
     1     1    19     3     3     7     0     1  -101.0   43.920 -131.701    249.7    994.7
     1     1    19     3     3     6     0     0  -102.0   44.197 -131.546    256.8    994.3
     1     1    19     3     3     5     0     1  -103.0   44.478 -131.396    266.1    992.5
     1     1    19     3     3     4     0     2  -104.0   44.764 -131.251    272.9    991.0
     1     1    19     3     3     3     0     3  -105.0   45.057 -131.106    275.3    990.3
     1     1    19     3     3     2     0     2  -106.0   45.354 -130.970    275.4    990.3
     1     1    19     3     3     1     0     1  -107.0   45.653 -130.854    275.6    990.1
     1     1    19     3     3     0     0     0  -108.0   45.948 -130.756    275.7    990.0
     1     1    19     3     2    23     0     1  -109.0   46.237 -130.669    276.6    990.0
     1     1    19     3     2    22     0     2  -110.0   46.521 -130.586    279.7    989.8
     1     1    19     3     2    21     0     3  -111.0   46.805 -130.503    286.3    989.0
     1     1    19     3     2    20     0     2  -112.0   47.083 -130.429    295.8    987.6
     1     1    19     3     2    19     0     1  -113.0   47.349 -130.369    305.4    986.1
     1     1    19     3     2    18     0     0  -114.0   47.605 -130.324    313.1    985.0
     1     1    19     3     2    17     0     1  -115.0   47.852 -130.296    317.2    984.2
     1     1    19     3     2    16     0     2  -116.0   48.093 -130.287    318.6    984.1
     1     1    19     3     2    15     0     3  -117.0   48.329 -130.295    319.1    983.9
     1     1    19     3     2    14     0     2  -118.0   48.560 -130.308    319.6    983.8
     1     1    19     3     2    13     0     1  -119.0   48.785 -130.315    320.1    983.6
     1     1    19     3     2    12     0     0  -120.0   49.004 -130.316    320.2    983.5
     1     1    19     3     2    11     0     1  -121.0   49.219 -130.317    320.2    983.6
     1     1    19     3     2    10     0     2  -122.0   49.430 -130.327    320.2    983.7
     1     1    19     3     2     9     0     3  -123.0   49.640 -130.350    320.2    983.8
     1     1    19     3     2     8     0     2  -124.0   49.843 -130.393    320.2    983.8
     1     1    19     3     2     7     0     1  -125.0   50.036 -130.460    320.2    983.9
     1     1    19     3     2     6     0     0  -126.0   50.218 -130.551    320.2    983.9
     1     1    19     3     2     5     0     1  -127.0   50.393 -130.660    320.2    983.7
     1     1    19     3     2     4     0     2  -128.0   50.565 -130.780    320.2    983.5
     1     1    19     3     2     3     0     3  -129.0   50.739 -130.910    320.2    983.3
     1     1    19     3     2     2     0     2  -130.0   50.911 -131.051    320.2    983.3
     1     1    19     3     2     1     0     1  -131.0   51.071 -131.200    320.5    983.3
     1     1    19     3     2     0     0     0  -132.0   51.214 -131.351    320.8    983.2
     1     1    19     3     1    23     0     1  -133.0   51.346 -131.496    320.7    983.1
     1     1    19     3     1    22     0     2  -134.0   51.471 -131.627    320.7    983.1
     1     1    19     3     1    21     0     3  -135.0   51.594 -131.747    321.5    982.9
     1     1    19     3     1    20     0     2  -136.0   51.719 -131.869    322.8    982.7
     1     1    19     3     1    19     0     1  -137.0   51.855 -132.012    323.6    982.4
     1     1    19     3     1    18     0     0  -138.0   51.996 -132.171    323.6    982.5
     1     1    19     3     1    17     0     1  -139.0   52.123 -132.338    327.1    979.4
     1     1    19     3     1    16     0     2  -140.0   52.232 -132.512    335.3    976.8
     1     1    19     3     1    15     0     3  -141.0   52.331 -132.696    344.5    975.8
     1     1    19     3     1    14     0     2  -142.0   52.424 -132.886    351.0    976.7
     1     1    19     3     1    13     0     1  -143.0   52.507 -133.076    353.0    978.3
     1     1    19     3     1    12     0     0  -144.0   52.578 -133.268    351.5    978.6
     1     1    19     3     1    11     0     1  -145.0   52.637 -133.455    348.8    979.0
     1     1    19     3     1    10     0     2  -146.0   52.687 -133.630    345.8    979.4
     1     1    19     3     1     9     0     3  -147.0   52.730 -133.791    341.9    979.8
     1     1    19     3     1     8     0     2  -148.0   52.768 -133.936    339.3    980.3
     1     1    19     3     1     7     0     1  -149.0   52.803 -134.065    341.4    980.0
     1     1    19     3     1     6     0     0  -150.0   52.836 -134.178    349.5    979.0
     1     1    19     3     1     5     0     1  -151.0   52.865 -134.278    362.1    977.1
     1     1    19     3     1     4     0     2  -152.0   52.891 -134.368    376.5    975.2
     1     1    19     3     1     3     0     3  -153.0   52.914 -134.447    392.2    973.1
     1     1    19     3     1     2     0     2  -154.0   52.931 -134.515    405.3    971.2
     1     1    19     3     1     1     0     1  -155.0   52.936 -134.573    412.6    970.3
     1     1    19     3     1     0     0     0  -156.0   52.930 -134.623    414.9    970.1
     1     1    19     2    28    23     0     1  -157.0   52.912 -134.657    411.4    970.3
     1     1    19     2    28    22     0     2  -158.0   52.878 -134.664    401.4    971.3
     1     1    19     2    28    21     0     3  -159.0   52.830 -134.642    385.7    973.1
     1     1    19     2    28    20     0     2  -160.0   52.777 -134.598    371.2    975.1
     1     1    19     2    28    19     0     1  -161.0   52.729 -134.537    362.9    975.6
     1     1    19     2    28    18     0     0  -162.0   52.686 -134.456    359.5    975.5
     1     1    19     2    28    17     0     1  -163.0   52.643 -134.364    356.0    975.0
     1     1    19     2    28    16     0     2  -164.0   52.590 -134.271    349.1    975.4
     1     1    19     2    28    15     0     3  -165.0   52.529 -134.176    339.6    976.2
     1     1    19     2    28    14     0     2  -166.0   52.468 -134.063    332.3    977.2
     1     1    19     2    28    13     0     1  -167.0   52.421 -133.922    331.6    977.0
     1     1    19     2    28    12     0     0  -168.0   52.385 -133.757    337.1    975.8
     1     1    19     2    28    11     0     1  -169.0   52.359 -133.573    344.7    974.2
     1     1    19     2    28    10     0     2  -170.0   52.341 -133.368    351.6    973.2
     1     1    19     2    28     9     0     3  -171.0   52.329 -133.137    359.5    972.1
     1     1    19     2    28     8     0     2  -172.0   52.330 -132.887    368.8    969.1
     1     1    19     2    28     7     0     1  -173.0   52.350 -132.642    379.8    964.3
     1     1    19     2    28     6     0     0  -174.0   52.389 -132.410    394.2    958.5
     1     1    19     2    28     5     0     1  -175.0   52.449 -132.172    403.5    951.2
     1     1    19     2    28     4     0     2  -176.0   52.531 -131.911    398.5    947.4
     1     1    19     2    28     3     0     3  -177.0   52.627 -131.617    380.3    952.9
     1     1    19     2    28     2     0     2  -178.0   52.737 -131.298    355.3    962.6
     1     1    19     2    28     1     0     1  -179.0   52.866 -130.960    335.6    973.4
     1     1    19     2    28     0     0     0  -180.0   53.034 -130.575    346.7    973.6
     1     1    19     2    27    23     0     1  -181.0   53.243 -130.117    422.7    956.1
     1     1    19     2    27    22     0     2  -182.0   53.440 -129.645    574.1    916.9
     1     1    19     2    27    21     0     3  -183.0   53.620 -129.141    828.7    866.5
     1     1    19     2    27    20     0     2  -184.0   53.781 -128.418   1148.0    779.9
     1     1    19     2    27    19     0     1  -185.0   53.867 -127.462   1424.8    731.3
     1     1    19     2    27    18     0     0  -186.0   53.932 -126.497   1457.5    746.8
     1     1    19     2    27    17     0     1  -187.0   54.027 -125.621   1432.9    758.6
     1     1    19     2    27    16     0     2  -188.0   54.153 -124.844   1443.9    760.1
     1     1    19     2    27    15     0     3  -189.0   54.309 -124.164   1463.3    757.3
     1     1    19     2    27    14     0     2  -190.0   54.492 -123.549   1478.1    755.8
     1     1    19     2    27    13     0     1  -191.0   54.706 -122.976   1470.2    764.4
     1     1    19     2    27    12     0     0  -192.0   54.955 -122.432   1493.5    748.7
     1     1    19     2    27    11     0     1  -193.0   55.226 -121.982   1605.4    724.0
     1     1    19     2    27    10     0     2  -194.0   55.518 -121.667   1704.4    725.9
     1     1    19     2    27     9     0     3  -195.0   55.830 -121.474   1733.1    740.5
     1     1    19     2    27     8     0     2  -196.0   56.158 -121.368   1727.5    748.1
     1     1    19     2    27     7     0     1  -197.0   56.496 -121.321   1698.5    749.3
     1     1    19     2    27     6     0     0  -198.0   56.833 -121.321   1647.0    752.4
     1     1    19     2    27     5     0     1  -199.0   57.175 -121.375   1595.9    762.5
     1     1    19     2    27     4     0     2  -200.0   57.529 -121.473   1568.0    772.5
     1     1    19     2    27     3     0     3  -201.0   57.869 -121.604   1549.5    780.4
     1     1    19     2    27     2     0     2  -202.0   58.200 -121.767   1527.9    786.1
     1     1    19     2    27     1     0     1  -203.0   58.527 -121.937   1506.5    793.1
     1     1    19     2    27     0     0     0  -204.0   58.820 -122.059   1485.7    800.5
     1     1    19     2    26    23     0     1  -205.0   59.069 -122.169   1464.7    805.8
     1     1    19     2    26    22     0     2  -206.0   59.295 -122.335   1444.6    808.4
     1     1    19     2    26    21     0     3  -207.0   59.505 -122.564   1428.2    810.7
     1     1    19     2    26    20     0     2  -208.0   59.686 -122.786   1410.0    813.8
     1     1    19     2    26    19     0     1  -209.0   59.831 -122.956   1388.1    818.1
     1     1    19     2    26    18     0     0  -210.0   59.930 -123.110   1373.4    821.9
     1     1    19     2    26    17     0     1  -211.0   60.010 -123.273   1375.3    823.6
     1     1    19     2    26    16     0     2  -212.0   60.100 -123.460   1391.5    821.1
     1     1    19     2    26    15     0     3  -213.0   60.203 -123.684   1411.8    814.7
     1     1    19     2    26    14     0     2  -214.0   60.315 -123.930   1433.4    805.9
     1     1    19     2    26    13     0     1  -215.0   60.446 -124.177   1460.0    789.1
     1     1    19     2    26    12     0     0  -216.0   60.606 -124.444   1490.6    769.8
     1     1    19     2    26    11     0     1  -217.0   60.795 -124.703   1525.6    752.9
     1     1    19     2    26    10     0     2  -218.0   61.003 -124.914   1574.1    738.6
     1     1    19     2    26     9     0     3  -219.0   61.225 -125.079   1634.0    723.7
     1     1    19     2    26     8     0     2  -220.0   61.460 -125.203   1682.6    709.5
     1     1    19     2    26     7     0     1  -221.0   61.709 -125.291   1693.1    698.6
     1     1    19     2    26     6     0     0  -222.0   61.964 -125.350   1650.1    692.2
     1     1    19     2    26     5     0     1  -223.0   62.238 -125.398   1590.5    706.9
     1     1    19     2    26     4     0     2  -224.0   62.542 -125.469   1535.0    720.2
     1     1    19     2    26     3     0     3  -225.0   62.868 -125.584   1489.3    728.4
     1     1    19     2    26     2     0     2  -226.0   63.209 -125.767   1458.5    735.4
     1     1    19     2    26     1     0     1  -227.0   63.554 -126.027   1437.5    748.3
     1     1    19     2    26     0     0     0  -228.0   63.882 -126.352   1468.2    758.8
     1     1    19     2    25    23     0     1  -229.0   64.210 -126.722   1575.3    751.9
     1     1    19     2    25    22     0     2  -230.0   64.554 -127.148   1708.1    748.8
     1     1    19     2    25    21     0     3  -231.0   64.916 -127.610   1774.7    735.6
     1     1    19     2    25    20     0     2  -232.0   65.277 -128.070   1789.9    733.1
     1     1    19     2    25    19     0     1  -233.0   65.602 -128.525   1790.2    765.4
     1     1    19     2    25    18     0     0  -234.0   65.870 -129.025   1743.2    801.9
     1     1    19     2    25    17     0     1  -235.0   66.095 -129.604   1663.3    820.4
     1     1    19     2    25    16     0     2  -236.0   66.296 -130.248   1570.5    824.3
     1     1    19     2    25    15     0     3  -237.0   66.483 -130.879   1466.7    824.1
     1     1    19     2    25    14     0     2  -238.0   66.660 -131.480   1380.6    836.5
     1     1    19     2    25    13     0     1  -239.0   66.833 -132.061   1325.8    848.2
     1     1    19     2    25    12     0     0  -240.0   67.008 -132.603   1262.7    855.7
