     7     1
    GDAS    18    12     1     0     0
    GDAS    19     1     1     0     0
    GDAS    19     2     1     0     0
    GDAS    19     3     1     0     0
    GDAS    19     4     1     0     0
    GDAS    19     5     1     0     0
    GDAS    19     6     1     0     0
     1 BACKWARD OMEGA   
    19     5    24     6   21.319 -157.670    10.0
     1 PRESSURE
     1     1    19     5    24     6     0     0     0.0   21.319 -157.670     10.0   1014.2
     1     1    19     5    24     5     0     1    -1.0   21.323 -157.638      9.8   1013.7
     1     1    19     5    24     4     0     2    -2.0   21.320 -157.616      9.0   1013.4
     1     1    19     5    24     3     0     3    -3.0   21.310 -157.608      7.8   1013.0
     1     1    19     5    24     2     0     2    -4.0   21.287 -157.608      6.0   1013.0
     1     1    19     5    24     1     0     1    -5.0   21.246 -157.613      3.7   1012.9
     1     1    19     5    24     0     0     0    -6.0   21.186 -157.630      0.7   1012.9
     1     1    19     5    23    23     0     1    -7.0   21.133 -157.658      0.0   1012.8
     1     1    19     5    23    22     0     2    -8.0   21.108 -157.677      0.0   1012.8
     1     1    19     5    23    21     0     3    -9.0   21.111 -157.676      0.0   1012.8
     1     1    19     5    23    20     0     2   -10.0   21.126 -157.661      0.0   1012.8
     1     1    19     5    23    19     0     1   -11.0   21.144 -157.644      0.0   1012.8
     1     1    19     5    23    18     0     0   -12.0   21.162 -157.626      0.0   1012.8
     1     1    19     5    23    17     0     1   -13.0   21.181 -157.601      0.0   1012.9
     1     1    19     5    23    16     0     2   -14.0   21.201 -157.559      0.0   1013.0
     1     1    19     5    23    15     0     3   -15.0   21.221 -157.497      0.0   1012.9
     1     1    19     5    23    14     0     2   -16.0   21.237 -157.426      0.0   1012.7
     1     1    19     5    23    13     0     1   -17.0   21.245 -157.369      0.0   1012.5
     1     1    19     5    23    12     0     0   -18.0   21.249 -157.331      0.0   1012.4
     1     1    19     5    23    11     0     1   -19.0   21.247 -157.300      0.0   1012.4
     1     1    19     5    23    10     0     2   -20.0   21.240 -157.265      0.0   1012.2
     1     1    19     5    23     9     0     3   -21.0   21.226 -157.227      0.0   1012.1
     1     1    19     5    23     8     0     2   -22.0   21.209 -157.195      0.0   1011.7
     1     1    19     5    23     7     0     1   -23.0   21.190 -157.177      0.0   1011.5
     1     1    19     5    23     6     0     0   -24.0   21.170 -157.176      0.0   1011.3
     1     1    19     5    23     5     0     1   -25.0   21.145 -157.188      0.0   1010.1
     1     1    19     5    23     4     0     2   -26.0   21.112 -157.214      0.0   1008.9
     1     1    19     5    23     3     0     3   -27.0   21.070 -157.254      0.0   1007.9
     1     1    19     5    23     2     0     2   -28.0   21.022 -157.308      0.0   1008.2
     1     1    19     5    23     1     0     1   -29.0   20.971 -157.367      0.0   1008.9
     1     1    19     5    23     0     0     0   -30.0   20.919 -157.417      0.0   1009.8
     1     1    19     5    22    23     0     1   -31.0   20.872 -157.444      0.0   1011.1
     1     1    19     5    22    22     0     2   -32.0   20.838 -157.443      0.0   1012.2
     1     1    19     5    22    21     0     3   -33.0   20.820 -157.419      0.0   1013.0
     1     1    19     5    22    20     0     2   -34.0   20.810 -157.376      0.1   1012.9
     1     1    19     5    22    19     0     1   -35.0   20.803 -157.318      0.1   1012.6
     1     1    19     5    22    18     0     0   -36.0   20.798 -157.244      0.1   1012.2
     1     1    19     5    22    17     0     1   -37.0   20.803 -157.157      0.1   1011.4
     1     1    19     5    22    16     0     2   -38.0   20.822 -157.060      0.0   1010.5
     1     1    19     5    22    15     0     3   -39.0   20.848 -156.948      0.0   1010.2
     1     1    19     5    22    14     0     2   -40.0   20.861 -156.826      0.3   1011.1
     1     1    19     5    22    13     0     1   -41.0   20.854 -156.700      1.3   1012.1
     1     1    19     5    22    12     0     0   -42.0   20.834 -156.572      2.9   1013.3
     1     1    19     5    22    11     0     1   -43.0   20.809 -156.445      5.4   1015.0
     1     1    19     5    22    10     0     2   -44.0   20.782 -156.319      8.9   1016.9
     1     1    19     5    22     9     0     3   -45.0   20.749 -156.196     13.8   1018.4
     1     1    19     5    22     8     0     2   -46.0   20.710 -156.073     22.6   1017.9
     1     1    19     5    22     7     0     1   -47.0   20.666 -155.953     37.8   1016.2
     1     1    19     5    22     6     0     0   -48.0   20.622 -155.837     61.4   1013.5
     1     1    19     5    22     5     0     1   -49.0   20.581 -155.717     92.0   1008.3
     1     1    19     5    22     4     0     2   -50.0   20.540 -155.586    115.0   1004.2
     1     1    19     5    22     3     0     3   -51.0   20.497 -155.442    112.7   1003.0
     1     1    19     5    22     2     0     2   -52.0   20.442 -155.291     91.0   1006.6
     1     1    19     5    22     1     0     1   -53.0   20.363 -155.138     65.8   1010.8
     1     1    19     5    22     0     0     0   -54.0   20.253 -154.967     43.8   1014.0
     1     1    19     5    21    23     0     1   -55.0   20.125 -154.778     27.6   1015.7
     1     1    19     5    21    22     0     2   -56.0   19.999 -154.579     17.2   1016.9
     1     1    19     5    21    21     0     3   -57.0   19.882 -154.373     11.7   1016.4
     1     1    19     5    21    20     0     2   -58.0   19.779 -154.164      9.7   1015.7
     1     1    19     5    21    19     0     1   -59.0   19.682 -153.951      9.3   1015.2
     1     1    19     5    21    18     0     0   -60.0   19.587 -153.726      9.3   1015.2
     1     1    19     5    21    17     0     1   -61.0   19.493 -153.493      9.3   1015.3
     1     1    19     5    21    16     0     2   -62.0   19.403 -153.257      9.3   1015.3
     1     1    19     5    21    15     0     3   -63.0   19.316 -153.017      9.3   1015.4
     1     1    19     5    21    14     0     2   -64.0   19.230 -152.772      9.3   1015.5
     1     1    19     5    21    13     0     1   -65.0   19.145 -152.520      9.3   1015.7
     1     1    19     5    21    12     0     0   -66.0   19.060 -152.263      9.3   1015.8
     1     1    19     5    21    11     0     1   -67.0   18.981 -151.998      9.3   1016.0
     1     1    19     5    21    10     0     2   -68.0   18.912 -151.720      9.3   1016.2
     1     1    19     5    21     9     0     3   -69.0   18.855 -151.430      9.3   1016.4
     1     1    19     5    21     8     0     2   -70.0   18.807 -151.135      9.5   1016.6
     1     1    19     5    21     7     0     1   -71.0   18.767 -150.836     10.1   1016.7
     1     1    19     5    21     6     0     0   -72.0   18.736 -150.530     11.2   1016.7
     1     1    19     5    21     5     0     1   -73.0   18.712 -150.217     12.5   1016.0
     1     1    19     5    21     4     0     2   -74.0   18.695 -149.899     13.4   1015.5
     1     1    19     5    21     3     0     3   -75.0   18.689 -149.581     13.7   1015.0
     1     1    19     5    21     2     0     2   -76.0   18.690 -149.263     13.7   1014.5
     1     1    19     5    21     1     0     1   -77.0   18.697 -148.946     13.7   1014.0
     1     1    19     5    21     0     0     0   -78.0   18.709 -148.631     13.7   1014.3
     1     1    19     5    20    23     0     1   -79.0   18.722 -148.315     13.7   1015.6
     1     1    19     5    20    22     0     2   -80.0   18.734 -147.994     13.7   1016.4
     1     1    19     5    20    21     0     3   -81.0   18.743 -147.667     13.7   1016.7
     1     1    19     5    20    20     0     2   -82.0   18.750 -147.335     13.7   1016.8
     1     1    19     5    20    19     0     1   -83.0   18.757 -146.998     13.7   1017.0
     1     1    19     5    20    18     0     0   -84.0   18.766 -146.659     13.7   1017.2
     1     1    19     5    20    17     0     1   -85.0   18.784 -146.321     13.7   1017.0
     1     1    19     5    20    16     0     2   -86.0   18.814 -145.985     13.7   1016.8
     1     1    19     5    20    15     0     3   -87.0   18.853 -145.652     13.7   1016.5
     1     1    19     5    20    14     0     2   -88.0   18.899 -145.319     13.7   1016.5
     1     1    19     5    20    13     0     1   -89.0   18.954 -144.988     13.7   1016.6
     1     1    19     5    20    12     0     0   -90.0   19.015 -144.660     13.4   1016.8
     1     1    19     5    20    11     0     1   -91.0   19.082 -144.336     12.6   1016.8
     1     1    19     5    20    10     0     2   -92.0   19.153 -144.017     11.8   1016.8
     1     1    19     5    20     9     0     3   -93.0   19.226 -143.700     11.3   1016.7
     1     1    19     5    20     8     0     2   -94.0   19.300 -143.384     11.0   1016.8
     1     1    19     5    20     7     0     1   -95.0   19.377 -143.072     10.9   1016.8
     1     1    19     5    20     6     0     0   -96.0   19.459 -142.766     10.9   1016.8
     1     1    19     5    20     5     0     1   -97.0   19.546 -142.468     10.9   1016.5
     1     1    19     5    20     4     0     2   -98.0   19.637 -142.177     10.9   1016.2
     1     1    19     5    20     3     0     3   -99.0   19.732 -141.891     10.9   1015.9
     1     1    19     5    20     2     0     2  -100.0   19.826 -141.608     10.9   1015.9
     1     1    19     5    20     1     0     1  -101.0   19.917 -141.326     10.9   1016.0
     1     1    19     5    20     0     0     0  -102.0   20.005 -141.045     10.9   1016.0
     1     1    19     5    19    23     0     1  -103.0   20.092 -140.764     11.2   1016.9
     1     1    19     5    19    22     0     2  -104.0   20.179 -140.486     11.8   1017.7
     1     1    19     5    19    21     0     3  -105.0   20.264 -140.212     13.0   1018.5
     1     1    19     5    19    20     0     2  -106.0   20.348 -139.941     14.3   1018.2
     1     1    19     5    19    19     0     1  -107.0   20.433 -139.675     15.7   1018.0
     1     1    19     5    19    18     0     0  -108.0   20.520 -139.411     17.2   1017.8
     1     1    19     5    19    17     0     1  -109.0   20.607 -139.152     18.6   1017.1
     1     1    19     5    19    16     0     2  -110.0   20.696 -138.896     19.6   1016.5
     1     1    19     5    19    15     0     3  -111.0   20.785 -138.645     20.0   1016.1
     1     1    19     5    19    14     0     2  -112.0   20.872 -138.401     20.0   1016.0
     1     1    19     5    19    13     0     1  -113.0   20.954 -138.168     20.0   1016.0
     1     1    19     5    19    12     0     0  -114.0   21.032 -137.946     19.9   1015.9
     1     1    19     5    19    11     0     1  -115.0   21.111 -137.732     19.8   1015.7
     1     1    19     5    19    10     0     2  -116.0   21.192 -137.522     19.7   1015.6
     1     1    19     5    19     9     0     3  -117.0   21.276 -137.313     19.6   1015.4
     1     1    19     5    19     8     0     2  -118.0   21.367 -137.106     19.6   1015.4
     1     1    19     5    19     7     0     1  -119.0   21.472 -136.906     19.6   1015.4
     1     1    19     5    19     6     0     0  -120.0   21.590 -136.711     19.6   1015.3
     1     1    19     5    19     5     0     1  -121.0   21.713 -136.522     19.6   1015.1
     1     1    19     5    19     4     0     2  -122.0   21.834 -136.344     19.6   1014.8
     1     1    19     5    19     3     0     3  -123.0   21.957 -136.180     19.6   1014.5
     1     1    19     5    19     2     0     2  -124.0   22.082 -136.029     19.7   1014.6
     1     1    19     5    19     1     0     1  -125.0   22.205 -135.889     19.7   1014.7
     1     1    19     5    19     0     0     0  -126.0   22.322 -135.758     19.7   1014.8
     1     1    19     5    18    23     0     1  -127.0   22.432 -135.633     19.9   1015.7
     1     1    19     5    18    22     0     2  -128.0   22.537 -135.511     20.5   1016.5
     1     1    19     5    18    21     0     3  -129.0   22.635 -135.394     21.5   1017.2
     1     1    19     5    18    20     0     2  -130.0   22.722 -135.282     23.1   1017.2
     1     1    19     5    18    19     0     1  -131.0   22.797 -135.174     25.7   1017.0
     1     1    19     5    18    18     0     0  -132.0   22.858 -135.069     30.2   1016.7
     1     1    19     5    18    17     0     1  -133.0   22.904 -134.964     35.2   1015.7
     1     1    19     5    18    16     0     2  -134.0   22.937 -134.858     38.5   1015.1
     1     1    19     5    18    15     0     3  -135.0   22.957 -134.748     39.5   1014.8
     1     1    19     5    18    14     0     2  -136.0   22.973 -134.631     39.5   1015.0
     1     1    19     5    18    13     0     1  -137.0   22.994 -134.506     39.5   1015.1
     1     1    19     5    18    12     0     0  -138.0   23.019 -134.374     39.5   1015.2
     1     1    19     5    18    11     0     1  -139.0   23.047 -134.234     39.5   1015.1
     1     1    19     5    18    10     0     2  -140.0   23.076 -134.085     39.5   1015.1
     1     1    19     5    18     9     0     3  -141.0   23.107 -133.924     39.5   1015.1
     1     1    19     5    18     8     0     2  -142.0   23.140 -133.753     39.5   1015.3
     1     1    19     5    18     7     0     1  -143.0   23.179 -133.571     39.5   1015.4
     1     1    19     5    18     6     0     0  -144.0   23.225 -133.377     39.5   1015.6
     1     1    19     5    18     5     0     1  -145.0   23.284 -133.175     39.5   1015.4
     1     1    19     5    18     4     0     2  -146.0   23.361 -132.969     39.5   1015.2
     1     1    19     5    18     3     0     3  -147.0   23.453 -132.760     39.5   1015.1
     1     1    19     5    18     2     0     2  -148.0   23.550 -132.552     39.5   1015.0
     1     1    19     5    18     1     0     1  -149.0   23.644 -132.349     39.5   1015.1
     1     1    19     5    18     0     0     0  -150.0   23.736 -132.150     39.5   1015.4
     1     1    19     5    17    23     0     1  -151.0   23.826 -131.952     39.4   1015.8
     1     1    19     5    17    22     0     2  -152.0   23.916 -131.753     39.2   1016.0
     1     1    19     5    17    21     0     3  -153.0   24.007 -131.552     39.1   1016.1
     1     1    19     5    17    20     0     2  -154.0   24.097 -131.349     39.1   1016.4
     1     1    19     5    17    19     0     1  -155.0   24.182 -131.145     39.1   1016.8
     1     1    19     5    17    18     0     0  -156.0   24.263 -130.940     39.1   1017.1
     1     1    19     5    17    17     0     1  -157.0   24.349 -130.735     39.1   1017.1
     1     1    19     5    17    16     0     2  -158.0   24.450 -130.528     39.1   1017.1
     1     1    19     5    17    15     0     3  -159.0   24.566 -130.320     39.1   1017.1
     1     1    19     5    17    14     0     2  -160.0   24.695 -130.117     39.1   1017.0
     1     1    19     5    17    13     0     1  -161.0   24.833 -129.927     39.1   1017.2
     1     1    19     5    17    12     0     0  -162.0   24.983 -129.749     39.1   1017.7
     1     1    19     5    17    11     0     1  -163.0   25.137 -129.578     39.1   1017.8
     1     1    19     5    17    10     0     2  -164.0   25.285 -129.405     39.1   1017.9
     1     1    19     5    17     9     0     3  -165.0   25.427 -129.234     39.1   1018.0
     1     1    19     5    17     8     0     2  -166.0   25.567 -129.064     40.0   1017.8
     1     1    19     5    17     7     0     1  -167.0   25.710 -128.899     42.9   1017.6
     1     1    19     5    17     6     0     0  -168.0   25.859 -128.737     48.2   1017.5
     1     1    19     5    17     5     0     1  -169.0   26.014 -128.585     54.1   1016.2
     1     1    19     5    17     4     0     2  -170.0   26.178 -128.448     58.3   1014.4
     1     1    19     5    17     3     0     3  -171.0   26.355 -128.328     61.1   1013.0
     1     1    19     5    17     2     0     2  -172.0   26.543 -128.224     63.1   1013.0
     1     1    19     5    17     1     0     1  -173.0   26.736 -128.134     64.5   1012.9
     1     1    19     5    17     0     0     0  -174.0   26.936 -128.063     65.0   1013.0
     1     1    19     5    16    23     0     1  -175.0   27.137 -128.006     65.0   1012.9
     1     1    19     5    16    22     0     2  -176.0   27.336 -127.959     65.0   1012.7
     1     1    19     5    16    21     0     3  -177.0   27.529 -127.924     65.0   1012.5
     1     1    19     5    16    20     0     2  -178.0   27.719 -127.905     65.0   1012.7
     1     1    19     5    16    19     0     1  -179.0   27.906 -127.902     65.0   1012.8
     1     1    19     5    16    18     0     0  -180.0   28.090 -127.916     65.0   1013.0
     1     1    19     5    16    17     0     1  -181.0   28.272 -127.949     65.0   1012.7
     1     1    19     5    16    16     0     2  -182.0   28.453 -127.999     65.0   1012.3
     1     1    19     5    16    15     0     3  -183.0   28.633 -128.068     65.0   1012.0
     1     1    19     5    16    14     0     2  -184.0   28.813 -128.153     65.0   1011.2
     1     1    19     5    16    13     0     1  -185.0   28.991 -128.253     65.0   1010.4
     1     1    19     5    16    12     0     0  -186.0   29.168 -128.368     65.0   1009.6
     1     1    19     5    16    11     0     1  -187.0   29.346 -128.492     65.0   1009.5
     1     1    19     5    16    10     0     2  -188.0   29.523 -128.624     65.0   1009.5
     1     1    19     5    16     9     0     3  -189.0   29.702 -128.764     65.0   1009.5
     1     1    19     5    16     8     0     2  -190.0   29.880 -128.915     65.0   1009.4
     1     1    19     5    16     7     0     1  -191.0   30.059 -129.077     65.0   1009.4
     1     1    19     5    16     6     0     0  -192.0   30.236 -129.252     65.0   1009.3
     1     1    19     5    16     5     0     1  -193.0   30.415 -129.447     65.0   1008.8
     1     1    19     5    16     4     0     2  -194.0   30.596 -129.666     65.0   1008.4
     1     1    19     5    16     3     0     3  -195.0   30.775 -129.907     65.1   1008.0
     1     1    19     5    16     2     0     2  -196.0   30.955 -130.165     66.4   1007.5
     1     1    19     5    16     1     0     1  -197.0   31.138 -130.435     70.5   1006.7
     1     1    19     5    16     0     0     0  -198.0   31.325 -130.715     77.8   1005.7
     1     1    19     5    15    23     0     1  -199.0   31.516 -131.005     86.7   1004.3
     1     1    19     5    15    22     0     2  -200.0   31.710 -131.298     93.8   1003.4
     1     1    19     5    15    21     0     3  -201.0   31.910 -131.592     99.7   1002.9
     1     1    19     5    15    20     0     2  -202.0   32.125 -131.886    106.8   1001.5
     1     1    19     5    15    19     0     1  -203.0   32.365 -132.177    114.9   1000.0
     1     1    19     5    15    18     0     0  -204.0   32.624 -132.458    123.0    998.7
     1     1    19     5    15    17     0     1  -205.0   32.903 -132.745    133.2    997.0
     1     1    19     5    15    16     0     2  -206.0   33.202 -133.045    147.5    994.7
     1     1    19     5    15    15     0     3  -207.0   33.520 -133.347    165.9    991.5
     1     1    19     5    15    14     0     2  -208.0   33.852 -133.649    183.0    988.2
     1     1    19     5    15    13     0     1  -209.0   34.193 -133.943    193.1    986.6
     1     1    19     5    15    12     0     0  -210.0   34.530 -134.226    198.0    986.0
     1     1    19     5    15    11     0     1  -211.0   34.848 -134.486    203.8    985.8
     1     1    19     5    15    10     0     2  -212.0   35.145 -134.713    213.2    984.8
     1     1    19     5    15     9     0     3  -213.0   35.419 -134.910    225.1    983.7
     1     1    19     5    15     8     0     2  -214.0   35.667 -135.069    237.6    982.3
     1     1    19     5    15     7     0     1  -215.0   35.891 -135.181    249.6    981.4
     1     1    19     5    15     6     0     0  -216.0   36.096 -135.250    262.0    980.3
     1     1    19     5    15     5     0     1  -217.0   36.282 -135.267    273.7    978.8
     1     1    19     5    15     4     0     2  -218.0   36.444 -135.233    283.1    977.7
     1     1    19     5    15     3     0     3  -219.0   36.582 -135.150    289.7    977.0
     1     1    19     5    15     2     0     2  -220.0   36.693 -135.039    290.4    976.9
     1     1    19     5    15     1     0     1  -221.0   36.783 -134.920    283.6    978.2
     1     1    19     5    15     0     0     0  -222.0   36.857 -134.796    271.0    980.4
     1     1    19     5    14    23     0     1  -223.0   36.923 -134.669    257.4    983.0
     1     1    19     5    14    22     0     2  -224.0   36.983 -134.541    246.3    984.6
     1     1    19     5    14    21     0     3  -225.0   37.040 -134.410    237.1    986.1
     1     1    19     5    14    20     0     2  -226.0   37.102 -134.279    233.5    987.2
     1     1    19     5    14    19     0     1  -227.0   37.173 -134.155    238.9    986.8
     1     1    19     5    14    18     0     0  -228.0   37.251 -134.043    252.4    985.6
     1     1    19     5    14    17     0     1  -229.0   37.331 -133.956    269.0    983.2
     1     1    19     5    14    16     0     2  -230.0   37.412 -133.907    283.8    981.1
     1     1    19     5    14    15     0     3  -231.0   37.492 -133.894    296.3    979.5
     1     1    19     5    14    14     0     2  -232.0   37.570 -133.915    305.6    978.2
     1     1    19     5    14    13     0     1  -233.0   37.646 -133.965    310.6    977.7
     1     1    19     5    14    12     0     0  -234.0   37.718 -134.044    312.2    977.6
     1     1    19     5    14    11     0     1  -235.0   37.784 -134.150    313.0    977.9
     1     1    19     5    14    10     0     2  -236.0   37.842 -134.280    315.4    977.7
     1     1    19     5    14     9     0     3  -237.0   37.890 -134.429    319.4    977.3
     1     1    19     5    14     8     0     2  -238.0   37.930 -134.594    323.8    976.8
     1     1    19     5    14     7     0     1  -239.0   37.964 -134.770    327.3    976.6
     1     1    19     5    14     6     0     0  -240.0   37.987 -134.961    329.0    976.5
