     7     1
    GDAS    19     6     1     0     0
    GDAS    19     7     1     0     0
    GDAS    19     8     1     0     0
    GDAS    19     9     1     0     0
    GDAS    19    10     1     0     0
    GDAS    19    11     1     0     0
    GDAS    19    12     1     0     0
     1 BACKWARD OMEGA   
    19     8    22    18   21.319 -157.670    10.0
     1 PRESSURE
     1     1    19     8    22    18     0     0     0.0   21.319 -157.670     10.0   1014.5
     1     1    19     8    22    17     0     1    -1.0   21.427 -157.467     42.2   1010.8
     1     1    19     8    22    16     0     2    -2.0   21.497 -157.248    132.0    998.6
     1     1    19     8    22    15     0     3    -3.0   21.532 -157.007    253.6    983.8
     1     1    19     8    22    14     0     2    -4.0   21.546 -156.749    383.4    968.0
     1     1    19     8    22    13     0     1    -5.0   21.546 -156.480    485.3    957.1
     1     1    19     8    22    12     0     0    -6.0   21.531 -156.195    550.5    951.1
     1     1    19     8    22    11     0     1    -7.0   21.511 -155.899    576.7    949.9
     1     1    19     8    22    10     0     2    -8.0   21.502 -155.600    585.4    951.8
     1     1    19     8    22     9     0     3    -9.0   21.507 -155.293    604.7    951.3
     1     1    19     8    22     8     0     2   -10.0   21.531 -154.981    640.2    947.1
     1     1    19     8    22     7     0     1   -11.0   21.580 -154.671    674.2    941.2
     1     1    19     8    22     6     0     0   -12.0   21.656 -154.362    694.7    938.9
     1     1    19     8    22     5     0     1   -13.0   21.749 -154.058    703.9    937.7
     1     1    19     8    22     4     0     2   -14.0   21.852 -153.767    708.2    937.8
     1     1    19     8    22     3     0     3   -15.0   21.965 -153.491    715.3    936.9
     1     1    19     8    22     2     0     2   -16.0   22.082 -153.226    721.3    935.8
     1     1    19     8    22     1     0     1   -17.0   22.190 -152.963    725.7    935.8
     1     1    19     8    22     0     0     0   -18.0   22.287 -152.708    736.5    935.1
     1     1    19     8    21    23     0     1   -19.0   22.374 -152.461    756.8    933.2
     1     1    19     8    21    22     0     2   -20.0   22.457 -152.218    781.0    930.6
     1     1    19     8    21    21     0     3   -21.0   22.535 -151.976    802.4    928.6
     1     1    19     8    21    20     0     2   -22.0   22.613 -151.734    825.2    926.8
     1     1    19     8    21    19     0     1   -23.0   22.699 -151.490    854.2    923.4
     1     1    19     8    21    18     0     0   -24.0   22.802 -151.245    882.3    919.9
     1     1    19     8    21    17     0     1   -25.0   22.914 -151.007    897.8    917.3
     1     1    19     8    21    16     0     2   -26.0   23.016 -150.777    901.3    917.7
     1     1    19     8    21    15     0     3   -27.0   23.100 -150.553    901.9    917.5
     1     1    19     8    21    14     0     2   -28.0   23.180 -150.328    905.5    917.4
     1     1    19     8    21    13     0     1   -29.0   23.267 -150.105    918.1    915.8
     1     1    19     8    21    12     0     0   -30.0   23.354 -149.880    936.9    913.0
     1     1    19     8    21    11     0     1   -31.0   23.436 -149.652    952.2    911.4
     1     1    19     8    21    10     0     2   -32.0   23.516 -149.418    960.5    911.5
     1     1    19     8    21     9     0     3   -33.0   23.601 -149.176    966.1    911.9
     1     1    19     8    21     8     0     2   -34.0   23.695 -148.935    968.0    910.9
     1     1    19     8    21     7     0     1   -35.0   23.795 -148.714    964.9    911.0
     1     1    19     8    21     6     0     0   -36.0   23.902 -148.516    957.5    911.2
     1     1    19     8    21     5     0     1   -37.0   24.012 -148.340    946.0    912.3
     1     1    19     8    21     4     0     2   -38.0   24.115 -148.178    932.5    913.4
     1     1    19     8    21     3     0     3   -39.0   24.213 -148.027    916.7    914.6
     1     1    19     8    21     2     0     2   -40.0   24.296 -147.879    904.9    916.7
     1     1    19     8    21     1     0     1   -41.0   24.358 -147.729    901.9    916.7
     1     1    19     8    21     0     0     0   -42.0   24.401 -147.578    902.7    916.2
     1     1    19     8    20    23     0     1   -43.0   24.431 -147.426    901.9    916.4
     1     1    19     8    20    22     0     2   -44.0   24.453 -147.271    900.2    917.4
     1     1    19     8    20    21     0     3   -45.0   24.469 -147.116    904.4    917.8
     1     1    19     8    20    20     0     2   -46.0   24.482 -146.956    914.4    916.0
     1     1    19     8    20    19     0     1   -47.0   24.493 -146.787    923.7    914.4
     1     1    19     8    20    18     0     0   -48.0   24.502 -146.607    931.1    913.6
     1     1    19     8    20    17     0     1   -49.0   24.508 -146.416    935.3    912.5
     1     1    19     8    20    16     0     2   -50.0   24.508 -146.212    933.5    912.5
     1     1    19     8    20    15     0     3   -51.0   24.498 -145.997    927.4    913.1
     1     1    19     8    20    14     0     2   -52.0   24.495 -145.772    926.5    913.9
     1     1    19     8    20    13     0     1   -53.0   24.512 -145.544    935.7    912.4
     1     1    19     8    20    12     0     0   -54.0   24.545 -145.318    947.3    910.5
     1     1    19     8    20    11     0     1   -55.0   24.590 -145.096    946.3    909.9
     1     1    19     8    20    10     0     2   -56.0   24.649 -144.876    930.6    913.0
     1     1    19     8    20     9     0     3   -57.0   24.718 -144.657    913.5    915.8
     1     1    19     8    20     8     0     2   -58.0   24.793 -144.444    897.6    917.1
     1     1    19     8    20     7     0     1   -59.0   24.869 -144.247    872.6    918.7
     1     1    19     8    20     6     0     0   -60.0   24.951 -144.069    818.6    922.7
     1     1    19     8    20     5     0     1   -61.0   25.021 -143.908    755.0    932.5
     1     1    19     8    20     4     0     2   -62.0   25.067 -143.754    719.8    936.9
     1     1    19     8    20     3     0     3   -63.0   25.094 -143.603    716.5    936.6
     1     1    19     8    20     2     0     2   -64.0   25.103 -143.454    729.0    933.7
     1     1    19     8    20     1     0     1   -65.0   25.095 -143.305    740.3    931.8
     1     1    19     8    20     0     0     0   -66.0   25.066 -143.157    741.7    931.0
     1     1    19     8    19    23     0     1   -67.0   25.025 -143.001    734.0    932.9
     1     1    19     8    19    22     0     2   -68.0   24.983 -142.822    724.9    934.6
     1     1    19     8    19    21     0     3   -69.0   24.943 -142.617    715.0    936.0
     1     1    19     8    19    20     0     2   -70.0   24.909 -142.399    691.6    937.3
     1     1    19     8    19    19     0     1   -71.0   24.884 -142.185    645.4    942.6
     1     1    19     8    19    18     0     0   -72.0   24.858 -141.981    582.7    949.6
     1     1    19     8    19    17     0     1   -73.0   24.829 -141.781    522.4    957.4
     1     1    19     8    19    16     0     2   -74.0   24.799 -141.570    477.6    962.0
     1     1    19     8    19    15     0     3   -75.0   24.760 -141.348    445.0    965.3
     1     1    19     8    19    14     0     2   -76.0   24.719 -141.120    422.6    967.5
     1     1    19     8    19    13     0     1   -77.0   24.690 -140.894    405.9    968.7
     1     1    19     8    19    12     0     0   -78.0   24.676 -140.669    389.0    970.1
     1     1    19     8    19    11     0     1   -79.0   24.671 -140.440    371.1    972.6
     1     1    19     8    19    10     0     2   -80.0   24.672 -140.206    354.7    974.9
     1     1    19     8    19     9     0     3   -81.0   24.687 -139.976    340.5    976.9
     1     1    19     8    19     8     0     2   -82.0   24.711 -139.750    331.0    978.4
     1     1    19     8    19     7     0     1   -83.0   24.738 -139.528    327.8    978.7
     1     1    19     8    19     6     0     0   -84.0   24.765 -139.313    327.6    978.5
     1     1    19     8    19     5     0     1   -85.0   24.791 -139.102    327.1    977.9
     1     1    19     8    19     4     0     2   -86.0   24.818 -138.891    324.1    977.7
     1     1    19     8    19     3     0     3   -87.0   24.850 -138.679    317.5    977.9
     1     1    19     8    19     2     0     2   -88.0   24.883 -138.465    310.6    979.3
     1     1    19     8    19     1     0     1   -89.0   24.919 -138.245    306.9    979.9
     1     1    19     8    19     0     0     0   -90.0   24.958 -138.020    306.0    980.1
     1     1    19     8    18    23     0     1   -91.0   25.001 -137.783    304.5    980.3
     1     1    19     8    18    22     0     2   -92.0   25.052 -137.528    303.7    981.2
     1     1    19     8    18    21     0     3   -93.0   25.109 -137.257    312.8    980.9
     1     1    19     8    18    20     0     2   -94.0   25.182 -136.983    330.0    978.4
     1     1    19     8    18    19     0     1   -95.0   25.279 -136.718    339.5    976.7
     1     1    19     8    18    18     0     0   -96.0   25.393 -136.466    337.8    977.8
     1     1    19     8    18    17     0     1   -97.0   25.511 -136.230    336.8    978.1
     1     1    19     8    18    16     0     2   -98.0   25.624 -136.006    348.8    976.9
     1     1    19     8    18    15     0     3   -99.0   25.734 -135.787    376.1    972.9
     1     1    19     8    18    14     0     2  -100.0   25.843 -135.565    405.4    968.8
     1     1    19     8    18    13     0     1  -101.0   25.950 -135.335    431.9    966.7
     1     1    19     8    18    12     0     0  -102.0   26.054 -135.096    470.9    963.1
     1     1    19     8    18    11     0     1  -103.0   26.163 -134.854    508.5    956.5
     1     1    19     8    18    10     0     2  -104.0   26.285 -134.614    523.1    955.7
     1     1    19     8    18     9     0     3  -105.0   26.422 -134.372    525.3    956.6
     1     1    19     8    18     8     0     2  -106.0   26.575 -134.124    529.9    957.2
     1     1    19     8    18     7     0     1  -107.0   26.747 -133.864    543.5    955.6
     1     1    19     8    18     6     0     0  -108.0   26.940 -133.592    557.2    953.6
     1     1    19     8    18     5     0     1  -109.0   27.147 -133.328    562.4    952.6
     1     1    19     8    18     4     0     2  -110.0   27.360 -133.087    562.5    952.9
     1     1    19     8    18     3     0     3  -111.0   27.581 -132.860    567.1    952.7
     1     1    19     8    18     2     0     2  -112.0   27.815 -132.642    579.6    951.3
     1     1    19     8    18     1     0     1  -113.0   28.062 -132.434    597.0    949.4
     1     1    19     8    18     0     0     0  -114.0   28.316 -132.244    619.7    947.3
     1     1    19     8    17    23     0     1  -115.0   28.574 -132.062    650.1    944.8
     1     1    19     8    17    22     0     2  -116.0   28.838 -131.878    689.3    940.9
     1     1    19     8    17    21     0     3  -117.0   29.099 -131.699    737.1    936.0
     1     1    19     8    17    20     0     2  -118.0   29.367 -131.525    782.6    930.3
     1     1    19     8    17    19     0     1  -119.0   29.658 -131.352    819.1    927.0
     1     1    19     8    17    18     0     0  -120.0   29.965 -131.177    851.3    924.1
     1     1    19     8    17    17     0     1  -121.0   30.274 -131.013    882.3    920.9
     1     1    19     8    17    16     0     2  -122.0   30.580 -130.869    909.6    917.2
     1     1    19     8    17    15     0     3  -123.0   30.886 -130.741    922.3    914.8
     1     1    19     8    17    14     0     2  -124.0   31.197 -130.621    925.5    915.5
     1     1    19     8    17    13     0     1  -125.0   31.512 -130.506    936.6    914.8
     1     1    19     8    17    12     0     0  -126.0   31.827 -130.400    965.9    912.0
     1     1    19     8    17    11     0     1  -127.0   32.146 -130.298    992.8    906.6
     1     1    19     8    17    10     0     2  -128.0   32.478 -130.192    993.4    907.0
     1     1    19     8    17     9     0     3  -129.0   32.829 -130.079    970.9    909.8
     1     1    19     8    17     8     0     2  -130.0   33.203 -129.969    946.4    915.0
     1     1    19     8    17     7     0     1  -131.0   33.594 -129.873    943.8    916.0
     1     1    19     8    17     6     0     0  -132.0   34.008 -129.792    966.4    913.8
     1     1    19     8    17     5     0     1  -133.0   34.435 -129.725    993.4    908.7
     1     1    19     8    17     4     0     2  -134.0   34.870 -129.670   1015.9    907.2
     1     1    19     8    17     3     0     3  -135.0   35.312 -129.628   1044.1    904.2
     1     1    19     8    17     2     0     2  -136.0   35.764 -129.597   1071.1    900.7
     1     1    19     8    17     1     0     1  -137.0   36.226 -129.576   1100.2    898.9
     1     1    19     8    17     0     0     0  -138.0   36.696 -129.570   1145.1    894.8
     1     1    19     8    16    23     0     1  -139.0   37.164 -129.576   1203.3    888.6
     1     1    19     8    16    22     0     2  -140.0   37.624 -129.589   1267.5    882.0
     1     1    19     8    16    21     0     3  -141.0   38.076 -129.609   1333.4    875.3
     1     1    19     8    16    20     0     2  -142.0   38.521 -129.646   1386.8    868.9
     1     1    19     8    16    19     0     1  -143.0   38.960 -129.697   1421.6    866.3
     1     1    19     8    16    18     0     0  -144.0   39.390 -129.755   1434.9    864.3
     1     1    19     8    16    17     0     1  -145.0   39.804 -129.821   1424.3    865.9
     1     1    19     8    16    16     0     2  -146.0   40.197 -129.898   1408.1    868.8
     1     1    19     8    16    15     0     3  -147.0   40.566 -129.984   1400.3    869.8
     1     1    19     8    16    14     0     2  -148.0   40.907 -130.072   1398.5    869.5
     1     1    19     8    16    13     0     1  -149.0   41.225 -130.162   1396.7    869.5
     1     1    19     8    16    12     0     0  -150.0   41.526 -130.257   1393.9    869.8
     1     1    19     8    16    11     0     1  -151.0   41.812 -130.358   1400.5    870.3
     1     1    19     8    16    10     0     2  -152.0   42.083 -130.462   1423.4    868.0
     1     1    19     8    16     9     0     3  -153.0   42.335 -130.570   1454.0    864.5
     1     1    19     8    16     8     0     2  -154.0   42.568 -130.694   1484.2    861.7
     1     1    19     8    16     7     0     1  -155.0   42.782 -130.843   1521.2    859.2
     1     1    19     8    16     6     0     0  -156.0   42.978 -131.014   1585.0    854.0
     1     1    19     8    16     5     0     1  -157.0   43.153 -131.207   1651.4    843.8
     1     1    19     8    16     4     0     2  -158.0   43.298 -131.418   1690.8    840.0
     1     1    19     8    16     3     0     3  -159.0   43.412 -131.638   1705.2    838.5
     1     1    19     8    16     2     0     2  -160.0   43.493 -131.857   1704.3    839.5
     1     1    19     8    16     1     0     1  -161.0   43.545 -132.068   1699.4    840.1
     1     1    19     8    16     0     0     0  -162.0   43.571 -132.272   1691.3    840.8
     1     1    19     8    15    23     0     1  -163.0   43.576 -132.472   1689.4    842.3
     1     1    19     8    15    22     0     2  -164.0   43.560 -132.664   1709.3    841.1
     1     1    19     8    15    21     0     3  -165.0   43.520 -132.850   1759.2    836.9
     1     1    19     8    15    20     0     2  -166.0   43.468 -133.032   1808.5    828.9
     1     1    19     8    15    19     0     1  -167.0   43.416 -133.206   1825.4    827.4
     1     1    19     8    15    18     0     0  -168.0   43.361 -133.367   1815.0    828.8
     1     1    19     8    15    17     0     1  -169.0   43.302 -133.527   1795.3    831.7
     1     1    19     8    15    16     0     2  -170.0   43.236 -133.698   1781.7    832.8
     1     1    19     8    15    15     0     3  -171.0   43.160 -133.875   1780.2    833.1
     1     1    19     8    15    14     0     2  -172.0   43.077 -134.059   1774.2    831.4
     1     1    19     8    15    13     0     1  -173.0   42.991 -134.257   1731.4    834.8
     1     1    19     8    15    12     0     0  -174.0   42.896 -134.466   1653.4    843.2
     1     1    19     8    15    11     0     1  -175.0   42.787 -134.668   1587.1    853.9
     1     1    19     8    15    10     0     2  -176.0   42.671 -134.848   1567.4    856.1
     1     1    19     8    15     9     0     3  -177.0   42.553 -135.007   1594.7    853.6
     1     1    19     8    15     8     0     2  -178.0   42.435 -135.159   1637.6    845.6
     1     1    19     8    15     7     0     1  -179.0   42.318 -135.308   1660.0    843.0
     1     1    19     8    15     6     0     0  -180.0   42.204 -135.445   1660.8    842.8
     1     1    19     8    15     5     0     1  -181.0   42.098 -135.583   1652.0    844.7
     1     1    19     8    15     4     0     2  -182.0   42.005 -135.746   1645.6    845.3
     1     1    19     8    15     3     0     3  -183.0   41.937 -135.939   1640.9    845.4
     1     1    19     8    15     2     0     2  -184.0   41.867 -136.157   1645.6    845.6
     1     1    19     8    15     1     0     1  -185.0   41.770 -136.401   1666.5    843.1
     1     1    19     8    15     0     0     0  -186.0   41.661 -136.687   1696.1    839.3
     1     1    19     8    14    23     0     1  -187.0   41.534 -136.985   1720.3    836.0
     1     1    19     8    14    22     0     2  -188.0   41.378 -137.252   1731.9    834.9
     1     1    19     8    14    21     0     3  -189.0   41.206 -137.517   1751.2    834.6
     1     1    19     8    14    20     0     2  -190.0   41.026 -137.803   1793.2    830.0
     1     1    19     8    14    19     0     1  -191.0   40.842 -138.095   1850.1    823.8
     1     1    19     8    14    18     0     0  -192.0   40.651 -138.387   1895.6    816.8
     1     1    19     8    14    17     0     1  -193.0   40.450 -138.678   1895.0    815.2
     1     1    19     8    14    16     0     2  -194.0   40.249 -138.965   1841.9    821.0
     1     1    19     8    14    15     0     3  -195.0   40.049 -139.293   1772.6    830.2
     1     1    19     8    14    14     0     2  -196.0   39.829 -139.653   1731.7    834.8
     1     1    19     8    14    13     0     1  -197.0   39.601 -139.983   1690.0    835.2
     1     1    19     8    14    12     0     0  -198.0   39.379 -140.297   1636.1    842.5
     1     1    19     8    14    11     0     1  -199.0   39.158 -140.624   1618.5    847.1
     1     1    19     8    14    10     0     2  -200.0   38.934 -140.961   1632.4    842.8
     1     1    19     8    14     9     0     3  -201.0   38.698 -141.286   1622.9    842.0
     1     1    19     8    14     8     0     2  -202.0   38.465 -141.588   1579.1    847.4
     1     1    19     8    14     7     0     1  -203.0   38.256 -141.882   1505.3    854.1
     1     1    19     8    14     6     0     0  -204.0   38.060 -142.207   1438.1    864.9
     1     1    19     8    14     5     0     1  -205.0   37.846 -142.589   1459.2    865.6
     1     1    19     8    14     4     0     2  -206.0   37.628 -142.994   1519.0    852.7
     1     1    19     8    14     3     0     3  -207.0   37.426 -143.394   1517.0    848.7
     1     1    19     8    14     2     0     2  -208.0   37.227 -143.793   1454.9    858.9
     1     1    19     8    14     1     0     1  -209.0   37.005 -144.198   1390.4    867.3
     1     1    19     8    14     0     0     0  -210.0   36.760 -144.600   1308.3    871.8
     1     1    19     8    13    23     0     1  -211.0   36.500 -144.986   1199.9    886.2
     1     1    19     8    13    22     0     2  -212.0   36.238 -145.358   1115.5    897.6
     1     1    19     8    13    21     0     3  -213.0   35.978 -145.712   1076.1    901.7
     1     1    19     8    13    20     0     2  -214.0   35.718 -146.035   1052.7    901.1
     1     1    19     8    13    19     0     1  -215.0   35.457 -146.332   1017.7    904.6
     1     1    19     8    13    18     0     0  -216.0   35.184 -146.619    982.6    909.7
     1     1    19     8    13    17     0     1  -217.0   34.905 -146.899    948.0    911.9
     1     1    19     8    13    16     0     2  -218.0   34.634 -147.161    899.8    916.9
     1     1    19     8    13    15     0     3  -219.0   34.369 -147.410    837.4    923.4
     1     1    19     8    13    14     0     2  -220.0   34.094 -147.661    777.2    931.5
     1     1    19     8    13    13     0     1  -221.0   33.813 -147.902    744.0    936.2
     1     1    19     8    13    12     0     0  -222.0   33.545 -148.125    739.7    936.0
     1     1    19     8    13    11     0     1  -223.0   33.291 -148.336    736.1    934.3
     1     1    19     8    13    10     0     2  -224.0   33.040 -148.545    715.0    937.5
     1     1    19     8    13     9     0     3  -225.0   32.795 -148.741    687.6    941.6
     1     1    19     8    13     8     0     2  -226.0   32.562 -148.919    660.9    944.8
     1     1    19     8    13     7     0     1  -227.0   32.331 -149.087    639.7    947.7
     1     1    19     8    13     6     0     0  -228.0   32.100 -149.255    626.2    948.8
     1     1    19     8    13     5     0     1  -229.0   31.878 -149.423    609.7    949.5
     1     1    19     8    13     4     0     2  -230.0   31.670 -149.585    588.3    952.0
     1     1    19     8    13     3     0     3  -231.0   31.472 -149.744    569.7    954.0
     1     1    19     8    13     2     0     2  -232.0   31.262 -149.902    549.5    955.3
     1     1    19     8    13     1     0     1  -233.0   31.016 -150.066    516.3    958.4
     1     1    19     8    13     0     0     0  -234.0   30.754 -150.224    475.9    964.1
     1     1    19     8    12    23     0     1  -235.0   30.501 -150.358    442.6    969.0
     1     1    19     8    12    22     0     2  -236.0   30.247 -150.468    415.5    971.7
     1     1    19     8    12    21     0     3  -237.0   29.978 -150.562    385.1    974.9
     1     1    19     8    12    20     0     2  -238.0   29.701 -150.639    348.3    978.9
     1     1    19     8    12    19     0     1  -239.0   29.429 -150.698    313.1    983.8
     1     1    19     8    12    18     0     0  -240.0   29.161 -150.737    292.9    987.1
