     7     1
    GDAS    19     6     1     0     0
    GDAS    19     7     1     0     0
    GDAS    19     8     1     0     0
    GDAS    19     9     1     0     0
    GDAS    19    10     1     0     0
    GDAS    19    11     1     0     0
    GDAS    19    12     1     0     0
     1 BACKWARD OMEGA   
    19     8    11     6   21.319 -157.670    10.0
     1 PRESSURE
     1     1    19     8    11     6     0     0     0.0   21.319 -157.670     10.0   1011.0
     1     1    19     8    11     5     0     1    -1.0   21.374 -157.578     21.0   1008.8
     1     1    19     8    11     4     0     2    -2.0   21.408 -157.488     28.5   1006.6
     1     1    19     8    11     3     0     3    -3.0   21.421 -157.407     21.1   1006.4
     1     1    19     8    11     2     0     2    -4.0   21.422 -157.337     11.1   1009.2
     1     1    19     8    11     1     0     1    -5.0   21.416 -157.278      3.3   1008.9
     1     1    19     8    11     0     0     0    -6.0   21.405 -157.233      0.0   1008.7
     1     1    19     8    10    23     0     1    -7.0   21.389 -157.190      0.0   1009.6
     1     1    19     8    10    22     0     2    -8.0   21.369 -157.139      0.0   1010.4
     1     1    19     8    10    21     0     3    -9.0   21.344 -157.080      0.0   1011.1
     1     1    19     8    10    20     0     2   -10.0   21.321 -157.015      0.0   1010.4
     1     1    19     8    10    19     0     1   -11.0   21.305 -156.937      0.9   1010.3
     1     1    19     8    10    18     0     0   -12.0   21.287 -156.833      7.3   1010.4
     1     1    19     8    10    17     0     1   -13.0   21.267 -156.705     21.6   1008.4
     1     1    19     8    10    16     0     2   -14.0   21.246 -156.553     54.7   1004.6
     1     1    19     8    10    15     0     3   -15.0   21.223 -156.380     93.3    999.2
     1     1    19     8    10    14     0     2   -16.0   21.191 -156.184    114.1    998.2
     1     1    19     8    10    13     0     1   -17.0   21.149 -155.959    113.9    999.6
     1     1    19     8    10    12     0     0   -18.0   21.100 -155.715    103.0   1001.3
     1     1    19     8    10    11     0     1   -19.0   21.045 -155.467     91.2   1003.5
     1     1    19     8    10    10     0     2   -20.0   20.984 -155.218     81.9   1005.7
     1     1    19     8    10     9     0     3   -21.0   20.928 -154.964     78.6   1007.7
     1     1    19     8    10     8     0     2   -22.0   20.885 -154.711     78.2   1006.3
     1     1    19     8    10     7     0     1   -23.0   20.859 -154.470     73.7   1006.0
     1     1    19     8    10     6     0     0   -24.0   20.855 -154.246     63.0   1006.5
     1     1    19     8    10     5     0     1   -25.0   20.864 -154.042     51.8   1008.4
     1     1    19     8    10     4     0     2   -26.0   20.873 -153.852     45.6   1009.0
     1     1    19     8    10     3     0     3   -27.0   20.879 -153.668     43.8   1009.0
     1     1    19     8    10     2     0     2   -28.0   20.875 -153.486     43.8   1008.9
     1     1    19     8    10     1     0     1   -29.0   20.859 -153.308     43.8   1009.0
     1     1    19     8    10     0     0     0   -30.0   20.833 -153.132     43.8   1009.0
     1     1    19     8     9    23     0     1   -31.0   20.799 -152.949     43.9   1009.4
     1     1    19     8     9    22     0     2   -32.0   20.757 -152.753     44.4   1009.8
     1     1    19     8     9    21     0     3   -33.0   20.704 -152.543     45.1   1010.1
     1     1    19     8     9    20     0     2   -34.0   20.647 -152.318     46.7   1010.1
     1     1    19     8     9    19     0     1   -35.0   20.590 -152.082     49.2   1009.9
     1     1    19     8     9    18     0     0   -36.0   20.536 -151.837     52.5   1009.8
     1     1    19     8     9    17     0     1   -37.0   20.491 -151.588     56.3   1009.1
     1     1    19     8     9    16     0     2   -38.0   20.457 -151.345     60.2   1008.3
     1     1    19     8     9    15     0     3   -39.0   20.426 -151.107     64.5   1007.4
     1     1    19     8     9    14     0     2   -40.0   20.399 -150.874     70.1   1006.6
     1     1    19     8     9    13     0     1   -41.0   20.378 -150.639     77.7   1005.6
     1     1    19     8     9    12     0     0   -42.0   20.359 -150.401     87.1   1004.3
     1     1    19     8     9    11     0     1   -43.0   20.338 -150.156     95.7   1004.0
     1     1    19     8     9    10     0     2   -44.0   20.312 -149.901     99.9   1004.3
     1     1    19     8     9     9     0     3   -45.0   20.285 -149.640     99.9   1005.2
     1     1    19     8     9     8     0     2   -46.0   20.263 -149.375     98.4   1005.1
     1     1    19     8     9     7     0     1   -47.0   20.250 -149.105     97.6   1004.7
     1     1    19     8     9     6     0     0   -48.0   20.246 -148.827     97.2   1004.2
     1     1    19     8     9     5     0     1   -49.0   20.253 -148.538     97.9   1004.0
     1     1    19     8     9     4     0     2   -50.0   20.271 -148.235    101.3   1003.4
     1     1    19     8     9     3     0     3   -51.0   20.298 -147.913    108.6   1002.5
     1     1    19     8     9     2     0     2   -52.0   20.328 -147.594    117.2   1001.3
     1     1    19     8     9     1     0     1   -53.0   20.356 -147.293    123.6   1000.7
     1     1    19     8     9     0     0     0   -54.0   20.376 -146.999    127.7   1000.2
     1     1    19     8     8    23     0     1   -55.0   20.391 -146.706    132.2   1000.7
     1     1    19     8     8    22     0     2   -56.0   20.407 -146.408    139.1   1000.7
     1     1    19     8     8    21     0     3   -57.0   20.429 -146.105    146.1   1000.5
     1     1    19     8     8    20     0     2   -58.0   20.455 -145.804    152.0    999.6
     1     1    19     8     8    19     0     1   -59.0   20.481 -145.505    158.1    998.9
     1     1    19     8     8    18     0     0   -60.0   20.507 -145.206    167.5    997.9
     1     1    19     8     8    17     0     1   -61.0   20.535 -144.905    178.1    996.0
     1     1    19     8     8    16     0     2   -62.0   20.563 -144.607    184.3    994.8
     1     1    19     8     8    15     0     3   -63.0   20.592 -144.315    186.3    994.6
     1     1    19     8     8    14     0     2   -64.0   20.619 -144.028    187.3    994.7
     1     1    19     8     8    13     0     1   -65.0   20.641 -143.747    190.2    994.5
     1     1    19     8     8    12     0     0   -66.0   20.661 -143.470    196.5    993.9
     1     1    19     8     8    11     0     1   -67.0   20.680 -143.194    205.0    993.3
     1     1    19     8     8    10     0     2   -68.0   20.700 -142.915    212.7    993.0
     1     1    19     8     8     9     0     3   -69.0   20.721 -142.634    217.7    992.9
     1     1    19     8     8     8     0     2   -70.0   20.744 -142.352    220.8    992.5
     1     1    19     8     8     7     0     1   -71.0   20.768 -142.068    223.6    992.0
     1     1    19     8     8     6     0     0   -72.0   20.797 -141.780    226.0    991.6
     1     1    19     8     8     5     0     1   -73.0   20.833 -141.485    226.9    991.0
     1     1    19     8     8     4     0     2   -74.0   20.881 -141.184    226.1    990.7
     1     1    19     8     8     3     0     3   -75.0   20.937 -140.881    226.3    990.4
     1     1    19     8     8     2     0     2   -76.0   20.992 -140.578    227.5    990.0
     1     1    19     8     8     1     0     1   -77.0   21.042 -140.279    226.2    989.9
     1     1    19     8     8     0     0     0   -78.0   21.093 -139.986    218.6    990.5
     1     1    19     8     7    23     0     1   -79.0   21.148 -139.696    210.6    992.9
     1     1    19     8     7    22     0     2   -80.0   21.206 -139.407    208.6    993.6
     1     1    19     8     7    21     0     3   -81.0   21.266 -139.120    208.7    994.0
     1     1    19     8     7    20     0     2   -82.0   21.333 -138.838    212.3    994.0
     1     1    19     8     7    19     0     1   -83.0   21.411 -138.565    221.3    992.8
     1     1    19     8     7    18     0     0   -84.0   21.500 -138.302    233.8    991.5
     1     1    19     8     7    17     0     1   -85.0   21.588 -138.047    243.0    989.6
     1     1    19     8     7    16     0     2   -86.0   21.669 -137.800    244.7    989.3
     1     1    19     8     7    15     0     3   -87.0   21.747 -137.559    243.0    989.4
     1     1    19     8     7    14     0     2   -88.0   21.821 -137.318    240.5    989.7
     1     1    19     8     7    13     0     1   -89.0   21.889 -137.074    237.6    989.9
     1     1    19     8     7    12     0     0   -90.0   21.950 -136.824    232.9    990.2
     1     1    19     8     7    11     0     1   -91.0   22.002 -136.564    228.7    991.4
     1     1    19     8     7    10     0     2   -92.0   22.050 -136.294    227.2    991.8
     1     1    19     8     7     9     0     3   -93.0   22.100 -136.022    225.5    992.3
     1     1    19     8     7     8     0     2   -94.0   22.158 -135.745    222.4    992.8
     1     1    19     8     7     7     0     1   -95.0   22.221 -135.463    218.4    993.3
     1     1    19     8     7     6     0     0   -96.0   22.289 -135.179    210.8    994.0
     1     1    19     8     7     5     0     1   -97.0   22.369 -134.899    201.8    995.1
     1     1    19     8     7     4     0     2   -98.0   22.468 -134.625    197.0    995.6
     1     1    19     8     7     3     0     3   -99.0   22.587 -134.354    197.6    995.0
     1     1    19     8     7     2     0     2  -100.0   22.715 -134.090    202.0    994.4
     1     1    19     8     7     1     0     1  -101.0   22.845 -133.833    207.7    993.4
     1     1    19     8     7     0     0     0  -102.0   22.975 -133.583    209.9    992.7
     1     1    19     8     6    23     0     1  -103.0   23.103 -133.348    205.1    993.6
     1     1    19     8     6    22     0     2  -104.0   23.228 -133.131    196.1    995.3
     1     1    19     8     6    21     0     3  -105.0   23.354 -132.931    187.2    997.0
     1     1    19     8     6    20     0     2  -106.0   23.475 -132.740    180.5    998.2
     1     1    19     8     6    19     0     1  -107.0   23.590 -132.548    178.4    999.0
     1     1    19     8     6    18     0     0  -108.0   23.699 -132.358    183.9    998.7
     1     1    19     8     6    17     0     1  -109.0   23.800 -132.171    196.8    996.6
     1     1    19     8     6    16     0     2  -110.0   23.892 -131.987    215.2    993.9
     1     1    19     8     6    15     0     3  -111.0   23.977 -131.809    235.7    991.1
     1     1    19     8     6    14     0     2  -112.0   24.065 -131.636    252.5    988.8
     1     1    19     8     6    13     0     1  -113.0   24.159 -131.467    262.8    987.6
     1     1    19     8     6    12     0     0  -114.0   24.252 -131.302    269.7    986.7
     1     1    19     8     6    11     0     1  -115.0   24.344 -131.136    274.6    986.2
     1     1    19     8     6    10     0     2  -116.0   24.438 -130.972    278.0    986.1
     1     1    19     8     6     9     0     3  -117.0   24.537 -130.812    281.4    985.9
     1     1    19     8     6     8     0     2  -118.0   24.640 -130.655    286.5    985.8
     1     1    19     8     6     7     0     1  -119.0   24.748 -130.499    295.3    985.1
     1     1    19     8     6     6     0     0  -120.0   24.863 -130.344    309.8    983.9
     1     1    19     8     6     5     0     1  -121.0   24.983 -130.192    328.9    980.9
     1     1    19     8     6     4     0     2  -122.0   25.107 -130.042    345.9    978.0
     1     1    19     8     6     3     0     3  -123.0   25.237 -129.902    352.5    976.4
     1     1    19     8     6     2     0     2  -124.0   25.364 -129.781    352.0    977.2
     1     1    19     8     6     1     0     1  -125.0   25.480 -129.676    353.1    977.2
     1     1    19     8     6     0     0     0  -126.0   25.584 -129.582    357.1    976.8
     1     1    19     8     5    23     0     1  -127.0   25.678 -129.485    362.8    976.5
     1     1    19     8     5    22     0     2  -128.0   25.761 -129.374    368.5    976.3
     1     1    19     8     5    21     0     3  -129.0   25.831 -129.247    372.1    976.3
     1     1    19     8     5    20     0     2  -130.0   25.901 -129.106    380.0    976.5
     1     1    19     8     5    19     0     1  -131.0   25.988 -128.951    410.5    974.6
     1     1    19     8     5    18     0     0  -132.0   26.101 -128.784    467.6    967.6
     1     1    19     8     5    17     0     1  -133.0   26.238 -128.616    517.3    958.7
     1     1    19     8     5    16     0     2  -134.0   26.391 -128.453    541.5    955.9
     1     1    19     8     5    15     0     3  -135.0   26.557 -128.293    544.3    955.2
     1     1    19     8     5    14     0     2  -136.0   26.731 -128.147    531.7    956.8
     1     1    19     8     5    13     0     1  -137.0   26.908 -128.021    522.4    958.8
     1     1    19     8     5    12     0     0  -138.0   27.092 -127.912    528.6    957.9
     1     1    19     8     5    11     0     1  -139.0   27.272 -127.813    535.3    955.5
     1     1    19     8     5    10     0     2  -140.0   27.439 -127.720    531.1    956.7
     1     1    19     8     5     9     0     3  -141.0   27.596 -127.634    525.0    958.0
     1     1    19     8     5     8     0     2  -142.0   27.748 -127.548    521.8    958.7
     1     1    19     8     5     7     0     1  -143.0   27.902 -127.454    524.9    959.0
     1     1    19     8     5     6     0     0  -144.0   28.057 -127.350    536.2    958.0
     1     1    19     8     5     5     0     1  -145.0   28.214 -127.243    542.8    955.7
     1     1    19     8     5     4     0     2  -146.0   28.373 -127.142    535.6    956.4
     1     1    19     8     5     3     0     3  -147.0   28.534 -127.044    519.5    958.2
     1     1    19     8     5     2     0     2  -148.0   28.702 -126.954    502.4    960.6
     1     1    19     8     5     1     0     1  -149.0   28.879 -126.882    492.7    961.9
     1     1    19     8     5     0     0     0  -150.0   29.065 -126.833    494.0    961.6
     1     1    19     8     4    23     0     1  -151.0   29.261 -126.804    494.7    960.5
     1     1    19     8     4    22     0     2  -152.0   29.462 -126.794    486.0    962.4
     1     1    19     8     4    21     0     3  -153.0   29.672 -126.802    477.1    964.3
     1     1    19     8     4    20     0     2  -154.0   29.884 -126.817    466.6    965.1
     1     1    19     8     4    19     0     1  -155.0   30.087 -126.830    445.3    967.6
     1     1    19     8     4    18     0     0  -156.0   30.279 -126.844    413.2    971.9
     1     1    19     8     4    17     0     1  -157.0   30.467 -126.863    376.8    975.7
     1     1    19     8     4    16     0     2  -158.0   30.660 -126.882    342.9    979.3
     1     1    19     8     4    15     0     3  -159.0   30.859 -126.902    317.0    982.2
     1     1    19     8     4    14     0     2  -160.0   31.066 -126.928    296.2    984.0
     1     1    19     8     4    13     0     1  -161.0   31.272 -126.964    274.2    986.6
     1     1    19     8     4    12     0     0  -162.0   31.475 -127.013    251.3    989.2
     1     1    19     8     4    11     0     1  -163.0   31.678 -127.079    231.3    991.6
     1     1    19     8     4    10     0     2  -164.0   31.885 -127.163    213.0    993.4
     1     1    19     8     4     9     0     3  -165.0   32.088 -127.262    192.3    995.7
     1     1    19     8     4     8     0     2  -166.0   32.284 -127.373    177.7    999.0
     1     1    19     8     4     7     0     1  -167.0   32.481 -127.494    174.8    999.2
     1     1    19     8     4     6     0     0  -168.0   32.686 -127.628    177.2    998.8
     1     1    19     8     4     5     0     1  -169.0   32.897 -127.773    179.3    998.0
     1     1    19     8     4     4     0     2  -170.0   33.106 -127.930    180.0    997.9
     1     1    19     8     4     3     0     3  -171.0   33.310 -128.101    182.0    997.8
     1     1    19     8     4     2     0     2  -172.0   33.506 -128.283    186.5    997.0
     1     1    19     8     4     1     0     1  -173.0   33.689 -128.476    191.0    996.2
     1     1    19     8     4     0     0     0  -174.0   33.855 -128.684    193.2    995.8
     1     1    19     8     3    23     0     1  -175.0   34.000 -128.909    197.6    996.5
     1     1    19     8     3    22     0     2  -176.0   34.127 -129.143    208.9    995.7
     1     1    19     8     3    21     0     3  -177.0   34.239 -129.378    220.8    994.2
     1     1    19     8     3    20     0     2  -178.0   34.343 -129.613    223.8    993.5
     1     1    19     8     3    19     0     1  -179.0   34.442 -129.853    216.9    994.6
     1     1    19     8     3    18     0     0  -180.0   34.533 -130.106    208.5    996.2
     1     1    19     8     3    17     0     1  -181.0   34.614 -130.367    208.2    996.7
     1     1    19     8     3    16     0     2  -182.0   34.686 -130.624    218.8    995.4
     1     1    19     8     3    15     0     3  -183.0   34.753 -130.871    236.9    993.2
     1     1    19     8     3    14     0     2  -184.0   34.813 -131.117    255.7    990.7
     1     1    19     8     3    13     0     1  -185.0   34.862 -131.376    269.6    988.9
     1     1    19     8     3    12     0     0  -186.0   34.898 -131.649    280.2    987.7
     1     1    19     8     3    11     0     1  -187.0   34.923 -131.929    288.9    986.8
     1     1    19     8     3    10     0     2  -188.0   34.939 -132.200    294.8    986.5
     1     1    19     8     3     9     0     3  -189.0   34.948 -132.459    299.6    986.4
     1     1    19     8     3     8     0     2  -190.0   34.955 -132.710    305.5    985.9
     1     1    19     8     3     7     0     1  -191.0   34.965 -132.961    311.0    985.3
     1     1    19     8     3     6     0     0  -192.0   34.976 -133.214    313.1    985.0
     1     1    19     8     3     5     0     1  -193.0   34.987 -133.478    314.9    984.9
     1     1    19     8     3     4     0     2  -194.0   34.994 -133.760    320.3    983.9
     1     1    19     8     3     3     0     3  -195.0   34.998 -134.057    329.7    982.4
     1     1    19     8     3     2     0     2  -196.0   34.987 -134.373    340.3    981.1
     1     1    19     8     3     1     0     1  -197.0   34.953 -134.715    348.6    980.3
     1     1    19     8     3     0     0     0  -198.0   34.901 -135.084    353.8    979.9
     1     1    19     8     2    23     0     1  -199.0   34.832 -135.465    361.5    979.7
     1     1    19     8     2    22     0     2  -200.0   34.750 -135.841    369.7    978.1
     1     1    19     8     2    21     0     3  -201.0   34.652 -136.214    372.6    977.9
     1     1    19     8     2    20     0     2  -202.0   34.539 -136.586    378.4    978.1
     1     1    19     8     2    19     0     1  -203.0   34.416 -136.958    389.9    976.4
     1     1    19     8     2    18     0     0  -204.0   34.281 -137.326    399.8    975.1
     1     1    19     8     2    17     0     1  -205.0   34.140 -137.684    407.7    974.2
     1     1    19     8     2    16     0     2  -206.0   33.999 -138.032    417.3    973.0
     1     1    19     8     2    15     0     3  -207.0   33.857 -138.374    429.0    971.3
     1     1    19     8     2    14     0     2  -208.0   33.718 -138.702    440.1    969.6
     1     1    19     8     2    13     0     1  -209.0   33.581 -139.007    448.9    968.4
     1     1    19     8     2    12     0     0  -210.0   33.448 -139.291    456.7    967.5
     1     1    19     8     2    11     0     1  -211.0   33.321 -139.560    464.6    967.0
     1     1    19     8     2    10     0     2  -212.0   33.207 -139.820    469.7    966.3
     1     1    19     8     2     9     0     3  -213.0   33.107 -140.070    468.9    966.7
     1     1    19     8     2     8     0     2  -214.0   33.020 -140.315    468.5    967.7
     1     1    19     8     2     7     0     1  -215.0   32.945 -140.560    474.6    967.0
     1     1    19     8     2     6     0     0  -216.0   32.883 -140.808    485.8    965.7
     1     1    19     8     2     5     0     1  -217.0   32.828 -141.055    499.0    963.6
     1     1    19     8     2     4     0     2  -218.0   32.774 -141.301    511.0    961.7
     1     1    19     8     2     3     0     3  -219.0   32.718 -141.547    518.8    960.2
     1     1    19     8     2     2     0     2  -220.0   32.659 -141.794    521.5    960.2
     1     1    19     8     2     1     0     1  -221.0   32.596 -142.040    519.7    960.4
     1     1    19     8     2     0     0     0  -222.0   32.530 -142.281    516.9    961.2
     1     1    19     8     1    23     0     1  -223.0   32.457 -142.513    521.0    961.5
     1     1    19     8     1    22     0     2  -224.0   32.376 -142.730    533.8    960.2
     1     1    19     8     1    21     0     3  -225.0   32.287 -142.932    550.6    958.4
     1     1    19     8     1    20     0     2  -226.0   32.196 -143.119    564.3    956.7
     1     1    19     8     1    19     0     1  -227.0   32.105 -143.290    571.3    956.2
     1     1    19     8     1    18     0     0  -228.0   32.016 -143.446    573.3    956.4
     1     1    19     8     1    17     0     1  -229.0   31.930 -143.585    577.1    956.1
     1     1    19     8     1    16     0     2  -230.0   31.854 -143.708    587.6    954.4
     1     1    19     8     1    15     0     3  -231.0   31.785 -143.816    603.0    952.1
     1     1    19     8     1    14     0     2  -232.0   31.717 -143.906    621.4    950.3
     1     1    19     8     1    13     0     1  -233.0   31.638 -143.979    643.7    948.3
     1     1    19     8     1    12     0     0  -234.0   31.549 -144.032    671.8    945.2
     1     1    19     8     1    11     0     1  -235.0   31.459 -144.059    700.7    941.3
     1     1    19     8     1    10     0     2  -236.0   31.380 -144.053    722.5    938.9
     1     1    19     8     1     9     0     3  -237.0   31.309 -144.016    733.9    937.6
     1     1    19     8     1     8     0     2  -238.0   31.244 -143.963    744.4    937.7
     1     1    19     8     1     7     0     1  -239.0   31.185 -143.907    765.3    935.5
     1     1    19     8     1     6     0     0  -240.0   31.131 -143.846    797.9    932.1
