     7     1
    GDAS    18    12     1     0     0
    GDAS    19     1     1     0     0
    GDAS    19     2     1     0     0
    GDAS    19     3     1     0     0
    GDAS    19     4     1     0     0
    GDAS    19     5     1     0     0
    GDAS    19     6     1     0     0
     1 BACKWARD OMEGA   
    19     1    27     6   21.319 -157.670    10.0
     1 PRESSURE
     1     1    19     1    27     6     0     0     0.0   21.319 -157.670     10.0   1011.2
     1     1    19     1    27     5     0     1    -1.0   21.572 -157.489     11.5   1011.0
     1     1    19     1    27     4     0     2    -2.0   21.833 -157.322     12.8   1010.8
     1     1    19     1    27     3     0     3    -3.0   22.101 -157.169     13.3   1010.9
     1     1    19     1    27     2     0     2    -4.0   22.372 -157.033     13.3   1011.8
     1     1    19     1    27     1     0     1    -5.0   22.644 -156.910     13.3   1011.9
     1     1    19     1    27     0     0     0    -6.0   22.924 -156.792     13.3   1011.5
     1     1    19     1    26    23     0     1    -7.0   23.202 -156.667     13.3   1012.8
     1     1    19     1    26    22     0     2    -8.0   23.469 -156.530     13.3   1013.8
     1     1    19     1    26    21     0     3    -9.0   23.726 -156.386     13.3   1014.8
     1     1    19     1    26    20     0     2   -10.0   23.981 -156.231     13.3   1014.5
     1     1    19     1    26    19     0     1   -11.0   24.244 -156.061     13.3   1013.8
     1     1    19     1    26    18     0     0   -12.0   24.517 -155.877     13.3   1013.6
     1     1    19     1    26    17     0     1   -13.0   24.805 -155.685     13.3   1013.3
     1     1    19     1    26    16     0     2   -14.0   25.112 -155.496     13.3   1012.7
     1     1    19     1    26    15     0     3   -15.0   25.433 -155.314     13.3   1012.2
     1     1    19     1    26    14     0     2   -16.0   25.772 -155.139     13.3   1012.3
     1     1    19     1    26    13     0     1   -17.0   26.136 -154.966     13.3   1012.5
     1     1    19     1    26    12     0     0   -18.0   26.526 -154.793     13.3   1013.7
     1     1    19     1    26    11     0     1   -19.0   26.938 -154.638     13.3   1014.7
     1     1    19     1    26    10     0     2   -20.0   27.366 -154.513     13.3   1015.2
     1     1    19     1    26     9     0     3   -21.0   27.805 -154.412     13.3   1015.5
     1     1    19     1    26     8     0     2   -22.0   28.255 -154.329     13.3   1015.5
     1     1    19     1    26     7     0     1   -23.0   28.719 -154.258     13.3   1015.4
     1     1    19     1    26     6     0     0   -24.0   29.197 -154.195     13.3   1015.5
     1     1    19     1    26     5     0     1   -25.0   29.678 -154.131     13.3   1015.3
     1     1    19     1    26     4     0     2   -26.0   30.146 -154.065     13.3   1015.1
     1     1    19     1    26     3     0     3   -27.0   30.602 -154.001     13.3   1014.6
     1     1    19     1    26     2     0     2   -28.0   31.051 -153.946     13.3   1014.5
     1     1    19     1    26     1     0     1   -29.0   31.498 -153.898     13.3   1014.4
     1     1    19     1    26     0     0     0   -30.0   31.946 -153.856     13.3   1014.3
     1     1    19     1    25    23     0     1   -31.0   32.386 -153.827     13.5   1014.8
     1     1    19     1    25    22     0     2   -32.0   32.806 -153.822     13.9   1015.4
     1     1    19     1    25    21     0     3   -33.0   33.207 -153.836     14.0   1016.1
     1     1    19     1    25    20     0     2   -34.0   33.598 -153.868     14.4   1015.9
     1     1    19     1    25    19     0     1   -35.0   33.991 -153.926     15.6   1015.5
     1     1    19     1    25    18     0     0   -36.0   34.382 -154.017     18.2   1014.9
     1     1    19     1    25    17     0     1   -37.0   34.757 -154.146     21.3   1013.1
     1     1    19     1    25    16     0     2   -38.0   35.102 -154.314     24.1   1011.9
     1     1    19     1    25    15     0     3   -39.0   35.414 -154.520     27.4   1011.2
     1     1    19     1    25    14     0     2   -40.0   35.696 -154.753     31.4   1010.9
     1     1    19     1    25    13     0     1   -41.0   35.951 -155.003     34.5   1010.8
     1     1    19     1    25    12     0     0   -42.0   36.184 -155.277     35.7   1009.9
     1     1    19     1    25    11     0     1   -43.0   36.398 -155.584     36.1   1009.0
     1     1    19     1    25    10     0     2   -44.0   36.591 -155.924     37.7   1008.0
     1     1    19     1    25     9     0     3   -45.0   36.766 -156.299     41.0   1006.9
     1     1    19     1    25     8     0     2   -46.0   36.920 -156.704     45.8   1005.9
     1     1    19     1    25     7     0     1   -47.0   37.047 -157.134     50.3   1005.1
     1     1    19     1    25     6     0     0   -48.0   37.149 -157.588     52.2   1004.3
     1     1    19     1    25     5     0     1   -49.0   37.236 -158.073     52.2   1003.3
     1     1    19     1    25     4     0     2   -50.0   37.314 -158.601     52.9   1002.1
     1     1    19     1    25     3     0     3   -51.0   37.382 -159.183     53.6   1000.8
     1     1    19     1    25     2     0     2   -52.0   37.438 -159.796     53.6   1000.3
     1     1    19     1    25     1     0     1   -53.0   37.476 -160.413     53.7    999.9
     1     1    19     1    25     0     0     0   -54.0   37.494 -161.044     54.2    999.3
     1     1    19     1    24    23     0     1   -55.0   37.506 -161.689     57.0    998.9
     1     1    19     1    24    22     0     2   -56.0   37.527 -162.343     66.4    997.3
     1     1    19     1    24    21     0     3   -57.0   37.561 -163.012     83.4    994.3
     1     1    19     1    24    20     0     2   -58.0   37.603 -163.693    102.6    990.4
     1     1    19     1    24    19     0     1   -59.0   37.653 -164.388    119.9    987.4
     1     1    19     1    24    18     0     0   -60.0   37.729 -165.108    134.2    984.5
     1     1    19     1    24    17     0     1   -61.0   37.814 -165.842    146.2    982.3
     1     1    19     1    24    16     0     2   -62.0   37.897 -166.585    157.8    979.9
     1     1    19     1    24    15     0     3   -63.0   37.992 -167.338    171.9    977.1
     1     1    19     1    24    14     0     2   -64.0   38.073 -168.078    177.3    976.1
     1     1    19     1    24    13     0     1   -65.0   38.168 -168.796    181.9    975.5
     1     1    19     1    24    12     0     0   -66.0   38.285 -169.481    189.9    973.6
     1     1    19     1    24    11     0     1   -67.0   38.401 -170.133    193.4    972.4
     1     1    19     1    24    10     0     2   -68.0   38.526 -170.749    195.0    972.6
     1     1    19     1    24     9     0     3   -69.0   38.665 -171.327    198.6    971.5
     1     1    19     1    24     8     0     2   -70.0   38.802 -171.868    203.5    970.7
     1     1    19     1    24     7     0     1   -71.0   38.946 -172.378    214.1    969.5
     1     1    19     1    24     6     0     0   -72.0   39.072 -172.872    225.2    966.4
     1     1    19     1    24     5     0     1   -73.0   39.153 -173.369    221.2    965.5
     1     1    19     1    24     4     0     2   -74.0   39.226 -173.876    213.8    967.1
     1     1    19     1    24     3     0     3   -75.0   39.301 -174.397    219.3    965.8
     1     1    19     1    24     2     0     2   -76.0   39.348 -174.935    234.1    963.7
     1     1    19     1    24     1     0     1   -77.0   39.362 -175.488    250.4    961.7
     1     1    19     1    24     0     0     0   -78.0   39.350 -176.050    272.0    960.0
     1     1    19     1    23    23     0     1   -79.0   39.324 -176.614    290.2    955.7
     1     1    19     1    23    22     0     2   -80.0   39.296 -177.182    294.8    956.1
     1     1    19     1    23    21     0     3   -81.0   39.265 -177.759    302.5    956.4
     1     1    19     1    23    20     0     2   -82.0   39.240 -178.358    320.7    953.5
     1     1    19     1    23    19     0     1   -83.0   39.229 -178.989    344.1    950.4
     1     1    19     1    23    18     0     0   -84.0   39.229 -179.658    367.2    946.9
     1     1    19     1    23    17     0     1   -85.0   39.237  179.622    379.5    944.8
     1     1    19     1    23    16     0     2   -86.0   39.248  178.852    383.6    944.8
     1     1    19     1    23    15     0     3   -87.0   39.260  178.039    387.5    944.2
     1     1    19     1    23    14     0     2   -88.0   39.263  177.200    389.9    944.1
     1     1    19     1    23    13     0     1   -89.0   39.249  176.349    391.4    944.1
     1     1    19     1    23    12     0     0   -90.0   39.218  175.478    384.3    945.1
     1     1    19     1    23    11     0     1   -91.0   39.195  174.606    371.2    947.5
     1     1    19     1    23    10     0     2   -92.0   39.213  173.763    364.7    948.7
     1     1    19     1    23     9     0     3   -93.0   39.262  172.947    356.4    949.9
     1     1    19     1    23     8     0     2   -94.0   39.334  172.136    350.9    950.9
     1     1    19     1    23     7     0     1   -95.0   39.426  171.316    357.9    950.2
     1     1    19     1    23     6     0     0   -96.0   39.528  170.490    382.5    947.8
     1     1    19     1    23     5     0     1   -97.0   39.638  169.672    424.1    943.0
     1     1    19     1    23     4     0     2   -98.0   39.757  168.869    462.5    938.6
     1     1    19     1    23     3     0     3   -99.0   39.882  168.069    494.4    934.9
     1     1    19     1    23     2     0     2  -100.0   40.020  167.257    526.1    931.8
     1     1    19     1    23     1     0     1  -101.0   40.173  166.433    574.1    927.1
     1     1    19     1    23     0     0     0  -102.0   40.341  165.609    657.5    917.8
     1     1    19     1    22    23     0     1  -103.0   40.515  164.804    740.3    907.8
     1     1    19     1    22    22     0     2  -104.0   40.684  164.017    803.8    901.2
     1     1    19     1    22    21     0     3  -105.0   40.855  163.240    867.4    895.1
     1     1    19     1    22    20     0     2  -106.0   41.039  162.469    957.0    884.6
     1     1    19     1    22    19     0     1  -107.0   41.246  161.695   1062.6    871.8
     1     1    19     1    22    18     0     0  -108.0   41.470  160.919   1143.5    862.8
     1     1    19     1    22    17     0     1  -109.0   41.697  160.165   1208.4    856.3
     1     1    19     1    22    16     0     2  -110.0   41.924  159.443   1282.7    848.3
     1     1    19     1    22    15     0     3  -111.0   42.159  158.751   1376.6    838.9
     1     1    19     1    22    14     0     2  -112.0   42.398  158.089   1486.1    827.0
     1     1    19     1    22    13     0     1  -113.0   42.631  157.457   1578.3    813.2
     1     1    19     1    22    12     0     0  -114.0   42.854  156.854   1643.5    808.5
     1     1    19     1    22    11     0     1  -115.0   43.069  156.277   1744.4    802.1
     1     1    19     1    22    10     0     2  -116.0   43.274  155.731   1881.4    783.0
     1     1    19     1    22     9     0     3  -117.0   43.469  155.204   2008.7    769.2
     1     1    19     1    22     8     0     2  -118.0   43.648  154.692   2124.4    757.1
     1     1    19     1    22     7     0     1  -119.0   43.805  154.202   2230.3    746.3
     1     1    19     1    22     6     0     0  -120.0   43.939  153.725   2334.8    736.2
     1     1    19     1    22     5     0     1  -121.0   44.055  153.254   2447.6    724.8
     1     1    19     1    22     4     0     2  -122.0   44.162  152.801   2557.4    712.5
     1     1    19     1    22     3     0     3  -123.0   44.263  152.375   2655.5    703.2
     1     1    19     1    22     2     0     2  -124.0   44.357  151.982   2749.1    694.4
     1     1    19     1    22     1     0     1  -125.0   44.439  151.625   2831.5    685.1
     1     1    19     1    22     0     0     0  -126.0   44.510  151.288   2894.6    679.4
     1     1    19     1    21    23     0     1  -127.0   44.573  150.974   2938.3    674.7
     1     1    19     1    21    22     0     2  -128.0   44.631  150.689   2970.1    672.6
     1     1    19     1    21    21     0     3  -129.0   44.683  150.426   3000.3    669.3
     1     1    19     1    21    20     0     2  -130.0   44.726  150.176   3026.1    666.7
     1     1    19     1    21    19     0     1  -131.0   44.764  149.928   3050.4    664.4
     1     1    19     1    21    18     0     0  -132.0   44.797  149.679   3078.4    661.7
     1     1    19     1    21    17     0     1  -133.0   44.820  149.419   3114.4    658.5
     1     1    19     1    21    16     0     2  -134.0   44.821  149.135   3166.5    654.1
     1     1    19     1    21    15     0     3  -135.0   44.798  148.820   3231.3    644.8
     1     1    19     1    21    14     0     2  -136.0   44.764  148.494   3284.0    633.6
     1     1    19     1    21    13     0     1  -137.0   44.731  148.171   3314.7    627.0
     1     1    19     1    21    12     0     0  -138.0   44.705  147.840   3346.0    625.5
     1     1    19     1    21    11     0     1  -139.0   44.700  147.486   3397.7    626.2
     1     1    19     1    21    10     0     2  -140.0   44.725  147.110   3470.5    624.6
     1     1    19     1    21     9     0     3  -141.0   44.773  146.720   3548.7    618.3
     1     1    19     1    21     8     0     2  -142.0   44.825  146.315   3628.8    611.1
     1     1    19     1    21     7     0     1  -143.0   44.875  145.908   3706.9    603.1
     1     1    19     1    21     6     0     0  -144.0   44.925  145.523   3764.8    596.5
     1     1    19     1    21     5     0     1  -145.0   44.969  145.157   3790.3    594.2
     1     1    19     1    21     4     0     2  -146.0   44.998  144.798   3781.9    595.9
     1     1    19     1    21     3     0     3  -147.0   45.022  144.467   3748.2    599.5
     1     1    19     1    21     2     0     2  -148.0   45.054  144.176   3716.5    603.8
     1     1    19     1    21     1     0     1  -149.0   45.096  143.923   3714.9    605.0
     1     1    19     1    21     0     0     0  -150.0   45.147  143.704   3743.7    601.5
     1     1    19     1    20    23     0     1  -151.0   45.202  143.507   3767.5    597.1
     1     1    19     1    20    22     0     2  -152.0   45.260  143.319   3775.0    597.1
     1     1    19     1    20    21     0     3  -153.0   45.328  143.139   3782.9    596.7
     1     1    19     1    20    20     0     2  -154.0   45.391  142.957   3802.7    595.4
     1     1    19     1    20    19     0     1  -155.0   45.425  142.774   3828.4    590.9
     1     1    19     1    20    18     0     0  -156.0   45.423  142.601   3849.4    588.1
     1     1    19     1    20    17     0     1  -157.0   45.368  142.416   3834.0    586.0
     1     1    19     1    20    16     0     2  -158.0   45.264  142.201   3727.5    592.3
     1     1    19     1    20    15     0     3  -159.0   45.146  141.967   3468.9    610.6
     1     1    19     1    20    14     0     2  -160.0   45.034  141.731   3135.9    651.8
     1     1    19     1    20    13     0     1  -161.0   44.922  141.488   2863.3    680.6
     1     1    19     1    20    12     0     0  -162.0   44.818  141.223   2683.7    701.1
     1     1    19     1    20    11     0     1  -163.0   44.722  140.937   2565.8    712.5
     1     1    19     1    20    10     0     2  -164.0   44.617  140.627   2457.5    722.6
     1     1    19     1    20     9     0     3  -165.0   44.510  140.273   2334.5    734.0
     1     1    19     1    20     8     0     2  -166.0   44.421  139.873   2217.6    750.3
     1     1    19     1    20     7     0     1  -167.0   44.339  139.447   2139.0    758.0
     1     1    19     1    20     6     0     0  -168.0   44.265  138.994   2085.5    763.2
     1     1    19     1    20     5     0     1  -169.0   44.197  138.530   2044.7    767.7
     1     1    19     1    20     4     0     2  -170.0   44.121  138.075   2010.8    771.9
     1     1    19     1    20     3     0     3  -171.0   44.032  137.618   1982.4    775.8
     1     1    19     1    20     2     0     2  -172.0   43.940  137.155   1961.0    779.1
     1     1    19     1    20     1     0     1  -173.0   43.867  136.705   1931.5    781.4
     1     1    19     1    20     0     0     0  -174.0   43.805  136.299   1879.3    787.9
     1     1    19     1    19    23     0     1  -175.0   43.753  135.919   1816.6    793.6
     1     1    19     1    19    22     0     2  -176.0   43.721  135.526   1798.8    786.5
     1     1    19     1    19    21     0     3  -177.0   43.697  135.083   1865.2    763.6
     1     1    19     1    19    20     0     2  -178.0   43.677  134.567   1960.1    742.3
     1     1    19     1    19    19     0     1  -179.0   43.677  133.960   2048.5    729.4
     1     1    19     1    19    18     0     0  -180.0   43.687  133.297   2126.0    731.3
     1     1    19     1    19    17     0     1  -181.0   43.707  132.668   2159.4    741.5
     1     1    19     1    19    16     0     2  -182.0   43.739  132.114   2148.7    755.5
     1     1    19     1    19    15     0     3  -183.0   43.777  131.622   2078.2    756.7
     1     1    19     1    19    14     0     2  -184.0   43.824  131.147   1978.2    756.8
     1     1    19     1    19    13     0     1  -185.0   43.878  130.651   1886.1    754.6
     1     1    19     1    19    12     0     0  -186.0   43.932  130.116   1839.6    743.3
     1     1    19     1    19    11     0     1  -187.0   43.986  129.556   1795.6    742.6
     1     1    19     1    19    10     0     2  -188.0   44.063  129.026   1667.5    764.6
     1     1    19     1    19     9     0     3  -189.0   44.154  128.474   1596.6    772.7
     1     1    19     1    19     8     0     2  -190.0   44.235  127.834   1699.2    753.9
     1     1    19     1    19     7     0     1  -191.0   44.304  127.207   1806.1    758.3
     1     1    19     1    19     6     0     0  -192.0   44.367  126.647   1829.0    772.5
     1     1    19     1    19     5     0     1  -193.0   44.430  126.133   1803.7    782.7
     1     1    19     1    19     4     0     2  -194.0   44.504  125.650   1754.3    792.5
     1     1    19     1    19     3     0     3  -195.0   44.597  125.189   1709.5    799.2
     1     1    19     1    19     2     0     2  -196.0   44.707  124.750   1678.1    803.6
     1     1    19     1    19     1     0     1  -197.0   44.830  124.333   1661.9    807.1
     1     1    19     1    19     0     0     0  -198.0   44.965  123.937   1668.5    808.8
     1     1    19     1    18    23     0     1  -199.0   45.109  123.556   1694.0    805.5
     1     1    19     1    18    22     0     2  -200.0   45.256  123.185   1715.6    801.8
     1     1    19     1    18    21     0     3  -201.0   45.404  122.820   1713.6    799.6
     1     1    19     1    18    20     0     2  -202.0   45.560  122.473   1688.8    798.4
     1     1    19     1    18    19     0     1  -203.0   45.719  122.152   1651.3    796.3
     1     1    19     1    18    18     0     0  -204.0   45.868  121.846   1612.8    790.7
     1     1    19     1    18    17     0     1  -205.0   46.024  121.543   1592.8    777.9
     1     1    19     1    18    16     0     2  -206.0   46.196  121.224   1589.8    761.9
     1     1    19     1    18    15     0     3  -207.0   46.369  120.874   1589.3    747.5
     1     1    19     1    18    14     0     2  -208.0   46.542  120.476   1618.7    734.3
     1     1    19     1    18    13     0     1  -209.0   46.719  120.008   1717.7    708.2
     1     1    19     1    18    12     0     0  -210.0   46.878  119.494   1840.8    695.6
     1     1    19     1    18    11     0     1  -211.0   47.038  118.986   1920.8    703.0
     1     1    19     1    18    10     0     2  -212.0   47.211  118.493   1972.2    710.4
     1     1    19     1    18     9     0     3  -213.0   47.382  118.017   2001.9    718.8
     1     1    19     1    18     8     0     2  -214.0   47.555  117.558   2014.7    722.5
     1     1    19     1    18     7     0     1  -215.0   47.735  117.113   2025.8    724.7
     1     1    19     1    18     6     0     0  -216.0   47.908  116.665   2036.7    721.9
     1     1    19     1    18     5     0     1  -217.0   48.085  116.218   2049.0    715.5
     1     1    19     1    18     4     0     2  -218.0   48.273  115.777   2063.0    710.2
     1     1    19     1    18     3     0     3  -219.0   48.455  115.323   2078.1    706.2
     1     1    19     1    18     2     0     2  -220.0   48.634  114.858   2096.5    701.7
     1     1    19     1    18     1     0     1  -221.0   48.813  114.389   2122.3    694.7
     1     1    19     1    18     0     0     0  -222.0   48.976  113.904   2150.9    684.6
     1     1    19     1    17    23     0     1  -223.0   49.140  113.446   2180.4    677.4
     1     1    19     1    17    22     0     2  -224.0   49.320  113.048   2204.9    671.6
     1     1    19     1    17    21     0     3  -225.0   49.509  112.689   2211.1    665.1
     1     1    19     1    17    20     0     2  -226.0   49.711  112.352   2198.3    657.7
     1     1    19     1    17    19     0     1  -227.0   49.930  112.016   2169.4    647.7
     1     1    19     1    17    18     0     0  -228.0   50.171  111.638   2178.2    647.7
     1     1    19     1    17    17     0     1  -229.0   50.426  111.212   2245.3    641.5
     1     1    19     1    17    16     0     2  -230.0   50.688  110.751   2335.8    637.0
     1     1    19     1    17    15     0     3  -231.0   50.954  110.250   2437.7    637.0
     1     1    19     1    17    14     0     2  -232.0   51.218  109.731   2529.8    640.2
     1     1    19     1    17    13     0     1  -233.0   51.480  109.223   2547.0    653.9
     1     1    19     1    17    12     0     0  -234.0   51.759  108.697   2489.3    665.7
     1     1    19     1    17    11     0     1  -235.0   52.070  108.099   2513.8    669.8
     1     1    19     1    17    10     0     2  -236.0   52.385  107.477   2601.1    664.1
     1     1    19     1    17     9     0     3  -237.0   52.691  106.895   2584.7    673.7
     1     1    19     1    17     8     0     2  -238.0   52.997  106.293   2519.3    672.5
     1     1    19     1    17     7     0     1  -239.0   53.300  105.640   2522.1    664.5
     1     1    19     1    17     6     0     0  -240.0   53.591  104.994   2511.6    657.0
