     7     1
    GDAS    19     6     1     0     0
    GDAS    19     7     1     0     0
    GDAS    19     8     1     0     0
    GDAS    19     9     1     0     0
    GDAS    19    10     1     0     0
    GDAS    19    11     1     0     0
    GDAS    19    12     1     0     0
     1 BACKWARD OMEGA   
    19     7    10    12   21.319 -157.670    10.0
     1 PRESSURE
     1     1    19     7    10    12     0     0     0.0   21.319 -157.670     10.0   1014.3
     1     1    19     7    10    11     0     1    -1.0   21.367 -157.482     31.8   1011.3
     1     1    19     7    10    10     0     2    -2.0   21.411 -157.264    107.2   1002.8
     1     1    19     7    10     9     0     3    -3.0   21.453 -157.003    233.9    987.0
     1     1    19     7    10     8     0     2    -4.0   21.476 -156.710    354.1    969.8
     1     1    19     7    10     7     0     1    -5.0   21.467 -156.411    424.5    964.4
     1     1    19     7    10     6     0     0    -6.0   21.429 -156.105    455.6    962.8
     1     1    19     7    10     5     0     1    -7.0   21.374 -155.791    468.0    963.8
     1     1    19     7    10     4     0     2    -8.0   21.325 -155.474    479.6    962.0
     1     1    19     7    10     3     0     3    -9.0   21.291 -155.164    483.3    960.4
     1     1    19     7    10     2     0     2   -10.0   21.269 -154.856    480.6    961.7
     1     1    19     7    10     1     0     1   -11.0   21.257 -154.551    481.6    962.0
     1     1    19     7    10     0     0     0   -12.0   21.250 -154.253    489.9    961.2
     1     1    19     7     9    23     0     1   -13.0   21.236 -153.967    496.3    959.7
     1     1    19     7     9    22     0     2   -14.0   21.209 -153.683    492.9    960.6
     1     1    19     7     9    21     0     3   -15.0   21.170 -153.391    486.7    962.1
     1     1    19     7     9    20     0     2   -16.0   21.129 -153.093    480.7    962.7
     1     1    19     7     9    19     0     1   -17.0   21.098 -152.790    476.6    963.4
     1     1    19     7     9    18     0     0   -18.0   21.076 -152.482    467.8    963.5
     1     1    19     7     9    17     0     1   -19.0   21.069 -152.166    451.5    965.5
     1     1    19     7     9    16     0     2   -20.0   21.077 -151.850    438.4    967.2
     1     1    19     7     9    15     0     3   -21.0   21.097 -151.542    432.0    967.2
     1     1    19     7     9    14     0     2   -22.0   21.115 -151.239    436.2    967.3
     1     1    19     7     9    13     0     1   -23.0   21.116 -150.940    461.9    964.8
     1     1    19     7     9    12     0     0   -24.0   21.098 -150.644    509.7    958.5
     1     1    19     7     9    11     0     1   -25.0   21.080 -150.350    555.0    951.9
     1     1    19     7     9    10     0     2   -26.0   21.074 -150.044    573.8    950.2
     1     1    19     7     9     9     0     3   -27.0   21.077 -149.722    576.0    951.9
     1     1    19     7     9     8     0     2   -28.0   21.090 -149.394    591.7    951.7
     1     1    19     7     9     7     0     1   -29.0   21.116 -149.071    627.5    946.9
     1     1    19     7     9     6     0     0   -30.0   21.156 -148.753    662.5    941.5
     1     1    19     7     9     5     0     1   -31.0   21.206 -148.443    685.2    938.8
     1     1    19     7     9     4     0     2   -32.0   21.258 -148.142    696.5    937.4
     1     1    19     7     9     3     0     3   -33.0   21.314 -147.849    698.0    937.1
     1     1    19     7     9     2     0     2   -34.0   21.366 -147.564    693.8    937.8
     1     1    19     7     9     1     0     1   -35.0   21.404 -147.285    683.0    938.5
     1     1    19     7     9     0     0     0   -36.0   21.430 -147.011    657.2    940.7
     1     1    19     7     8    23     0     1   -37.0   21.441 -146.734    634.0    946.5
     1     1    19     7     8    22     0     2   -38.0   21.432 -146.446    633.4    946.8
     1     1    19     7     8    21     0     3   -39.0   21.402 -146.150    649.0    945.3
     1     1    19     7     8    20     0     2   -40.0   21.370 -145.846    669.3    941.9
     1     1    19     7     8    19     0     1   -41.0   21.354 -145.536    686.5    939.9
     1     1    19     7     8    18     0     0   -42.0   21.354 -145.220    703.4    938.2
     1     1    19     7     8    17     0     1   -43.0   21.363 -144.900    718.8    935.7
     1     1    19     7     8    16     0     2   -44.0   21.379 -144.581    729.6    934.3
     1     1    19     7     8    15     0     3   -45.0   21.402 -144.261    734.8    933.2
     1     1    19     7     8    14     0     2   -46.0   21.436 -143.947    737.6    933.5
     1     1    19     7     8    13     0     1   -47.0   21.479 -143.640    740.6    933.0
     1     1    19     7     8    12     0     0   -48.0   21.529 -143.339    736.4    932.9
     1     1    19     7     8    11     0     1   -49.0   21.577 -143.038    721.3    935.1
     1     1    19     7     8    10     0     2   -50.0   21.618 -142.728    703.2    938.3
     1     1    19     7     8     9     0     3   -51.0   21.654 -142.408    689.0    940.3
     1     1    19     7     8     8     0     2   -52.0   21.695 -142.082    683.4    941.5
     1     1    19     7     8     7     0     1   -53.0   21.747 -141.755    688.5    940.6
     1     1    19     7     8     6     0     0   -54.0   21.808 -141.430    701.5    939.1
     1     1    19     7     8     5     0     1   -55.0   21.873 -141.109    719.5    936.4
     1     1    19     7     8     4     0     2   -56.0   21.936 -140.797    741.3    933.8
     1     1    19     7     8     3     0     3   -57.0   22.000 -140.493    769.3    930.4
     1     1    19     7     8     2     0     2   -58.0   22.058 -140.196    800.4    926.7
     1     1    19     7     8     1     0     1   -59.0   22.100 -139.897    823.1    923.6
     1     1    19     7     8     0     0     0   -60.0   22.129 -139.596    825.4    922.9
     1     1    19     7     7    23     0     1   -61.0   22.153 -139.287    810.6    925.5
     1     1    19     7     7    22     0     2   -62.0   22.178 -138.970    789.8    928.4
     1     1    19     7     7    21     0     3   -63.0   22.204 -138.643    771.1    931.2
     1     1    19     7     7    20     0     2   -64.0   22.231 -138.311    758.9    932.8
     1     1    19     7     7    19     0     1   -65.0   22.263 -137.977    748.2    933.6
     1     1    19     7     7    18     0     0   -66.0   22.300 -137.645    741.8    935.5
     1     1    19     7     7    17     0     1   -67.0   22.352 -137.316    742.4    934.5
     1     1    19     7     7    16     0     2   -68.0   22.423 -136.991    738.1    934.1
     1     1    19     7     7    15     0     3   -69.0   22.511 -136.666    722.5    935.5
     1     1    19     7     7    14     0     2   -70.0   22.611 -136.340    703.7    938.2
     1     1    19     7     7    13     0     1   -71.0   22.717 -136.015    689.9    939.4
     1     1    19     7     7    12     0     0   -72.0   22.830 -135.688    682.1    940.1
     1     1    19     7     7    11     0     1   -73.0   22.950 -135.362    677.1    940.6
     1     1    19     7     7    10     0     2   -74.0   23.086 -135.039    657.3    942.0
     1     1    19     7     7     9     0     3   -75.0   23.244 -134.719    625.3    947.9
     1     1    19     7     7     8     0     2   -76.0   23.407 -134.401    612.9    950.9
     1     1    19     7     7     7     0     1   -77.0   23.562 -134.087    626.4    948.4
     1     1    19     7     7     6     0     0   -78.0   23.712 -133.786    639.2    945.2
     1     1    19     7     7     5     0     1   -79.0   23.855 -133.499    638.0    945.6
     1     1    19     7     7     4     0     2   -80.0   23.982 -133.216    626.5    946.9
     1     1    19     7     7     3     0     3   -81.0   24.087 -132.931    608.2    948.7
     1     1    19     7     7     2     0     2   -82.0   24.186 -132.651    588.8    951.3
     1     1    19     7     7     1     0     1   -83.0   24.295 -132.378    568.6    952.9
     1     1    19     7     7     0     0     0   -84.0   24.408 -132.099    540.5    955.6
     1     1    19     7     6    23     0     1   -85.0   24.523 -131.813    521.8    960.8
     1     1    19     7     6    22     0     2   -86.0   24.641 -131.528    528.7    960.3
     1     1    19     7     6    21     0     3   -87.0   24.762 -131.251    547.6    957.9
     1     1    19     7     6    20     0     2   -88.0   24.886 -130.978    554.1    955.6
     1     1    19     7     6    19     0     1   -89.0   25.011 -130.706    544.5    957.8
     1     1    19     7     6    18     0     0   -90.0   25.132 -130.439    538.3    959.4
     1     1    19     7     6    17     0     1   -91.0   25.254 -130.177    538.3    958.7
     1     1    19     7     6    16     0     2   -92.0   25.390 -129.908    536.0    958.3
     1     1    19     7     6    15     0     3   -93.0   25.542 -129.633    532.5    958.9
     1     1    19     7     6    14     0     2   -94.0   25.698 -129.362    536.9    958.5
     1     1    19     7     6    13     0     1   -95.0   25.843 -129.102    543.4    956.4
     1     1    19     7     6    12     0     0   -96.0   25.981 -128.849    538.9    956.1
     1     1    19     7     6    11     0     1   -97.0   26.128 -128.601    530.5    958.5
     1     1    19     7     6    10     0     2   -98.0   26.303 -128.360    524.8    959.1
     1     1    19     7     6     9     0     3   -99.0   26.503 -128.128    518.6    960.2
     1     1    19     7     6     8     0     2  -100.0   26.718 -127.909    516.1    961.1
     1     1    19     7     6     7     0     1  -101.0   26.942 -127.703    518.0    960.8
     1     1    19     7     6     6     0     0  -102.0   27.178 -127.508    520.5    960.5
     1     1    19     7     6     5     0     1  -103.0   27.418 -127.330    529.7    960.0
     1     1    19     7     6     4     0     2  -104.0   27.657 -127.173    549.9    957.0
     1     1    19     7     6     3     0     3  -105.0   27.895 -127.040    572.3    953.7
     1     1    19     7     6     2     0     2  -106.0   28.131 -126.926    590.8    951.6
     1     1    19     7     6     1     0     1  -107.0   28.359 -126.829    611.0    950.1
     1     1    19     7     6     0     0     0  -108.0   28.578 -126.754    643.4    947.0
     1     1    19     7     5    23     0     1  -109.0   28.782 -126.690    678.3    941.7
     1     1    19     7     5    22     0     2  -110.0   28.971 -126.626    699.5    939.4
     1     1    19     7     5    21     0     3  -111.0   29.151 -126.564    705.1    939.2
     1     1    19     7     5    20     0     2  -112.0   29.338 -126.505    701.3    940.4
     1     1    19     7     5    19     0     1  -113.0   29.547 -126.451    696.7    941.3
     1     1    19     7     5    18     0     0  -114.0   29.774 -126.405    698.5    941.6
     1     1    19     7     5    17     0     1  -115.0   30.009 -126.374    707.9    939.9
     1     1    19     7     5    16     0     2  -116.0   30.251 -126.359    724.5    938.0
     1     1    19     7     5    15     0     3  -117.0   30.498 -126.360    757.7    934.7
     1     1    19     7     5    14     0     2  -118.0   30.743 -126.378    807.6    928.2
     1     1    19     7     5    13     0     1  -119.0   30.977 -126.408    850.9    921.7
     1     1    19     7     5    12     0     0  -120.0   31.200 -126.449    864.1    919.3
     1     1    19     7     5    11     0     1  -121.0   31.422 -126.500    861.8    922.0
     1     1    19     7     5    10     0     2  -122.0   31.648 -126.551    863.7    921.7
     1     1    19     7     5     9     0     3  -123.0   31.876 -126.599    862.3    921.5
     1     1    19     7     5     8     0     2  -124.0   32.110 -126.647    863.8    922.7
     1     1    19     7     5     7     0     1  -125.0   32.353 -126.697    885.3    921.2
     1     1    19     7     5     6     0     0  -126.0   32.599 -126.746    934.2    916.2
     1     1    19     7     5     5     0     1  -127.0   32.848 -126.789    996.9    907.3
     1     1    19     7     5     4     0     2  -128.0   33.100 -126.834   1054.9    900.5
     1     1    19     7     5     3     0     3  -129.0   33.362 -126.890   1106.1    895.0
     1     1    19     7     5     2     0     2  -130.0   33.630 -126.962   1151.6    890.1
     1     1    19     7     5     1     0     1  -131.0   33.896 -127.049   1192.4    885.7
     1     1    19     7     5     0     0     0  -132.0   34.151 -127.152   1229.1    881.4
     1     1    19     7     4    23     0     1  -133.0   34.401 -127.259   1258.0    878.3
     1     1    19     7     4    22     0     2  -134.0   34.654 -127.362   1273.5    876.7
     1     1    19     7     4    21     0     3  -135.0   34.910 -127.462   1268.7    877.0
     1     1    19     7     4    20     0     2  -136.0   35.169 -127.572   1256.3    880.1
     1     1    19     7     4    19     0     1  -137.0   35.426 -127.698   1254.5    880.5
     1     1    19     7     4    18     0     0  -138.0   35.677 -127.841   1259.5    879.3
     1     1    19     7     4    17     0     1  -139.0   35.916 -127.990   1271.9    878.7
     1     1    19     7     4    16     0     2  -140.0   36.150 -128.131   1301.7    875.6
     1     1    19     7     4    15     0     3  -141.0   36.387 -128.263   1342.9    870.4
     1     1    19     7     4    14     0     2  -142.0   36.628 -128.394   1378.7    865.5
     1     1    19     7     4    13     0     1  -143.0   36.872 -128.524   1406.3    863.1
     1     1    19     7     4    12     0     0  -144.0   37.121 -128.650   1438.9    860.2
     1     1    19     7     4    11     0     1  -145.0   37.375 -128.771   1478.0    856.0
     1     1    19     7     4    10     0     2  -146.0   37.629 -128.892   1517.0    852.1
     1     1    19     7     4     9     0     3  -147.0   37.877 -129.021   1558.6    848.2
     1     1    19     7     4     8     0     2  -148.0   38.126 -129.153   1595.5    843.5
     1     1    19     7     4     7     0     1  -149.0   38.386 -129.282   1620.1    841.4
     1     1    19     7     4     6     0     0  -150.0   38.655 -129.406   1640.3    840.0
     1     1    19     7     4     5     0     1  -151.0   38.924 -129.534   1661.0    837.7
     1     1    19     7     4     4     0     2  -152.0   39.188 -129.677   1679.0    835.6
     1     1    19     7     4     3     0     3  -153.0   39.450 -129.840   1690.5    834.2
     1     1    19     7     4     2     0     2  -154.0   39.708 -130.016   1698.6    833.8
     1     1    19     7     4     1     0     1  -155.0   39.955 -130.198   1710.0    832.7
     1     1    19     7     4     0     0     0  -156.0   40.184 -130.389   1728.3    831.1
     1     1    19     7     3    23     0     1  -157.0   40.392 -130.587   1744.4    828.5
     1     1    19     7     3    22     0     2  -158.0   40.582 -130.787   1750.8    828.2
     1     1    19     7     3    21     0     3  -159.0   40.758 -130.987   1755.7    828.3
     1     1    19     7     3    20     0     2  -160.0   40.927 -131.186   1763.0    827.5
     1     1    19     7     3    19     0     1  -161.0   41.099 -131.379   1768.6    826.7
     1     1    19     7     3    18     0     0  -162.0   41.273 -131.565   1768.6    826.6
     1     1    19     7     3    17     0     1  -163.0   41.442 -131.750   1773.1    827.1
     1     1    19     7     3    16     0     2  -164.0   41.601 -131.939   1796.1    825.1
     1     1    19     7     3    15     0     3  -165.0   41.759 -132.132   1844.6    820.7
     1     1    19     7     3    14     0     2  -166.0   41.917 -132.327   1897.6    812.8
     1     1    19     7     3    13     0     1  -167.0   42.073 -132.521   1927.4    809.5
     1     1    19     7     3    12     0     0  -168.0   42.224 -132.715   1936.2    808.9
     1     1    19     7     3    11     0     1  -169.0   42.369 -132.904   1933.9    809.9
     1     1    19     7     3    10     0     2  -170.0   42.510 -133.087   1927.9    810.6
     1     1    19     7     3     9     0     3  -171.0   42.646 -133.265   1915.0    811.6
     1     1    19     7     3     8     0     2  -172.0   42.784 -133.437   1895.1    814.2
     1     1    19     7     3     7     0     1  -173.0   42.931 -133.602   1873.8    816.8
     1     1    19     7     3     6     0     0  -174.0   43.086 -133.756   1855.3    819.1
     1     1    19     7     3     5     0     1  -175.0   43.240 -133.906   1849.2    820.3
     1     1    19     7     3     4     0     2  -176.0   43.388 -134.054   1861.8    818.9
     1     1    19     7     3     3     0     3  -177.0   43.533 -134.197   1890.3    815.8
     1     1    19     7     3     2     0     2  -178.0   43.676 -134.329   1922.1    811.5
     1     1    19     7     3     1     0     1  -179.0   43.812 -134.449   1946.7    809.2
     1     1    19     7     3     0     0     0  -180.0   43.944 -134.560   1963.7    807.4
     1     1    19     7     2    23     0     1  -181.0   44.077 -134.652   1972.6    806.6
     1     1    19     7     2    22     0     2  -182.0   44.214 -134.715   1975.9    806.4
     1     1    19     7     2    21     0     3  -183.0   44.358 -134.748   1976.5    806.5
     1     1    19     7     2    20     0     2  -184.0   44.512 -134.763   1971.1    806.5
     1     1    19     7     2    19     0     1  -185.0   44.680 -134.771   1958.8    808.1
     1     1    19     7     2    18     0     0  -186.0   44.860 -134.769   1947.1    809.6
     1     1    19     7     2    17     0     1  -187.0   45.049 -134.758   1942.9    810.0
     1     1    19     7     2    16     0     2  -188.0   45.245 -134.740   1942.4    809.1
     1     1    19     7     2    15     0     3  -189.0   45.451 -134.709   1937.9    809.1
     1     1    19     7     2    14     0     2  -190.0   45.667 -134.661   1925.7    810.1
     1     1    19     7     2    13     0     1  -191.0   45.890 -134.596   1908.9    812.3
     1     1    19     7     2    12     0     0  -192.0   46.118 -134.517   1898.3    814.0
     1     1    19     7     2    11     0     1  -193.0   46.350 -134.432   1900.5    813.9
     1     1    19     7     2    10     0     2  -194.0   46.587 -134.339   1910.4    812.4
     1     1    19     7     2     9     0     3  -195.0   46.831 -134.225   1916.1    811.2
     1     1    19     7     2     8     0     2  -196.0   47.086 -134.090   1909.6    811.7
     1     1    19     7     2     7     0     1  -197.0   47.351 -133.950   1893.7    813.7
     1     1    19     7     2     6     0     0  -198.0   47.623 -133.814   1876.3    815.8
     1     1    19     7     2     5     0     1  -199.0   47.902 -133.673   1869.1    817.2
     1     1    19     7     2     4     0     2  -200.0   48.188 -133.520   1877.7    815.9
     1     1    19     7     2     3     0     3  -201.0   48.472 -133.355   1894.5    813.6
     1     1    19     7     2     2     0     2  -202.0   48.743 -133.182   1905.8    811.7
     1     1    19     7     2     1     0     1  -203.0   48.997 -132.996   1907.2    811.9
     1     1    19     7     2     0     0     0  -204.0   49.240 -132.807   1903.3    812.4
     1     1    19     7     1    23     0     1  -205.0   49.474 -132.629   1898.7    813.3
     1     1    19     7     1    22     0     2  -206.0   49.698 -132.457   1903.9    813.5
     1     1    19     7     1    21     0     3  -207.0   49.910 -132.276   1935.5    811.4
     1     1    19     7     1    20     0     2  -208.0   50.121 -132.081   1975.9    804.7
     1     1    19     7     1    19     0     1  -209.0   50.330 -131.885   1998.4    802.2
     1     1    19     7     1    18     0     0  -210.0   50.533 -131.703   2004.7    801.9
     1     1    19     7     1    17     0     1  -211.0   50.728 -131.534   2009.4    802.4
     1     1    19     7     1    16     0     2  -212.0   50.919 -131.371   2028.8    800.9
     1     1    19     7     1    15     0     3  -213.0   51.112 -131.208   2066.1    796.9
     1     1    19     7     1    14     0     2  -214.0   51.306 -131.057   2097.4    791.9
     1     1    19     7     1    13     0     1  -215.0   51.495 -130.930   2107.6    791.6
     1     1    19     7     1    12     0     0  -216.0   51.678 -130.826   2112.7    792.2
     1     1    19     7     1    11     0     1  -217.0   51.848 -130.728   2123.6    791.7
     1     1    19     7     1    10     0     2  -218.0   52.002 -130.614   2141.8    790.3
     1     1    19     7     1     9     0     3  -219.0   52.141 -130.482   2161.4    788.2
     1     1    19     7     1     8     0     2  -220.0   52.276 -130.345   2175.0    786.8
     1     1    19     7     1     7     0     1  -221.0   52.414 -130.217   2178.0    786.4
     1     1    19     7     1     6     0     0  -222.0   52.550 -130.102   2167.4    787.4
     1     1    19     7     1     5     0     1  -223.0   52.680 -130.001   2154.4    790.0
     1     1    19     7     1     4     0     2  -224.0   52.809 -129.906   2148.8    788.7
     1     1    19     7     1     3     0     3  -225.0   52.939 -129.807   2149.1    786.1
     1     1    19     7     1     2     0     2  -226.0   53.065 -129.714   2137.2    780.5
     1     1    19     7     1     1     0     1  -227.0   53.169 -129.638   2108.7    777.9
     1     1    19     7     1     0     0     0  -228.0   53.251 -129.574   2076.8    776.3
     1     1    19     6    30    23     0     1  -229.0   53.316 -129.501   2061.9    774.9
     1     1    19     6    30    22     0     2  -230.0   53.376 -129.396   2078.5    767.8
     1     1    19     6    30    21     0     3  -231.0   53.431 -129.250   2123.5    757.5
     1     1    19     6    30    20     0     2  -232.0   53.492 -129.062   2173.9    743.3
     1     1    19     6    30    19     0     1  -233.0   53.565 -128.838   2205.1    728.1
     1     1    19     6    30    18     0     0  -234.0   53.651 -128.582   2223.2    710.8
     1     1    19     6    30    17     0     1  -235.0   53.751 -128.301   2253.2    691.6
     1     1    19     6    30    16     0     2  -236.0   53.862 -128.003   2319.0    666.9
     1     1    19     6    30    15     0     3  -237.0   53.976 -127.719   2443.1    656.2
     1     1    19     6    30    14     0     2  -238.0   54.095 -127.469   2567.9    648.4
     1     1    19     6    30    13     0     1  -239.0   54.221 -127.243   2643.5    645.3
     1     1    19     6    30    12     0     0  -240.0   54.350 -127.042   2666.1    645.0
