     7     1
    GDAS    18    12     1     0     0
    GDAS    19     1     1     0     0
    GDAS    19     2     1     0     0
    GDAS    19     3     1     0     0
    GDAS    19     4     1     0     0
    GDAS    19     5     1     0     0
    GDAS    19     6     1     0     0
     1 BACKWARD OMEGA   
    19     2     9    18   21.319 -157.670    10.0
     1 PRESSURE
     1     1    19     2     9    18     0     0     0.0   21.319 -157.670     10.0   1013.5
     1     1    19     2     9    17     0     1    -1.0   21.613 -157.766     12.3   1014.1
     1     1    19     2     9    16     0     2    -2.0   21.948 -157.854     13.4   1014.6
     1     1    19     2     9    15     0     3    -3.0   22.323 -157.936     13.5   1014.9
     1     1    19     2     9    14     0     2    -4.0   22.721 -158.015     13.5   1014.9
     1     1    19     2     9    13     0     1    -5.0   23.129 -158.092     13.5   1014.9
     1     1    19     2     9    12     0     0    -6.0   23.549 -158.167     13.5   1015.0
     1     1    19     2     9    11     0     1    -7.0   23.982 -158.233     13.5   1015.9
     1     1    19     2     9    10     0     2    -8.0   24.430 -158.289     13.5   1016.8
     1     1    19     2     9     9     0     3    -9.0   24.888 -158.331     13.5   1017.8
     1     1    19     2     9     8     0     2   -10.0   25.354 -158.368     13.5   1017.6
     1     1    19     2     9     7     0     1   -11.0   25.832 -158.412     13.5   1017.5
     1     1    19     2     9     6     0     0   -12.0   26.320 -158.458     13.5   1017.3
     1     1    19     2     9     5     0     1   -13.0   26.817 -158.510     13.5   1016.9
     1     1    19     2     9     4     0     2   -14.0   27.321 -158.566     13.5   1016.4
     1     1    19     2     9     3     0     3   -15.0   27.833 -158.619     13.5   1016.0
     1     1    19     2     9     2     0     2   -16.0   28.351 -158.674     13.5   1016.6
     1     1    19     2     9     1     0     1   -17.0   28.875 -158.735     13.5   1017.9
     1     1    19     2     9     0     0     0   -18.0   29.402 -158.799     13.5   1018.2
     1     1    19     2     8    23     0     1   -19.0   29.929 -158.859     13.5   1019.2
     1     1    19     2     8    22     0     2   -20.0   30.450 -158.911     13.5   1020.3
     1     1    19     2     8    21     0     3   -21.0   30.962 -158.956     13.5   1021.3
     1     1    19     2     8    20     0     2   -22.0   31.461 -159.000     13.5   1021.1
     1     1    19     2     8    19     0     1   -23.0   31.946 -159.048     13.5   1020.6
     1     1    19     2     8    18     0     0   -24.0   32.416 -159.102     14.1   1020.4
     1     1    19     2     8    17     0     1   -25.0   32.872 -159.164     15.5   1020.1
     1     1    19     2     8    16     0     2   -26.0   33.319 -159.238     16.7   1019.8
     1     1    19     2     8    15     0     3   -27.0   33.754 -159.318     17.0   1019.8
     1     1    19     2     8    14     0     2   -28.0   34.172 -159.402     17.0   1020.3
     1     1    19     2     8    13     0     1   -29.0   34.572 -159.495     17.0   1021.1
     1     1    19     2     8    12     0     0   -30.0   34.957 -159.603     17.0   1021.6
     1     1    19     2     8    11     0     1   -31.0   35.329 -159.726     17.0   1021.4
     1     1    19     2     8    10     0     2   -32.0   35.688 -159.857     17.0   1021.2
     1     1    19     2     8     9     0     3   -33.0   36.027 -159.996     17.0   1021.0
     1     1    19     2     8     8     0     2   -34.0   36.356 -160.153     17.3   1020.7
     1     1    19     2     8     7     0     1   -35.0   36.688 -160.339     18.3   1020.3
     1     1    19     2     8     6     0     0   -36.0   37.020 -160.553     20.0   1019.8
     1     1    19     2     8     5     0     1   -37.0   37.343 -160.792     21.8   1018.7
     1     1    19     2     8     4     0     2   -38.0   37.651 -161.058     23.0   1017.6
     1     1    19     2     8     3     0     3   -39.0   37.945 -161.351     23.4   1016.7
     1     1    19     2     8     2     0     2   -40.0   38.228 -161.679     23.8   1016.5
     1     1    19     2     8     1     0     1   -41.0   38.508 -162.052     24.6   1015.6
     1     1    19     2     8     0     0     0   -42.0   38.785 -162.466     25.9   1014.8
     1     1    19     2     7    23     0     1   -43.0   39.057 -162.895     28.2   1014.2
     1     1    19     2     7    22     0     2   -44.0   39.327 -163.312     31.0   1013.2
     1     1    19     2     7    21     0     3   -45.0   39.593 -163.719     32.8   1012.8
     1     1    19     2     7    20     0     2   -46.0   39.865 -164.135     33.7   1011.9
     1     1    19     2     7    19     0     1   -47.0   40.157 -164.563     35.5   1010.3
     1     1    19     2     7    18     0     0   -48.0   40.466 -164.984     39.7   1008.8
     1     1    19     2     7    17     0     1   -49.0   40.788 -165.390     44.8   1007.0
     1     1    19     2     7    16     0     2   -50.0   41.118 -165.772     47.9   1005.5
     1     1    19     2     7    15     0     3   -51.0   41.443 -166.111     48.8   1004.6
     1     1    19     2     7    14     0     2   -52.0   41.759 -166.420     48.8   1004.4
     1     1    19     2     7    13     0     1   -53.0   42.063 -166.716     48.8   1004.1
     1     1    19     2     7    12     0     0   -54.0   42.346 -166.975     48.8   1003.9
     1     1    19     2     7    11     0     1   -55.0   42.615 -167.228     48.8   1003.5
     1     1    19     2     7    10     0     2   -56.0   42.880 -167.515     48.8   1003.3
     1     1    19     2     7     9     0     3   -57.0   43.131 -167.820     49.0   1003.3
     1     1    19     2     7     8     0     2   -58.0   43.359 -168.126     48.6   1002.5
     1     1    19     2     7     7     0     1   -59.0   43.563 -168.437     47.5   1002.0
     1     1    19     2     7     6     0     0   -60.0   43.749 -168.760     46.8   1001.5
     1     1    19     2     7     5     0     1   -61.0   43.918 -169.105     46.8   1000.8
     1     1    19     2     7     4     0     2   -62.0   44.060 -169.483     47.2    999.9
     1     1    19     2     7     3     0     3   -63.0   44.172 -169.878     47.5    999.2
     1     1    19     2     7     2     0     2   -64.0   44.253 -170.274     47.9    998.9
     1     1    19     2     7     1     0     1   -65.0   44.306 -170.666     48.5    998.6
     1     1    19     2     7     0     0     0   -66.0   44.343 -171.060     48.9    998.3
     1     1    19     2     6    23     0     1   -67.0   44.361 -171.455     49.4    998.0
     1     1    19     2     6    22     0     2   -68.0   44.359 -171.852     50.7    997.6
     1     1    19     2     6    21     0     3   -69.0   44.344 -172.257     52.8    997.0
     1     1    19     2     6    20     0     2   -70.0   44.311 -172.664     57.1    996.3
     1     1    19     2     6    19     0     1   -71.0   44.257 -173.074     64.8    994.5
     1     1    19     2     6    18     0     0   -72.0   44.195 -173.493     78.2    992.3
     1     1    19     2     6    17     0     1   -73.0   44.117 -173.918     96.9    989.4
     1     1    19     2     6    16     0     2   -74.0   44.015 -174.361    113.9    986.8
     1     1    19     2     6    15     0     3   -75.0   43.901 -174.837    121.4    985.4
     1     1    19     2     6    14     0     2   -76.0   43.773 -175.326    123.3    985.4
     1     1    19     2     6    13     0     1   -77.0   43.616 -175.833    125.8    984.8
     1     1    19     2     6    12     0     0   -78.0   43.442 -176.381    127.2    984.6
     1     1    19     2     6    11     0     1   -79.0   43.260 -176.943    125.5    985.1
     1     1    19     2     6    10     0     2   -80.0   43.071 -177.507    120.4    985.8
     1     1    19     2     6     9     0     3   -81.0   42.884 -178.098    113.1    986.3
     1     1    19     2     6     8     0     2   -82.0   42.704 -178.705    105.5    987.6
     1     1    19     2     6     7     0     1   -83.0   42.523 -179.311     96.9    988.6
     1     1    19     2     6     6     0     0   -84.0   42.338 -179.945     88.4    989.7
     1     1    19     2     6     5     0     1   -85.0   42.158  179.387     80.4    990.3
     1     1    19     2     6     4     0     2   -86.0   41.977  178.695     73.0    991.2
     1     1    19     2     6     3     0     3   -87.0   41.785  177.968     67.1    992.4
     1     1    19     2     6     2     0     2   -88.0   41.602  177.227     60.8    994.1
     1     1    19     2     6     1     0     1   -89.0   41.432  176.498     52.7    995.8
     1     1    19     2     6     0     0     0   -90.0   41.256  175.765     42.1    997.3
     1     1    19     2     5    23     0     1   -91.0   41.090  175.007     35.7    999.1
     1     1    19     2     5    22     0     2   -92.0   40.947  174.203     32.2    999.3
     1     1    19     2     5    21     0     3   -93.0   40.815  173.365     29.2   1000.1
     1     1    19     2     5    20     0     2   -94.0   40.697  172.514     28.3   1000.2
     1     1    19     2     5    19     0     1   -95.0   40.587  171.657     27.7   1000.0
     1     1    19     2     5    18     0     0   -96.0   40.477  170.802     27.5    999.5
     1     1    19     2     5    17     0     1   -97.0   40.369  169.941     27.5   1000.3
     1     1    19     2     5    16     0     2   -98.0   40.284  169.057     27.5   1001.3
     1     1    19     2     5    15     0     3   -99.0   40.227  168.154     27.5   1002.2
     1     1    19     2     5    14     0     2  -100.0   40.185  167.242     27.5   1002.5
     1     1    19     2     5    13     0     1  -101.0   40.156  166.332     27.5   1002.7
     1     1    19     2     5    12     0     0  -102.0   40.139  165.428     27.5   1003.0
     1     1    19     2     5    11     0     1  -103.0   40.138  164.526     27.5   1002.8
     1     1    19     2     5    10     0     2  -104.0   40.169  163.599     27.5   1002.6
     1     1    19     2     5     9     0     3  -105.0   40.231  162.647     27.5   1002.4
     1     1    19     2     5     8     0     2  -106.0   40.305  161.679     27.5   1002.4
     1     1    19     2     5     7     0     1  -107.0   40.385  160.697     27.9   1002.2
     1     1    19     2     5     6     0     0  -108.0   40.480  159.704     28.7   1001.4
     1     1    19     2     5     5     0     1  -109.0   40.587  158.701     29.0   1001.7
     1     1    19     2     5     4     0     2  -110.0   40.697  157.679     29.0   1001.7
     1     1    19     2     5     3     0     3  -111.0   40.816  156.635     29.0   1002.2
     1     1    19     2     5     2     0     2  -112.0   40.948  155.586     29.0   1002.7
     1     1    19     2     5     1     0     1  -113.0   41.092  154.551     29.0   1002.8
     1     1    19     2     5     0     0     0  -114.0   41.239  153.518     29.3   1003.1
     1     1    19     2     4    23     0     1  -115.0   41.392  152.504     29.5   1003.1
     1     1    19     2     4    22     0     2  -116.0   41.561  151.527     29.6   1003.2
     1     1    19     2     4    21     0     3  -117.0   41.750  150.581     30.0   1002.6
     1     1    19     2     4    20     0     2  -118.0   41.964  149.665     30.2   1002.1
     1     1    19     2     4    19     0     1  -119.0   42.202  148.767     30.2   1001.8
     1     1    19     2     4    18     0     0  -120.0   42.462  147.852     30.2   1000.7
     1     1    19     2     4    17     0     1  -121.0   42.727  146.934     30.8   1001.3
     1     1    19     2     4    16     0     2  -122.0   42.959  146.054     28.3   1002.2
     1     1    19     2     4    15     0     3  -123.0   43.113  145.275     21.5    998.5
     1     1    19     2     4    14     0     2  -124.0   43.197  144.659     21.2    993.2
     1     1    19     2     4    13     0     1  -125.0   43.246  144.167     49.7    989.1
     1     1    19     2     4    12     0     0  -126.0   43.277  143.676    173.6    970.2
     1     1    19     2     4    11     0     1  -127.0   43.360  142.924    544.9    910.7
     1     1    19     2     4    10     0     2  -128.0   43.566  141.996    665.1    877.4
     1     1    19     2     4     9     0     3  -129.0   43.820  141.182    518.3    924.9
     1     1    19     2     4     8     0     2  -130.0   44.090  140.415    420.7    955.7
     1     1    19     2     4     7     0     1  -131.0   44.387  139.631    410.8    954.9
     1     1    19     2     4     6     0     0  -132.0   44.702  138.904    420.6    952.7
     1     1    19     2     4     5     0     1  -133.0   44.995  138.243    447.9    952.0
     1     1    19     2     4     4     0     2  -134.0   45.304  137.551    578.2    928.5
     1     1    19     2     4     3     0     3  -135.0   45.723  136.721    968.8    816.5
     1     1    19     2     4     2     0     2  -136.0   46.120  135.883   1275.3    770.0
     1     1    19     2     4     1     0     1  -137.0   46.421  135.169   1237.9    823.5
     1     1    19     2     4     0     0     0  -138.0   46.706  134.474   1181.8    848.2
     1     1    19     2     3    23     0     1  -139.0   46.996  133.762   1144.4    857.2
     1     1    19     2     3    22     0     2  -140.0   47.297  133.073   1120.4    865.1
     1     1    19     2     3    21     0     3  -141.0   47.634  132.417   1141.8    862.8
     1     1    19     2     3    20     0     2  -142.0   48.006  131.767   1212.6    849.5
     1     1    19     2     3    19     0     1  -143.0   48.384  131.060   1379.9    820.1
     1     1    19     2     3    18     0     0  -144.0   48.702  130.294   1582.3    789.5
     1     1    19     2     3    17     0     1  -145.0   48.958  129.591   1684.5    781.9
     1     1    19     2     3    16     0     2  -146.0   49.148  128.921   1759.9    764.0
     1     1    19     2     3    15     0     3  -147.0   49.293  128.292   1827.4    759.8
     1     1    19     2     3    14     0     2  -148.0   49.420  127.720   1858.1    756.4
     1     1    19     2     3    13     0     1  -149.0   49.544  127.204   1872.8    749.3
     1     1    19     2     3    12     0     0  -150.0   49.675  126.735   1893.1    743.1
     1     1    19     2     3    11     0     1  -151.0   49.812  126.271   1917.0    737.3
     1     1    19     2     3    10     0     2  -152.0   49.952  125.784   1933.5    734.0
     1     1    19     2     3     9     0     3  -153.0   50.109  125.296   1934.7    739.9
     1     1    19     2     3     8     0     2  -154.0   50.277  124.816   1925.1    740.3
     1     1    19     2     3     7     0     1  -155.0   50.434  124.330   1915.6    731.5
     1     1    19     2     3     6     0     0  -156.0   50.579  123.826   1900.9    722.4
     1     1    19     2     3     5     0     1  -157.0   50.712  123.300   1882.8    714.4
     1     1    19     2     3     4     0     2  -158.0   50.835  122.752   1882.4    706.6
     1     1    19     2     3     3     0     3  -159.0   50.948  122.176   1917.4    696.0
     1     1    19     2     3     2     0     2  -160.0   51.047  121.580   1980.3    684.4
     1     1    19     2     3     1     0     1  -161.0   51.133  120.983   2050.9    676.7
     1     1    19     2     3     0     0     0  -162.0   51.217  120.399   2118.8    677.5
     1     1    19     2     2    23     0     1  -163.0   51.293  119.831   2148.0    679.4
     1     1    19     2     2    22     0     2  -164.0   51.350  119.287   2124.8    684.1
     1     1    19     2     2    21     0     3  -165.0   51.395  118.768   2071.1    690.4
     1     1    19     2     2    20     0     2  -166.0   51.433  118.251   2037.9    691.5
     1     1    19     2     2    19     0     1  -167.0   51.456  117.718   2037.7    687.0
     1     1    19     2     2    18     0     0  -168.0   51.462  117.176   2034.8    685.1
     1     1    19     2     2    17     0     1  -169.0   51.458  116.658   2021.0    691.4
     1     1    19     2     2    16     0     2  -170.0   51.445  116.196   1993.5    700.6
     1     1    19     2     2    15     0     3  -171.0   51.422  115.792   1941.2    707.7
     1     1    19     2     2    14     0     2  -172.0   51.411  115.447   1872.6    714.5
     1     1    19     2     2    13     0     1  -173.0   51.427  115.158   1801.0    720.7
     1     1    19     2     2    12     0     0  -174.0   51.461  114.914   1734.5    726.4
     1     1    19     2     2    11     0     1  -175.0   51.527  114.649   1694.1    728.5
     1     1    19     2     2    10     0     2  -176.0   51.638  114.296   1691.1    724.7
     1     1    19     2     2     9     0     3  -177.0   51.782  113.857   1703.9    719.4
     1     1    19     2     2     8     0     2  -178.0   51.926  113.374   1714.9    715.1
     1     1    19     2     2     7     0     1  -179.0   52.053  112.874   1717.2    710.5
     1     1    19     2     2     6     0     0  -180.0   52.160  112.333   1726.9    703.1
     1     1    19     2     2     5     0     1  -181.0   52.239  111.764   1757.6    696.7
     1     1    19     2     2     4     0     2  -182.0   52.297  111.233   1774.2    696.3
     1     1    19     2     2     3     0     3  -183.0   52.346  110.765   1761.1    698.7
     1     1    19     2     2     2     0     2  -184.0   52.413  110.349   1736.4    701.2
     1     1    19     2     2     1     0     1  -185.0   52.523  109.960   1715.7    700.9
     1     1    19     2     2     0     0     0  -186.0   52.668  109.564   1714.3    705.5
     1     1    19     2     1    23     0     1  -187.0   52.840  109.106   1754.7    711.3
     1     1    19     2     1    22     0     2  -188.0   53.025  108.591   1818.5    719.8
     1     1    19     2     1    21     0     3  -189.0   53.197  108.129   1779.7    728.0
     1     1    19     2     1    20     0     2  -190.0   53.350  107.757   1631.4    742.8
     1     1    19     2     1    19     0     1  -191.0   53.500  107.414   1496.8    760.7
     1     1    19     2     1    18     0     0  -192.0   53.670  107.042   1461.2    769.3
     1     1    19     2     1    17     0     1  -193.0   53.853  106.646   1478.8    755.3
     1     1    19     2     1    16     0     2  -194.0   54.023  106.315   1458.1    757.3
     1     1    19     2     1    15     0     3  -195.0   54.175  106.070   1403.4    768.7
     1     1    19     2     1    14     0     2  -196.0   54.323  105.854   1363.8    772.6
     1     1    19     2     1    13     0     1  -197.0   54.475  105.622   1363.2    768.6
     1     1    19     2     1    12     0     0  -198.0   54.630  105.376   1392.7    764.3
     1     1    19     2     1    11     0     1  -199.0   54.788  105.105   1442.2    761.1
     1     1    19     2     1    10     0     2  -200.0   54.954  104.807   1502.8    757.5
     1     1    19     2     1     9     0     3  -201.0   55.126  104.494   1553.7    749.1
     1     1    19     2     1     8     0     2  -202.0   55.293  104.141   1587.0    745.8
     1     1    19     2     1     7     0     1  -203.0   55.444  103.754   1601.4    749.9
     1     1    19     2     1     6     0     0  -204.0   55.580  103.366   1598.4    755.7
     1     1    19     2     1     5     0     1  -205.0   55.711  102.996   1587.9    760.8
     1     1    19     2     1     4     0     2  -206.0   55.847  102.655   1583.3    764.9
     1     1    19     2     1     3     0     3  -207.0   55.989  102.358   1590.1    767.0
     1     1    19     2     1     2     0     2  -208.0   56.138  102.075   1597.3    766.6
     1     1    19     2     1     1     0     1  -209.0   56.296  101.771   1592.9    765.5
     1     1    19     2     1     0     0     0  -210.0   56.464  101.456   1578.0    766.3
     1     1    19     1    31    23     0     1  -211.0   56.634  101.145   1556.8    768.8
     1     1    19     1    31    22     0     2  -212.0   56.795  100.857   1531.9    773.1
     1     1    19     1    31    21     0     3  -213.0   56.945  100.592   1505.8    777.0
     1     1    19     1    31    20     0     2  -214.0   57.086  100.339   1483.0    781.0
     1     1    19     1    31    19     0     1  -215.0   57.221  100.088   1467.1    784.8
     1     1    19     1    31    18     0     0  -216.0   57.346   99.842   1457.3    789.6
     1     1    19     1    31    17     0     1  -217.0   57.463   99.607   1447.6    794.3
     1     1    19     1    31    16     0     2  -218.0   57.575   99.390   1433.9    798.8
     1     1    19     1    31    15     0     3  -219.0   57.682   99.186   1416.9    802.8
     1     1    19     1    31    14     0     2  -220.0   57.780   98.994   1396.6    806.7
     1     1    19     1    31    13     0     1  -221.0   57.865   98.811   1371.0    808.8
     1     1    19     1    31    12     0     0  -222.0   57.938   98.631   1340.4    811.6
     1     1    19     1    31    11     0     1  -223.0   57.996   98.467   1304.2    815.0
     1     1    19     1    31    10     0     2  -224.0   58.037   98.337   1261.4    819.3
     1     1    19     1    31     9     0     3  -225.0   58.061   98.246   1210.7    824.7
     1     1    19     1    31     8     0     2  -226.0   58.076   98.183   1155.5    831.4
     1     1    19     1    31     7     0     1  -227.0   58.085   98.128   1099.7    837.4
     1     1    19     1    31     6     0     0  -228.0   58.090   98.077   1044.2    843.4
     1     1    19     1    31     5     0     1  -229.0   58.100   98.021   1000.4    849.8
     1     1    19     1    31     4     0     2  -230.0   58.120   97.944    976.6    852.1
     1     1    19     1    31     3     0     3  -231.0   58.149   97.841    966.3    852.4
     1     1    19     1    31     2     0     2  -232.0   58.182   97.705    954.2    851.8
     1     1    19     1    31     1     0     1  -233.0   58.212   97.529    928.6    854.1
     1     1    19     1    31     0     0     0  -234.0   58.236   97.319    891.7    857.8
     1     1    19     1    30    23     0     1  -235.0   58.250   97.097    840.3    862.2
     1     1    19     1    30    22     0     2  -236.0   58.261   96.887    774.6    869.4
     1     1    19     1    30    21     0     3  -237.0   58.276   96.685    708.0    877.8
     1     1    19     1    30    20     0     2  -238.0   58.306   96.472    653.2    884.8
     1     1    19     1    30    19     0     1  -239.0   58.357   96.225    619.9    888.9
     1     1    19     1    30    18     0     0  -240.0   58.428   95.937    613.2    889.9
