     7     1
    GDAS    19     6     1     0     0
    GDAS    19     7     1     0     0
    GDAS    19     8     1     0     0
    GDAS    19     9     1     0     0
    GDAS    19    10     1     0     0
    GDAS    19    11     1     0     0
    GDAS    19    12     1     0     0
     1 BACKWARD OMEGA   
    19    12    25     0   21.319 -157.670    10.0
     1 PRESSURE
     1     1    19    12    25     0     0     0     0.0   21.319 -157.670     10.0   1005.3
     1     1    19    12    24    23     0     1    -1.0   21.176 -157.547     10.9   1005.3
     1     1    19    12    24    22     0     2    -2.0   21.055 -157.456     13.9   1004.7
     1     1    19    12    24    21     0     3    -3.0   20.954 -157.368     20.3   1003.9
     1     1    19    12    24    20     0     2    -4.0   20.879 -157.282     37.2   1002.3
     1     1    19    12    24    19     0     1    -5.0   20.838 -157.195     78.5    997.8
     1     1    19    12    24    18     0     0    -6.0   20.844 -157.101    149.4    989.3
     1     1    19    12    24    17     0     1    -7.0   20.874 -157.012    229.9    976.0
     1     1    19    12    24    16     0     2    -8.0   20.876 -156.935    285.0    968.9
     1     1    19    12    24    15     0     3    -9.0   20.830 -156.852    305.7    967.1
     1     1    19    12    24    14     0     2   -10.0   20.754 -156.759    311.6    970.3
     1     1    19    12    24    13     0     1   -11.0   20.670 -156.665    318.3    970.5
     1     1    19    12    24    12     0     0   -12.0   20.578 -156.587    319.4    971.3
     1     1    19    12    24    11     0     1   -13.0   20.491 -156.514    318.1    973.5
     1     1    19    12    24    10     0     2   -14.0   20.414 -156.413    321.0    974.8
     1     1    19    12    24     9     0     3   -15.0   20.345 -156.284    331.0    975.0
     1     1    19    12    24     8     0     2   -16.0   20.266 -156.148    348.3    973.2
     1     1    19    12    24     7     0     1   -17.0   20.175 -156.033    386.5    970.5
     1     1    19    12    24     6     0     0   -18.0   20.080 -155.937    463.9    962.4
     1     1    19    12    24     5     0     1   -19.0   20.000 -155.873    551.3    948.0
     1     1    19    12    24     4     0     2   -20.0   19.944 -155.853    611.8    941.5
     1     1    19    12    24     3     0     3   -21.0   19.903 -155.848    642.3    937.9
     1     1    19    12    24     2     0     2   -22.0   19.868 -155.852    659.0    937.6
     1     1    19    12    24     1     0     1   -23.0   19.824 -155.839    678.3    935.4
     1     1    19    12    24     0     0     0   -24.0   19.768 -155.798    702.6    932.8
     1     1    19    12    23    23     0     1   -25.0   19.696 -155.700    743.0    930.3
     1     1    19    12    23    22     0     2   -26.0   19.606 -155.523    808.2    924.2
     1     1    19    12    23    21     0     3   -27.0   19.506 -155.277    894.6    916.0
     1     1    19    12    23    20     0     2   -28.0   19.400 -155.001    952.4    904.9
     1     1    19    12    23    19     0     1   -29.0   19.294 -154.709    954.4    906.8
     1     1    19    12    23    18     0     0   -30.0   19.191 -154.407    948.4    910.6
     1     1    19    12    23    17     0     1   -31.0   19.094 -154.104    976.5    908.6
     1     1    19    12    23    16     0     2   -32.0   19.001 -153.802   1028.3    899.8
     1     1    19    12    23    15     0     3   -33.0   18.907 -153.492   1069.4    894.2
     1     1    19    12    23    14     0     2   -34.0   18.808 -153.164   1117.4    892.1
     1     1    19    12    23    13     0     1   -35.0   18.704 -152.821   1199.3    884.1
     1     1    19    12    23    12     0     0   -36.0   18.607 -152.478   1298.4    871.8
     1     1    19    12    23    11     0     1   -37.0   18.521 -152.142   1370.7    861.9
     1     1    19    12    23    10     0     2   -38.0   18.446 -151.805   1405.6    860.3
     1     1    19    12    23     9     0     3   -39.0   18.376 -151.470   1421.4    859.3
     1     1    19    12    23     8     0     2   -40.0   18.331 -151.139   1436.5    859.6
     1     1    19    12    23     7     0     1   -41.0   18.325 -150.812   1465.8    857.5
     1     1    19    12    23     6     0     0   -42.0   18.346 -150.500   1524.5    852.8
     1     1    19    12    23     5     0     1   -43.0   18.368 -150.208   1604.8    841.9
     1     1    19    12    23     4     0     2   -44.0   18.384 -149.926   1667.4    833.4
     1     1    19    12    23     3     0     3   -45.0   18.395 -149.641   1695.4    830.2
     1     1    19    12    23     2     0     2   -46.0   18.400 -149.358   1716.7    830.6
     1     1    19    12    23     1     0     1   -47.0   18.400 -149.083   1755.2    826.3
     1     1    19    12    23     0     0     0   -48.0   18.396 -148.817   1798.9    821.0
     1     1    19    12    22    23     0     1   -49.0   18.389 -148.547   1829.8    817.6
     1     1    19    12    22    22     0     2   -50.0   18.384 -148.263   1839.1    817.4
     1     1    19    12    22    21     0     3   -51.0   18.387 -147.966   1830.3    819.0
     1     1    19    12    22    20     0     2   -52.0   18.396 -147.664   1841.4    821.3
     1     1    19    12    22    19     0     1   -53.0   18.410 -147.368   1898.6    815.1
     1     1    19    12    22    18     0     0   -54.0   18.451 -147.074   1986.5    805.5
     1     1    19    12    22    17     0     1   -55.0   18.521 -146.786   2056.8    795.0
     1     1    19    12    22    16     0     2   -56.0   18.601 -146.513   2086.2    793.1
     1     1    19    12    22    15     0     3   -57.0   18.684 -146.258   2090.5    793.0
     1     1    19    12    22    14     0     2   -58.0   18.772 -146.020   2081.6    794.2
     1     1    19    12    22    13     0     1   -59.0   18.871 -145.793   2080.5    795.5
     1     1    19    12    22    12     0     0   -60.0   18.984 -145.577   2111.1    793.3
     1     1    19    12    22    11     0     1   -61.0   19.110 -145.369   2162.6    787.2
     1     1    19    12    22    10     0     2   -62.0   19.242 -145.169   2201.0    782.8
     1     1    19    12    22     9     0     3   -63.0   19.374 -144.984   2200.0    782.3
     1     1    19    12    22     8     0     2   -64.0   19.509 -144.811   2198.1    786.9
     1     1    19    12    22     7     0     1   -65.0   19.655 -144.654   2234.3    782.8
     1     1    19    12    22     6     0     0   -66.0   19.806 -144.516   2296.8    776.0
     1     1    19    12    22     5     0     1   -67.0   19.956 -144.391   2365.8    768.1
     1     1    19    12    22     4     0     2   -68.0   20.105 -144.275   2436.4    762.1
     1     1    19    12    22     3     0     3   -69.0   20.255 -144.163   2514.7    754.7
     1     1    19    12    22     2     0     2   -70.0   20.410 -144.055   2587.6    746.7
     1     1    19    12    22     1     0     1   -71.0   20.577 -143.952   2640.6    741.6
     1     1    19    12    22     0     0     0   -72.0   20.758 -143.861   2673.3    738.6
     1     1    19    12    21    23     0     1   -73.0   20.945 -143.789   2706.6    738.1
     1     1    19    12    21    22     0     2   -74.0   21.134 -143.734   2762.3    733.8
     1     1    19    12    21    21     0     3   -75.0   21.331 -143.690   2838.9    727.2
     1     1    19    12    21    20     0     2   -76.0   21.547 -143.653   2906.0    718.8
     1     1    19    12    21    19     0     1   -77.0   21.794 -143.632   2938.9    716.1
     1     1    19    12    21    18     0     0   -78.0   22.078 -143.641   2943.8    715.9
     1     1    19    12    21    17     0     1   -79.0   22.376 -143.683   2939.6    717.4
     1     1    19    12    21    16     0     2   -80.0   22.667 -143.761   2934.5    717.1
     1     1    19    12    21    15     0     3   -81.0   22.951 -143.884   2912.4    718.1
     1     1    19    12    21    14     0     2   -82.0   23.225 -144.046   2876.2    722.1
     1     1    19    12    21    13     0     1   -83.0   23.489 -144.237   2849.2    725.2
     1     1    19    12    21    12     0     0   -84.0   23.744 -144.459   2846.4    725.6
     1     1    19    12    21    11     0     1   -85.0   23.991 -144.699   2872.8    723.7
     1     1    19    12    21    10     0     2   -86.0   24.239 -144.942   2926.3    719.1
     1     1    19    12    21     9     0     3   -87.0   24.494 -145.193   3005.4    712.6
     1     1    19    12    21     8     0     2   -88.0   24.765 -145.462   3099.7    703.6
     1     1    19    12    21     7     0     1   -89.0   25.064 -145.754   3192.9    695.3
     1     1    19    12    21     6     0     0   -90.0   25.400 -146.079   3298.7    687.7
     1     1    19    12    21     5     0     1   -91.0   25.775 -146.452   3406.0    675.5
     1     1    19    12    21     4     0     2   -92.0   26.179 -146.882   3479.5    668.9
     1     1    19    12    21     3     0     3   -93.0   26.608 -147.368   3502.4    664.9
     1     1    19    12    21     2     0     2   -94.0   27.051 -147.878   3485.6    667.9
     1     1    19    12    21     1     0     1   -95.0   27.540 -148.404   3515.9    669.4
     1     1    19    12    21     0     0     0   -96.0   28.113 -148.976   3631.7    657.0
     1     1    19    12    20    23     0     1   -97.0   28.777 -149.586   3831.5    642.1
     1     1    19    12    20    22     0     2   -98.0   29.511 -150.251   4077.5    617.4
     1     1    19    12    20    21     0     3   -99.0   30.345 -150.952   4299.7    601.1
     1     1    19    12    20    20     0     2  -100.0   31.266 -151.704   4623.6    574.1
     1     1    19    12    20    19     0     1  -101.0   32.250 -152.504   4993.5    545.4
     1     1    19    12    20    18     0     0  -102.0   33.291 -153.316   5301.4    524.1
     1     1    19    12    20    17     0     1  -103.0   34.379 -154.094   5619.3    500.5
     1     1    19    12    20    16     0     2  -104.0   35.509 -154.823   5901.8    480.1
     1     1    19    12    20    15     0     3  -105.0   36.666 -155.485   6157.9    463.7
     1     1    19    12    20    14     0     2  -106.0   37.846 -156.041   6461.3    442.9
     1     1    19    12    20    13     0     1  -107.0   39.061 -156.501   6740.4    424.5
     1     1    19    12    20    12     0     0  -108.0   40.331 -156.851   7174.3    399.3
     1     1    19    12    20    11     0     1  -109.0   41.700 -157.032   7449.0    380.8
     1     1    19    12    20    10     0     2  -110.0   43.123 -157.198   7563.4    372.9
     1     1    19    12    20     9     0     3  -111.0   44.590 -157.357   7637.8    368.4
     1     1    19    12    20     8     0     2  -112.0   46.103 -157.503   7755.1    361.0
     1     1    19    12    20     7     0     1  -113.0   47.610 -157.758   7868.0    353.8
     1     1    19    12    20     6     0     0  -114.0   49.070 -158.139   7864.6    352.3
     1     1    19    12    20     5     0     1  -115.0   50.480 -158.562   7843.0    354.7
     1     1    19    12    20     4     0     2  -116.0   51.832 -159.066   7900.9    350.5
     1     1    19    12    20     3     0     3  -117.0   53.129 -159.746   8072.9    341.6
     1     1    19    12    20     2     0     2  -118.0   54.374 -160.606   8106.6    336.5
     1     1    19    12    20     1     0     1  -119.0   55.462 -161.469   7916.3    351.5
     1     1    19    12    20     0     0     0  -120.0   56.462 -162.472   8016.6    342.2
     1     1    19    12    19    23     0     1  -121.0   57.396 -163.662   8126.0    336.6
     1     1    19    12    19    22     0     2  -122.0   58.251 -165.079   8203.6    333.6
     1     1    19    12    19    21     0     3  -123.0   58.932 -166.686   8232.6    331.1
     1     1    19    12    19    20     0     2  -124.0   59.407 -168.403   8148.7    336.4
     1     1    19    12    19    19     0     1  -125.0   59.756 -170.217   8239.7    331.2
     1     1    19    12    19    18     0     0  -126.0   59.932 -172.074   8314.8    326.7
     1     1    19    12    19    17     0     1  -127.0   59.882 -173.898   8291.1    327.9
     1     1    19    12    19    16     0     2  -128.0   59.696 -175.764   8254.5    329.1
     1     1    19    12    19    15     0     3  -129.0   59.365 -177.534   8160.4    332.5
     1     1    19    12    19    14     0     2  -130.0   58.817 -179.144   7803.2    353.9
     1     1    19    12    19    13     0     1  -131.0   58.171  179.320   7592.1    364.3
     1     1    19    12    19    12     0     0  -132.0   57.458  177.863   7435.7    373.1
     1     1    19    12    19    11     0     1  -133.0   56.571  176.579   7245.5    384.3
     1     1    19    12    19    10     0     2  -134.0   55.634  175.292   7108.4    393.0
     1     1    19    12    19     9     0     3  -135.0   54.646  173.980   7131.3    391.5
     1     1    19    12    19     8     0     2  -136.0   53.574  172.851   7063.3    389.4
     1     1    19    12    19     7     0     1  -137.0   52.454  171.718   6908.9    407.1
     1     1    19    12    19     6     0     0  -138.0   51.339  170.751   7016.3    401.1
     1     1    19    12    19     5     0     1  -139.0   50.226  169.859   7200.4    389.3
     1     1    19    12    19     4     0     2  -140.0   49.135  168.970   7291.4    386.0
     1     1    19    12    19     3     0     3  -141.0   48.125  168.159   7259.8    386.8
     1     1    19    12    19     2     0     2  -142.0   47.198  167.416   7051.2    398.9
     1     1    19    12    19     1     0     1  -143.0   46.384  166.665   6640.2    427.5
     1     1    19    12    19     0     0     0  -144.0   45.662  165.843   6096.4    460.9
     1     1    19    12    18    23     0     1  -145.0   45.016  165.007   5736.8    487.1
     1     1    19    12    18    22     0     2  -146.0   44.358  164.200   5489.1    499.8
     1     1    19    12    18    21     0     3  -147.0   43.689  163.408   5176.8    525.4
     1     1    19    12    18    20     0     2  -148.0   43.054  162.627   4808.1    549.1
     1     1    19    12    18    19     0     1  -149.0   42.398  161.906   4478.2    577.4
     1     1    19    12    18    18     0     0  -150.0   41.737  161.275   4107.2    592.1
     1     1    19    12    18    17     0     1  -151.0   41.084  160.619   3710.3    647.4
     1     1    19    12    18    16     0     2  -152.0   40.430  159.977   3514.8    661.6
     1     1    19    12    18    15     0     3  -153.0   39.762  159.410   3460.7    663.5
     1     1    19    12    18    14     0     2  -154.0   39.127  158.885   3469.1    660.6
     1     1    19    12    18    13     0     1  -155.0   38.533  158.397   3492.2    659.3
     1     1    19    12    18    12     0     0  -156.0   37.923  157.995   3479.7    657.3
     1     1    19    12    18    11     0     1  -157.0   37.318  157.606   3493.6    666.8
     1     1    19    12    18    10     0     2  -158.0   36.812  157.135   3614.1    653.2
     1     1    19    12    18     9     0     3  -159.0   36.347  156.651   3624.4    639.2
     1     1    19    12    18     8     0     2  -160.0   35.909  156.159   3526.9    658.4
     1     1    19    12    18     7     0     1  -161.0   35.492  155.644   3541.4    667.9
     1     1    19    12    18     6     0     0  -162.0   35.125  155.154   3597.8    649.0
     1     1    19    12    18     5     0     1  -163.0   34.791  154.679   3610.2    651.2
     1     1    19    12    18     4     0     2  -164.0   34.426  154.167   3602.0    653.5
     1     1    19    12    18     3     0     3  -165.0   34.097  153.662   3655.5    654.8
     1     1    19    12    18     2     0     2  -166.0   33.846  153.135   3743.7    641.4
     1     1    19    12    18     1     0     1  -167.0   33.600  152.561   3708.0    637.9
     1     1    19    12    18     0     0     0  -168.0   33.312  151.920   3452.5    658.5
     1     1    19    12    17    23     0     1  -169.0   33.023  151.310   3299.6    694.7
     1     1    19    12    17    22     0     2  -170.0   32.759  150.740   3238.8    682.2
     1     1    19    12    17    21     0     3  -171.0   32.474  150.161   2940.7    695.9
     1     1    19    12    17    20     0     2  -172.0   32.142  149.627   2525.9    757.1
     1     1    19    12    17    19     0     1  -173.0   31.781  149.203   2176.4    783.8
     1     1    19    12    17    18     0     0  -174.0   31.405  148.925   1909.4    814.9
     1     1    19    12    17    17     0     1  -175.0   31.055  148.764   1738.5    835.0
     1     1    19    12    17    16     0     2  -176.0   30.751  148.670   1645.2    838.2
     1     1    19    12    17    15     0     3  -177.0   30.462  148.646   1561.1    848.2
     1     1    19    12    17    14     0     2  -178.0   30.188  148.688   1513.4    855.9
     1     1    19    12    17    13     0     1  -179.0   29.940  148.792   1507.7    855.5
     1     1    19    12    17    12     0     0  -180.0   29.715  148.962   1521.7    853.5
     1     1    19    12    17    11     0     1  -181.0   29.517  149.160   1527.3    850.9
     1     1    19    12    17    10     0     2  -182.0   29.348  149.359   1512.5    853.3
     1     1    19    12    17     9     0     3  -183.0   29.204  149.569   1496.2    856.7
     1     1    19    12    17     8     0     2  -184.0   29.084  149.785   1490.1    856.8
     1     1    19    12    17     7     0     1  -185.0   28.992  150.003   1487.5    856.3
     1     1    19    12    17     6     0     0  -186.0   28.927  150.222   1484.8    856.2
     1     1    19    12    17     5     0     1  -187.0   28.877  150.438   1484.0    856.6
     1     1    19    12    17     4     0     2  -188.0   28.836  150.655   1486.5    856.4
     1     1    19    12    17     3     0     3  -189.0   28.815  150.878   1489.3    856.0
     1     1    19    12    17     2     0     2  -190.0   28.812  151.103   1486.6    856.3
     1     1    19    12    17     1     0     1  -191.0   28.817  151.326   1480.7    858.0
     1     1    19    12    17     0     0     0  -192.0   28.830  151.548   1488.8    858.7
     1     1    19    12    16    23     0     1  -193.0   28.863  151.761   1522.8    855.0
     1     1    19    12    16    22     0     2  -194.0   28.928  151.948   1581.9    848.2
     1     1    19    12    16    21     0     3  -195.0   29.023  152.107   1659.9    839.4
     1     1    19    12    16    20     0     2  -196.0   29.136  152.231   1734.3    829.6
     1     1    19    12    16    19     0     1  -197.0   29.255  152.317   1787.8    824.2
     1     1    19    12    16    18     0     0  -198.0   29.383  152.372   1823.7    820.6
     1     1    19    12    16    17     0     1  -199.0   29.520  152.406   1860.1    818.7
     1     1    19    12    16    16     0     2  -200.0   29.664  152.408   1911.7    813.3
     1     1    19    12    16    15     0     3  -201.0   29.812  152.366   1975.1    806.6
     1     1    19    12    16    14     0     2  -202.0   29.961  152.281   2029.5    799.5
     1     1    19    12    16    13     0     1  -203.0   30.111  152.169   2063.8    796.7
     1     1    19    12    16    12     0     0  -204.0   30.265  152.036   2089.2    795.0
     1     1    19    12    16    11     0     1  -205.0   30.431  151.883   2122.3    792.6
     1     1    19    12    16    10     0     2  -206.0   30.612  151.705   2163.1    787.7
     1     1    19    12    16     9     0     3  -207.0   30.798  151.500   2199.5    783.8
     1     1    19    12    16     8     0     2  -208.0   30.984  151.264   2238.6    780.5
     1     1    19    12    16     7     0     1  -209.0   31.172  150.996   2292.5    774.8
     1     1    19    12    16     6     0     0  -210.0   31.365  150.696   2353.0    767.5
     1     1    19    12    16     5     0     1  -211.0   31.558  150.378   2408.5    761.9
     1     1    19    12    16     4     0     2  -212.0   31.741  150.054   2461.4    757.2
     1     1    19    12    16     3     0     3  -213.0   31.910  149.714   2514.1    752.1
     1     1    19    12    16     2     0     2  -214.0   32.074  149.357   2556.8    747.6
     1     1    19    12    16     1     0     1  -215.0   32.239  148.993   2591.2    745.5
     1     1    19    12    16     0     0     0  -216.0   32.398  148.633   2643.8    742.3
     1     1    19    12    15    23     0     1  -217.0   32.557  148.276   2701.1    733.9
     1     1    19    12    15    22     0     2  -218.0   32.722  147.921   2719.1    730.8
     1     1    19    12    15    21     0     3  -219.0   32.891  147.569   2708.1    733.6
     1     1    19    12    15    20     0     2  -220.0   33.058  147.207   2710.2    734.9
     1     1    19    12    15    19     0     1  -221.0   33.221  146.823   2724.6    731.4
     1     1    19    12    15    18     0     0  -222.0   33.381  146.430   2737.4    730.5
     1     1    19    12    15    17     0     1  -223.0   33.536  146.042   2764.2    729.0
     1     1    19    12    15    16     0     2  -224.0   33.686  145.657   2809.6    724.4
     1     1    19    12    15    15     0     3  -225.0   33.837  145.265   2876.6    719.3
     1     1    19    12    15    14     0     2  -226.0   33.986  144.857   2958.6    710.2
     1     1    19    12    15    13     0     1  -227.0   34.122  144.429   3022.7    703.4
     1     1    19    12    15    12     0     0  -228.0   34.242  143.980   3080.5    700.3
     1     1    19    12    15    11     0     1  -229.0   34.348  143.522   3127.4    693.6
     1     1    19    12    15    10     0     2  -230.0   34.434  143.076   3156.7    693.2
     1     1    19    12    15     9     0     3  -231.0   34.501  142.649   3193.9    690.3
     1     1    19    12    15     8     0     2  -232.0   34.562  142.239   3218.1    685.7
     1     1    19    12    15     7     0     1  -233.0   34.621  141.844   3181.2    686.6
     1     1    19    12    15     6     0     0  -234.0   34.675  141.483   3056.6    696.8
     1     1    19    12    15     5     0     1  -235.0   34.735  141.158   2902.6    715.7
     1     1    19    12    15     4     0     2  -236.0   34.811  140.856   2769.0    728.0
     1     1    19    12    15     3     0     3  -237.0   34.893  140.582   2652.6    738.5
     1     1    19    12    15     2     0     2  -238.0   34.972  140.346   2557.2    747.9
     1     1    19    12    15     1     0     1  -239.0   35.060  140.144   2481.0    754.5
     1     1    19    12    15     0     0     0  -240.0   35.182  139.955   2414.7    759.0
