     7     1
    GDAS    19     6     1     0     0
    GDAS    19     7     1     0     0
    GDAS    19     8     1     0     0
    GDAS    19     9     1     0     0
    GDAS    19    10     1     0     0
    GDAS    19    11     1     0     0
    GDAS    19    12     1     0     0
     1 BACKWARD OMEGA   
    19     8    21    12   21.319 -157.670    10.0
     1 PRESSURE
     1     1    19     8    21    12     0     0     0.0   21.319 -157.670     10.0   1012.6
     1     1    19     8    21    11     0     1    -1.0   21.404 -157.428     38.5   1010.2
     1     1    19     8    21    10     0     2    -2.0   21.479 -157.180    126.9   1000.3
     1     1    19     8    21     9     0     3    -3.0   21.540 -156.924    242.7    985.5
     1     1    19     8    21     8     0     2    -4.0   21.593 -156.654    344.7    973.3
     1     1    19     8    21     7     0     1    -5.0   21.639 -156.375    414.8    967.0
     1     1    19     8    21     6     0     0    -6.0   21.677 -156.102    458.7    962.7
     1     1    19     8    21     5     0     1    -7.0   21.709 -155.838    481.7    960.2
     1     1    19     8    21     4     0     2    -8.0   21.739 -155.578    487.6    959.4
     1     1    19     8    21     3     0     3    -9.0   21.760 -155.325    474.4    959.9
     1     1    19     8    21     2     0     2   -10.0   21.771 -155.076    455.6    964.0
     1     1    19     8    21     1     0     1   -11.0   21.776 -154.832    452.7    964.9
     1     1    19     8    21     0     0     0   -12.0   21.768 -154.595    468.0    962.6
     1     1    19     8    20    23     0     1   -13.0   21.753 -154.356    487.9    959.7
     1     1    19     8    20    22     0     2   -14.0   21.735 -154.104    506.8    958.8
     1     1    19     8    20    21     0     3   -15.0   21.720 -153.841    528.0    956.7
     1     1    19     8    20    20     0     2   -16.0   21.713 -153.568    537.2    954.3
     1     1    19     8    20    19     0     1   -17.0   21.712 -153.289    525.7    955.6
     1     1    19     8    20    18     0     0   -18.0   21.707 -153.004    499.9    958.6
     1     1    19     8    20    17     0     1   -19.0   21.707 -152.713    479.6    962.2
     1     1    19     8    20    16     0     2   -20.0   21.725 -152.417    473.8    961.9
     1     1    19     8    20    15     0     3   -21.0   21.754 -152.110    474.4    960.9
     1     1    19     8    20    14     0     2   -22.0   21.795 -151.799    483.4    960.5
     1     1    19     8    20    13     0     1   -23.0   21.850 -151.497    502.3    957.8
     1     1    19     8    20    12     0     0   -24.0   21.923 -151.201    519.2    955.0
     1     1    19     8    20    11     0     1   -25.0   22.008 -150.913    528.9    954.9
     1     1    19     8    20    10     0     2   -26.0   22.097 -150.640    541.1    955.1
     1     1    19     8    20     9     0     3   -27.0   22.192 -150.384    562.2    953.2
     1     1    19     8    20     8     0     2   -28.0   22.290 -150.141    590.5    949.8
     1     1    19     8    20     7     0     1   -29.0   22.386 -149.904    622.2    945.7
     1     1    19     8    20     6     0     0   -30.0   22.478 -149.675    652.3    941.8
     1     1    19     8    20     5     0     1   -31.0   22.563 -149.454    675.0    938.5
     1     1    19     8    20     4     0     2   -32.0   22.635 -149.237    692.3    936.9
     1     1    19     8    20     3     0     3   -33.0   22.695 -149.026    716.3    934.7
     1     1    19     8    20     2     0     2   -34.0   22.747 -148.818    742.4    930.6
     1     1    19     8    20     1     0     1   -35.0   22.793 -148.611    764.3    928.7
     1     1    19     8    20     0     0     0   -36.0   22.832 -148.408    789.6    926.4
     1     1    19     8    19    23     0     1   -37.0   22.861 -148.208    817.1    923.5
     1     1    19     8    19    22     0     2   -38.0   22.874 -148.007    837.7    921.5
     1     1    19     8    19    21     0     3   -39.0   22.872 -147.798    852.1    920.9
     1     1    19     8    19    20     0     2   -40.0   22.871 -147.583    868.0    919.4
     1     1    19     8    19    19     0     1   -41.0   22.880 -147.372    878.9    917.1
     1     1    19     8    19    18     0     0   -42.0   22.894 -147.167    866.3    917.3
     1     1    19     8    19    17     0     1   -43.0   22.913 -146.968    843.6    921.5
     1     1    19     8    19    16     0     2   -44.0   22.935 -146.777    832.5    922.6
     1     1    19     8    19    15     0     3   -45.0   22.961 -146.595    828.7    922.0
     1     1    19     8    19    14     0     2   -46.0   22.988 -146.418    836.2    922.1
     1     1    19     8    19    13     0     1   -47.0   23.012 -146.243    865.5    919.2
     1     1    19     8    19    12     0     0   -48.0   23.026 -146.071    919.4    913.4
     1     1    19     8    19    11     0     1   -49.0   23.040 -145.896    983.0    905.1
     1     1    19     8    19    10     0     2   -50.0   23.062 -145.714   1036.3    899.9
     1     1    19     8    19     9     0     3   -51.0   23.088 -145.527   1076.8    896.1
     1     1    19     8    19     8     0     2   -52.0   23.116 -145.336   1102.1    893.3
     1     1    19     8    19     7     0     1   -53.0   23.149 -145.144   1116.0    892.3
     1     1    19     8    19     6     0     0   -54.0   23.188 -144.956   1125.2    891.5
     1     1    19     8    19     5     0     1   -55.0   23.231 -144.763   1132.3    890.5
     1     1    19     8    19     4     0     2   -56.0   23.273 -144.560   1141.6    889.6
     1     1    19     8    19     3     0     3   -57.0   23.312 -144.352   1161.2    887.7
     1     1    19     8    19     2     0     2   -58.0   23.351 -144.141   1187.1    884.3
     1     1    19     8    19     1     0     1   -59.0   23.395 -143.923   1208.1    882.0
     1     1    19     8    19     0     0     0   -60.0   23.443 -143.698   1224.7    880.7
     1     1    19     8    18    23     0     1   -61.0   23.495 -143.472   1246.2    879.5
     1     1    19     8    18    22     0     2   -62.0   23.547 -143.252   1276.8    876.4
     1     1    19     8    18    21     0     3   -63.0   23.596 -143.039   1311.5    873.0
     1     1    19     8    18    20     0     2   -64.0   23.643 -142.826   1340.3    869.2
     1     1    19     8    18    19     0     1   -65.0   23.690 -142.606   1357.4    867.8
     1     1    19     8    18    18     0     0   -66.0   23.736 -142.379   1367.7    867.0
     1     1    19     8    18    17     0     1   -67.0   23.778 -142.141   1373.5    866.0
     1     1    19     8    18    16     0     2   -68.0   23.817 -141.890   1371.1    865.5
     1     1    19     8    18    15     0     3   -69.0   23.856 -141.627   1353.1    866.6
     1     1    19     8    18    14     0     2   -70.0   23.903 -141.358   1335.5    870.3
     1     1    19     8    18    13     0     1   -71.0   23.961 -141.086   1348.1    870.3
     1     1    19     8    18    12     0     0   -72.0   24.028 -140.814   1395.4    864.8
     1     1    19     8    18    11     0     1   -73.0   24.106 -140.535   1438.0    857.9
     1     1    19     8    18    10     0     2   -74.0   24.193 -140.242   1457.8    857.8
     1     1    19     8    18     9     0     3   -75.0   24.287 -139.928   1476.0    857.2
     1     1    19     8    18     8     0     2   -76.0   24.385 -139.617   1492.1    854.9
     1     1    19     8    18     7     0     1   -77.0   24.486 -139.327   1509.7    854.3
     1     1    19     8    18     6     0     0   -78.0   24.591 -139.051   1554.8    851.3
     1     1    19     8    18     5     0     1   -79.0   24.689 -138.785   1605.3    842.3
     1     1    19     8    18     4     0     2   -80.0   24.778 -138.524   1628.0    840.2
     1     1    19     8    18     3     0     3   -81.0   24.861 -138.265   1635.1    840.2
     1     1    19     8    18     2     0     2   -82.0   24.937 -137.994   1646.0    840.2
     1     1    19     8    18     1     0     1   -83.0   25.017 -137.695   1659.3    837.8
     1     1    19     8    18     0     0     0   -84.0   25.109 -137.377   1659.7    837.3
     1     1    19     8    17    23     0     1   -85.0   25.211 -137.059   1635.9    839.5
     1     1    19     8    17    22     0     2   -86.0   25.318 -136.754   1592.0    845.5
     1     1    19     8    17    21     0     3   -87.0   25.420 -136.458   1561.0    851.2
     1     1    19     8    17    20     0     2   -88.0   25.518 -136.171   1573.5    851.0
     1     1    19     8    17    19     0     1   -89.0   25.612 -135.898   1614.3    844.9
     1     1    19     8    17    18     0     0   -90.0   25.704 -135.634   1651.6    840.5
     1     1    19     8    17    17     0     1   -91.0   25.790 -135.369   1680.4    837.8
     1     1    19     8    17    16     0     2   -92.0   25.867 -135.099   1709.9    835.2
     1     1    19     8    17    15     0     3   -93.0   25.936 -134.824   1737.7    831.4
     1     1    19     8    17    14     0     2   -94.0   26.000 -134.547   1743.0    829.3
     1     1    19     8    17    13     0     1   -95.0   26.062 -134.267   1726.3    831.9
     1     1    19     8    17    12     0     0   -96.0   26.126 -133.981   1710.3    834.2
     1     1    19     8    17    11     0     1   -97.0   26.192 -133.691   1708.1    835.1
     1     1    19     8    17    10     0     2   -98.0   26.260 -133.398   1715.7    834.1
     1     1    19     8    17     9     0     3   -99.0   26.330 -133.096   1723.8    833.4
     1     1    19     8    17     8     0     2  -100.0   26.407 -132.788   1713.4    833.1
     1     1    19     8    17     7     0     1  -101.0   26.502 -132.479   1673.5    837.7
     1     1    19     8    17     6     0     0  -102.0   26.619 -132.166   1611.8    844.5
     1     1    19     8    17     5     0     1  -103.0   26.757 -131.849   1549.2    852.2
     1     1    19     8    17     4     0     2  -104.0   26.910 -131.530   1505.6    856.5
     1     1    19     8    17     3     0     3  -105.0   27.078 -131.211   1477.1    858.3
     1     1    19     8    17     2     0     2  -106.0   27.257 -130.903   1456.2    860.3
     1     1    19     8    17     1     0     1  -107.0   27.443 -130.614   1438.4    861.6
     1     1    19     8    17     0     0     0  -108.0   27.635 -130.343   1410.7    863.4
     1     1    19     8    16    23     0     1  -109.0   27.833 -130.078   1372.2    868.3
     1     1    19     8    16    22     0     2  -110.0   28.030 -129.810   1340.6    872.8
     1     1    19     8    16    21     0     3  -111.0   28.227 -129.542   1330.5    874.7
     1     1    19     8    16    20     0     2  -112.0   28.424 -129.283   1337.3    873.3
     1     1    19     8    16    19     0     1  -113.0   28.625 -129.033   1344.9    872.3
     1     1    19     8    16    18     0     0  -114.0   28.834 -128.789   1344.0    872.4
     1     1    19     8    16    17     0     1  -115.0   29.058 -128.543   1338.0    873.3
     1     1    19     8    16    16     0     2  -116.0   29.300 -128.299   1336.7    873.3
     1     1    19     8    16    15     0     3  -117.0   29.556 -128.069   1343.9    872.4
     1     1    19     8    16    14     0     2  -118.0   29.827 -127.856   1353.5    870.4
     1     1    19     8    16    13     0     1  -119.0   30.110 -127.652   1355.3    869.7
     1     1    19     8    16    12     0     0  -120.0   30.404 -127.460   1353.1    870.3
     1     1    19     8    16    11     0     1  -121.0   30.708 -127.279   1352.6    870.3
     1     1    19     8    16    10     0     2  -122.0   31.031 -127.101   1348.0    870.4
     1     1    19     8    16     9     0     3  -123.0   31.376 -126.931   1335.7    871.7
     1     1    19     8    16     8     0     2  -124.0   31.737 -126.776   1328.4    873.9
     1     1    19     8    16     7     0     1  -125.0   32.111 -126.633   1339.3    873.1
     1     1    19     8    16     6     0     0  -126.0   32.492 -126.499   1366.2    870.3
     1     1    19     8    16     5     0     1  -127.0   32.882 -126.381   1392.0    866.2
     1     1    19     8    16     4     0     2  -128.0   33.287 -126.285   1410.4    865.0
     1     1    19     8    16     3     0     3  -129.0   33.705 -126.209   1440.1    862.9
     1     1    19     8    16     2     0     2  -130.0   34.128 -126.155   1472.5    857.8
     1     1    19     8    16     1     0     1  -131.0   34.556 -126.120   1481.4    856.3
     1     1    19     8    16     0     0     0  -132.0   34.998 -126.109   1478.5    858.2
     1     1    19     8    15    23     0     1  -133.0   35.447 -126.106   1483.7    858.3
     1     1    19     8    15    22     0     2  -134.0   35.902 -126.108   1505.5    857.2
     1     1    19     8    15    21     0     3  -135.0   36.362 -126.132   1549.7    853.1
     1     1    19     8    15    20     0     2  -136.0   36.824 -126.163   1602.4    846.6
     1     1    19     8    15    19     0     1  -137.0   37.286 -126.197   1648.3    842.1
     1     1    19     8    15    18     0     0  -138.0   37.749 -126.246   1680.0    838.5
     1     1    19     8    15    17     0     1  -139.0   38.227 -126.299   1726.8    837.3
     1     1    19     8    15    16     0     2  -140.0   38.716 -126.357   1822.7    827.7
     1     1    19     8    15    15     0     3  -141.0   39.196 -126.440   1944.0    813.9
     1     1    19     8    15    14     0     2  -142.0   39.648 -126.547   2058.8    802.0
     1     1    19     8    15    13     0     1  -143.0   40.070 -126.680   2165.4    793.0
     1     1    19     8    15    12     0     0  -144.0   40.460 -126.841   2272.0    783.2
     1     1    19     8    15    11     0     1  -145.0   40.818 -127.029   2394.2    773.7
     1     1    19     8    15    10     0     2  -146.0   41.137 -127.256   2541.6    760.0
     1     1    19     8    15     9     0     3  -147.0   41.417 -127.531   2702.2    745.5
     1     1    19     8    15     8     0     2  -148.0   41.661 -127.845   2846.5    730.6
     1     1    19     8    15     7     0     1  -149.0   41.869 -128.195   2960.2    721.4
     1     1    19     8    15     6     0     0  -150.0   42.041 -128.589   3044.8    713.8
     1     1    19     8    15     5     0     1  -151.0   42.187 -129.008   3097.7    709.3
     1     1    19     8    15     4     0     2  -152.0   42.307 -129.436   3155.8    707.0
     1     1    19     8    15     3     0     3  -153.0   42.389 -129.894   3263.1    698.7
     1     1    19     8    15     2     0     2  -154.0   42.436 -130.380   3382.1    684.2
     1     1    19     8    15     1     0     1  -155.0   42.450 -130.882   3473.2    677.4
     1     1    19     8    15     0     0     0  -156.0   42.420 -131.394   3561.9    671.0
     1     1    19     8    14    23     0     1  -157.0   42.358 -131.913   3634.9    662.8
     1     1    19     8    14    22     0     2  -158.0   42.272 -132.417   3673.5    660.1
     1     1    19     8    14    21     0     3  -159.0   42.146 -132.884   3716.5    659.3
     1     1    19     8    14    20     0     2  -160.0   41.996 -133.333   3748.2    652.7
     1     1    19     8    14    19     0     1  -161.0   41.847 -133.781   3715.0    654.5
     1     1    19     8    14    18     0     0  -162.0   41.699 -134.229   3636.7    663.2
     1     1    19     8    14    17     0     1  -163.0   41.556 -134.691   3594.0    670.1
     1     1    19     8    14    16     0     2  -164.0   41.406 -135.176   3591.2    666.8
     1     1    19     8    14    15     0     3  -165.0   41.228 -135.665   3553.8    666.4
     1     1    19     8    14    14     0     2  -166.0   41.022 -136.134   3481.9    674.8
     1     1    19     8    14    13     0     1  -167.0   40.804 -136.595   3433.4    681.1
     1     1    19     8    14    12     0     0  -168.0   40.571 -137.053   3426.3    680.5
     1     1    19     8    14    11     0     1  -169.0   40.320 -137.500   3434.9    678.7
     1     1    19     8    14    10     0     2  -170.0   40.070 -137.942   3443.5    678.0
     1     1    19     8    14     9     0     3  -171.0   39.824 -138.376   3465.3    677.6
     1     1    19     8    14     8     0     2  -172.0   39.571 -138.806   3492.1    673.5
     1     1    19     8    14     7     0     1  -173.0   39.313 -139.239   3492.5    672.6
     1     1    19     8    14     6     0     0  -174.0   39.065 -139.671   3475.8    675.5
     1     1    19     8    14     5     0     1  -175.0   38.814 -140.100   3463.3    676.6
     1     1    19     8    14     4     0     2  -176.0   38.549 -140.530   3426.8    676.8
     1     1    19     8    14     3     0     3  -177.0   38.289 -140.956   3304.0    684.3
     1     1    19     8    14     2     0     2  -178.0   38.042 -141.357   3129.3    704.4
     1     1    19     8    14     1     0     1  -179.0   37.796 -141.742   2991.8    718.9
     1     1    19     8    14     0     0     0  -180.0   37.549 -142.132   2897.6    724.9
     1     1    19     8    13    23     0     1  -181.0   37.303 -142.516   2822.1    731.7
     1     1    19     8    13    22     0     2  -182.0   37.053 -142.889   2764.0    736.9
     1     1    19     8    13    21     0     3  -183.0   36.797 -143.253   2716.8    740.9
     1     1    19     8    13    20     0     2  -184.0   36.542 -143.610   2657.7    744.4
     1     1    19     8    13    19     0     1  -185.0   36.293 -143.963   2562.9    752.3
     1     1    19     8    13    18     0     0  -186.0   36.055 -144.304   2445.9    764.6
     1     1    19     8    13    17     0     1  -187.0   35.824 -144.638   2343.3    775.7
     1     1    19     8    13    16     0     2  -188.0   35.593 -144.974   2275.4    782.1
     1     1    19     8    13    15     0     3  -189.0   35.367 -145.308   2233.3    784.7
     1     1    19     8    13    14     0     2  -190.0   35.142 -145.637   2192.8    787.2
     1     1    19     8    13    13     0     1  -191.0   34.911 -145.963   2146.4    792.1
     1     1    19     8    13    12     0     0  -192.0   34.680 -146.280   2121.7    796.4
     1     1    19     8    13    11     0     1  -193.0   34.456 -146.588   2117.6    794.9
     1     1    19     8    13    10     0     2  -194.0   34.235 -146.889   2109.8    796.0
     1     1    19     8    13     9     0     3  -195.0   34.017 -147.187   2095.0    797.3
     1     1    19     8    13     8     0     2  -196.0   33.809 -147.479   2072.2    799.7
     1     1    19     8    13     7     0     1  -197.0   33.612 -147.768   2054.2    802.4
     1     1    19     8    13     6     0     0  -198.0   33.421 -148.061   2048.4    802.6
     1     1    19     8    13     5     0     1  -199.0   33.234 -148.359   2044.2    802.0
     1     1    19     8    13     4     0     2  -200.0   33.044 -148.664   2041.0    802.9
     1     1    19     8    13     3     0     3  -201.0   32.850 -148.981   2051.3    802.0
     1     1    19     8    13     2     0     2  -202.0   32.656 -149.303   2059.3    799.3
     1     1    19     8    13     1     0     1  -203.0   32.461 -149.620   2049.3    800.5
     1     1    19     8    13     0     0     0  -204.0   32.258 -149.939   2030.3    802.7
     1     1    19     8    12    23     0     1  -205.0   32.050 -150.249   2014.3    805.2
     1     1    19     8    12    22     0     2  -206.0   31.841 -150.541   2002.1    806.1
     1     1    19     8    12    21     0     3  -207.0   31.635 -150.816   1986.3    807.7
     1     1    19     8    12    20     0     2  -208.0   31.432 -151.075   1967.5    809.8
     1     1    19     8    12    19     0     1  -209.0   31.232 -151.322   1954.8    811.5
     1     1    19     8    12    18     0     0  -210.0   31.033 -151.568   1957.3    811.5
     1     1    19     8    12    17     0     1  -211.0   30.841 -151.813   1962.8    809.3
     1     1    19     8    12    16     0     2  -212.0   30.661 -152.045   1964.9    809.6
     1     1    19     8    12    15     0     3  -213.0   30.495 -152.262   1966.5    808.7
     1     1    19     8    12    14     0     2  -214.0   30.337 -152.477   1966.6    808.9
     1     1    19     8    12    13     0     1  -215.0   30.179 -152.706   1968.3    808.6
     1     1    19     8    12    12     0     0  -216.0   30.015 -152.954   1968.2    808.1
     1     1    19     8    12    11     0     1  -217.0   29.855 -153.199   1975.7    809.0
     1     1    19     8    12    10     0     2  -218.0   29.714 -153.424   1996.6    806.7
     1     1    19     8    12     9     0     3  -219.0   29.589 -153.634   2020.6    804.4
     1     1    19     8    12     8     0     2  -220.0   29.476 -153.841   2044.1    801.9
     1     1    19     8    12     7     0     1  -221.0   29.371 -154.056   2072.8    799.3
     1     1    19     8    12     6     0     0  -222.0   29.277 -154.283   2105.8    795.3
     1     1    19     8    12     5     0     1  -223.0   29.188 -154.525   2131.9    792.4
     1     1    19     8    12     4     0     2  -224.0   29.095 -154.782   2151.8    791.0
     1     1    19     8    12     3     0     3  -225.0   28.997 -155.052   2177.8    789.1
     1     1    19     8    12     2     0     2  -226.0   28.896 -155.325   2203.5    785.4
     1     1    19     8    12     1     0     1  -227.0   28.797 -155.594   2213.3    784.1
     1     1    19     8    12     0     0     0  -228.0   28.698 -155.860   2203.0    784.7
     1     1    19     8    11    23     0     1  -229.0   28.596 -156.120   2181.3    787.9
     1     1    19     8    11    22     0     2  -230.0   28.490 -156.365   2162.5    790.3
     1     1    19     8    11    21     0     3  -231.0   28.376 -156.597   2151.3    791.8
     1     1    19     8    11    20     0     2  -232.0   28.264 -156.820   2152.1    791.7
     1     1    19     8    11    19     0     1  -233.0   28.162 -157.038   2157.7    790.1
     1     1    19     8    11    18     0     0  -234.0   28.075 -157.252   2155.9    789.8
     1     1    19     8    11    17     0     1  -235.0   28.000 -157.460   2149.2    790.7
     1     1    19     8    11    16     0     2  -236.0   27.932 -157.664   2138.1    791.0
     1     1    19     8    11    15     0     3  -237.0   27.872 -157.862   2115.2    792.8
     1     1    19     8    11    14     0     2  -238.0   27.823 -158.056   2086.1    796.2
     1     1    19     8    11    13     0     1  -239.0   27.787 -158.245   2061.3    798.8
     1     1    19     8    11    12     0     0  -240.0   27.761 -158.429   2038.2    800.5
