     7     1
    GDAS    18    12     1     0     0
    GDAS    19     1     1     0     0
    GDAS    19     2     1     0     0
    GDAS    19     3     1     0     0
    GDAS    19     4     1     0     0
    GDAS    19     5     1     0     0
    GDAS    19     6     1     0     0
     1 BACKWARD OMEGA   
    19     5    29    12   21.319 -157.670    10.0
     1 PRESSURE
     1     1    19     5    29    12     0     0     0.0   21.319 -157.670     10.0   1013.9
     1     1    19     5    29    11     0     1    -1.0   21.334 -157.565      9.3   1014.1
     1     1    19     5    29    10     0     2    -2.0   21.341 -157.471      9.1   1014.2
     1     1    19     5    29     9     0     3    -3.0   21.346 -157.390      9.2   1014.1
     1     1    19     5    29     8     0     2    -4.0   21.351 -157.322      9.5   1013.6
     1     1    19     5    29     7     0     1    -5.0   21.355 -157.268      9.7   1013.4
     1     1    19     5    29     6     0     0    -6.0   21.361 -157.228      9.8   1013.3
     1     1    19     5    29     5     0     1    -7.0   21.362 -157.197      9.8   1013.1
     1     1    19     5    29     4     0     2    -8.0   21.358 -157.167      9.2   1012.9
     1     1    19     5    29     3     0     3    -9.0   21.347 -157.142      8.2   1012.5
     1     1    19     5    29     2     0     2   -10.0   21.331 -157.122      6.6   1012.4
     1     1    19     5    29     1     0     1   -11.0   21.310 -157.109      4.4   1012.3
     1     1    19     5    29     0     0     0   -12.0   21.285 -157.106      1.5   1012.2
     1     1    19     5    28    23     0     1   -13.0   21.255 -157.104      0.0   1011.8
     1     1    19     5    28    22     0     2   -14.0   21.223 -157.093      0.0   1011.2
     1     1    19     5    28    21     0     3   -15.0   21.189 -157.074      0.0   1010.6
     1     1    19     5    28    20     0     2   -16.0   21.160 -157.055      0.0   1010.5
     1     1    19     5    28    19     0     1   -17.0   21.139 -157.042      0.0   1010.4
     1     1    19     5    28    18     0     0   -18.0   21.126 -157.032      0.0   1010.4
     1     1    19     5    28    17     0     1   -19.0   21.115 -157.028      0.0   1010.0
     1     1    19     5    28    16     0     2   -20.0   21.103 -157.032      0.0   1009.7
     1     1    19     5    28    15     0     3   -21.0   21.091 -157.046      0.0   1009.4
     1     1    19     5    28    14     0     2   -22.0   21.073 -157.069      0.0   1009.4
     1     1    19     5    28    13     0     1   -23.0   21.047 -157.104      0.0   1009.5
     1     1    19     5    28    12     0     0   -24.0   21.013 -157.153      0.0   1009.6
     1     1    19     5    28    11     0     1   -25.0   20.977 -157.204      0.0   1009.9
     1     1    19     5    28    10     0     2   -26.0   20.938 -157.242      0.0   1010.3
     1     1    19     5    28     9     0     3   -27.0   20.896 -157.269      0.0   1010.6
     1     1    19     5    28     8     0     2   -28.0   20.851 -157.289      0.0   1011.1
     1     1    19     5    28     7     0     1   -29.0   20.802 -157.309      0.0   1011.6
     1     1    19     5    28     6     0     0   -30.0   20.749 -157.329      0.0   1012.1
     1     1    19     5    28     5     0     1   -31.0   20.697 -157.342      0.0   1012.3
     1     1    19     5    28     4     0     2   -32.0   20.651 -157.346      0.0   1012.5
     1     1    19     5    28     3     0     3   -33.0   20.610 -157.339      0.0   1012.5
     1     1    19     5    28     2     0     2   -34.0   20.575 -157.323      0.0   1012.9
     1     1    19     5    28     1     0     1   -35.0   20.542 -157.298      0.0   1013.2
     1     1    19     5    28     0     0     0   -36.0   20.514 -157.264      0.0   1013.5
     1     1    19     5    27    23     0     1   -37.0   20.495 -157.220      0.0   1013.6
     1     1    19     5    27    22     0     2   -38.0   20.489 -157.160      0.0   1013.5
     1     1    19     5    27    21     0     3   -39.0   20.496 -157.083      0.0   1013.3
     1     1    19     5    27    20     0     2   -40.0   20.517 -156.997      0.0   1012.5
     1     1    19     5    27    19     0     1   -41.0   20.547 -156.913      0.0   1012.5
     1     1    19     5    27    18     0     0   -42.0   20.581 -156.831      0.6   1012.7
     1     1    19     5    27    17     0     1   -43.0   20.611 -156.750      1.9   1012.9
     1     1    19     5    27    16     0     2   -44.0   20.632 -156.668      3.8   1013.2
     1     1    19     5    27    15     0     3   -45.0   20.640 -156.579      6.3   1013.7
     1     1    19     5    27    14     0     2   -46.0   20.638 -156.484      8.4   1014.6
     1     1    19     5    27    13     0     1   -47.0   20.627 -156.386      9.6   1015.4
     1     1    19     5    27    12     0     0   -48.0   20.610 -156.287     10.0   1016.1
     1     1    19     5    27    11     0     1   -49.0   20.590 -156.186      9.9   1017.6
     1     1    19     5    27    10     0     2   -50.0   20.572 -156.085      9.7   1019.0
     1     1    19     5    27     9     0     3   -51.0   20.557 -155.987      9.1   1020.2
     1     1    19     5    27     8     0     2   -52.0   20.542 -155.889      8.3   1020.0
     1     1    19     5    27     7     0     1   -53.0   20.522 -155.784      7.9   1019.7
     1     1    19     5    27     6     0     0   -54.0   20.495 -155.670      7.7   1019.2
     1     1    19     5    27     5     0     1   -55.0   20.463 -155.544      7.3   1018.5
     1     1    19     5    27     4     0     2   -56.0   20.424 -155.402      5.6   1017.8
     1     1    19     5    27     3     0     3   -57.0   20.376 -155.237      2.0   1017.0
     1     1    19     5    27     2     0     2   -58.0   20.316 -155.044      0.0   1016.7
     1     1    19     5    27     1     0     1   -59.0   20.248 -154.833      0.0   1016.8
     1     1    19     5    27     0     0     0   -60.0   20.188 -154.613      0.0   1017.2
     1     1    19     5    26    23     0     1   -61.0   20.142 -154.387      0.0   1017.1
     1     1    19     5    26    22     0     2   -62.0   20.108 -154.147      0.0   1016.5
     1     1    19     5    26    21     0     3   -63.0   20.083 -153.893      0.0   1015.7
     1     1    19     5    26    20     0     2   -64.0   20.068 -153.630      0.0   1015.6
     1     1    19     5    26    19     0     1   -65.0   20.064 -153.366      0.0   1015.5
     1     1    19     5    26    18     0     0   -66.0   20.070 -153.104      0.1   1015.5
     1     1    19     5    26    17     0     1   -67.0   20.089 -152.840      0.2   1016.2
     1     1    19     5    26    16     0     2   -68.0   20.124 -152.569      0.5   1016.9
     1     1    19     5    26    15     0     3   -69.0   20.174 -152.293      1.1   1017.5
     1     1    19     5    26    14     0     2   -70.0   20.235 -152.016      1.7   1017.2
     1     1    19     5    26    13     0     1   -71.0   20.302 -151.743      2.1   1017.0
     1     1    19     5    26    12     0     0   -72.0   20.376 -151.473      1.9   1016.7
     1     1    19     5    26    11     0     1   -73.0   20.453 -151.205      1.6   1017.6
     1     1    19     5    26    10     0     2   -74.0   20.531 -150.934      1.3   1018.4
     1     1    19     5    26     9     0     3   -75.0   20.611 -150.660      1.2   1019.3
     1     1    19     5    26     8     0     2   -76.0   20.691 -150.386      1.3   1018.9
     1     1    19     5    26     7     0     1   -77.0   20.769 -150.115      1.4   1018.6
     1     1    19     5    26     6     0     0   -78.0   20.848 -149.849      1.5   1018.5
     1     1    19     5    26     5     0     1   -79.0   20.927 -149.588      1.5   1018.5
     1     1    19     5    26     4     0     2   -80.0   21.003 -149.331      1.5   1018.4
     1     1    19     5    26     3     0     3   -81.0   21.075 -149.078      1.5   1018.1
     1     1    19     5    26     2     0     2   -82.0   21.138 -148.819      1.5   1018.2
     1     1    19     5    26     1     0     1   -83.0   21.192 -148.548      1.5   1018.2
     1     1    19     5    26     0     0     0   -84.0   21.240 -148.267      1.5   1018.2
     1     1    19     5    25    23     0     1   -85.0   21.286 -147.978      1.5   1018.3
     1     1    19     5    25    22     0     2   -86.0   21.334 -147.684      1.5   1018.5
     1     1    19     5    25    21     0     3   -87.0   21.384 -147.383      1.5   1018.8
     1     1    19     5    25    20     0     2   -88.0   21.438 -147.077      1.5   1019.0
     1     1    19     5    25    19     0     1   -89.0   21.496 -146.765      1.5   1019.2
     1     1    19     5    25    18     0     0   -90.0   21.561 -146.447      1.5   1019.5
     1     1    19     5    25    17     0     1   -91.0   21.634 -146.125      1.5   1019.3
     1     1    19     5    25    16     0     2   -92.0   21.719 -145.804      1.5   1019.2
     1     1    19     5    25    15     0     3   -93.0   21.815 -145.485      1.5   1019.1
     1     1    19     5    25    14     0     2   -94.0   21.914 -145.167      1.4   1019.4
     1     1    19     5    25    13     0     1   -95.0   22.008 -144.848      1.4   1019.7
     1     1    19     5    25    12     0     0   -96.0   22.097 -144.529      1.4   1019.6
     1     1    19     5    25    11     0     1   -97.0   22.188 -144.209      1.4   1019.5
     1     1    19     5    25    10     0     2   -98.0   22.288 -143.885      1.5   1019.6
     1     1    19     5    25     9     0     3   -99.0   22.400 -143.560      1.6   1020.0
     1     1    19     5    25     8     0     2  -100.0   22.525 -143.235      2.0   1020.3
     1     1    19     5    25     7     0     1  -101.0   22.663 -142.915      2.6   1020.7
     1     1    19     5    25     6     0     0  -102.0   22.809 -142.599      3.5   1021.2
     1     1    19     5    25     5     0     1  -103.0   22.960 -142.287      4.3   1021.4
     1     1    19     5    25     4     0     2  -104.0   23.111 -141.983      4.8   1021.1
     1     1    19     5    25     3     0     3  -105.0   23.261 -141.689      5.0   1020.8
     1     1    19     5    25     2     0     2  -106.0   23.404 -141.399      5.1   1020.7
     1     1    19     5    25     1     0     1  -107.0   23.540 -141.109      5.2   1020.7
     1     1    19     5    25     0     0     0  -108.0   23.673 -140.817      5.4   1020.6
     1     1    19     5    24    23     0     1  -109.0   23.806 -140.524      5.4   1021.2
     1     1    19     5    24    22     0     2  -110.0   23.944 -140.233      5.5   1022.1
     1     1    19     5    24    21     0     3  -111.0   24.086 -139.943      5.5   1023.1
     1     1    19     5    24    20     0     2  -112.0   24.230 -139.651      5.6   1022.9
     1     1    19     5    24    19     0     1  -113.0   24.374 -139.354      5.8   1022.8
     1     1    19     5    24    18     0     0  -114.0   24.520 -139.052      6.3   1022.7
     1     1    19     5    24    17     0     1  -115.0   24.673 -138.750      6.9   1022.4
     1     1    19     5    24    16     0     2  -116.0   24.834 -138.452      7.4   1022.1
     1     1    19     5    24    15     0     3  -117.0   25.000 -138.159      8.0   1021.9
     1     1    19     5    24    14     0     2  -118.0   25.172 -137.869      8.4   1021.7
     1     1    19     5    24    13     0     1  -119.0   25.350 -137.579      8.6   1021.5
     1     1    19     5    24    12     0     0  -120.0   25.536 -137.292      8.6   1021.4
     1     1    19     5    24    11     0     1  -121.0   25.729 -137.011      8.6   1022.3
     1     1    19     5    24    10     0     2  -122.0   25.932 -136.743      8.6   1023.2
     1     1    19     5    24     9     0     3  -123.0   26.144 -136.488      8.6   1024.2
     1     1    19     5    24     8     0     2  -124.0   26.362 -136.242      8.6   1024.1
     1     1    19     5    24     7     0     1  -125.0   26.585 -136.002      8.6   1024.0
     1     1    19     5    24     6     0     0  -126.0   26.813 -135.766      8.6   1023.9
     1     1    19     5    24     5     0     1  -127.0   27.045 -135.539      8.6   1023.6
     1     1    19     5    24     4     0     2  -128.0   27.278 -135.324      8.7   1023.4
     1     1    19     5    24     3     0     3  -129.0   27.514 -135.120      8.9   1023.1
     1     1    19     5    24     2     0     2  -130.0   27.750 -134.922      9.1   1023.1
     1     1    19     5    24     1     0     1  -131.0   27.986 -134.729      9.3   1023.2
     1     1    19     5    24     0     0     0  -132.0   28.223 -134.542      9.3   1023.2
     1     1    19     5    23    23     0     1  -133.0   28.462 -134.365      9.3   1024.4
     1     1    19     5    23    22     0     2  -134.0   28.706 -134.199      9.3   1025.6
     1     1    19     5    23    21     0     3  -135.0   28.956 -134.042      9.3   1026.8
     1     1    19     5    23    20     0     2  -136.0   29.214 -133.896      9.3   1026.8
     1     1    19     5    23    19     0     1  -137.0   29.475 -133.762      9.3   1026.7
     1     1    19     5    23    18     0     0  -138.0   29.741 -133.639      9.3   1026.7
     1     1    19     5    23    17     0     1  -139.0   30.010 -133.527      9.3   1026.1
     1     1    19     5    23    16     0     2  -140.0   30.283 -133.423      9.3   1025.3
     1     1    19     5    23    15     0     3  -141.0   30.560 -133.329      9.3   1024.7
     1     1    19     5    23    14     0     2  -142.0   30.838 -133.242      9.3   1024.7
     1     1    19     5    23    13     0     1  -143.0   31.114 -133.158      9.3   1024.6
     1     1    19     5    23    12     0     0  -144.0   31.389 -133.077      9.3   1024.6
     1     1    19     5    23    11     0     1  -145.0   31.663 -132.996      9.3   1025.4
     1     1    19     5    23    10     0     2  -146.0   31.939 -132.916      9.3   1026.9
     1     1    19     5    23     9     0     3  -147.0   32.216 -132.839      9.3   1028.0
     1     1    19     5    23     8     0     2  -148.0   32.496 -132.767      9.5   1027.4
     1     1    19     5    23     7     0     1  -149.0   32.785 -132.706      9.8   1027.5
     1     1    19     5    23     6     0     0  -150.0   33.083 -132.652     10.2   1027.9
     1     1    19     5    23     5     0     1  -151.0   33.384 -132.611     10.7   1026.7
     1     1    19     5    23     4     0     2  -152.0   33.683 -132.589     11.0   1025.8
     1     1    19     5    23     3     0     3  -153.0   33.980 -132.588     11.2   1024.9
     1     1    19     5    23     2     0     2  -154.0   34.271 -132.598     11.2   1025.1
     1     1    19     5    23     1     0     1  -155.0   34.553 -132.613     11.2   1025.4
     1     1    19     5    23     0     0     0  -156.0   34.826 -132.634     11.2   1025.6
     1     1    19     5    22    23     0     1  -157.0   35.096 -132.654     11.3   1026.1
     1     1    19     5    22    22     0     2  -158.0   35.368 -132.664     11.8   1026.6
     1     1    19     5    22    21     0     3  -159.0   35.643 -132.665     12.5   1027.0
     1     1    19     5    22    20     0     2  -160.0   35.922 -132.662     13.2   1026.8
     1     1    19     5    22    19     0     1  -161.0   36.203 -132.655     13.6   1026.9
     1     1    19     5    22    18     0     0  -162.0   36.486 -132.645     13.7   1026.7
     1     1    19     5    22    17     0     1  -163.0   36.774 -132.636     13.7   1026.6
     1     1    19     5    22    16     0     2  -164.0   37.072 -132.632     13.7   1026.5
     1     1    19     5    22    15     0     3  -165.0   37.378 -132.633     13.7   1026.3
     1     1    19     5    22    14     0     2  -166.0   37.692 -132.646     13.7   1025.6
     1     1    19     5    22    13     0     1  -167.0   38.014 -132.673     13.7   1024.9
     1     1    19     5    22    12     0     0  -168.0   38.343 -132.712     13.7   1024.1
     1     1    19     5    22    11     0     1  -169.0   38.677 -132.767     13.7   1024.2
     1     1    19     5    22    10     0     2  -170.0   39.017 -132.842     13.7   1024.3
     1     1    19     5    22     9     0     3  -171.0   39.362 -132.935     13.7   1024.3
     1     1    19     5    22     8     0     2  -172.0   39.711 -133.047     13.8   1024.9
     1     1    19     5    22     7     0     1  -173.0   40.060 -133.179     14.0   1025.4
     1     1    19     5    22     6     0     0  -174.0   40.413 -133.328     14.4   1025.5
     1     1    19     5    22     5     0     1  -175.0   40.762 -133.500     15.0   1025.1
     1     1    19     5    22     4     0     2  -176.0   41.101 -133.696     15.5   1024.9
     1     1    19     5    22     3     0     3  -177.0   41.430 -133.914     15.8   1025.5
     1     1    19     5    22     2     0     2  -178.0   41.754 -134.142     15.8   1025.0
     1     1    19     5    22     1     0     1  -179.0   42.075 -134.376     15.8   1024.6
     1     1    19     5    22     0     0     0  -180.0   42.391 -134.616     15.8   1024.1
     1     1    19     5    21    23     0     1  -181.0   42.704 -134.862     15.8   1023.5
     1     1    19     5    21    22     0     2  -182.0   43.015 -135.111     15.8   1022.7
     1     1    19     5    21    21     0     3  -183.0   43.329 -135.366     15.8   1023.4
     1     1    19     5    21    20     0     2  -184.0   43.645 -135.631     15.8   1023.6
     1     1    19     5    21    19     0     1  -185.0   43.963 -135.908     15.8   1023.1
     1     1    19     5    21    18     0     0  -186.0   44.281 -136.194     15.8   1022.0
     1     1    19     5    21    17     0     1  -187.0   44.600 -136.485     15.8   1021.6
     1     1    19     5    21    16     0     2  -188.0   44.918 -136.783     15.8   1021.5
     1     1    19     5    21    15     0     3  -189.0   45.236 -137.090     15.9   1021.3
     1     1    19     5    21    14     0     2  -190.0   45.552 -137.407     16.2   1020.1
     1     1    19     5    21    13     0     1  -191.0   45.862 -137.741     16.8   1019.4
     1     1    19     5    21    12     0     0  -192.0   46.167 -138.092     17.1   1018.5
     1     1    19     5    21    11     0     1  -193.0   46.467 -138.447     17.6   1018.3
     1     1    19     5    21    10     0     2  -194.0   46.762 -138.799     18.7   1018.2
     1     1    19     5    21     9     0     3  -195.0   47.050 -139.148     20.1   1018.3
     1     1    19     5    21     8     0     2  -196.0   47.334 -139.496     22.1   1016.7
     1     1    19     5    21     7     0     1  -197.0   47.615 -139.841     24.6   1015.6
     1     1    19     5    21     6     0     0  -198.0   47.893 -140.184     27.9   1014.3
     1     1    19     5    21     5     0     1  -199.0   48.168 -140.527     31.0   1013.2
     1     1    19     5    21     4     0     2  -200.0   48.439 -140.871     33.0   1013.0
     1     1    19     5    21     3     0     3  -201.0   48.704 -141.211     33.7   1013.1
     1     1    19     5    21     2     0     2  -202.0   48.960 -141.544     33.7   1012.3
     1     1    19     5    21     1     0     1  -203.0   49.206 -141.862     33.7   1011.4
     1     1    19     5    21     0     0     0  -204.0   49.441 -142.164     33.7   1010.5
     1     1    19     5    20    23     0     1  -205.0   49.667 -142.451     33.7   1010.2
     1     1    19     5    20    22     0     2  -206.0   49.887 -142.724     33.7   1009.9
     1     1    19     5    20    21     0     3  -207.0   50.099 -142.979     33.7   1009.7
     1     1    19     5    20    20     0     2  -208.0   50.305 -143.216     33.7   1008.7
     1     1    19     5    20    19     0     1  -209.0   50.508 -143.438     33.7   1007.8
     1     1    19     5    20    18     0     0  -210.0   50.702 -143.647     33.7   1006.8
     1     1    19     5    20    17     0     1  -211.0   50.880 -143.833     33.7   1006.6
     1     1    19     5    20    16     0     2  -212.0   51.038 -143.992     33.7   1006.3
     1     1    19     5    20    15     0     3  -213.0   51.177 -144.129     33.7   1006.1
     1     1    19     5    20    14     0     2  -214.0   51.299 -144.248     33.3   1005.8
     1     1    19     5    20    13     0     1  -215.0   51.411 -144.351     32.2   1005.7
     1     1    19     5    20    12     0     0  -216.0   51.516 -144.443     30.2   1005.7
     1     1    19     5    20    11     0     1  -217.0   51.599 -144.523     28.3   1005.7
     1     1    19     5    20    10     0     2  -218.0   51.650 -144.581     27.2   1005.5
     1     1    19     5    20     9     0     3  -219.0   51.675 -144.616     26.8   1005.2
     1     1    19     5    20     8     0     2  -220.0   51.684 -144.618     27.2   1004.3
     1     1    19     5    20     7     0     1  -221.0   51.686 -144.574     28.2   1003.3
     1     1    19     5    20     6     0     0  -222.0   51.686 -144.478     30.3   1002.3
     1     1    19     5    20     5     0     1  -223.0   51.677 -144.342     33.2   1001.5
     1     1    19     5    20     4     0     2  -224.0   51.647 -144.181     35.8   1000.7
     1     1    19     5    20     3     0     3  -225.0   51.596 -143.995     37.5   1000.1
     1     1    19     5    20     2     0     2  -226.0   51.525 -143.796     38.4    999.9
     1     1    19     5    20     1     0     1  -227.0   51.434 -143.594     39.3    999.6
     1     1    19     5    20     0     0     0  -228.0   51.320 -143.388     40.3    999.4
     1     1    19     5    19    23     0     1  -229.0   51.181 -143.183     41.3    999.4
     1     1    19     5    19    22     0     2  -230.0   51.017 -142.990     42.0    999.5
     1     1    19     5    19    21     0     3  -231.0   50.827 -142.811     42.3    999.6
     1     1    19     5    19    20     0     2  -232.0   50.625 -142.650     42.5    999.8
     1     1    19     5    19    19     0     1  -233.0   50.423 -142.518     42.8   1000.1
     1     1    19     5    19    18     0     0  -234.0   50.220 -142.420     43.1   1000.5
     1     1    19     5    19    17     0     1  -235.0   50.027 -142.366     43.2   1000.9
     1     1    19     5    19    16     0     2  -236.0   49.853 -142.368     43.4   1001.2
     1     1    19     5    19    15     0     3  -237.0   49.695 -142.432     43.4   1001.6
     1     1    19     5    19    14     0     2  -238.0   49.550 -142.547     41.9   1001.9
     1     1    19     5    19    13     0     1  -239.0   49.418 -142.702     38.3   1002.5
     1     1    19     5    19    12     0     0  -240.0   49.296 -142.897     34.2   1003.1
