     7     1
    GDAS    18    12     1     0     0
    GDAS    19     1     1     0     0
    GDAS    19     2     1     0     0
    GDAS    19     3     1     0     0
    GDAS    19     4     1     0     0
    GDAS    19     5     1     0     0
    GDAS    19     6     1     0     0
     1 BACKWARD OMEGA   
    19     4    18     0   21.319 -157.670    10.0
     1 PRESSURE
     1     1    19     4    18     0     0     0     0.0   21.319 -157.670     10.0   1014.8
     1     1    19     4    17    23     0     1    -1.0   21.380 -157.506      9.6   1015.3
     1     1    19     4    17    22     0     2    -2.0   21.426 -157.347      8.7   1015.6
     1     1    19     4    17    21     0     3    -3.0   21.453 -157.198      7.2   1016.0
     1     1    19     4    17    20     0     2    -4.0   21.470 -157.055      5.4   1015.1
     1     1    19     4    17    19     0     1    -5.0   21.484 -156.906      4.3   1015.3
     1     1    19     4    17    18     0     0    -6.0   21.490 -156.750      3.9   1016.0
     1     1    19     4    17    17     0     1    -7.0   21.486 -156.582      4.1   1016.2
     1     1    19     4    17    16     0     2    -8.0   21.467 -156.397      4.7   1016.6
     1     1    19     4    17    15     0     3    -9.0   21.430 -156.192      6.1   1017.2
     1     1    19     4    17    14     0     2   -10.0   21.372 -155.973      8.5   1019.0
     1     1    19     4    17    13     0     1   -11.0   21.312 -155.748     11.4   1018.7
     1     1    19     4    17    12     0     0   -12.0   21.266 -155.515     14.4   1018.0
     1     1    19     4    17    11     0     1   -13.0   21.241 -155.271     16.9   1017.0
     1     1    19     4    17    10     0     2   -14.0   21.242 -155.015     17.9   1016.5
     1     1    19     4    17     9     0     3   -15.0   21.264 -154.756     17.9   1016.8
     1     1    19     4    17     8     0     2   -16.0   21.299 -154.507     17.9   1016.8
     1     1    19     4    17     7     0     1   -17.0   21.342 -154.275     17.9   1016.6
     1     1    19     4    17     6     0     0   -18.0   21.393 -154.059     17.9   1016.4
     1     1    19     4    17     5     0     1   -19.0   21.443 -153.852     17.9   1016.0
     1     1    19     4    17     4     0     2   -20.0   21.480 -153.645     17.9   1015.6
     1     1    19     4    17     3     0     3   -21.0   21.505 -153.436     17.9   1015.2
     1     1    19     4    17     2     0     2   -22.0   21.520 -153.223     17.9   1015.4
     1     1    19     4    17     1     0     1   -23.0   21.528 -153.004     17.9   1015.5
     1     1    19     4    17     0     0     0   -24.0   21.530 -152.781     17.9   1015.7
     1     1    19     4    16    23     0     1   -25.0   21.528 -152.554     17.9   1016.6
     1     1    19     4    16    22     0     2   -26.0   21.523 -152.324     17.9   1017.5
     1     1    19     4    16    21     0     3   -27.0   21.514 -152.090     17.9   1018.4
     1     1    19     4    16    20     0     2   -28.0   21.505 -151.850     17.9   1017.9
     1     1    19     4    16    19     0     1   -29.0   21.501 -151.603     17.9   1017.4
     1     1    19     4    16    18     0     0   -30.0   21.502 -151.343     17.9   1016.9
     1     1    19     4    16    17     0     1   -31.0   21.512 -151.068     17.9   1016.5
     1     1    19     4    16    16     0     2   -32.0   21.534 -150.782     18.2   1016.4
     1     1    19     4    16    15     0     3   -33.0   21.570 -150.490     19.1   1016.5
     1     1    19     4    16    14     0     2   -34.0   21.616 -150.201     20.7   1016.4
     1     1    19     4    16    13     0     1   -35.0   21.670 -149.919     22.1   1016.0
     1     1    19     4    16    12     0     0   -36.0   21.728 -149.645     22.6   1015.7
     1     1    19     4    16    11     0     1   -37.0   21.790 -149.375     22.4   1015.9
     1     1    19     4    16    10     0     2   -38.0   21.855 -149.103     22.0   1016.0
     1     1    19     4    16     9     0     3   -39.0   21.923 -148.826     21.5   1015.9
     1     1    19     4    16     8     0     2   -40.0   21.993 -148.545     20.9   1015.9
     1     1    19     4    16     7     0     1   -41.0   22.072 -148.264     20.2   1016.0
     1     1    19     4    16     6     0     0   -42.0   22.159 -147.983     20.0   1016.0
     1     1    19     4    16     5     0     1   -43.0   22.251 -147.703     20.3   1015.7
     1     1    19     4    16     4     0     2   -44.0   22.339 -147.427     21.2   1015.4
     1     1    19     4    16     3     0     3   -45.0   22.428 -147.157     22.4   1015.0
     1     1    19     4    16     2     0     2   -46.0   22.518 -146.886     23.7   1014.7
     1     1    19     4    16     1     0     1   -47.0   22.611 -146.607     24.6   1014.5
     1     1    19     4    16     0     0     0   -48.0   22.709 -146.318     25.0   1014.4
     1     1    19     4    15    23     0     1   -49.0   22.810 -146.028     25.0   1015.4
     1     1    19     4    15    22     0     2   -50.0   22.912 -145.749     25.0   1016.3
     1     1    19     4    15    21     0     3   -51.0   23.015 -145.481     25.0   1017.3
     1     1    19     4    15    20     0     2   -52.0   23.118 -145.215     25.0   1017.4
     1     1    19     4    15    19     0     1   -53.0   23.221 -144.946     25.0   1017.4
     1     1    19     4    15    18     0     0   -54.0   23.322 -144.671     25.0   1017.5
     1     1    19     4    15    17     0     1   -55.0   23.427 -144.396     25.0   1016.7
     1     1    19     4    15    16     0     2   -56.0   23.530 -144.122     25.0   1016.1
     1     1    19     4    15    15     0     3   -57.0   23.630 -143.849     25.1   1015.7
     1     1    19     4    15    14     0     2   -58.0   23.728 -143.574     25.4   1015.2
     1     1    19     4    15    13     0     1   -59.0   23.828 -143.294     25.7   1014.6
     1     1    19     4    15    12     0     0   -60.0   23.926 -143.007     25.8   1013.8
     1     1    19     4    15    11     0     1   -61.0   24.023 -142.718     25.8   1014.8
     1     1    19     4    15    10     0     2   -62.0   24.122 -142.429     25.8   1015.8
     1     1    19     4    15     9     0     3   -63.0   24.223 -142.140     25.8   1016.7
     1     1    19     4    15     8     0     2   -64.0   24.334 -141.851     25.8   1016.7
     1     1    19     4    15     7     0     1   -65.0   24.460 -141.567     26.3   1016.6
     1     1    19     4    15     6     0     0   -66.0   24.598 -141.290     27.2   1016.5
     1     1    19     4    15     5     0     1   -67.0   24.739 -141.020     28.3   1016.0
     1     1    19     4    15     4     0     2   -68.0   24.879 -140.758     28.8   1015.5
     1     1    19     4    15     3     0     3   -69.0   25.019 -140.501     28.8   1015.2
     1     1    19     4    15     2     0     2   -70.0   25.159 -140.241     28.8   1015.0
     1     1    19     4    15     1     0     1   -71.0   25.302 -139.972     28.8   1014.9
     1     1    19     4    15     0     0     0   -72.0   25.449 -139.697     28.9   1014.7
     1     1    19     4    14    23     0     1   -73.0   25.597 -139.422     28.9   1015.4
     1     1    19     4    14    22     0     2   -74.0   25.741 -139.149     28.9   1016.1
     1     1    19     4    14    21     0     3   -75.0   25.882 -138.874     28.9   1016.8
     1     1    19     4    14    20     0     2   -76.0   26.025 -138.600     28.9   1016.5
     1     1    19     4    14    19     0     1   -77.0   26.179 -138.334     28.9   1016.5
     1     1    19     4    14    18     0     0   -78.0   26.345 -138.075     28.9   1017.0
     1     1    19     4    14    17     0     1   -79.0   26.517 -137.817     28.9   1017.4
     1     1    19     4    14    16     0     2   -80.0   26.688 -137.559     28.9   1017.5
     1     1    19     4    14    15     0     3   -81.0   26.857 -137.301     28.9   1017.2
     1     1    19     4    14    14     0     2   -82.0   27.027 -137.046     28.9   1016.8
     1     1    19     4    14    13     0     1   -83.0   27.203 -136.796     29.0   1016.6
     1     1    19     4    14    12     0     0   -84.0   27.389 -136.555     29.1   1016.5
     1     1    19     4    14    11     0     1   -85.0   27.575 -136.321     29.0   1016.7
     1     1    19     4    14    10     0     2   -86.0   27.754 -136.089     28.8   1017.0
     1     1    19     4    14     9     0     3   -87.0   27.926 -135.862     28.7   1017.5
     1     1    19     4    14     8     0     2   -88.0   28.098 -135.636     28.6   1018.3
     1     1    19     4    14     7     0     1   -89.0   28.273 -135.404     28.4   1018.9
     1     1    19     4    14     6     0     0   -90.0   28.449 -135.162     28.3   1019.4
     1     1    19     4    14     5     0     1   -91.0   28.632 -134.914     28.3   1018.8
     1     1    19     4    14     4     0     2   -92.0   28.833 -134.670     28.3   1018.3
     1     1    19     4    14     3     0     3   -93.0   29.055 -134.434     28.3   1017.7
     1     1    19     4    14     2     0     2   -94.0   29.294 -134.208     28.3   1017.8
     1     1    19     4    14     1     0     1   -95.0   29.542 -133.997     28.3   1018.2
     1     1    19     4    14     0     0     0   -96.0   29.795 -133.797     28.3   1019.2
     1     1    19     4    13    23     0     1   -97.0   30.047 -133.609     28.3   1019.6
     1     1    19     4    13    22     0     2   -98.0   30.292 -133.431     28.3   1019.5
     1     1    19     4    13    21     0     3   -99.0   30.532 -133.260     28.3   1019.4
     1     1    19     4    13    20     0     2  -100.0   30.770 -133.095     28.3   1020.0
     1     1    19     4    13    19     0     1  -101.0   31.003 -132.938     28.3   1020.7
     1     1    19     4    13    18     0     0  -102.0   31.231 -132.788     28.3   1021.6
     1     1    19     4    13    17     0     1  -103.0   31.458 -132.640     28.3   1021.3
     1     1    19     4    13    16     0     2  -104.0   31.688 -132.489     28.3   1021.1
     1     1    19     4    13    15     0     3  -105.0   31.921 -132.332     28.3   1021.2
     1     1    19     4    13    14     0     2  -106.0   32.169 -132.175     28.3   1020.3
     1     1    19     4    13    13     0     1  -107.0   32.438 -132.024     28.3   1019.2
     1     1    19     4    13    12     0     0  -108.0   32.727 -131.883     28.5   1018.2
     1     1    19     4    13    11     0     1  -109.0   33.027 -131.763     29.0   1019.3
     1     1    19     4    13    10     0     2  -110.0   33.328 -131.674     29.6   1020.5
     1     1    19     4    13     9     0     3  -111.0   33.631 -131.616     29.8   1021.4
     1     1    19     4    13     8     0     2  -112.0   33.933 -131.581     29.8   1021.6
     1     1    19     4    13     7     0     1  -113.0   34.234 -131.561     29.8   1021.8
     1     1    19     4    13     6     0     0  -114.0   34.531 -131.550     29.8   1022.0
     1     1    19     4    13     5     0     1  -115.0   34.829 -131.547     29.8   1021.7
     1     1    19     4    13     4     0     2  -116.0   35.131 -131.548     29.8   1021.5
     1     1    19     4    13     3     0     3  -117.0   35.438 -131.554     29.8   1021.7
     1     1    19     4    13     2     0     2  -118.0   35.747 -131.568     29.8   1022.3
     1     1    19     4    13     1     0     1  -119.0   36.056 -131.594     29.8   1022.7
     1     1    19     4    13     0     0     0  -120.0   36.364 -131.633     29.8   1022.8
     1     1    19     4    12    23     0     1  -121.0   36.672 -131.684     30.1   1023.2
     1     1    19     4    12    22     0     2  -122.0   36.980 -131.748     31.3   1023.6
     1     1    19     4    12    21     0     3  -123.0   37.285 -131.824     33.5   1023.7
     1     1    19     4    12    20     0     2  -124.0   37.587 -131.908     35.8   1023.7
     1     1    19     4    12    19     0     1  -125.0   37.888 -131.999     37.3   1024.1
     1     1    19     4    12    18     0     0  -126.0   38.192 -132.097     37.8   1024.4
     1     1    19     4    12    17     0     1  -127.0   38.495 -132.213     37.8   1023.9
     1     1    19     4    12    16     0     2  -128.0   38.795 -132.361     37.8   1023.2
     1     1    19     4    12    15     0     3  -129.0   39.090 -132.541     37.8   1022.3
     1     1    19     4    12    14     0     2  -130.0   39.381 -132.754     37.8   1022.6
     1     1    19     4    12    13     0     1  -131.0   39.672 -133.005     37.8   1023.0
     1     1    19     4    12    12     0     0  -132.0   39.963 -133.287     38.3   1023.4
     1     1    19     4    12    11     0     1  -133.0   40.248 -133.586     39.8   1023.4
     1     1    19     4    12    10     0     2  -134.0   40.520 -133.890     41.6   1023.3
     1     1    19     4    12     9     0     3  -135.0   40.776 -134.197     42.7   1023.9
     1     1    19     4    12     8     0     2  -136.0   41.020 -134.523     42.9   1024.7
     1     1    19     4    12     7     0     1  -137.0   41.252 -134.882     42.4   1024.8
     1     1    19     4    12     6     0     0  -138.0   41.472 -135.272     41.5   1025.0
     1     1    19     4    12     5     0     1  -139.0   41.671 -135.689     40.7   1025.3
     1     1    19     4    12     4     0     2  -140.0   41.843 -136.123     41.1   1025.1
     1     1    19     4    12     3     0     3  -141.0   41.989 -136.571     42.3   1024.2
     1     1    19     4    12     2     0     2  -142.0   42.104 -137.026     42.8   1024.4
     1     1    19     4    12     1     0     1  -143.0   42.183 -137.486     42.1   1026.0
     1     1    19     4    12     0     0     0  -144.0   42.230 -137.946     40.8   1027.4
     1     1    19     4    11    23     0     1  -145.0   42.251 -138.415     39.8   1027.6
     1     1    19     4    11    22     0     2  -146.0   42.248 -138.907     39.9   1027.6
     1     1    19     4    11    21     0     3  -147.0   42.219 -139.419     41.0   1027.8
     1     1    19     4    11    20     0     2  -148.0   42.163 -139.927     42.3   1028.1
     1     1    19     4    11    19     0     1  -149.0   42.082 -140.411     43.3   1028.2
     1     1    19     4    11    18     0     0  -150.0   41.980 -140.873     43.6   1028.4
     1     1    19     4    11    17     0     1  -151.0   41.859 -141.315     44.3   1028.6
     1     1    19     4    11    16     0     2  -152.0   41.721 -141.744     46.1   1028.6
     1     1    19     4    11    15     0     3  -153.0   41.565 -142.159     48.4   1028.7
     1     1    19     4    11    14     0     2  -154.0   41.395 -142.550     50.6   1029.1
     1     1    19     4    11    13     0     1  -155.0   41.217 -142.909     51.9   1029.7
     1     1    19     4    11    12     0     0  -156.0   41.030 -143.238     52.4   1030.3
     1     1    19     4    11    11     0     1  -157.0   40.832 -143.542     52.4   1030.4
     1     1    19     4    11    10     0     2  -158.0   40.614 -143.826     52.5   1030.2
     1     1    19     4    11     9     0     3  -159.0   40.379 -144.086     52.6   1029.9
     1     1    19     4    11     8     0     2  -160.0   40.137 -144.310     52.6   1030.0
     1     1    19     4    11     7     0     1  -161.0   39.903 -144.489     52.7   1030.4
     1     1    19     4    11     6     0     0  -162.0   39.675 -144.630     53.4   1031.2
     1     1    19     4    11     5     0     1  -163.0   39.452 -144.739     54.9   1031.2
     1     1    19     4    11     4     0     2  -164.0   39.231 -144.823     56.4   1030.6
     1     1    19     4    11     3     0     3  -165.0   39.015 -144.882     57.3   1029.5
     1     1    19     4    11     2     0     2  -166.0   38.806 -144.920     58.4   1030.0
     1     1    19     4    11     1     0     1  -167.0   38.606 -144.947     60.6   1029.8
     1     1    19     4    11     0     0     0  -168.0   38.416 -144.961     62.8   1029.2
     1     1    19     4    10    23     0     1  -169.0   38.230 -144.969     64.9   1029.9
     1     1    19     4    10    22     0     2  -170.0   38.043 -144.977     67.4   1030.6
     1     1    19     4    10    21     0     3  -171.0   37.854 -144.985     71.0   1031.2
     1     1    19     4    10    20     0     2  -172.0   37.663 -144.980     74.9   1030.6
     1     1    19     4    10    19     0     1  -173.0   37.471 -144.951     78.4   1030.3
     1     1    19     4    10    18     0     0  -174.0   37.276 -144.900     82.1   1029.9
     1     1    19     4    10    17     0     1  -175.0   37.089 -144.837     86.6   1029.4
     1     1    19     4    10    16     0     2  -176.0   36.922 -144.776     91.8   1028.8
     1     1    19     4    10    15     0     3  -177.0   36.776 -144.719     96.7   1028.1
     1     1    19     4    10    14     0     2  -178.0   36.634 -144.653    100.2   1026.7
     1     1    19     4    10    13     0     1  -179.0   36.478 -144.560    101.9   1025.7
     1     1    19     4    10    12     0     0  -180.0   36.312 -144.440    102.4   1024.8
     1     1    19     4    10    11     0     1  -181.0   36.143 -144.287    102.1   1025.5
     1     1    19     4    10    10     0     2  -182.0   35.979 -144.101    101.5   1026.6
     1     1    19     4    10     9     0     3  -183.0   35.822 -143.880    101.3   1027.3
     1     1    19     4    10     8     0     2  -184.0   35.680 -143.637    101.3   1026.3
     1     1    19     4    10     7     0     1  -185.0   35.557 -143.380    101.3   1025.7
     1     1    19     4    10     6     0     0  -186.0   35.451 -143.109    101.3   1025.3
     1     1    19     4    10     5     0     1  -187.0   35.363 -142.834    101.2   1025.3
     1     1    19     4    10     4     0     2  -188.0   35.296 -142.561    101.0   1025.2
     1     1    19     4    10     3     0     3  -189.0   35.251 -142.291    100.8   1025.0
     1     1    19     4    10     2     0     2  -190.0   35.219 -142.025    100.8   1025.1
     1     1    19     4    10     1     0     1  -191.0   35.191 -141.764    100.8   1025.3
     1     1    19     4    10     0     0     0  -192.0   35.170 -141.507    100.8   1025.4
     1     1    19     4     9    23     0     1  -193.0   35.155 -141.249    100.8   1025.3
     1     1    19     4     9    22     0     2  -194.0   35.147 -140.988    100.8   1025.3
     1     1    19     4     9    21     0     3  -195.0   35.146 -140.725    100.8   1025.3
     1     1    19     4     9    20     0     2  -196.0   35.150 -140.462    100.8   1025.4
     1     1    19     4     9    19     0     1  -197.0   35.159 -140.197    100.8   1025.5
     1     1    19     4     9    18     0     0  -198.0   35.171 -139.932    100.8   1025.4
     1     1    19     4     9    17     0     1  -199.0   35.198 -139.672    100.8   1025.2
     1     1    19     4     9    16     0     2  -200.0   35.249 -139.418    100.8   1025.0
     1     1    19     4     9    15     0     3  -201.0   35.320 -139.169    100.8   1024.7
     1     1    19     4     9    14     0     2  -202.0   35.410 -138.932    100.8   1024.2
     1     1    19     4     9    13     0     1  -203.0   35.512 -138.715    100.8   1023.8
     1     1    19     4     9    12     0     0  -204.0   35.624 -138.516    100.8   1023.6
     1     1    19     4     9    11     0     1  -205.0   35.745 -138.335    100.8   1023.9
     1     1    19     4     9    10     0     2  -206.0   35.873 -138.166    100.8   1024.2
     1     1    19     4     9     9     0     3  -207.0   36.011 -138.005    100.8   1024.5
     1     1    19     4     9     8     0     2  -208.0   36.165 -137.860    100.8   1023.3
     1     1    19     4     9     7     0     1  -209.0   36.340 -137.740    100.8   1022.4
     1     1    19     4     9     6     0     0  -210.0   36.534 -137.644    100.8   1021.6
     1     1    19     4     9     5     0     1  -211.0   36.741 -137.581    100.8   1021.2
     1     1    19     4     9     4     0     2  -212.0   36.956 -137.561    100.8   1020.8
     1     1    19     4     9     3     0     3  -213.0   37.176 -137.580    100.8   1020.3
     1     1    19     4     9     2     0     2  -214.0   37.392 -137.635    100.8   1019.4
     1     1    19     4     9     1     0     1  -215.0   37.597 -137.721    100.8   1018.5
     1     1    19     4     9     0     0     0  -216.0   37.796 -137.826    100.8   1017.6
     1     1    19     4     8    23     0     1  -217.0   37.991 -137.951    100.8   1017.2
     1     1    19     4     8    22     0     2  -218.0   38.186 -138.099    100.8   1016.8
     1     1    19     4     8    21     0     3  -219.0   38.383 -138.259    100.8   1016.4
     1     1    19     4     8    20     0     2  -220.0   38.582 -138.429    100.8   1015.3
     1     1    19     4     8    19     0     1  -221.0   38.776 -138.611    100.8   1014.1
     1     1    19     4     8    18     0     0  -222.0   38.973 -138.792    100.8   1012.9
     1     1    19     4     8    17     0     1  -223.0   39.160 -138.985    100.5   1011.4
     1     1    19     4     8    16     0     2  -224.0   39.327 -139.203     99.0   1010.3
     1     1    19     4     8    15     0     3  -225.0   39.490 -139.429     96.2   1009.6
     1     1    19     4     8    14     0     2  -226.0   39.644 -139.643     91.1   1009.5
     1     1    19     4     8    13     0     1  -227.0   39.768 -139.845     81.4   1009.5
     1     1    19     4     8    12     0     0  -228.0   39.856 -140.040     66.4   1010.3
     1     1    19     4     8    11     0     1  -229.0   39.923 -140.229     53.8   1012.6
     1     1    19     4     8    10     0     2  -230.0   39.983 -140.404     47.0   1012.6
     1     1    19     4     8     9     0     3  -231.0   40.026 -140.569     43.1   1012.5
     1     1    19     4     8     8     0     2  -232.0   40.055 -140.735     41.5   1011.4
     1     1    19     4     8     7     0     1  -233.0   40.083 -140.909     43.0   1010.0
     1     1    19     4     8     6     0     0  -234.0   40.110 -141.091     47.9   1008.4
     1     1    19     4     8     5     0     1  -235.0   40.136 -141.283     54.9   1007.2
     1     1    19     4     8     4     0     2  -236.0   40.163 -141.486     62.8   1005.7
     1     1    19     4     8     3     0     3  -237.0   40.196 -141.701     72.9   1003.8
     1     1    19     4     8     2     0     2  -238.0   40.231 -141.920     82.9   1001.3
     1     1    19     4     8     1     0     1  -239.0   40.265 -142.140     89.4    999.6
     1     1    19     4     8     0     0     0  -240.0   40.300 -142.361     91.6    998.6
