     7     1
    GDAS    18    12     1     0     0
    GDAS    19     1     1     0     0
    GDAS    19     2     1     0     0
    GDAS    19     3     1     0     0
    GDAS    19     4     1     0     0
    GDAS    19     5     1     0     0
    GDAS    19     6     1     0     0
     1 BACKWARD OMEGA   
    19     6    19    12   21.319 -157.670    10.0
     1 PRESSURE
     1     1    19     6    19    12     0     0     0.0   21.319 -157.670     10.0   1013.1
     1     1    19     6    19    11     0     1    -1.0   21.376 -157.469     32.8   1010.0
     1     1    19     6    19    10     0     2    -2.0   21.421 -157.231    102.5   1001.9
     1     1    19     6    19     9     0     3    -3.0   21.447 -156.950    207.4    988.7
     1     1    19     6    19     8     0     2    -4.0   21.450 -156.634    305.8    976.5
     1     1    19     6    19     7     0     1    -5.0   21.425 -156.294    374.1    970.5
     1     1    19     6    19     6     0     0    -6.0   21.372 -155.926    411.2    968.0
     1     1    19     6    19     5     0     1    -7.0   21.313 -155.546    421.6    967.1
     1     1    19     6    19     4     0     2    -8.0   21.265 -155.172    421.8    967.9
     1     1    19     6    19     3     0     3    -9.0   21.232 -154.808    427.5    967.7
     1     1    19     6    19     2     0     2   -10.0   21.208 -154.454    441.5    966.2
     1     1    19     6    19     1     0     1   -11.0   21.184 -154.105    461.1    964.2
     1     1    19     6    19     0     0     0   -12.0   21.157 -153.756    484.8    961.5
     1     1    19     6    18    23     0     1   -13.0   21.133 -153.411    507.4    958.8
     1     1    19     6    18    22     0     2   -14.0   21.117 -153.075    530.2    957.3
     1     1    19     6    18    21     0     3   -15.0   21.106 -152.741    554.7    954.5
     1     1    19     6    18    20     0     2   -16.0   21.097 -152.404    572.8    952.0
     1     1    19     6    18    19     0     1   -17.0   21.092 -152.064    590.6    951.2
     1     1    19     6    18    18     0     0   -18.0   21.093 -151.725    611.8    948.3
     1     1    19     6    18    17     0     1   -19.0   21.100 -151.379    620.1    946.2
     1     1    19     6    18    16     0     2   -20.0   21.111 -151.031    615.9    947.4
     1     1    19     6    18    15     0     3   -21.0   21.128 -150.686    611.8    947.7
     1     1    19     6    18    14     0     2   -22.0   21.151 -150.342    609.0    948.0
     1     1    19     6    18    13     0     1   -23.0   21.180 -150.001    611.4    948.3
     1     1    19     6    18    12     0     0   -24.0   21.211 -149.667    621.3    947.1
     1     1    19     6    18    11     0     1   -25.0   21.252 -149.335    632.1    946.0
     1     1    19     6    18    10     0     2   -26.0   21.310 -149.001    644.4    945.8
     1     1    19     6    18     9     0     3   -27.0   21.378 -148.665    669.8    943.9
     1     1    19     6    18     8     0     2   -28.0   21.445 -148.329    698.8    938.8
     1     1    19     6    18     7     0     1   -29.0   21.509 -147.999    711.9    936.7
     1     1    19     6    18     6     0     0   -30.0   21.576 -147.677    716.5    937.4
     1     1    19     6    18     5     0     1   -31.0   21.647 -147.361    728.7    936.1
     1     1    19     6    18     4     0     2   -32.0   21.719 -147.048    749.6    933.1
     1     1    19     6    18     3     0     3   -33.0   21.790 -146.737    760.9    929.9
     1     1    19     6    18     2     0     2   -34.0   21.857 -146.419    748.2    931.6
     1     1    19     6    18     1     0     1   -35.0   21.917 -146.093    725.8    935.4
     1     1    19     6    18     0     0     0   -36.0   21.967 -145.765    716.4    937.7
     1     1    19     6    17    23     0     1   -37.0   22.012 -145.437    715.6    936.4
     1     1    19     6    17    22     0     2   -38.0   22.066 -145.108    717.3    937.6
     1     1    19     6    17    21     0     3   -39.0   22.132 -144.781    731.6    936.3
     1     1    19     6    17    20     0     2   -40.0   22.208 -144.461    744.2    933.3
     1     1    19     6    17    19     0     1   -41.0   22.294 -144.148    738.9    933.7
     1     1    19     6    17    18     0     0   -42.0   22.397 -143.838    720.8    936.1
     1     1    19     6    17    17     0     1   -43.0   22.508 -143.533    709.9    938.8
     1     1    19     6    17    16     0     2   -44.0   22.617 -143.235    712.1    937.5
     1     1    19     6    17    15     0     3   -45.0   22.724 -142.947    716.0    936.4
     1     1    19     6    17    14     0     2   -46.0   22.833 -142.669    724.9    936.2
     1     1    19     6    17    13     0     1   -47.0   22.946 -142.400    740.4    933.7
     1     1    19     6    17    12     0     0   -48.0   23.062 -142.139    750.2    931.9
     1     1    19     6    17    11     0     1   -49.0   23.179 -141.885    762.5    932.7
     1     1    19     6    17    10     0     2   -50.0   23.299 -141.638    787.1    930.1
     1     1    19     6    17     9     0     3   -51.0   23.419 -141.401    813.7    927.4
     1     1    19     6    17     8     0     2   -52.0   23.542 -141.167    834.3    924.8
     1     1    19     6    17     7     0     1   -53.0   23.665 -140.935    847.5    923.5
     1     1    19     6    17     6     0     0   -54.0   23.787 -140.703    856.4    922.6
     1     1    19     6    17     5     0     1   -55.0   23.908 -140.474    865.6    921.7
     1     1    19     6    17     4     0     2   -56.0   24.031 -140.250    879.7    920.1
     1     1    19     6    17     3     0     3   -57.0   24.157 -140.033    900.0    917.6
     1     1    19     6    17     2     0     2   -58.0   24.281 -139.830    921.0    914.5
     1     1    19     6    17     1     0     1   -59.0   24.395 -139.641    940.0    912.6
     1     1    19     6    17     0     0     0   -60.0   24.502 -139.468    960.7    910.3
     1     1    19     6    16    23     0     1   -61.0   24.599 -139.305    978.3    908.1
     1     1    19     6    16    22     0     2   -62.0   24.687 -139.139    986.3    907.6
     1     1    19     6    16    21     0     3   -63.0   24.766 -138.969    984.1    908.2
     1     1    19     6    16    20     0     2   -64.0   24.844 -138.797    982.5    909.6
     1     1    19     6    16    19     0     1   -65.0   24.927 -138.633    990.5    908.7
     1     1    19     6    16    18     0     0   -66.0   25.010 -138.479   1007.8    906.8
     1     1    19     6    16    17     0     1   -67.0   25.091 -138.334   1025.1    903.8
     1     1    19     6    16    16     0     2   -68.0   25.167 -138.190   1034.4    902.7
     1     1    19     6    16    15     0     3   -69.0   25.240 -138.048   1037.4    902.3
     1     1    19     6    16    14     0     2   -70.0   25.311 -137.908   1038.4    902.3
     1     1    19     6    16    13     0     1   -71.0   25.379 -137.772   1042.1    901.6
     1     1    19     6    16    12     0     0   -72.0   25.443 -137.639   1050.0    900.5
     1     1    19     6    16    11     0     1   -73.0   25.504 -137.506   1062.1    899.7
     1     1    19     6    16    10     0     2   -74.0   25.563 -137.372   1077.7    898.5
     1     1    19     6    16     9     0     3   -75.0   25.622 -137.237   1095.9    897.0
     1     1    19     6    16     8     0     2   -76.0   25.685 -137.104   1113.0    895.0
     1     1    19     6    16     7     0     1   -77.0   25.757 -136.975   1125.4    893.7
     1     1    19     6    16     6     0     0   -78.0   25.840 -136.850   1135.0    893.0
     1     1    19     6    16     5     0     1   -79.0   25.927 -136.736   1148.6    891.9
     1     1    19     6    16     4     0     2   -80.0   26.010 -136.643   1170.6    889.4
     1     1    19     6    16     3     0     3   -81.0   26.084 -136.572   1197.8    886.0
     1     1    19     6    16     2     0     2   -82.0   26.145 -136.520   1218.5    882.7
     1     1    19     6    16     1     0     1   -83.0   26.192 -136.478   1224.2    882.1
     1     1    19     6    16     0     0     0   -84.0   26.229 -136.443   1215.8    882.8
     1     1    19     6    15    23     0     1   -85.0   26.262 -136.404   1202.5    885.6
     1     1    19     6    15    22     0     2   -86.0   26.296 -136.359   1192.7    887.0
     1     1    19     6    15    21     0     3   -87.0   26.330 -136.309   1186.7    888.0
     1     1    19     6    15    20     0     2   -88.0   26.359 -136.258   1182.0    888.2
     1     1    19     6    15    19     0     1   -89.0   26.376 -136.211   1175.3    889.0
     1     1    19     6    15    18     0     0   -90.0   26.384 -136.167   1167.8    889.8
     1     1    19     6    15    17     0     1   -91.0   26.388 -136.116   1169.6    890.3
     1     1    19     6    15    16     0     2   -92.0   26.395 -136.051   1190.3    887.8
     1     1    19     6    15    15     0     3   -93.0   26.401 -135.977   1227.9    883.3
     1     1    19     6    15    14     0     2   -94.0   26.404 -135.908   1261.8    877.4
     1     1    19     6    15    13     0     1   -95.0   26.408 -135.850   1277.1    875.7
     1     1    19     6    15    12     0     0   -96.0   26.412 -135.797   1277.4    875.5
     1     1    19     6    15    11     0     1   -97.0   26.418 -135.740   1268.2    877.3
     1     1    19     6    15    10     0     2   -98.0   26.423 -135.669   1254.2    879.1
     1     1    19     6    15     9     0     3   -99.0   26.430 -135.586   1235.6    881.4
     1     1    19     6    15     8     0     2  -100.0   26.441 -135.496   1220.6    883.9
     1     1    19     6    15     7     0     1  -101.0   26.453 -135.406   1216.5    884.3
     1     1    19     6    15     6     0     0  -102.0   26.464 -135.315   1222.2    883.7
     1     1    19     6    15     5     0     1  -103.0   26.472 -135.229   1230.8    881.8
     1     1    19     6    15     4     0     2  -104.0   26.482 -135.151   1236.0    881.0
     1     1    19     6    15     3     0     3  -105.0   26.494 -135.081   1237.6    880.6
     1     1    19     6    15     2     0     2  -106.0   26.506 -135.018   1239.3    880.7
     1     1    19     6    15     1     0     1  -107.0   26.516 -134.958   1245.0    880.1
     1     1    19     6    15     0     0     0  -108.0   26.521 -134.902   1254.5    879.0
     1     1    19     6    14    23     0     1  -109.0   26.522 -134.849   1267.7    877.9
     1     1    19     6    14    22     0     2  -110.0   26.517 -134.795   1283.9    876.6
     1     1    19     6    14    21     0     3  -111.0   26.507 -134.740   1302.9    874.9
     1     1    19     6    14    20     0     2  -112.0   26.492 -134.686   1319.7    872.6
     1     1    19     6    14    19     0     1  -113.0   26.472 -134.633   1329.3    871.6
     1     1    19     6    14    18     0     0  -114.0   26.451 -134.582   1331.8    871.3
     1     1    19     6    14    17     0     1  -115.0   26.431 -134.528   1333.0    871.5
     1     1    19     6    14    16     0     2  -116.0   26.414 -134.469   1338.2    870.7
     1     1    19     6    14    15     0     3  -117.0   26.400 -134.405   1347.5    869.5
     1     1    19     6    14    14     0     2  -118.0   26.385 -134.339   1356.5    867.8
     1     1    19     6    14    13     0     1  -119.0   26.365 -134.273   1360.5    867.0
     1     1    19     6    14    12     0     0  -120.0   26.339 -134.207   1359.0    866.7
     1     1    19     6    14    11     0     1  -121.0   26.312 -134.136   1361.0    867.9
     1     1    19     6    14    10     0     2  -122.0   26.289 -134.054   1379.4    866.8
     1     1    19     6    14     9     0     3  -123.0   26.267 -133.964   1418.7    863.4
     1     1    19     6    14     8     0     2  -124.0   26.244 -133.869   1461.6    857.4
     1     1    19     6    14     7     0     1  -125.0   26.222 -133.774   1490.1    854.8
     1     1    19     6    14     6     0     0  -126.0   26.202 -133.678   1506.8    853.3
     1     1    19     6    14     5     0     1  -127.0   26.188 -133.586   1520.6    852.4
     1     1    19     6    14     4     0     2  -128.0   26.178 -133.502   1537.2    850.4
     1     1    19     6    14     3     0     3  -129.0   26.173 -133.426   1554.0    848.4
     1     1    19     6    14     2     0     2  -130.0   26.167 -133.352   1569.3    846.6
     1     1    19     6    14     1     0     1  -131.0   26.153 -133.278   1584.9    845.2
     1     1    19     6    14     0     0     0  -132.0   26.133 -133.205   1606.5    843.1
     1     1    19     6    13    23     0     1  -133.0   26.109 -133.127   1634.5    840.5
     1     1    19     6    13    22     0     2  -134.0   26.085 -133.041   1663.7    837.8
     1     1    19     6    13    21     0     3  -135.0   26.062 -132.946   1689.5    835.4
     1     1    19     6    13    20     0     2  -136.0   26.040 -132.843   1718.1    833.4
     1     1    19     6    13    19     0     1  -137.0   26.022 -132.731   1755.3    829.5
     1     1    19     6    13    18     0     0  -138.0   26.006 -132.611   1795.8    825.3
     1     1    19     6    13    17     0     1  -139.0   25.997 -132.492   1821.6    821.3
     1     1    19     6    13    16     0     2  -140.0   26.000 -132.381   1823.7    821.3
     1     1    19     6    13    15     0     3  -141.0   26.016 -132.277   1811.4    822.8
     1     1    19     6    13    14     0     2  -142.0   26.042 -132.182   1800.1    824.5
     1     1    19     6    13    13     0     1  -143.0   26.074 -132.103   1797.7    824.1
     1     1    19     6    13    12     0     0  -144.0   26.112 -132.041   1799.9    823.4
     1     1    19     6    13    11     0     1  -145.0   26.149 -131.991   1809.0    823.4
     1     1    19     6    13    10     0     2  -146.0   26.172 -131.945   1828.9    821.9
     1     1    19     6    13     9     0     3  -147.0   26.181 -131.904   1859.9    819.5
     1     1    19     6    13     8     0     2  -148.0   26.184 -131.861   1890.2    815.4
     1     1    19     6    13     7     0     1  -149.0   26.189 -131.812   1907.5    813.9
     1     1    19     6    13     6     0     0  -150.0   26.197 -131.757   1913.1    813.5
     1     1    19     6    13     5     0     1  -151.0   26.207 -131.699   1911.8    813.8
     1     1    19     6    13     4     0     2  -152.0   26.217 -131.643   1908.3    814.0
     1     1    19     6    13     3     0     3  -153.0   26.226 -131.586   1902.9    814.4
     1     1    19     6    13     2     0     2  -154.0   26.236 -131.530   1897.9    815.0
     1     1    19     6    13     1     0     1  -155.0   26.246 -131.474   1895.3    815.2
     1     1    19     6    13     0     0     0  -156.0   26.256 -131.417   1894.7    815.2
     1     1    19     6    12    23     0     1  -157.0   26.269 -131.361   1895.0    815.2
     1     1    19     6    12    22     0     2  -158.0   26.289 -131.309   1895.2    815.4
     1     1    19     6    12    21     0     3  -159.0   26.315 -131.259   1895.3    815.5
     1     1    19     6    12    20     0     2  -160.0   26.342 -131.214   1904.3    815.7
     1     1    19     6    12    19     0     1  -161.0   26.366 -131.176   1931.1    813.1
     1     1    19     6    12    18     0     0  -162.0   26.386 -131.145   1975.4    808.9
     1     1    19     6    12    17     0     1  -163.0   26.406 -131.123   2019.5    802.8
     1     1    19     6    12    16     0     2  -164.0   26.429 -131.111   2045.6    800.1
     1     1    19     6    12    15     0     3  -165.0   26.455 -131.110   2054.3    799.2
     1     1    19     6    12    14     0     2  -166.0   26.481 -131.121   2050.6    799.6
     1     1    19     6    12    13     0     1  -167.0   26.502 -131.144   2039.3    800.4
     1     1    19     6    12    12     0     0  -168.0   26.521 -131.179   2020.6    801.8
     1     1    19     6    12    11     0     1  -169.0   26.532 -131.212   2002.1    804.6
     1     1    19     6    12    10     0     2  -170.0   26.532 -131.234   1992.1    805.7
     1     1    19     6    12     9     0     3  -171.0   26.521 -131.245   1990.6    806.1
     1     1    19     6    12     8     0     2  -172.0   26.505 -131.250   1992.9    805.5
     1     1    19     6    12     7     0     1  -173.0   26.491 -131.254   1994.4    805.5
     1     1    19     6    12     6     0     0  -174.0   26.478 -131.258   1995.2    805.5
     1     1    19     6    12     5     0     1  -175.0   26.469 -131.260   1994.8    805.2
     1     1    19     6    12     4     0     2  -176.0   26.464 -131.261   1992.5    805.2
     1     1    19     6    12     3     0     3  -177.0   26.463 -131.260   1988.3    805.3
     1     1    19     6    12     2     0     2  -178.0   26.462 -131.260   1986.7    805.8
     1     1    19     6    12     1     0     1  -179.0   26.458 -131.266   1992.3    805.1
     1     1    19     6    12     0     0     0  -180.0   26.448 -131.276   2005.4    803.8
     1     1    19     6    11    23     0     1  -181.0   26.435 -131.280   2019.5    802.1
     1     1    19     6    11    22     0     2  -182.0   26.418 -131.270   2028.1    801.5
     1     1    19     6    11    21     0     3  -183.0   26.399 -131.248   2031.0    801.5
     1     1    19     6    11    20     0     2  -184.0   26.382 -131.221   2035.0    801.8
     1     1    19     6    11    19     0     1  -185.0   26.373 -131.195   2047.2    800.6
     1     1    19     6    11    18     0     0  -186.0   26.373 -131.171   2067.1    798.8
     1     1    19     6    11    17     0     1  -187.0   26.379 -131.155   2090.4    795.9
     1     1    19     6    11    16     0     2  -188.0   26.387 -131.155   2113.1    793.5
     1     1    19     6    11    15     0     3  -189.0   26.399 -131.170   2135.6    791.2
     1     1    19     6    11    14     0     2  -190.0   26.409 -131.203   2159.6    788.9
     1     1    19     6    11    13     0     1  -191.0   26.414 -131.254   2186.4    786.3
     1     1    19     6    11    12     0     0  -192.0   26.411 -131.323   2216.3    783.4
     1     1    19     6    11    11     0     1  -193.0   26.397 -131.396   2245.8    780.5
     1     1    19     6    11    10     0     2  -194.0   26.370 -131.459   2271.2    778.2
     1     1    19     6    11     9     0     3  -195.0   26.330 -131.512   2292.7    776.2
     1     1    19     6    11     8     0     2  -196.0   26.281 -131.552   2314.2    774.8
     1     1    19     6    11     7     0     1  -197.0   26.229 -131.579   2339.7    772.6
     1     1    19     6    11     6     0     0  -198.0   26.173 -131.591   2368.9    770.0
     1     1    19     6    11     5     0     1  -199.0   26.114 -131.590   2394.8    766.7
     1     1    19     6    11     4     0     2  -200.0   26.054 -131.573   2410.3    765.0
     1     1    19     6    11     3     0     3  -201.0   25.995 -131.540   2415.4    764.3
     1     1    19     6    11     2     0     2  -202.0   25.943 -131.498   2419.1    764.8
     1     1    19     6    11     1     0     1  -203.0   25.905 -131.452   2430.0    763.8
     1     1    19     6    11     0     0     0  -204.0   25.879 -131.403   2448.2    762.2
     1     1    19     6    10    23     0     1  -205.0   25.867 -131.352   2466.5    759.9
     1     1    19     6    10    22     0     2  -206.0   25.872 -131.300   2477.5    759.0
     1     1    19     6    10    21     0     3  -207.0   25.892 -131.248   2481.2    758.7
     1     1    19     6    10    20     0     2  -208.0   25.926 -131.200   2486.9    759.1
     1     1    19     6    10    19     0     1  -209.0   25.968 -131.164   2504.3    757.6
     1     1    19     6    10    18     0     0  -210.0   26.017 -131.142   2533.5    755.1
     1     1    19     6    10    17     0     1  -211.0   26.069 -131.126   2563.4    751.2
     1     1    19     6    10    16     0     2  -212.0   26.121 -131.111   2583.0    749.3
     1     1    19     6    10    15     0     3  -213.0   26.173 -131.096   2592.8    748.3
     1     1    19     6    10    14     0     2  -214.0   26.222 -131.082   2597.0    748.3
     1     1    19     6    10    13     0     1  -215.0   26.264 -131.073   2599.7    748.0
     1     1    19     6    10    12     0     0  -216.0   26.299 -131.069   2600.9    747.9
     1     1    19     6    10    11     0     1  -217.0   26.328 -131.059   2600.9    748.0
     1     1    19     6    10    10     0     2  -218.0   26.353 -131.033   2600.1    748.2
     1     1    19     6    10     9     0     3  -219.0   26.374 -130.992   2598.4    748.4
     1     1    19     6    10     8     0     2  -220.0   26.396 -130.936   2596.8    748.6
     1     1    19     6    10     7     0     1  -221.0   26.425 -130.869   2596.0    748.8
     1     1    19     6    10     6     0     0  -222.0   26.462 -130.791   2596.5    748.8
     1     1    19     6    10     5     0     1  -223.0   26.508 -130.707   2602.3    748.5
     1     1    19     6    10     4     0     2  -224.0   26.564 -130.625   2617.2    747.0
     1     1    19     6    10     3     0     3  -225.0   26.629 -130.542   2640.9    744.8
     1     1    19     6    10     2     0     2  -226.0   26.700 -130.459   2669.5    742.1
     1     1    19     6    10     1     0     1  -227.0   26.773 -130.372   2699.9    739.5
     1     1    19     6    10     0     0     0  -228.0   26.848 -130.282   2732.3    736.7
     1     1    19     6     9    23     0     1  -229.0   26.929 -130.187   2765.3    733.7
     1     1    19     6     9    22     0     2  -230.0   27.017 -130.087   2797.6    730.9
     1     1    19     6     9    21     0     3  -231.0   27.113 -129.981   2829.1    728.2
     1     1    19     6     9    20     0     2  -232.0   27.218 -129.875   2857.8    725.6
     1     1    19     6     9    19     0     1  -233.0   27.332 -129.770   2881.8    723.6
     1     1    19     6     9    18     0     0  -234.0   27.453 -129.667   2901.2    722.0
     1     1    19     6     9    17     0     1  -235.0   27.579 -129.570   2919.9    720.5
     1     1    19     6     9    16     0     2  -236.0   27.705 -129.485   2941.6    718.3
     1     1    19     6     9    15     0     3  -237.0   27.831 -129.411   2965.8    716.0
     1     1    19     6     9    14     0     2  -238.0   27.954 -129.344   2989.4    713.7
     1     1    19     6     9    13     0     1  -239.0   28.068 -129.281   3009.9    711.9
     1     1    19     6     9    12     0     0  -240.0   28.175 -129.222   3027.5    710.4
