     7     1
    GDAS    19     6     1     0     0
    GDAS    19     7     1     0     0
    GDAS    19     8     1     0     0
    GDAS    19     9     1     0     0
    GDAS    19    10     1     0     0
    GDAS    19    11     1     0     0
    GDAS    19    12     1     0     0
     1 BACKWARD OMEGA   
    19     7    20     0   21.319 -157.670    10.0
     1 PRESSURE
     1     1    19     7    20     0     0     0     0.0   21.319 -157.670     10.0   1010.6
     1     1    19     7    19    23     0     1    -1.0   21.422 -157.379     81.7   1006.2
     1     1    19     7    19    22     0     2    -2.0   21.505 -157.031    254.7    983.8
     1     1    19     7    19    21     0     3    -3.0   21.544 -156.643    419.0    960.2
     1     1    19     7    19    20     0     2    -4.0   21.535 -156.248    491.5    953.3
     1     1    19     7    19    19     0     1    -5.0   21.500 -155.854    490.2    957.8
     1     1    19     7    19    18     0     0    -6.0   21.468 -155.465    465.3    963.8
     1     1    19     7    19    17     0     1    -7.0   21.451 -155.091    453.4    966.3
     1     1    19     7    19    16     0     2    -8.0   21.442 -154.733    462.3    964.5
     1     1    19     7    19    15     0     3    -9.0   21.447 -154.384    475.7    961.1
     1     1    19     7    19    14     0     2   -10.0   21.466 -154.040    475.1    960.8
     1     1    19     7    19    13     0     1   -11.0   21.489 -153.697    472.4    963.3
     1     1    19     7    19    12     0     0   -12.0   21.509 -153.355    481.3    962.2
     1     1    19     7    19    11     0     1   -13.0   21.533 -153.008    496.6    960.6
     1     1    19     7    19    10     0     2   -14.0   21.568 -152.647    510.8    958.9
     1     1    19     7    19     9     0     3   -15.0   21.615 -152.267    516.8    958.5
     1     1    19     7    19     8     0     2   -16.0   21.674 -151.878    516.2    958.7
     1     1    19     7    19     7     0     1   -17.0   21.743 -151.487    513.7    958.7
     1     1    19     7    19     6     0     0   -18.0   21.827 -151.094    511.0    958.8
     1     1    19     7    19     5     0     1   -19.0   21.925 -150.702    513.8    959.0
     1     1    19     7    19     4     0     2   -20.0   22.034 -150.311    521.4    957.5
     1     1    19     7    19     3     0     3   -21.0   22.152 -149.924    528.0    956.6
     1     1    19     7    19     2     0     2   -22.0   22.273 -149.528    542.9    956.1
     1     1    19     7    19     1     0     1   -23.0   22.391 -149.110    568.0    952.2
     1     1    19     7    19     0     0     0   -24.0   22.510 -148.684    591.3    949.9
     1     1    19     7    18    23     0     1   -25.0   22.633 -148.268    613.5    948.7
     1     1    19     7    18    22     0     2   -26.0   22.762 -147.864    627.2    947.1
     1     1    19     7    18    21     0     3   -27.0   22.895 -147.454    629.9    948.0
     1     1    19     7    18    20     0     2   -28.0   23.027 -147.033    636.4    948.1
     1     1    19     7    18    19     0     1   -29.0   23.158 -146.618    652.5    946.0
     1     1    19     7    18    18     0     0   -30.0   23.286 -146.222    670.2    943.4
     1     1    19     7    18    17     0     1   -31.0   23.410 -145.829    681.9    941.6
     1     1    19     7    18    16     0     2   -32.0   23.535 -145.428    689.6    940.9
     1     1    19     7    18    15     0     3   -33.0   23.664 -145.020    697.6    939.8
     1     1    19     7    18    14     0     2   -34.0   23.794 -144.611    706.0    938.9
     1     1    19     7    18    13     0     1   -35.0   23.925 -144.207    712.2    937.9
     1     1    19     7    18    12     0     0   -36.0   24.057 -143.806    715.0    937.6
     1     1    19     7    18    11     0     1   -37.0   24.191 -143.399    716.9    938.1
     1     1    19     7    18    10     0     2   -38.0   24.326 -142.981    714.7    938.3
     1     1    19     7    18     9     0     3   -39.0   24.464 -142.555    712.5    940.0
     1     1    19     7    18     8     0     2   -40.0   24.611 -142.123    721.2    939.3
     1     1    19     7    18     7     0     1   -41.0   24.772 -141.688    737.4    936.8
     1     1    19     7    18     6     0     0   -42.0   24.947 -141.252    751.9    934.9
     1     1    19     7    18     5     0     1   -43.0   25.129 -140.819    768.4    933.6
     1     1    19     7    18     4     0     2   -44.0   25.311 -140.394    785.9    930.6
     1     1    19     7    18     3     0     3   -45.0   25.497 -139.978    793.6    929.2
     1     1    19     7    18     2     0     2   -46.0   25.684 -139.572    802.0    929.9
     1     1    19     7    18     1     0     1   -47.0   25.868 -139.186    817.5    927.6
     1     1    19     7    18     0     0     0   -48.0   26.050 -138.832    829.3    926.2
     1     1    19     7    17    23     0     1   -49.0   26.226 -138.492    842.6    926.1
     1     1    19     7    17    22     0     2   -50.0   26.392 -138.144    860.4    923.9
     1     1    19     7    17    21     0     3   -51.0   26.553 -137.794    878.4    922.6
     1     1    19     7    17    20     0     2   -52.0   26.708 -137.448    903.5    920.6
     1     1    19     7    17    19     0     1   -53.0   26.859 -137.115    943.9    916.7
     1     1    19     7    17    18     0     0   -54.0   27.008 -136.805    998.8    910.5
     1     1    19     7    17    17     0     1   -55.0   27.157 -136.511   1040.9    903.2
     1     1    19     7    17    16     0     2   -56.0   27.305 -136.220   1056.8    902.3
     1     1    19     7    17    15     0     3   -57.0   27.461 -135.933   1064.5    902.0
     1     1    19     7    17    14     0     2   -58.0   27.620 -135.655   1074.2    901.0
     1     1    19     7    17    13     0     1   -59.0   27.779 -135.393   1082.7    899.4
     1     1    19     7    17    12     0     0   -60.0   27.938 -135.154   1082.8    899.0
     1     1    19     7    17    11     0     1   -61.0   28.100 -134.928   1082.0    900.3
     1     1    19     7    17    10     0     2   -62.0   28.264 -134.703   1089.2    899.9
     1     1    19     7    17     9     0     3   -63.0   28.426 -134.489   1104.5    898.7
     1     1    19     7    17     8     0     2   -64.0   28.588 -134.290   1124.5    896.4
     1     1    19     7    17     7     0     1   -65.0   28.755 -134.105   1145.7    894.5
     1     1    19     7    17     6     0     0   -66.0   28.921 -133.932   1170.4    892.3
     1     1    19     7    17     5     0     1   -67.0   29.089 -133.776   1200.6    888.8
     1     1    19     7    17     4     0     2   -68.0   29.263 -133.641   1234.8    884.8
     1     1    19     7    17     3     0     3   -69.0   29.442 -133.528   1268.3    880.6
     1     1    19     7    17     2     0     2   -70.0   29.621 -133.434   1294.4    877.6
     1     1    19     7    17     1     0     1   -71.0   29.792 -133.356   1312.3    876.0
     1     1    19     7    17     0     0     0   -72.0   29.959 -133.296   1327.2    874.9
     1     1    19     7    16    23     0     1   -73.0   30.120 -133.248   1339.6    873.7
     1     1    19     7    16    22     0     2   -74.0   30.271 -133.205   1347.1    873.3
     1     1    19     7    16    21     0     3   -75.0   30.410 -133.168   1350.4    873.4
     1     1    19     7    16    20     0     2   -76.0   30.536 -133.140   1355.7    873.6
     1     1    19     7    16    19     0     1   -77.0   30.647 -133.122   1369.6    872.4
     1     1    19     7    16    18     0     0   -78.0   30.743 -133.114   1394.2    870.2
     1     1    19     7    16    17     0     1   -79.0   30.828 -133.111   1424.6    866.2
     1     1    19     7    16    16     0     2   -80.0   30.909 -133.105   1455.1    862.8
     1     1    19     7    16    15     0     3   -81.0   30.988 -133.096   1485.1    859.4
     1     1    19     7    16    14     0     2   -82.0   31.066 -133.083   1511.1    856.3
     1     1    19     7    16    13     0     1   -83.0   31.147 -133.067   1530.0    854.3
     1     1    19     7    16    12     0     0   -84.0   31.231 -133.048   1542.6    853.0
     1     1    19     7    16    11     0     1   -85.0   31.314 -133.024   1556.0    852.4
     1     1    19     7    16    10     0     2   -86.0   31.387 -132.990   1574.5    850.4
     1     1    19     7    16     9     0     3   -87.0   31.452 -132.949   1595.0    848.3
     1     1    19     7    16     8     0     2   -88.0   31.517 -132.906   1615.0    846.5
     1     1    19     7    16     7     0     1   -89.0   31.590 -132.868   1633.2    844.9
     1     1    19     7    16     6     0     0   -90.0   31.669 -132.835   1649.9    843.6
     1     1    19     7    16     5     0     1   -91.0   31.751 -132.813   1662.1    841.8
     1     1    19     7    16     4     0     2   -92.0   31.838 -132.806   1667.4    841.1
     1     1    19     7    16     3     0     3   -93.0   31.931 -132.817   1668.6    840.9
     1     1    19     7    16     2     0     2   -94.0   32.017 -132.841   1676.0    841.0
     1     1    19     7    16     1     0     1   -95.0   32.077 -132.871   1695.0    838.8
     1     1    19     7    16     0     0     0   -96.0   32.110 -132.903   1722.9    836.0
     1     1    19     7    15    23     0     1   -97.0   32.124 -132.930   1746.4    832.7
     1     1    19     7    15    22     0     2   -98.0   32.128 -132.945   1753.2    832.3
     1     1    19     7    15    21     0     3   -99.0   32.123 -132.947   1743.6    833.4
     1     1    19     7    15    20     0     2  -100.0   32.113 -132.939   1725.5    836.0
     1     1    19     7    15    19     0     1  -101.0   32.097 -132.926   1708.5    837.7
     1     1    19     7    15    18     0     0  -102.0   32.076 -132.908   1693.3    839.2
     1     1    19     7    15    17     0     1  -103.0   32.052 -132.882   1684.6    840.3
     1     1    19     7    15    16     0     2  -104.0   32.030 -132.849   1685.6    839.9
     1     1    19     7    15    15     0     3  -105.0   32.009 -132.810   1693.9    838.8
     1     1    19     7    15    14     0     2  -106.0   31.984 -132.771   1702.1    837.0
     1     1    19     7    15    13     0     1  -107.0   31.947 -132.737   1705.5    836.6
     1     1    19     7    15    12     0     0  -108.0   31.900 -132.707   1706.8    836.3
     1     1    19     7    15    11     0     1  -109.0   31.845 -132.666   1709.3    836.5
     1     1    19     7    15    10     0     2  -110.0   31.786 -132.602   1716.5    836.1
     1     1    19     7    15     9     0     3  -111.0   31.721 -132.514   1730.3    835.1
     1     1    19     7    15     8     0     2  -112.0   31.656 -132.407   1745.1    833.0
     1     1    19     7    15     7     0     1  -113.0   31.595 -132.285   1751.2    832.1
     1     1    19     7    15     6     0     0  -114.0   31.537 -132.145   1742.3    832.6
     1     1    19     7    15     5     0     1  -115.0   31.488 -131.999   1721.2    835.0
     1     1    19     7    15     4     0     2  -116.0   31.452 -131.855   1698.0    837.4
     1     1    19     7    15     3     0     3  -117.0   31.431 -131.716   1675.2    839.2
     1     1    19     7    15     2     0     2  -118.0   31.417 -131.586   1658.6    841.4
     1     1    19     7    15     1     0     1  -119.0   31.404 -131.466   1655.9    841.6
     1     1    19     7    15     0     0     0  -120.0   31.391 -131.359   1668.0    840.2
     1     1    19     7    14    23     0     1  -121.0   31.372 -131.257   1687.2    837.8
     1     1    19     7    14    22     0     2  -122.0   31.345 -131.154   1705.7    836.2
     1     1    19     7    14    21     0     3  -123.0   31.307 -131.048   1722.3    834.8
     1     1    19     7    14    20     0     2  -124.0   31.263 -130.936   1731.7    833.3
     1     1    19     7    14    19     0     1  -125.0   31.217 -130.813   1731.1    833.4
     1     1    19     7    14    18     0     0  -126.0   31.168 -130.677   1722.5    834.2
     1     1    19     7    14    17     0     1  -127.0   31.122 -130.527   1709.8    835.5
     1     1    19     7    14    16     0     2  -128.0   31.085 -130.364   1692.7    836.6
     1     1    19     7    14    15     0     3  -129.0   31.060 -130.186   1664.1    838.9
     1     1    19     7    14    14     0     2  -130.0   31.046 -129.995   1616.8    842.7
     1     1    19     7    14    13     0     1  -131.0   31.044 -129.795   1567.0    849.2
     1     1    19     7    14    12     0     0  -132.0   31.052 -129.592   1543.3    852.1
     1     1    19     7    14    11     0     1  -133.0   31.070 -129.388   1545.4    851.0
     1     1    19     7    14    10     0     2  -134.0   31.102 -129.185   1547.9    849.4
     1     1    19     7    14     9     0     3  -135.0   31.150 -128.982   1526.1    850.6
     1     1    19     7    14     8     0     2  -136.0   31.220 -128.780   1492.8    856.5
     1     1    19     7    14     7     0     1  -137.0   31.312 -128.578   1474.6    858.9
     1     1    19     7    14     6     0     0  -138.0   31.428 -128.379   1481.4    858.9
     1     1    19     7    14     5     0     1  -139.0   31.565 -128.190   1506.7    854.7
     1     1    19     7    14     4     0     2  -140.0   31.720 -128.016   1524.3    851.3
     1     1    19     7    14     3     0     3  -141.0   31.895 -127.859   1514.7    851.1
     1     1    19     7    14     2     0     2  -142.0   32.088 -127.724   1499.3    855.7
     1     1    19     7    14     1     0     1  -143.0   32.285 -127.619   1507.0    854.7
     1     1    19     7    14     0     0     0  -144.0   32.482 -127.540   1529.8    851.5
     1     1    19     7    13    23     0     1  -145.0   32.678 -127.480   1544.9    848.5
     1     1    19     7    13    22     0     2  -146.0   32.882 -127.434   1539.8    849.4
     1     1    19     7    13    21     0     3  -147.0   33.097 -127.404   1522.6    851.8
     1     1    19     7    13    20     0     2  -148.0   33.318 -127.387   1506.8    854.4
     1     1    19     7    13    19     0     1  -149.0   33.539 -127.383   1501.0    855.0
     1     1    19     7    13    18     0     0  -150.0   33.757 -127.398   1505.2    854.7
     1     1    19     7    13    17     0     1  -151.0   33.974 -127.431   1515.8    852.9
     1     1    19     7    13    16     0     2  -152.0   34.188 -127.474   1524.7    851.3
     1     1    19     7    13    15     0     3  -153.0   34.402 -127.522   1528.3    850.7
     1     1    19     7    13    14     0     2  -154.0   34.621 -127.575   1535.2    850.6
     1     1    19     7    13    13     0     1  -155.0   34.844 -127.641   1551.8    848.6
     1     1    19     7    13    12     0     0  -156.0   35.069 -127.726   1575.6    845.9
     1     1    19     7    13    11     0     1  -157.0   35.295 -127.823   1608.8    843.0
     1     1    19     7    13    10     0     2  -158.0   35.516 -127.929   1655.3    838.4
     1     1    19     7    13     9     0     3  -159.0   35.726 -128.043   1715.9    832.6
     1     1    19     7    13     8     0     2  -160.0   35.925 -128.181   1796.7    825.5
     1     1    19     7    13     7     0     1  -161.0   36.120 -128.358   1894.2    815.6
     1     1    19     7    13     6     0     0  -162.0   36.314 -128.572   1988.7    805.7
     1     1    19     7    13     5     0     1  -163.0   36.497 -128.810   2072.7    797.7
     1     1    19     7    13     4     0     2  -164.0   36.655 -129.076   2155.7    790.3
     1     1    19     7    13     3     0     3  -165.0   36.784 -129.382   2244.9    782.1
     1     1    19     7    13     2     0     2  -166.0   36.880 -129.726   2330.8    772.9
     1     1    19     7    13     1     0     1  -167.0   36.939 -130.098   2400.5    766.4
     1     1    19     7    13     0     0     0  -168.0   36.963 -130.492   2448.3    761.5
     1     1    19     7    12    23     0     1  -169.0   36.960 -130.897   2481.0    759.7
     1     1    19     7    12    22     0     2  -170.0   36.930 -131.308   2513.3    757.1
     1     1    19     7    12    21     0     3  -171.0   36.868 -131.715   2536.7    754.2
     1     1    19     7    12    20     0     2  -172.0   36.788 -132.113   2560.0    754.0
     1     1    19     7    12    19     0     1  -173.0   36.707 -132.496   2608.9    750.1
     1     1    19     7    12    18     0     0  -174.0   36.633 -132.865   2684.7    743.3
     1     1    19     7    12    17     0     1  -175.0   36.554 -133.232   2750.3    734.0
     1     1    19     7    12    16     0     2  -176.0   36.458 -133.591   2772.7    731.9
     1     1    19     7    12    15     0     3  -177.0   36.352 -133.931   2761.9    733.3
     1     1    19     7    12    14     0     2  -178.0   36.232 -134.256   2744.2    736.6
     1     1    19     7    12    13     0     1  -179.0   36.093 -134.578   2753.0    737.1
     1     1    19     7    12    12     0     0  -180.0   35.949 -134.913   2819.3    732.3
     1     1    19     7    12    11     0     1  -181.0   35.810 -135.245   2890.5    720.1
     1     1    19     7    12    10     0     2  -182.0   35.674 -135.542   2909.6    719.6
     1     1    19     7    12     9     0     3  -183.0   35.533 -135.815   2894.6    722.0
     1     1    19     7    12     8     0     2  -184.0   35.391 -136.071   2854.6    725.8
     1     1    19     7    12     7     0     1  -185.0   35.261 -136.309   2807.5    731.8
     1     1    19     7    12     6     0     0  -186.0   35.150 -136.526   2770.7    735.2
     1     1    19     7    12     5     0     1  -187.0   35.055 -136.721   2738.7    737.5
     1     1    19     7    12     4     0     2  -188.0   34.967 -136.886   2688.6    740.2
     1     1    19     7    12     3     0     3  -189.0   34.886 -137.013   2596.8    748.0
     1     1    19     7    12     2     0     2  -190.0   34.817 -137.122   2496.7    760.7
     1     1    19     7    12     1     0     1  -191.0   34.758 -137.239   2430.5    767.0
     1     1    19     7    12     0     0     0  -192.0   34.702 -137.370   2399.3    770.1
     1     1    19     7    11    23     0     1  -193.0   34.644 -137.514   2398.1    769.8
     1     1    19     7    11    22     0     2  -194.0   34.585 -137.664   2413.8    767.7
     1     1    19     7    11    21     0     3  -195.0   34.523 -137.815   2435.7    765.4
     1     1    19     7    11    20     0     2  -196.0   34.462 -137.963   2448.9    763.1
     1     1    19     7    11    19     0     1  -197.0   34.406 -138.106   2447.2    763.7
     1     1    19     7    11    18     0     0  -198.0   34.356 -138.245   2445.8    765.0
     1     1    19     7    11    17     0     1  -199.0   34.312 -138.386   2455.0    763.8
     1     1    19     7    11    16     0     2  -200.0   34.274 -138.536   2464.4    761.5
     1     1    19     7    11    15     0     3  -201.0   34.240 -138.695   2448.3    761.3
     1     1    19     7    11    14     0     2  -202.0   34.209 -138.857   2416.8    766.1
     1     1    19     7    11    13     0     1  -203.0   34.183 -139.026   2394.8    768.3
     1     1    19     7    11    12     0     0  -204.0   34.158 -139.201   2392.4    768.8
     1     1    19     7    11    11     0     1  -205.0   34.130 -139.374   2396.9    767.1
     1     1    19     7    11    10     0     2  -206.0   34.102 -139.538   2392.4    768.2
     1     1    19     7    11     9     0     3  -207.0   34.079 -139.703   2384.9    769.6
     1     1    19     7    11     8     0     2  -208.0   34.063 -139.859   2380.4    770.1
     1     1    19     7    11     7     0     1  -209.0   34.051 -139.982   2368.0    769.9
     1     1    19     7    11     6     0     0  -210.0   34.042 -140.070   2338.0    772.5
     1     1    19     7    11     5     0     1  -211.0   34.052 -140.164   2304.5    776.9
     1     1    19     7    11     4     0     2  -212.0   34.093 -140.308   2282.7    778.7
     1     1    19     7    11     3     0     3  -213.0   34.161 -140.490   2272.3    779.5
     1     1    19     7    11     2     0     2  -214.0   34.241 -140.696   2274.9    779.3
     1     1    19     7    11     1     0     1  -215.0   34.325 -140.919   2289.8    777.6
     1     1    19     7    11     0     0     0  -216.0   34.419 -141.169   2311.1    775.1
     1     1    19     7    10    23     0     1  -217.0   34.518 -141.450   2334.6    773.0
     1     1    19     7    10    22     0     2  -218.0   34.621 -141.755   2375.2    770.3
     1     1    19     7    10    21     0     3  -219.0   34.737 -142.075   2455.0    763.7
     1     1    19     7    10    20     0     2  -220.0   34.868 -142.420   2525.7    751.9
     1     1    19     7    10    19     0     1  -221.0   35.011 -142.797   2533.2    751.4
     1     1    19     7    10    18     0     0  -222.0   35.166 -143.199   2509.0    755.8
     1     1    19     7    10    17     0     1  -223.0   35.320 -143.625   2500.5    758.0
     1     1    19     7    10    16     0     2  -224.0   35.468 -144.078   2520.0    755.5
     1     1    19     7    10    15     0     3  -225.0   35.626 -144.551   2539.7    751.7
     1     1    19     7    10    14     0     2  -226.0   35.799 -145.038   2532.2    751.6
     1     1    19     7    10    13     0     1  -227.0   35.974 -145.542   2488.1    755.2
     1     1    19     7    10    12     0     0  -228.0   36.152 -146.054   2438.6    762.5
     1     1    19     7    10    11     0     1  -229.0   36.328 -146.569   2421.4    764.9
     1     1    19     7    10    10     0     2  -230.0   36.492 -147.093   2449.3    763.2
     1     1    19     7    10     9     0     3  -231.0   36.646 -147.625   2485.4    755.9
     1     1    19     7    10     8     0     2  -232.0   36.796 -148.157   2488.5    756.1
     1     1    19     7    10     7     0     1  -233.0   36.946 -148.691   2473.8    758.5
     1     1    19     7    10     6     0     0  -234.0   37.105 -149.228   2460.5    760.6
     1     1    19     7    10     5     0     1  -235.0   37.254 -149.757   2487.4    760.8
     1     1    19     7    10     4     0     2  -236.0   37.379 -150.288   2525.7    751.9
     1     1    19     7    10     3     0     3  -237.0   37.492 -150.823   2519.3    752.9
     1     1    19     7    10     2     0     2  -238.0   37.593 -151.352   2502.5    757.2
     1     1    19     7    10     1     0     1  -239.0   37.677 -151.871   2495.1    756.9
     1     1    19     7    10     0     0     0  -240.0   37.744 -152.383   2473.1    757.7
