     7     1
    GDAS    18    12     1     0     0
    GDAS    19     1     1     0     0
    GDAS    19     2     1     0     0
    GDAS    19     3     1     0     0
    GDAS    19     4     1     0     0
    GDAS    19     5     1     0     0
    GDAS    19     6     1     0     0
     1 BACKWARD OMEGA   
    19     4    16     0   21.319 -157.670    10.0
     1 PRESSURE
     1     1    19     4    16     0     0     0     0.0   21.319 -157.670     10.0   1015.0
     1     1    19     4    15    23     0     1    -1.0   21.426 -157.420     12.9   1014.7
     1     1    19     4    15    22     0     2    -2.0   21.527 -157.157     18.6   1014.3
     1     1    19     4    15    21     0     3    -3.0   21.613 -156.882     25.9   1014.5
     1     1    19     4    15    20     0     2    -4.0   21.685 -156.606     31.4   1015.0
     1     1    19     4    15    19     0     1    -5.0   21.749 -156.342     33.6   1015.7
     1     1    19     4    15    18     0     0    -6.0   21.810 -156.089     33.6   1016.3
     1     1    19     4    15    17     0     1    -7.0   21.872 -155.834     33.6   1016.4
     1     1    19     4    15    16     0     2    -8.0   21.939 -155.566     34.7   1016.2
     1     1    19     4    15    15     0     3    -9.0   22.012 -155.292     36.3   1015.7
     1     1    19     4    15    14     0     2   -10.0   22.090 -155.016     37.2   1015.7
     1     1    19     4    15    13     0     1   -11.0   22.172 -154.738     37.2   1015.8
     1     1    19     4    15    12     0     0   -12.0   22.258 -154.457     37.2   1015.9
     1     1    19     4    15    11     0     1   -13.0   22.347 -154.170     37.2   1015.9
     1     1    19     4    15    10     0     2   -14.0   22.439 -153.877     37.2   1015.8
     1     1    19     4    15     9     0     3   -15.0   22.535 -153.577     37.2   1015.8
     1     1    19     4    15     8     0     2   -16.0   22.639 -153.271     37.2   1015.7
     1     1    19     4    15     7     0     1   -17.0   22.756 -152.963     37.2   1015.7
     1     1    19     4    15     6     0     0   -18.0   22.889 -152.653     37.2   1015.6
     1     1    19     4    15     5     0     1   -19.0   23.036 -152.343     37.2   1015.3
     1     1    19     4    15     4     0     2   -20.0   23.192 -152.034     37.2   1014.9
     1     1    19     4    15     3     0     3   -21.0   23.356 -151.730     37.2   1014.6
     1     1    19     4    15     2     0     2   -22.0   23.522 -151.434     37.2   1015.0
     1     1    19     4    15     1     0     1   -23.0   23.682 -151.146     37.2   1015.8
     1     1    19     4    15     0     0     0   -24.0   23.833 -150.866     37.5   1016.9
     1     1    19     4    14    23     0     1   -25.0   23.976 -150.588     38.3   1016.9
     1     1    19     4    14    22     0     2   -26.0   24.113 -150.308     39.3   1016.7
     1     1    19     4    14    21     0     3   -27.0   24.245 -150.023     39.8   1016.9
     1     1    19     4    14    20     0     2   -28.0   24.375 -149.735     39.9   1017.6
     1     1    19     4    14    19     0     1   -29.0   24.507 -149.442     40.3   1018.1
     1     1    19     4    14    18     0     0   -30.0   24.644 -149.145     40.5   1018.2
     1     1    19     4    14    17     0     1   -31.0   24.785 -148.853     40.5   1018.3
     1     1    19     4    14    16     0     2   -32.0   24.925 -148.573     40.5   1018.1
     1     1    19     4    14    15     0     3   -33.0   25.065 -148.301     40.5   1017.5
     1     1    19     4    14    14     0     2   -34.0   25.204 -148.034     40.5   1017.5
     1     1    19     4    14    13     0     1   -35.0   25.343 -147.767     40.5   1018.0
     1     1    19     4    14    12     0     0   -36.0   25.481 -147.502     40.5   1018.3
     1     1    19     4    14    11     0     1   -37.0   25.620 -147.235     40.5   1018.8
     1     1    19     4    14    10     0     2   -38.0   25.762 -146.964     40.5   1019.4
     1     1    19     4    14     9     0     3   -39.0   25.907 -146.686     40.5   1019.9
     1     1    19     4    14     8     0     2   -40.0   26.055 -146.406     40.5   1019.5
     1     1    19     4    14     7     0     1   -41.0   26.205 -146.125     40.5   1019.5
     1     1    19     4    14     6     0     0   -42.0   26.357 -145.845     40.5   1019.7
     1     1    19     4    14     5     0     1   -43.0   26.514 -145.567     40.5   1020.2
     1     1    19     4    14     4     0     2   -44.0   26.675 -145.293     40.5   1020.3
     1     1    19     4    14     3     0     3   -45.0   26.842 -145.021     40.5   1020.1
     1     1    19     4    14     2     0     2   -46.0   27.013 -144.756     40.5   1019.8
     1     1    19     4    14     1     0     1   -47.0   27.187 -144.502     40.5   1019.7
     1     1    19     4    14     0     0     0   -48.0   27.363 -144.259     40.5   1019.4
     1     1    19     4    13    23     0     1   -49.0   27.541 -144.023     40.5   1020.0
     1     1    19     4    13    22     0     2   -50.0   27.715 -143.787     40.5   1020.7
     1     1    19     4    13    21     0     3   -51.0   27.884 -143.551     40.5   1021.5
     1     1    19     4    13    20     0     2   -52.0   28.051 -143.316     40.5   1021.7
     1     1    19     4    13    19     0     1   -53.0   28.217 -143.081     40.5   1021.7
     1     1    19     4    13    18     0     0   -54.0   28.382 -142.844     40.5   1022.1
     1     1    19     4    13    17     0     1   -55.0   28.546 -142.605     40.6   1021.9
     1     1    19     4    13    16     0     2   -56.0   28.713 -142.365     41.0   1021.4
     1     1    19     4    13    15     0     3   -57.0   28.886 -142.125     41.4   1020.4
     1     1    19     4    13    14     0     2   -58.0   29.067 -141.889     41.5   1020.7
     1     1    19     4    13    13     0     1   -59.0   29.255 -141.659     41.7   1021.2
     1     1    19     4    13    12     0     0   -60.0   29.443 -141.439     42.5   1021.3
     1     1    19     4    13    11     0     1   -61.0   29.631 -141.228     43.8   1022.0
     1     1    19     4    13    10     0     2   -62.0   29.825 -141.026     45.2   1022.8
     1     1    19     4    13     9     0     3   -63.0   30.025 -140.829     45.8   1023.8
     1     1    19     4    13     8     0     2   -64.0   30.226 -140.637     45.8   1024.0
     1     1    19     4    13     7     0     1   -65.0   30.429 -140.450     45.8   1024.2
     1     1    19     4    13     6     0     0   -66.0   30.635 -140.265     45.8   1024.3
     1     1    19     4    13     5     0     1   -67.0   30.846 -140.080     45.3   1024.3
     1     1    19     4    13     4     0     2   -68.0   31.058 -139.894     43.5   1024.6
     1     1    19     4    13     3     0     3   -69.0   31.268 -139.705     41.3   1024.6
     1     1    19     4    13     2     0     2   -70.0   31.474 -139.518     40.0   1024.6
     1     1    19     4    13     1     0     1   -71.0   31.677 -139.334     39.6   1024.6
     1     1    19     4    13     0     0     0   -72.0   31.876 -139.151     39.5   1024.1
     1     1    19     4    12    23     0     1   -73.0   32.079 -138.969     39.5   1025.0
     1     1    19     4    12    22     0     2   -74.0   32.299 -138.790     40.0   1026.3
     1     1    19     4    12    21     0     3   -75.0   32.537 -138.623     41.4   1027.0
     1     1    19     4    12    20     0     2   -76.0   32.787 -138.481     43.3   1027.2
     1     1    19     4    12    19     0     1   -77.0   33.038 -138.373     44.6   1027.5
     1     1    19     4    12    18     0     0   -78.0   33.287 -138.301     45.1   1028.0
     1     1    19     4    12    17     0     1   -79.0   33.525 -138.258     45.1   1028.4
     1     1    19     4    12    16     0     2   -80.0   33.747 -138.231     45.1   1028.8
     1     1    19     4    12    15     0     3   -81.0   33.949 -138.218     45.1   1029.1
     1     1    19     4    12    14     0     2   -82.0   34.137 -138.208     45.1   1029.5
     1     1    19     4    12    13     0     1   -83.0   34.319 -138.193     45.1   1029.9
     1     1    19     4    12    12     0     0   -84.0   34.500 -138.169     45.1   1030.3
     1     1    19     4    12    11     0     1   -85.0   34.689 -138.137     45.1   1030.4
     1     1    19     4    12    10     0     2   -86.0   34.892 -138.101     45.1   1030.5
     1     1    19     4    12     9     0     3   -87.0   35.109 -138.066     45.2   1030.6
     1     1    19     4    12     8     0     2   -88.0   35.327 -138.046     45.7   1031.0
     1     1    19     4    12     7     0     1   -89.0   35.536 -138.049     46.3   1031.2
     1     1    19     4    12     6     0     0   -90.0   35.736 -138.075     46.5   1031.6
     1     1    19     4    12     5     0     1   -91.0   35.922 -138.123     46.6   1031.5
     1     1    19     4    12     4     0     2   -92.0   36.088 -138.193     46.9   1031.4
     1     1    19     4    12     3     0     3   -93.0   36.234 -138.279     47.7   1031.3
     1     1    19     4    12     2     0     2   -94.0   36.367 -138.379     48.7   1031.4
     1     1    19     4    12     1     0     1   -95.0   36.491 -138.494     49.4   1031.5
     1     1    19     4    12     0     0     0   -96.0   36.606 -138.624     49.4   1031.7
     1     1    19     4    11    23     0     1   -97.0   36.709 -138.762     49.3   1031.7
     1     1    19     4    11    22     0     2   -98.0   36.798 -138.897     50.0   1031.7
     1     1    19     4    11    21     0     3   -99.0   36.872 -139.031     51.3   1031.5
     1     1    19     4    11    20     0     2  -100.0   36.932 -139.162     52.7   1032.5
     1     1    19     4    11    19     0     1  -101.0   36.984 -139.289     53.5   1033.7
     1     1    19     4    11    18     0     0  -102.0   37.028 -139.412     53.8   1034.8
     1     1    19     4    11    17     0     1  -103.0   37.060 -139.531     53.8   1034.4
     1     1    19     4    11    16     0     2  -104.0   37.076 -139.647     53.8   1034.1
     1     1    19     4    11    15     0     3  -105.0   37.078 -139.758     53.9   1033.8
     1     1    19     4    11    14     0     2  -106.0   37.060 -139.857     53.9   1033.7
     1     1    19     4    11    13     0     1  -107.0   37.020 -139.937     53.9   1033.9
     1     1    19     4    11    12     0     0  -108.0   36.958 -139.994     53.9   1034.0
     1     1    19     4    11    11     0     1  -109.0   36.888 -140.022     54.4   1033.7
     1     1    19     4    11    10     0     2  -110.0   36.819 -140.015     55.9   1033.4
     1     1    19     4    11     9     0     3  -111.0   36.755 -139.973     58.6   1033.0
     1     1    19     4    11     8     0     2  -112.0   36.697 -139.901     61.6   1032.4
     1     1    19     4    11     7     0     1  -113.0   36.649 -139.803     64.1   1032.1
     1     1    19     4    11     6     0     0  -114.0   36.610 -139.679     66.1   1031.9
     1     1    19     4    11     5     0     1  -115.0   36.584 -139.548     67.7   1031.5
     1     1    19     4    11     4     0     2  -116.0   36.575 -139.426     68.7   1031.2
     1     1    19     4    11     3     0     3  -117.0   36.583 -139.314     69.0   1031.0
     1     1    19     4    11     2     0     2  -118.0   36.594 -139.208     69.0   1031.2
     1     1    19     4    11     1     0     1  -119.0   36.595 -139.104     69.0   1031.4
     1     1    19     4    11     0     0     0  -120.0   36.585 -139.004     69.0   1031.7
     1     1    19     4    10    23     0     1  -121.0   36.571 -138.901     69.7   1031.7
     1     1    19     4    10    22     0     2  -122.0   36.560 -138.794     71.7   1031.5
     1     1    19     4    10    21     0     3  -123.0   36.551 -138.683     75.3   1031.0
     1     1    19     4    10    20     0     2  -124.0   36.548 -138.568     79.9   1030.5
     1     1    19     4    10    19     0     1  -125.0   36.553 -138.450     84.8   1029.9
     1     1    19     4    10    18     0     0  -126.0   36.565 -138.329     90.2   1029.3
     1     1    19     4    10    17     0     1  -127.0   36.583 -138.208     95.8   1028.6
     1     1    19     4    10    16     0     2  -128.0   36.604 -138.086    101.7   1027.8
     1     1    19     4    10    15     0     3  -129.0   36.628 -137.964    107.8   1027.0
     1     1    19     4    10    14     0     2  -130.0   36.655 -137.839    113.2   1026.4
     1     1    19     4    10    13     0     1  -131.0   36.689 -137.712    116.5   1026.1
     1     1    19     4    10    12     0     0  -132.0   36.731 -137.583    117.6   1026.1
     1     1    19     4    10    11     0     1  -133.0   36.780 -137.455    117.6   1026.3
     1     1    19     4    10    10     0     2  -134.0   36.837 -137.332    117.6   1026.3
     1     1    19     4    10     9     0     3  -135.0   36.900 -137.214    117.6   1026.4
     1     1    19     4    10     8     0     2  -136.0   36.968 -137.108    117.6   1026.5
     1     1    19     4    10     7     0     1  -137.0   37.040 -137.015    117.6   1026.5
     1     1    19     4    10     6     0     0  -138.0   37.114 -136.939    117.6   1026.6
     1     1    19     4    10     5     0     1  -139.0   37.192 -136.875    117.6   1026.4
     1     1    19     4    10     4     0     2  -140.0   37.273 -136.819    117.6   1026.2
     1     1    19     4    10     3     0     3  -141.0   37.357 -136.771    117.6   1026.0
     1     1    19     4    10     2     0     2  -142.0   37.447 -136.733    117.6   1025.3
     1     1    19     4    10     1     0     1  -143.0   37.546 -136.708    117.6   1024.6
     1     1    19     4    10     0     0     0  -144.0   37.653 -136.696    117.6   1023.9
     1     1    19     4     9    23     0     1  -145.0   37.758 -136.700    117.6   1024.7
     1     1    19     4     9    22     0     2  -146.0   37.855 -136.724    117.6   1025.4
     1     1    19     4     9    21     0     3  -147.0   37.945 -136.770    117.6   1026.2
     1     1    19     4     9    20     0     2  -148.0   38.029 -136.829    117.6   1025.4
     1     1    19     4     9    19     0     1  -149.0   38.112 -136.890    117.6   1024.6
     1     1    19     4     9    18     0     0  -150.0   38.194 -136.955    117.6   1023.8
     1     1    19     4     9    17     0     1  -151.0   38.271 -137.020    117.6   1023.5
     1     1    19     4     9    16     0     2  -152.0   38.343 -137.079    117.6   1023.3
     1     1    19     4     9    15     0     3  -153.0   38.408 -137.133    117.6   1023.0
     1     1    19     4     9    14     0     2  -154.0   38.478 -137.183    117.6   1022.5
     1     1    19     4     9    13     0     1  -155.0   38.560 -137.231    117.6   1021.8
     1     1    19     4     9    12     0     0  -156.0   38.654 -137.279    117.6   1021.0
     1     1    19     4     9    11     0     1  -157.0   38.756 -137.342    117.9   1021.3
     1     1    19     4     9    10     0     2  -158.0   38.861 -137.436    118.5   1021.7
     1     1    19     4     9     9     0     3  -159.0   38.968 -137.562    119.0   1022.3
     1     1    19     4     9     8     0     2  -160.0   39.078 -137.712    119.1   1021.2
     1     1    19     4     9     7     0     1  -161.0   39.191 -137.876    120.0   1020.2
     1     1    19     4     9     6     0     0  -162.0   39.303 -138.055    122.8   1019.2
     1     1    19     4     9     5     0     1  -163.0   39.413 -138.248    127.0   1018.2
     1     1    19     4     9     4     0     2  -164.0   39.518 -138.457    130.2   1017.3
     1     1    19     4     9     3     0     3  -165.0   39.618 -138.684    131.4   1016.7
     1     1    19     4     9     2     0     2  -166.0   39.711 -138.926    131.4   1016.0
     1     1    19     4     9     1     0     1  -167.0   39.797 -139.175    131.4   1015.2
     1     1    19     4     9     0     0     0  -168.0   39.875 -139.431    131.4   1014.4
     1     1    19     4     8    23     0     1  -169.0   39.953 -139.686    131.4   1014.0
     1     1    19     4     8    22     0     2  -170.0   40.037 -139.937    131.4   1013.6
     1     1    19     4     8    21     0     3  -171.0   40.126 -140.183    131.4   1013.2
     1     1    19     4     8    20     0     2  -172.0   40.222 -140.432    131.4   1012.1
     1     1    19     4     8    19     0     1  -173.0   40.327 -140.689    131.4   1011.0
     1     1    19     4     8    18     0     0  -174.0   40.438 -140.963    131.4   1010.0
     1     1    19     4     8    17     0     1  -175.0   40.557 -141.249    131.4   1009.2
     1     1    19     4     8    16     0     2  -176.0   40.682 -141.539    131.4   1008.2
     1     1    19     4     8    15     0     3  -177.0   40.811 -141.838    131.4   1007.3
     1     1    19     4     8    14     0     2  -178.0   40.935 -142.139    131.4   1006.1
     1     1    19     4     8    13     0     1  -179.0   41.048 -142.433    131.4   1005.0
     1     1    19     4     8    12     0     0  -180.0   41.154 -142.722    131.4   1003.8
     1     1    19     4     8    11     0     1  -181.0   41.251 -143.004    131.4   1003.2
     1     1    19     4     8    10     0     2  -182.0   41.332 -143.276    131.4   1002.5
     1     1    19     4     8     9     0     3  -183.0   41.404 -143.544    131.4   1001.8
     1     1    19     4     8     8     0     2  -184.0   41.467 -143.814    134.4   1000.8
     1     1    19     4     8     7     0     1  -185.0   41.515 -144.085    143.5    998.9
     1     1    19     4     8     6     0     0  -186.0   41.552 -144.355    157.6    995.9
     1     1    19     4     8     5     0     1  -187.0   41.572 -144.626    171.7    992.6
     1     1    19     4     8     4     0     2  -188.0   41.563 -144.889    181.7    990.3
     1     1    19     4     8     3     0     3  -189.0   41.521 -145.132    188.1    988.5
     1     1    19     4     8     2     0     2  -190.0   41.463 -145.357    191.1    987.5
     1     1    19     4     8     1     0     1  -191.0   41.403 -145.576    191.7    986.7
     1     1    19     4     8     0     0     0  -192.0   41.331 -145.783    191.6    986.0
     1     1    19     4     7    23     0     1  -193.0   41.254 -145.986    191.6    985.7
     1     1    19     4     7    22     0     2  -194.0   41.184 -146.203    191.1    985.3
     1     1    19     4     7    21     0     3  -195.0   41.122 -146.438    190.5    985.1
     1     1    19     4     7    20     0     2  -196.0   41.063 -146.690    190.5    984.5
     1     1    19     4     7    19     0     1  -197.0   41.009 -146.958    190.5    984.1
     1     1    19     4     7    18     0     0  -198.0   40.958 -147.247    190.5    983.6
     1     1    19     4     7    17     0     1  -199.0   40.911 -147.561    190.5    982.8
     1     1    19     4     7    16     0     2  -200.0   40.871 -147.902    190.5    982.1
     1     1    19     4     7    15     0     3  -201.0   40.835 -148.266    190.5    981.4
     1     1    19     4     7    14     0     2  -202.0   40.801 -148.647    190.5    980.9
     1     1    19     4     7    13     0     1  -203.0   40.768 -149.038    190.5    980.5
     1     1    19     4     7    12     0     0  -204.0   40.737 -149.439    190.5    980.0
     1     1    19     4     7    11     0     1  -205.0   40.705 -149.851    190.4    979.8
     1     1    19     4     7    10     0     2  -206.0   40.671 -150.277    190.1    979.7
     1     1    19     4     7     9     0     3  -207.0   40.642 -150.718    189.8    979.6
     1     1    19     4     7     8     0     2  -208.0   40.617 -151.166    187.8    979.2
     1     1    19     4     7     7     0     1  -209.0   40.593 -151.615    184.2    979.4
     1     1    19     4     7     6     0     0  -210.0   40.580 -152.066    182.4    979.4
     1     1    19     4     7     5     0     1  -211.0   40.577 -152.524    182.4    978.7
     1     1    19     4     7     4     0     2  -212.0   40.584 -152.988    182.4    978.2
     1     1    19     4     7     3     0     3  -213.0   40.607 -153.463    182.4    977.6
     1     1    19     4     7     2     0     2  -214.0   40.634 -153.951    182.4    977.4
     1     1    19     4     7     1     0     1  -215.0   40.657 -154.450    182.3    977.2
     1     1    19     4     7     0     0     0  -216.0   40.678 -154.956    182.3    977.0
     1     1    19     4     6    23     0     1  -217.0   40.701 -155.468    182.3    977.0
     1     1    19     4     6    22     0     2  -218.0   40.736 -155.979    182.3    977.1
     1     1    19     4     6    21     0     3  -219.0   40.787 -156.484    182.3    977.1
     1     1    19     4     6    20     0     2  -220.0   40.849 -156.991    182.3    976.7
     1     1    19     4     6    19     0     1  -221.0   40.932 -157.503    182.3    976.5
     1     1    19     4     6    18     0     0  -222.0   41.046 -158.011    182.3    976.1
     1     1    19     4     6    17     0     1  -223.0   41.160 -158.535    182.3    975.7
     1     1    19     4     6    16     0     2  -224.0   41.256 -159.087    182.3    975.4
     1     1    19     4     6    15     0     3  -225.0   41.351 -159.649    182.3    975.2
     1     1    19     4     6    14     0     2  -226.0   41.439 -160.207    182.3    975.4
     1     1    19     4     6    13     0     1  -227.0   41.519 -160.752    182.3    975.5
     1     1    19     4     6    12     0     0  -228.0   41.601 -161.284    182.3    975.7
     1     1    19     4     6    11     0     1  -229.0   41.679 -161.788    182.2    976.1
     1     1    19     4     6    10     0     2  -230.0   41.754 -162.252    182.0    976.4
     1     1    19     4     6     9     0     3  -231.0   41.842 -162.678    182.0    976.6
     1     1    19     4     6     8     0     2  -232.0   41.936 -163.072    182.0    976.4
     1     1    19     4     6     7     0     1  -233.0   42.024 -163.447    182.0    976.3
     1     1    19     4     6     6     0     0  -234.0   42.109 -163.805    182.0    976.1
     1     1    19     4     6     5     0     1  -235.0   42.195 -164.177    181.1    976.4
     1     1    19     4     6     4     0     2  -236.0   42.283 -164.585    178.7    977.0
     1     1    19     4     6     3     0     3  -237.0   42.367 -165.018    175.4    977.7
     1     1    19     4     6     2     0     2  -238.0   42.445 -165.458    173.3    978.5
     1     1    19     4     6     1     0     1  -239.0   42.509 -165.893    173.1    978.6
     1     1    19     4     6     0     0     0  -240.0   42.549 -166.328    173.9    978.8
