     7     1
    GDAS    19     6     1     0     0
    GDAS    19     7     1     0     0
    GDAS    19     8     1     0     0
    GDAS    19     9     1     0     0
    GDAS    19    10     1     0     0
    GDAS    19    11     1     0     0
    GDAS    19    12     1     0     0
     1 BACKWARD OMEGA   
    19    12    16    12   21.319 -157.670    10.0
     1 PRESSURE
     1     1    19    12    16    12     0     0     0.0   21.319 -157.670     10.0   1011.1
     1     1    19    12    16    11     0     1    -1.0   21.448 -157.413     61.0   1008.0
     1     1    19    12    16    10     0     2    -2.0   21.574 -157.147    197.8    991.7
     1     1    19    12    16     9     0     3    -3.0   21.693 -156.867    366.8    973.0
     1     1    19    12    16     8     0     2    -4.0   21.799 -156.584    498.5    953.3
     1     1    19    12    16     7     0     1    -5.0   21.893 -156.308    546.6    949.9
     1     1    19    12    16     6     0     0    -6.0   21.976 -156.029    551.2    952.0
     1     1    19    12    16     5     0     1    -7.0   22.042 -155.755    558.1    953.1
     1     1    19    12    16     4     0     2    -8.0   22.091 -155.492    576.2    949.5
     1     1    19    12    16     3     0     3    -9.0   22.127 -155.230    580.9    947.3
     1     1    19    12    16     2     0     2   -10.0   22.150 -154.968    575.9    949.3
     1     1    19    12    16     1     0     1   -11.0   22.153 -154.706    584.0    949.2
     1     1    19    12    16     0     0     0   -12.0   22.139 -154.445    602.2    945.9
     1     1    19    12    15    23     0     1   -13.0   22.119 -154.180    611.5    944.8
     1     1    19    12    15    22     0     2   -14.0   22.099 -153.902    606.2    946.3
     1     1    19    12    15    21     0     3   -15.0   22.079 -153.605    603.7    948.7
     1     1    19    12    15    20     0     2   -16.0   22.066 -153.295    615.5    947.4
     1     1    19    12    15    19     0     1   -17.0   22.061 -152.981    621.4    945.2
     1     1    19    12    15    18     0     0   -18.0   22.063 -152.667    621.4    947.1
     1     1    19    12    15    17     0     1   -19.0   22.058 -152.353    640.3    945.7
     1     1    19    12    15    16     0     2   -20.0   22.031 -152.036    681.8    939.9
     1     1    19    12    15    15     0     3   -21.0   21.984 -151.713    722.9    932.9
     1     1    19    12    15    14     0     2   -22.0   21.930 -151.382    744.6    930.7
     1     1    19    12    15    13     0     1   -23.0   21.879 -151.047    763.1    930.0
     1     1    19    12    15    12     0     0   -24.0   21.827 -150.708    796.5    927.0
     1     1    19    12    15    11     0     1   -25.0   21.775 -150.361    836.9    921.7
     1     1    19    12    15    10     0     2   -26.0   21.731 -149.999    856.2    918.8
     1     1    19    12    15     9     0     3   -27.0   21.696 -149.626    859.8    920.8
     1     1    19    12    15     8     0     2   -28.0   21.671 -149.245    878.8    920.1
     1     1    19    12    15     7     0     1   -29.0   21.659 -148.855    911.6    915.0
     1     1    19    12    15     6     0     0   -30.0   21.658 -148.457    927.9    911.6
     1     1    19    12    15     5     0     1   -31.0   21.664 -148.053    912.1    912.7
     1     1    19    12    15     4     0     2   -32.0   21.680 -147.637    885.4    917.6
     1     1    19    12    15     3     0     3   -33.0   21.706 -147.210    882.4    918.9
     1     1    19    12    15     2     0     2   -34.0   21.741 -146.790    904.4    915.2
     1     1    19    12    15     1     0     1   -35.0   21.787 -146.379    929.2    911.2
     1     1    19    12    15     0     0     0   -36.0   21.847 -145.971    942.2    909.2
     1     1    19    12    14    23     0     1   -37.0   21.908 -145.559    963.0    910.2
     1     1    19    12    14    22     0     2   -38.0   21.961 -145.143   1002.5    904.9
     1     1    19    12    14    21     0     3   -39.0   22.011 -144.731   1043.1    901.0
     1     1    19    12    14    20     0     2   -40.0   22.063 -144.320   1073.8    897.4
     1     1    19    12    14    19     0     1   -41.0   22.121 -143.901   1088.7    896.6
     1     1    19    12    14    18     0     0   -42.0   22.184 -143.478   1106.1    896.8
     1     1    19    12    14    17     0     1   -43.0   22.250 -143.057   1152.9    893.0
     1     1    19    12    14    16     0     2   -44.0   22.322 -142.641   1233.6    883.4
     1     1    19    12    14    15     0     3   -45.0   22.403 -142.231   1342.5    872.0
     1     1    19    12    14    14     0     2   -46.0   22.493 -141.829   1438.5    857.8
     1     1    19    12    14    13     0     1   -47.0   22.582 -141.447   1482.1    853.7
     1     1    19    12    14    12     0     0   -48.0   22.661 -141.083   1501.4    854.3
     1     1    19    12    14    11     0     1   -49.0   22.729 -140.719   1506.1    852.9
     1     1    19    12    14    10     0     2   -50.0   22.796 -140.336   1488.3    855.5
     1     1    19    12    14     9     0     3   -51.0   22.855 -139.927   1456.8    859.8
     1     1    19    12    14     8     0     2   -52.0   22.915 -139.508   1438.9    863.7
     1     1    19    12    14     7     0     1   -53.0   22.983 -139.092   1440.1    862.1
     1     1    19    12    14     6     0     0   -54.0   23.053 -138.674   1449.6    861.6
     1     1    19    12    14     5     0     1   -55.0   23.127 -138.265   1459.5    859.2
     1     1    19    12    14     4     0     2   -56.0   23.208 -137.866   1449.1    859.2
     1     1    19    12    14     3     0     3   -57.0   23.290 -137.468   1443.4    862.7
     1     1    19    12    14     2     0     2   -58.0   23.363 -137.079   1467.7    859.4
     1     1    19    12    14     1     0     1   -59.0   23.428 -136.714   1491.9    854.3
     1     1    19    12    14     0     0     0   -60.0   23.483 -136.366   1505.5    853.8
     1     1    19    12    13    23     0     1   -61.0   23.523 -136.023   1531.1    852.9
     1     1    19    12    13    22     0     2   -62.0   23.553 -135.682   1564.3    848.8
     1     1    19    12    13    21     0     3   -63.0   23.572 -135.341   1592.1    846.6
     1     1    19    12    13    20     0     2   -64.0   23.579 -134.998   1613.3    844.5
     1     1    19    12    13    19     0     1   -65.0   23.580 -134.651   1631.0    843.4
     1     1    19    12    13    18     0     0   -66.0   23.574 -134.300   1647.7    841.9
     1     1    19    12    13    17     0     1   -67.0   23.560 -133.941   1662.6    840.3
     1     1    19    12    13    16     0     2   -68.0   23.543 -133.577   1680.0    838.6
     1     1    19    12    13    15     0     3   -69.0   23.525 -133.206   1705.8    836.0
     1     1    19    12    13    14     0     2   -70.0   23.500 -132.821   1727.0    832.1
     1     1    19    12    13    13     0     1   -71.0   23.461 -132.419   1738.5    831.7
     1     1    19    12    13    12     0     0   -72.0   23.409 -132.005   1767.2    830.0
     1     1    19    12    13    11     0     1   -73.0   23.354 -131.571   1793.8    824.5
     1     1    19    12    13    10     0     2   -74.0   23.314 -131.108   1789.6    825.9
     1     1    19    12    13     9     0     3   -75.0   23.291 -130.620   1775.3    829.2
     1     1    19    12    13     8     0     2   -76.0   23.286 -130.120   1765.7    830.1
     1     1    19    12    13     7     0     1   -77.0   23.298 -129.614   1757.0    830.7
     1     1    19    12    13     6     0     0   -78.0   23.321 -129.095   1747.8    831.9
     1     1    19    12    13     5     0     1   -79.0   23.364 -128.576   1748.2    832.6
     1     1    19    12    13     4     0     2   -80.0   23.438 -128.078   1761.2    830.6
     1     1    19    12    13     3     0     3   -81.0   23.537 -127.600   1786.2    828.6
     1     1    19    12    13     2     0     2   -82.0   23.648 -127.136   1825.2    824.1
     1     1    19    12    13     1     0     1   -83.0   23.764 -126.684   1857.2    818.9
     1     1    19    12    13     0     0     0   -84.0   23.893 -126.247   1866.1    817.6
     1     1    19    12    12    23     0     1   -85.0   24.034 -125.817   1872.5    819.7
     1     1    19    12    12    22     0     2   -86.0   24.175 -125.384   1900.3    817.6
     1     1    19    12    12    21     0     3   -87.0   24.315 -124.949   1947.5    813.0
     1     1    19    12    12    20     0     2   -88.0   24.460 -124.524   1988.2    807.3
     1     1    19    12    12    19     0     1   -89.0   24.613 -124.118   2020.1    806.5
     1     1    19    12    12    18     0     0   -90.0   24.773 -123.731   2055.1    802.9
     1     1    19    12    12    17     0     1   -91.0   24.946 -123.360   2075.3    799.6
     1     1    19    12    12    16     0     2   -92.0   25.141 -123.004   2072.7    799.8
     1     1    19    12    12    15     0     3   -93.0   25.355 -122.664   2063.5    801.5
     1     1    19    12    12    14     0     2   -94.0   25.575 -122.342   2071.0    801.5
     1     1    19    12    12    13     0     1   -95.0   25.790 -122.037   2088.2    797.8
     1     1    19    12    12    12     0     0   -96.0   26.001 -121.747   2085.4    796.6
     1     1    19    12    12    11     0     1   -97.0   26.218 -121.473   2079.9    800.2
     1     1    19    12    12    10     0     2   -98.0   26.442 -121.217   2100.1    798.1
     1     1    19    12    12     9     0     3   -99.0   26.666 -120.974   2143.3    794.1
     1     1    19    12    12     8     0     2  -100.0   26.894 -120.744   2200.6    788.0
     1     1    19    12    12     7     0     1  -101.0   27.135 -120.532   2255.2    782.4
     1     1    19    12    12     6     0     0  -102.0   27.387 -120.338   2298.5    778.3
     1     1    19    12    12     5     0     1  -103.0   27.653 -120.166   2329.7    775.0
     1     1    19    12    12     4     0     2  -104.0   27.937 -120.019   2349.4    772.9
     1     1    19    12    12     3     0     3  -105.0   28.240 -119.895   2350.8    771.8
     1     1    19    12    12     2     0     2  -106.0   28.552 -119.809   2349.8    773.7
     1     1    19    12    12     1     0     1  -107.0   28.856 -119.770   2357.2    771.3
     1     1    19    12    12     0     0     0  -108.0   29.151 -119.773   2362.7    770.7
     1     1    19    12    11    23     0     1  -109.0   29.437 -119.806   2385.5    770.2
     1     1    19    12    11    22     0     2  -110.0   29.709 -119.866   2445.5    765.2
     1     1    19    12    11    21     0     3  -111.0   29.967 -119.959   2555.9    756.0
     1     1    19    12    11    20     0     2  -112.0   30.210 -120.088   2683.9    741.2
     1     1    19    12    11    19     0     1  -113.0   30.434 -120.234   2785.9    732.9
     1     1    19    12    11    18     0     0  -114.0   30.637 -120.390   2880.4    726.0
     1     1    19    12    11    17     0     1  -115.0   30.826 -120.554   2981.0    716.7
     1     1    19    12    11    16     0     2  -116.0   31.018 -120.724   3090.2    706.9
     1     1    19    12    11    15     0     3  -117.0   31.220 -120.903   3204.8    696.2
     1     1    19    12    11    14     0     2  -118.0   31.419 -121.105   3302.6    686.2
     1     1    19    12    11    13     0     1  -119.0   31.606 -121.334   3364.1    680.8
     1     1    19    12    11    12     0     0  -120.0   31.783 -121.590   3386.7    678.7
     1     1    19    12    11    11     0     1  -121.0   31.945 -121.858   3388.5    680.0
     1     1    19    12    11    10     0     2  -122.0   32.095 -122.122   3398.8    679.8
     1     1    19    12    11     9     0     3  -123.0   32.233 -122.384   3438.3    677.3
     1     1    19    12    11     8     0     2  -124.0   32.363 -122.666   3499.0    670.8
     1     1    19    12    11     7     0     1  -125.0   32.492 -122.971   3576.0    666.0
     1     1    19    12    11     6     0     0  -126.0   32.610 -123.308   3677.4    657.2
     1     1    19    12    11     5     0     1  -127.0   32.712 -123.678   3770.4    647.8
     1     1    19    12    11     4     0     2  -128.0   32.799 -124.074   3887.8    641.9
     1     1    19    12    11     3     0     3  -129.0   32.859 -124.517   3997.6    627.0
     1     1    19    12    11     2     0     2  -130.0   32.901 -124.985   3997.6    624.3
     1     1    19    12    11     1     0     1  -131.0   32.937 -125.463   3961.9    634.8
     1     1    19    12    11     0     0     0  -132.0   32.948 -125.999   3949.8    633.3
     1     1    19    12    10    23     0     1  -133.0   32.935 -126.557   3939.5    634.7
     1     1    19    12    10    22     0     2  -134.0   32.914 -127.078   3934.4    635.0
     1     1    19    12    10    21     0     3  -135.0   32.871 -127.590   3979.8    635.2
     1     1    19    12    10    20     0     2  -136.0   32.807 -128.097   4093.0    624.4
     1     1    19    12    10    19     0     1  -137.0   32.727 -128.600   4175.6    612.6
     1     1    19    12    10    18     0     0  -138.0   32.618 -129.111   4147.1    614.3
     1     1    19    12    10    17     0     1  -139.0   32.494 -129.624   4079.9    624.6
     1     1    19    12    10    16     0     2  -140.0   32.367 -130.117   4053.6    628.8
     1     1    19    12    10    15     0     3  -141.0   32.226 -130.598   4132.5    625.6
     1     1    19    12    10    14     0     2  -142.0   32.084 -131.103   4233.2    608.7
     1     1    19    12    10    13     0     1  -143.0   31.938 -131.608   4236.5    606.3
     1     1    19    12    10    12     0     0  -144.0   31.767 -132.071   4142.7    615.5
     1     1    19    12    10    11     0     1  -145.0   31.585 -132.482   4073.3    628.3
     1     1    19    12    10    10     0     2  -146.0   31.408 -132.874   4063.0    625.6
     1     1    19    12    10     9     0     3  -147.0   31.238 -133.241   4088.6    625.0
     1     1    19    12    10     8     0     2  -148.0   31.072 -133.588   4144.3    619.5
     1     1    19    12    10     7     0     1  -149.0   30.916 -133.919   4181.6    614.2
     1     1    19    12    10     6     0     0  -150.0   30.781 -134.223   4147.2    615.4
     1     1    19    12    10     5     0     1  -151.0   30.674 -134.500   4084.3    624.9
     1     1    19    12    10     4     0     2  -152.0   30.596 -134.769   4049.8    627.0
     1     1    19    12    10     3     0     3  -153.0   30.545 -135.036   4035.5    627.5
     1     1    19    12    10     2     0     2  -154.0   30.505 -135.305   4037.6    627.0
     1     1    19    12    10     1     0     1  -155.0   30.461 -135.579   4045.1    625.2
     1     1    19    12    10     0     0     0  -156.0   30.414 -135.858   4034.3    624.7
     1     1    19    12     9    23     0     1  -157.0   30.373 -136.140   4019.0    628.1
     1     1    19    12     9    22     0     2  -158.0   30.345 -136.430   4035.1    628.1
     1     1    19    12     9    21     0     3  -159.0   30.323 -136.731   4096.4    623.6
     1     1    19    12     9    20     0     2  -160.0   30.311 -137.055   4172.2    615.2
     1     1    19    12     9    19     0     1  -161.0   30.319 -137.406   4207.7    611.1
     1     1    19    12     9    18     0     0  -162.0   30.352 -137.790   4208.6    612.9
     1     1    19    12     9    17     0     1  -163.0   30.387 -138.231   4217.9    613.1
     1     1    19    12     9    16     0     2  -164.0   30.404 -138.738   4259.5    609.8
     1     1    19    12     9    15     0     3  -165.0   30.416 -139.298   4350.6    603.1
     1     1    19    12     9    14     0     2  -166.0   30.431 -139.926   4459.9    591.1
     1     1    19    12     9    13     0     1  -167.0   30.451 -140.638   4538.6    585.0
     1     1    19    12     9    12     0     0  -168.0   30.485 -141.434   4585.9    580.8
     1     1    19    12     9    11     0     1  -169.0   30.493 -142.309   4520.2    587.3
     1     1    19    12     9    10     0     2  -170.0   30.453 -143.216   4489.9    588.7
     1     1    19    12     9     9     0     3  -171.0   30.405 -144.177   4427.1    591.2
     1     1    19    12     9     8     0     2  -172.0   30.331 -145.141   4139.2    616.1
     1     1    19    12     9     7     0     1  -173.0   30.240 -146.083   3997.1    627.0
     1     1    19    12     9     6     0     0  -174.0   30.154 -147.080   3942.0    628.9
     1     1    19    12     9     5     0     1  -175.0   30.036 -148.085   3830.5    637.6
     1     1    19    12     9     4     0     2  -176.0   29.927 -149.072   3697.4    648.7
     1     1    19    12     9     3     0     3  -177.0   29.890 -150.085   3737.9    648.8
     1     1    19    12     9     2     0     2  -178.0   29.840 -151.133   4003.2    622.7
     1     1    19    12     9     1     0     1  -179.0   29.811 -152.233   4184.4    607.8
     1     1    19    12     9     0     0     0  -180.0   29.879 -153.325   4265.4    602.2
     1     1    19    12     8    23     0     1  -181.0   29.984 -154.396   4305.8    598.9
     1     1    19    12     8    22     0     2  -182.0   30.117 -155.519   4264.6    603.0
     1     1    19    12     8    21     0     3  -183.0   30.370 -156.686   4251.6    602.7
     1     1    19    12     8    20     0     2  -184.0   30.749 -157.897   4293.1    599.1
     1     1    19    12     8    19     0     1  -185.0   31.204 -159.217   4390.4    591.6
     1     1    19    12     8    18     0     0  -186.0   31.801 -160.678   4745.6    558.9
     1     1    19    12     8    17     0     1  -187.0   32.526 -162.263   5079.5    536.6
     1     1    19    12     8    16     0     2  -188.0   33.269 -163.933   5506.3    504.2
     1     1    19    12     8    15     0     3  -189.0   34.117 -165.665   5829.6    484.1
     1     1    19    12     8    14     0     2  -190.0   35.075 -167.499   6141.3    461.5
     1     1    19    12     8    13     0     1  -191.0   36.102 -169.447   6388.6    444.7
     1     1    19    12     8    12     0     0  -192.0   37.234 -171.520   6538.8    434.4
     1     1    19    12     8    11     0     1  -193.0   38.351 -173.712   6650.3    427.2
     1     1    19    12     8    10     0     2  -194.0   39.399 -176.020   6753.8    419.5
     1     1    19    12     8     9     0     3  -195.0   40.331 -178.493   6765.9    418.6
     1     1    19    12     8     8     0     2  -196.0   41.105  178.949   6772.3    417.6
     1     1    19    12     8     7     0     1  -197.0   41.747  176.315   6743.9    419.2
     1     1    19    12     8     6     0     0  -198.0   42.189  173.633   6677.2    422.6
     1     1    19    12     8     5     0     1  -199.0   42.447  170.988   6575.8    429.8
     1     1    19    12     8     4     0     2  -200.0   42.521  168.355   6563.3    430.0
     1     1    19    12     8     3     0     3  -201.0   42.364  165.754   6396.9    441.1
     1     1    19    12     8     2     0     2  -202.0   42.036  163.272   6211.6    452.3
     1     1    19    12     8     1     0     1  -203.0   41.593  161.012   5870.2    475.1
     1     1    19    12     8     0     0     0  -204.0   41.003  159.019   5527.4    500.2
     1     1    19    12     7    23     0     1  -205.0   40.408  157.300   5227.4    521.4
     1     1    19    12     7    22     0     2  -206.0   39.761  155.715   4881.1    547.9
     1     1    19    12     7    21     0     3  -207.0   39.077  154.314   4589.4    568.5
     1     1    19    12     7    20     0     2  -208.0   38.426  153.110   4229.2    597.7
     1     1    19    12     7    19     0     1  -209.0   37.754  152.093   3891.0    624.8
     1     1    19    12     7    18     0     0  -210.0   37.122  151.341   3538.2    653.3
     1     1    19    12     7    17     0     1  -211.0   36.607  150.692   3119.2    692.3
     1     1    19    12     7    16     0     2  -212.0   36.135  150.161   2664.0    728.3
     1     1    19    12     7    15     0     3  -213.0   35.719  149.714   2151.7    784.4
     1     1    19    12     7    14     0     2  -214.0   35.316  149.354   1646.5    830.7
     1     1    19    12     7    13     0     1  -215.0   34.862  149.221    974.0    883.7
     1     1    19    12     7    12     0     0  -216.0   34.424  149.288    592.5    974.7
     1     1    19    12     7    11     0     1  -217.0   34.012  149.392    480.9    973.4
     1     1    19    12     7    10     0     2  -218.0   33.636  149.544    462.4    961.4
     1     1    19    12     7     9     0     3  -219.0   33.299  149.739    443.8    969.2
     1     1    19    12     7     8     0     2  -220.0   33.011  149.949    421.3    968.0
     1     1    19    12     7     7     0     1  -221.0   32.813  150.242    370.5    974.4
     1     1    19    12     7     6     0     0  -222.0   32.737  150.637    320.7    983.3
     1     1    19    12     7     5     0     1  -223.0   32.748  151.066    290.2    987.2
     1     1    19    12     7     4     0     2  -224.0   32.792  151.470    269.9    989.1
     1     1    19    12     7     3     0     3  -225.0   32.854  151.855    251.5    991.3
     1     1    19    12     7     2     0     2  -226.0   32.941  152.243    243.5    993.6
     1     1    19    12     7     1     0     1  -227.0   33.064  152.650    252.1    992.8
     1     1    19    12     7     0     0     0  -228.0   33.215  153.051    264.9    991.1
     1     1    19    12     6    23     0     1  -229.0   33.393  153.419    265.1    990.2
     1     1    19    12     6    22     0     2  -230.0   33.602  153.736    255.3    992.7
     1     1    19    12     6    21     0     3  -231.0   33.835  153.988    254.4    994.1
     1     1    19    12     6    20     0     2  -232.0   34.086  154.196    266.0    991.7
     1     1    19    12     6    19     0     1  -233.0   34.348  154.380    284.8    988.8
     1     1    19    12     6    18     0     0  -234.0   34.614  154.526    317.9    984.7
     1     1    19    12     6    17     0     1  -235.0   34.883  154.625    365.9    978.0
     1     1    19    12     6    16     0     2  -236.0   35.149  154.677    412.3    971.8
     1     1    19    12     6    15     0     3  -237.0   35.413  154.682    443.7    967.3
     1     1    19    12     6    14     0     2  -238.0   35.693  154.651    459.1    965.7
     1     1    19    12     6    13     0     1  -239.0   36.003  154.587    473.3    965.3
     1     1    19    12     6    12     0     0  -240.0   36.323  154.485    507.8    962.3
