     7     1
    GDAS    19     6     1     0     0
    GDAS    19     7     1     0     0
    GDAS    19     8     1     0     0
    GDAS    19     9     1     0     0
    GDAS    19    10     1     0     0
    GDAS    19    11     1     0     0
    GDAS    19    12     1     0     0
     1 BACKWARD OMEGA   
    19    11     5    12   21.319 -157.670    10.0
     1 PRESSURE
     1     1    19    11     5    12     0     0     0.0   21.319 -157.670     10.0   1009.2
     1     1    19    11     5    11     0     1    -1.0   21.323 -157.653     17.3   1008.8
     1     1    19    11     5    10     0     2    -2.0   21.320 -157.639     28.5   1007.9
     1     1    19    11     5     9     0     3    -3.0   21.310 -157.626     45.7   1006.5
     1     1    19    11     5     8     0     2    -4.0   21.293 -157.614     67.0   1002.8
     1     1    19    11     5     7     0     1    -5.0   21.272 -157.599     86.5    999.6
     1     1    19    11     5     6     0     0    -6.0   21.245 -157.583    102.5    997.3
     1     1    19    11     5     5     0     1    -7.0   21.217 -157.575    114.5    995.4
     1     1    19    11     5     4     0     2    -8.0   21.193 -157.586    122.3    994.0
     1     1    19    11     5     3     0     3    -9.0   21.173 -157.616    126.2    993.2
     1     1    19    11     5     2     0     2   -10.0   21.143 -157.654    129.8    993.5
     1     1    19    11     5     1     0     1   -11.0   21.092 -157.690    135.8    993.2
     1     1    19    11     5     0     0     0   -12.0   21.019 -157.724    144.2    992.5
     1     1    19    11     4    23     0     1   -13.0   20.934 -157.740    153.2    991.8
     1     1    19    11     4    22     0     2   -14.0   20.847 -157.727    160.3    991.5
     1     1    19    11     4    21     0     3   -15.0   20.764 -157.692    165.5    991.4
     1     1    19    11     4    20     0     2   -16.0   20.687 -157.648    173.3    990.9
     1     1    19    11     4    19     0     1   -17.0   20.621 -157.609    188.5    989.1
     1     1    19    11     4    18     0     0   -18.0   20.563 -157.573    213.1    986.5
     1     1    19    11     4    17     0     1   -19.0   20.514 -157.543    241.4    982.1
     1     1    19    11     4    16     0     2   -20.0   20.475 -157.523    264.2    979.1
     1     1    19    11     4    15     0     3   -21.0   20.447 -157.511    279.7    976.6
     1     1    19    11     4    14     0     2   -22.0   20.416 -157.506    290.4    975.7
     1     1    19    11     4    13     0     1   -23.0   20.371 -157.503    299.3    974.7
     1     1    19    11     4    12     0     0   -24.0   20.311 -157.502    305.1    974.1
     1     1    19    11     4    11     0     1   -25.0   20.241 -157.499    309.3    974.8
     1     1    19    11     4    10     0     2   -26.0   20.167 -157.491    313.7    975.2
     1     1    19    11     4     9     0     3   -27.0   20.087 -157.478    317.7    975.7
     1     1    19    11     4     8     0     2   -28.0   20.002 -157.464    321.1    975.5
     1     1    19    11     4     7     0     1   -29.0   19.915 -157.450    325.9    975.0
     1     1    19    11     4     6     0     0   -30.0   19.827 -157.436    334.4    973.9
     1     1    19    11     4     5     0     1   -31.0   19.741 -157.421    346.6    972.1
     1     1    19    11     4     4     0     2   -32.0   19.658 -157.405    359.9    970.1
     1     1    19    11     4     3     0     3   -33.0   19.578 -157.389    370.5    968.4
     1     1    19    11     4     2     0     2   -34.0   19.496 -157.369    380.7    967.5
     1     1    19    11     4     1     0     1   -35.0   19.408 -157.340    395.9    965.8
     1     1    19    11     4     0     0     0   -36.0   19.317 -157.305    419.1    963.4
     1     1    19    11     3    23     0     1   -37.0   19.232 -157.262    450.1    960.6
     1     1    19    11     3    22     0     2   -38.0   19.159 -157.216    487.0    957.1
     1     1    19    11     3    21     0     3   -39.0   19.096 -157.167    529.6    953.1
     1     1    19    11     3    20     0     2   -40.0   19.040 -157.117    572.6    947.8
     1     1    19    11     3    19     0     1   -41.0   18.992 -157.067    608.0    943.8
     1     1    19    11     3    18     0     0   -42.0   18.952 -157.018    631.6    941.2
     1     1    19    11     3    17     0     1   -43.0   18.916 -156.972    636.8    939.6
     1     1    19    11     3    16     0     2   -44.0   18.883 -156.932    622.8    941.3
     1     1    19    11     3    15     0     3   -45.0   18.854 -156.897    595.6    944.0
     1     1    19    11     3    14     0     2   -46.0   18.818 -156.866    576.0    948.1
     1     1    19    11     3    13     0     1   -47.0   18.761 -156.834    579.2    947.6
     1     1    19    11     3    12     0     0   -48.0   18.685 -156.800    601.4    945.2
     1     1    19    11     3    11     0     1   -49.0   18.604 -156.756    627.1    941.5
     1     1    19    11     3    10     0     2   -50.0   18.530 -156.698    641.2    940.3
     1     1    19    11     3     9     0     3   -51.0   18.462 -156.627    644.5    940.4
     1     1    19    11     3     8     0     2   -52.0   18.412 -156.555    641.4    941.1
     1     1    19    11     3     7     0     1   -53.0   18.386 -156.494    634.4    941.6
     1     1    19    11     3     6     0     0   -54.0   18.384 -156.446    621.2    942.7
     1     1    19    11     3     5     0     1   -55.0   18.399 -156.412    612.8    944.4
     1     1    19    11     3     4     0     2   -56.0   18.424 -156.394    621.9    943.1
     1     1    19    11     3     3     0     3   -57.0   18.457 -156.392    650.4    939.8
     1     1    19    11     3     2     0     2   -58.0   18.485 -156.400    690.3    934.1
     1     1    19    11     3     1     0     1   -59.0   18.502 -156.409    733.5    929.3
     1     1    19    11     3     0     0     0   -60.0   18.505 -156.420    781.8    924.2
     1     1    19    11     2    23     0     1   -61.0   18.488 -156.428    830.7    919.2
     1     1    19    11     2    22     0     2   -62.0   18.442 -156.425    872.7    915.5
     1     1    19    11     2    21     0     3   -63.0   18.370 -156.410    904.3    912.4
     1     1    19    11     2    20     0     2   -64.0   18.291 -156.390    927.7    910.2
     1     1    19    11     2    19     0     1   -65.0   18.224 -156.373    948.1    907.8
     1     1    19    11     2    18     0     0   -66.0   18.169 -156.361    965.4    905.8
     1     1    19    11     2    17     0     1   -67.0   18.113 -156.348    983.9    904.0
     1     1    19    11     2    16     0     2   -68.0   18.046 -156.328   1010.0    901.2
     1     1    19    11     2    15     0     3   -69.0   17.964 -156.304   1048.3    897.1
     1     1    19    11     2    14     0     2   -70.0   17.870 -156.280   1079.1    891.7
     1     1    19    11     2    13     0     1   -71.0   17.774 -156.256   1086.8    891.2
     1     1    19    11     2    12     0     0   -72.0   17.678 -156.229   1082.0    892.0
     1     1    19    11     2    11     0     1   -73.0   17.589 -156.199   1076.9    893.9
     1     1    19    11     2    10     0     2   -74.0   17.513 -156.171   1073.9    894.6
     1     1    19    11     2     9     0     3   -75.0   17.449 -156.143   1067.0    895.7
     1     1    19    11     2     8     0     2   -76.0   17.391 -156.121   1057.7    896.9
     1     1    19    11     2     7     0     1   -77.0   17.333 -156.109   1050.3    897.5
     1     1    19    11     2     6     0     0   -78.0   17.272 -156.107   1045.3    897.9
     1     1    19    11     2     5     0     1   -79.0   17.213 -156.111   1048.7    897.6
     1     1    19    11     2     4     0     2   -80.0   17.159 -156.118   1066.2    895.3
     1     1    19    11     2     3     0     3   -81.0   17.111 -156.131   1097.5    891.6
     1     1    19    11     2     2     0     2   -82.0   17.065 -156.148   1139.4    886.8
     1     1    19    11     2     1     0     1   -83.0   17.015 -156.168   1187.9    881.5
     1     1    19    11     2     0     0     0   -84.0   16.960 -156.192   1239.3    875.4
     1     1    19    11     1    23     0     1   -85.0   16.902 -156.211   1286.4    871.0
     1     1    19    11     1    22     0     2   -86.0   16.845 -156.219   1327.9    867.9
     1     1    19    11     1    21     0     3   -87.0   16.790 -156.214   1368.8    865.0
     1     1    19    11     1    20     0     2   -88.0   16.743 -156.206   1403.8    860.5
     1     1    19    11     1    19     0     1   -89.0   16.714 -156.204   1424.8    858.2
     1     1    19    11     1    18     0     0   -90.0   16.701 -156.209   1431.1    857.3
     1     1    19    11     1    17     0     1   -91.0   16.697 -156.228   1432.9    857.8
     1     1    19    11     1    16     0     2   -92.0   16.693 -156.267   1441.4    856.7
     1     1    19    11     1    15     0     3   -93.0   16.689 -156.328   1457.9    854.8
     1     1    19    11     1    14     0     2   -94.0   16.684 -156.411   1473.0    852.2
     1     1    19    11     1    13     0     1   -95.0   16.676 -156.510   1475.9    851.7
     1     1    19    11     1    12     0     0   -96.0   16.664 -156.625   1463.8    852.6
     1     1    19    11     1    11     0     1   -97.0   16.644 -156.745   1445.8    856.2
     1     1    19    11     1    10     0     2   -98.0   16.611 -156.861   1430.9    858.3
     1     1    19    11     1     9     0     3   -99.0   16.568 -156.971   1413.9    860.7
     1     1    19    11     1     8     0     2  -100.0   16.523 -157.073   1405.5    862.3
     1     1    19    11     1     7     0     1  -101.0   16.484 -157.171   1414.7    860.8
     1     1    19    11     1     6     0     0  -102.0   16.449 -157.269   1438.6    857.8
     1     1    19    11     1     5     0     1  -103.0   16.413 -157.369   1469.9    854.0
     1     1    19    11     1     4     0     2  -104.0   16.372 -157.471   1500.7    850.5
     1     1    19    11     1     3     0     3  -105.0   16.324 -157.572   1526.0    847.4
     1     1    19    11     1     2     0     2  -106.0   16.272 -157.673   1542.3    845.1
     1     1    19    11     1     1     0     1  -107.0   16.219 -157.774   1550.2    844.0
     1     1    19    11     1     0     0     0  -108.0   16.167 -157.875   1553.8    843.4
     1     1    19    10    31    23     0     1  -109.0   16.114 -157.978   1575.4    844.2
     1     1    19    10    31    22     0     2  -110.0   16.059 -158.086   1632.7    839.2
     1     1    19    10    31    21     0     3  -111.0   15.999 -158.203   1714.9    831.1
     1     1    19    10    31    20     0     2  -112.0   15.938 -158.324   1773.7    821.5
     1     1    19    10    31    19     0     1  -113.0   15.881 -158.436   1778.3    821.5
     1     1    19    10    31    18     0     0  -114.0   15.828 -158.536   1741.1    825.2
     1     1    19    10    31    17     0     1  -115.0   15.780 -158.624   1689.7    831.9
     1     1    19    10    31    16     0     2  -116.0   15.736 -158.707   1648.4    835.5
     1     1    19    10    31    15     0     3  -117.0   15.695 -158.787   1618.5    838.1
     1     1    19    10    31    14     0     2  -118.0   15.660 -158.866   1594.9    839.6
     1     1    19    10    31    13     0     1  -119.0   15.636 -158.944   1570.8    841.8
     1     1    19    10    31    12     0     0  -120.0   15.624 -159.023   1546.2    844.0
     1     1    19    10    31    11     0     1  -121.0   15.614 -159.099   1528.0    847.1
     1     1    19    10    31    10     0     2  -122.0   15.599 -159.169   1520.6    848.4
     1     1    19    10    31     9     0     3  -123.0   15.577 -159.234   1521.4    848.8
     1     1    19    10    31     8     0     2  -124.0   15.552 -159.297   1515.3    847.8
     1     1    19    10    31     7     0     1  -125.0   15.527 -159.357   1490.6    850.4
     1     1    19    10    31     6     0     0  -126.0   15.504 -159.411   1452.1    854.2
     1     1    19    10    31     5     0     1  -127.0   15.485 -159.466   1423.5    858.7
     1     1    19    10    31     4     0     2  -128.0   15.470 -159.527   1426.0    858.1
     1     1    19    10    31     3     0     3  -129.0   15.457 -159.598   1456.1    854.6
     1     1    19    10    31     2     0     2  -130.0   15.438 -159.677   1489.8    849.0
     1     1    19    10    31     1     0     1  -131.0   15.404 -159.759   1506.1    847.2
     1     1    19    10    31     0     0     0  -132.0   15.356 -159.842   1506.7    847.0
     1     1    19    10    30    23     0     1  -133.0   15.298 -159.919   1499.6    849.3
     1     1    19    10    30    22     0     2  -134.0   15.236 -159.985   1488.8    851.0
     1     1    19    10    30    21     0     3  -135.0   15.170 -160.043   1469.3    853.5
     1     1    19    10    30    20     0     2  -136.0   15.115 -160.094   1447.4    856.2
     1     1    19    10    30    19     0     1  -137.0   15.081 -160.142   1434.2    857.4
     1     1    19    10    30    18     0     0  -138.0   15.064 -160.186   1432.9    857.3
     1     1    19    10    30    17     0     1  -139.0   15.051 -160.227   1451.5    855.9
     1     1    19    10    30    16     0     2  -140.0   15.026 -160.270   1498.9    851.1
     1     1    19    10    30    15     0     3  -141.0   14.993 -160.325   1579.7    842.8
     1     1    19    10    30    14     0     2  -142.0   14.966 -160.396   1671.3    831.2
     1     1    19    10    30    13     0     1  -143.0   14.952 -160.479   1743.0    824.0
     1     1    19    10    30    12     0     0  -144.0   14.949 -160.575   1785.9    819.5
     1     1    19    10    30    11     0     1  -145.0   14.947 -160.656   1822.8    819.3
     1     1    19    10    30    10     0     2  -146.0   14.939 -160.710   1887.5    814.3
     1     1    19    10    30     9     0     3  -147.0   14.920 -160.742   1980.9    805.7
     1     1    19    10    30     8     0     2  -148.0   14.893 -160.777   2064.3    794.0
     1     1    19    10    30     7     0     1  -149.0   14.869 -160.824   2105.9    789.8
     1     1    19    10    30     6     0     0  -150.0   14.849 -160.874   2104.6    789.6
     1     1    19    10    30     5     0     1  -151.0   14.834 -160.919   2083.7    793.2
     1     1    19    10    30     4     0     2  -152.0   14.821 -160.958   2065.2    794.4
     1     1    19    10    30     3     0     3  -153.0   14.808 -160.995   2048.6    795.4
     1     1    19    10    30     2     0     2  -154.0   14.786 -161.024   2048.6    796.8
     1     1    19    10    30     1     0     1  -155.0   14.746 -161.048   2080.3    793.8
     1     1    19    10    30     0     0     0  -156.0   14.690 -161.073   2140.3    788.0
     1     1    19    10    29    23     0     1  -157.0   14.624 -161.097   2207.6    780.9
     1     1    19    10    29    22     0     2  -158.0   14.558 -161.111   2262.3    776.5
     1     1    19    10    29    21     0     3  -159.0   14.490 -161.116   2303.6    773.3
     1     1    19    10    29    20     0     2  -160.0   14.423 -161.120   2325.0    770.3
     1     1    19    10    29    19     0     1  -161.0   14.362 -161.127   2320.3    770.4
     1     1    19    10    29    18     0     0  -162.0   14.306 -161.135   2288.0    772.9
     1     1    19    10    29    17     0     1  -163.0   14.254 -161.140   2248.6    778.1
     1     1    19    10    29    16     0     2  -164.0   14.209 -161.145   2225.1    779.8
     1     1    19    10    29    15     0     3  -165.0   14.174 -161.147   2219.5    779.9
     1     1    19    10    29    14     0     2  -166.0   14.148 -161.142   2218.7    778.7
     1     1    19    10    29    13     0     1  -167.0   14.127 -161.127   2209.4    779.4
     1     1    19    10    29    12     0     0  -168.0   14.110 -161.099   2190.6    780.9
     1     1    19    10    29    11     0     1  -169.0   14.096 -161.057   2178.4    784.4
     1     1    19    10    29    10     0     2  -170.0   14.087 -161.004   2190.0    784.2
     1     1    19    10    29     9     0     3  -171.0   14.084 -160.939   2225.1    781.8
     1     1    19    10    29     8     0     2  -172.0   14.095 -160.874   2258.7    776.1
     1     1    19    10    29     7     0     1  -173.0   14.127 -160.811   2271.4    774.7
     1     1    19    10    29     6     0     0  -174.0   14.181 -160.747   2267.4    774.9
     1     1    19    10    29     5     0     1  -175.0   14.250 -160.686   2267.2    776.3
     1     1    19    10    29     4     0     2  -176.0   14.327 -160.636   2287.1    774.0
     1     1    19    10    29     3     0     3  -177.0   14.411 -160.595   2325.9    769.9
     1     1    19    10    29     2     0     2  -178.0   14.506 -160.555   2363.9    764.7
     1     1    19    10    29     1     0     1  -179.0   14.608 -160.506   2381.9    763.1
     1     1    19    10    29     0     0     0  -180.0   14.713 -160.446   2380.8    763.2
     1     1    19    10    28    23     0     1  -181.0   14.821 -160.371   2375.2    765.6
     1     1    19    10    28    22     0     2  -182.0   14.935 -160.282   2380.7    765.8
     1     1    19    10    28    21     0     3  -183.0   15.054 -160.183   2396.0    764.8
     1     1    19    10    28    20     0     2  -184.0   15.181 -160.083   2402.0    762.7
     1     1    19    10    28    19     0     1  -185.0   15.317 -159.984   2385.0    764.4
     1     1    19    10    28    18     0     0  -186.0   15.461 -159.881   2354.6    767.8
     1     1    19    10    28    17     0     1  -187.0   15.607 -159.772   2337.2    770.8
     1     1    19    10    28    16     0     2  -188.0   15.752 -159.661   2344.5    769.1
     1     1    19    10    28    15     0     3  -189.0   15.896 -159.544   2362.7    766.5
     1     1    19    10    28    14     0     2  -190.0   16.039 -159.419   2387.1    764.4
     1     1    19    10    28    13     0     1  -191.0   16.186 -159.292   2422.0    761.5
     1     1    19    10    28    12     0     0  -192.0   16.339 -159.164   2469.9    757.1
     1     1    19    10    28    11     0     1  -193.0   16.496 -159.026   2521.9    752.3
     1     1    19    10    28    10     0     2  -194.0   16.655 -158.872   2563.7    748.7
     1     1    19    10    28     9     0     3  -195.0   16.808 -158.704   2587.0    747.0
     1     1    19    10    28     8     0     2  -196.0   16.961 -158.522   2595.7    746.7
     1     1    19    10    28     7     0     1  -197.0   17.119 -158.326   2599.8    746.6
     1     1    19    10    28     6     0     0  -198.0   17.286 -158.118   2597.3    746.1
     1     1    19    10    28     5     0     1  -199.0   17.452 -157.908   2588.4    747.1
     1     1    19    10    28     4     0     2  -200.0   17.606 -157.704   2578.5    747.6
     1     1    19    10    28     3     0     3  -201.0   17.746 -157.505   2567.3    748.3
     1     1    19    10    28     2     0     2  -202.0   17.877 -157.305   2562.1    749.3
     1     1    19    10    28     1     0     1  -203.0   18.006 -157.102   2572.5    748.5
     1     1    19    10    28     0     0     0  -204.0   18.135 -156.905   2595.9    745.9
     1     1    19    10    27    23     0     1  -205.0   18.271 -156.723   2613.0    743.8
     1     1    19    10    27    22     0     2  -206.0   18.413 -156.554   2612.8    744.8
     1     1    19    10    27    21     0     3  -207.0   18.547 -156.396   2599.9    746.7
     1     1    19    10    27    20     0     2  -208.0   18.672 -156.245   2604.7    748.9
     1     1    19    10    27    19     0     1  -209.0   18.797 -156.097   2666.2    744.4
     1     1    19    10    27    18     0     0  -210.0   18.938 -155.943   2800.9    732.7
     1     1    19    10    27    17     0     1  -211.0   19.121 -155.803   2943.6    714.8
     1     1    19    10    27    16     0     2  -212.0   19.343 -155.690   3055.4    705.9
     1     1    19    10    27    15     0     3  -213.0   19.591 -155.601   3143.6    698.4
     1     1    19    10    27    14     0     2  -214.0   19.843 -155.527   3207.1    693.0
     1     1    19    10    27    13     0     1  -215.0   20.088 -155.459   3255.2    689.8
     1     1    19    10    27    12     0     0  -216.0   20.327 -155.392   3293.6    686.2
     1     1    19    10    27    11     0     1  -217.0   20.560 -155.328   3322.9    684.7
     1     1    19    10    27    10     0     2  -218.0   20.785 -155.271   3352.5    683.1
     1     1    19    10    27     9     0     3  -219.0   21.003 -155.216   3391.5    680.7
     1     1    19    10    27     8     0     2  -220.0   21.212 -155.165   3428.2    676.5
     1     1    19    10    27     7     0     1  -221.0   21.413 -155.120   3452.1    675.0
     1     1    19    10    27     6     0     0  -222.0   21.605 -155.077   3472.5    673.8
     1     1    19    10    27     5     0     1  -223.0   21.789 -155.034   3486.9    671.7
     1     1    19    10    27     4     0     2  -224.0   21.960 -154.989   3480.2    671.2
     1     1    19    10    27     3     0     3  -225.0   22.119 -154.948   3453.6    673.9
     1     1    19    10    27     2     0     2  -226.0   22.264 -154.907   3442.2    677.1
     1     1    19    10    27     1     0     1  -227.0   22.394 -154.855   3460.6    674.7
     1     1    19    10    27     0     0     0  -228.0   22.507 -154.792   3486.6    671.8
     1     1    19    10    26    23     0     1  -229.0   22.608 -154.724   3505.7    670.4
     1     1    19    10    26    22     0     2  -230.0   22.706 -154.657   3518.2    670.4
     1     1    19    10    26    21     0     3  -231.0   22.799 -154.586   3534.5    670.0
     1     1    19    10    26    20     0     2  -232.0   22.889 -154.509   3553.9    668.0
     1     1    19    10    26    19     0     1  -233.0   22.973 -154.425   3571.8    666.6
     1     1    19    10    26    18     0     0  -234.0   23.048 -154.332   3591.0    665.1
     1     1    19    10    26    17     0     1  -235.0   23.125 -154.230   3617.0    663.1
     1     1    19    10    26    16     0     2  -236.0   23.217 -154.119   3654.3    659.8
     1     1    19    10    26    15     0     3  -237.0   23.323 -153.998   3700.3    655.7
     1     1    19    10    26    14     0     2  -238.0   23.434 -153.879   3736.4    651.6
     1     1    19    10    26    13     0     1  -239.0   23.545 -153.775   3758.6    650.5
     1     1    19    10    26    12     0     0  -240.0   23.656 -153.680   3783.1    649.1
