     7     1
    GDAS    18    12     1     0     0
    GDAS    19     1     1     0     0
    GDAS    19     2     1     0     0
    GDAS    19     3     1     0     0
    GDAS    19     4     1     0     0
    GDAS    19     5     1     0     0
    GDAS    19     6     1     0     0
     1 BACKWARD OMEGA   
    19     1     1     6   21.319 -157.670    10.0
     1 PRESSURE
     1     1    19     1     1     6     0     0     0.0   21.319 -157.670     10.0   1012.9
     1     1    19     1     1     5     0     1    -1.0   21.399 -157.397     13.9   1011.3
     1     1    19     1     1     4     0     2    -2.0   21.453 -157.109     24.1   1008.9
     1     1    19     1     1     3     0     3    -3.0   21.479 -156.794     42.4   1007.3
     1     1    19     1     1     2     0     2    -4.0   21.467 -156.454     56.9   1006.6
     1     1    19     1     1     1     0     1    -5.0   21.417 -156.097     52.6   1007.9
     1     1    19     1     1     0     0     0    -6.0   21.347 -155.730     38.4   1011.0
     1     1    18    12    31    23     0     1    -7.0   21.288 -155.357     29.2   1013.1
     1     1    18    12    31    22     0     2    -8.0   21.250 -154.977     27.3   1013.1
     1     1    18    12    31    21     0     3    -9.0   21.227 -154.596     28.8   1013.0
     1     1    18    12    31    20     0     2   -10.0   21.215 -154.223     31.6   1012.9
     1     1    18    12    31    19     0     1   -11.0   21.208 -153.855     35.8   1012.6
     1     1    18    12    31    18     0     0   -12.0   21.207 -153.485     41.0   1012.3
     1     1    18    12    31    17     0     1   -13.0   21.210 -153.112     46.1   1011.7
     1     1    18    12    31    16     0     2   -14.0   21.215 -152.743     49.1   1011.5
     1     1    18    12    31    15     0     3   -15.0   21.222 -152.375     49.9   1011.5
     1     1    18    12    31    14     0     2   -16.0   21.225 -152.002     49.9   1011.1
     1     1    18    12    31    13     0     1   -17.0   21.217 -151.629     49.9   1010.5
     1     1    18    12    31    12     0     0   -18.0   21.201 -151.258     49.9   1009.9
     1     1    18    12    31    11     0     1   -19.0   21.179 -150.884     49.9   1010.9
     1     1    18    12    31    10     0     2   -20.0   21.151 -150.510     49.9   1011.9
     1     1    18    12    31     9     0     3   -21.0   21.118 -150.134     49.9   1012.5
     1     1    18    12    31     8     0     2   -22.0   21.084 -149.760     49.2   1012.6
     1     1    18    12    31     7     0     1   -23.0   21.050 -149.388     47.7   1012.8
     1     1    18    12    31     6     0     0   -24.0   21.017 -149.011     47.0   1013.1
     1     1    18    12    31     5     0     1   -25.0   20.988 -148.630     46.2   1012.3
     1     1    18    12    31     4     0     2   -26.0   20.967 -148.245     45.1   1012.5
     1     1    18    12    31     3     0     3   -27.0   20.954 -147.845     44.6   1012.8
     1     1    18    12    31     2     0     2   -28.0   20.944 -147.443     44.1   1011.9
     1     1    18    12    31     1     0     1   -29.0   20.935 -147.043     43.6   1011.1
     1     1    18    12    31     0     0     0   -30.0   20.929 -146.640     43.5   1010.2
     1     1    18    12    30    23     0     1   -31.0   20.925 -146.237     42.6   1011.1
     1     1    18    12    30    22     0     2   -32.0   20.922 -145.832     39.9   1012.3
     1     1    18    12    30    21     0     3   -33.0   20.917 -145.419     35.8   1013.7
     1     1    18    12    30    20     0     2   -34.0   20.913 -145.000     32.0   1014.4
     1     1    18    12    30    19     0     1   -35.0   20.907 -144.578     29.9   1014.7
     1     1    18    12    30    18     0     0   -36.0   20.904 -144.152     29.2   1014.9
     1     1    18    12    30    17     0     1   -37.0   20.906 -143.732     29.2   1014.8
     1     1    18    12    30    16     0     2   -38.0   20.913 -143.322     29.2   1014.7
     1     1    18    12    30    15     0     3   -39.0   20.922 -142.914     29.2   1014.6
     1     1    18    12    30    14     0     2   -40.0   20.930 -142.506     29.2   1014.6
     1     1    18    12    30    13     0     1   -41.0   20.933 -142.100     29.2   1014.5
     1     1    18    12    30    12     0     0   -42.0   20.936 -141.695     29.2   1014.5
     1     1    18    12    30    11     0     1   -43.0   20.943 -141.288     29.2   1014.5
     1     1    18    12    30    10     0     2   -44.0   20.955 -140.871     29.2   1014.5
     1     1    18    12    30     9     0     3   -45.0   20.967 -140.442     29.2   1014.5
     1     1    18    12    30     8     0     2   -46.0   20.982 -140.007     29.2   1014.5
     1     1    18    12    30     7     0     1   -47.0   21.003 -139.572     29.2   1014.4
     1     1    18    12    30     6     0     0   -48.0   21.031 -139.133     29.2   1014.5
     1     1    18    12    30     5     0     1   -49.0   21.063 -138.699     29.2   1015.2
     1     1    18    12    30     4     0     2   -50.0   21.100 -138.276     29.2   1015.4
     1     1    18    12    30     3     0     3   -51.0   21.145 -137.858     29.2   1014.8
     1     1    18    12    30     2     0     2   -52.0   21.198 -137.440     29.2   1014.6
     1     1    18    12    30     1     0     1   -53.0   21.257 -137.018     29.2   1014.4
     1     1    18    12    30     0     0     0   -54.0   21.320 -136.592     29.2   1014.4
     1     1    18    12    29    23     0     1   -55.0   21.381 -136.170     28.9   1015.8
     1     1    18    12    29    22     0     2   -56.0   21.443 -135.759     28.1   1016.8
     1     1    18    12    29    21     0     3   -57.0   21.509 -135.356     27.0   1017.5
     1     1    18    12    29    20     0     2   -58.0   21.578 -134.961     26.0   1017.7
     1     1    18    12    29    19     0     1   -59.0   21.647 -134.570     25.5   1018.3
     1     1    18    12    29    18     0     0   -60.0   21.718 -134.182     25.3   1019.6
     1     1    18    12    29    17     0     1   -61.0   21.790 -133.796     25.3   1019.3
     1     1    18    12    29    16     0     2   -62.0   21.865 -133.410     25.3   1018.4
     1     1    18    12    29    15     0     3   -63.0   21.944 -133.024     25.3   1017.2
     1     1    18    12    29    14     0     2   -64.0   22.030 -132.641     25.6   1017.2
     1     1    18    12    29    13     0     1   -65.0   22.127 -132.266     26.0   1017.1
     1     1    18    12    29    12     0     0   -66.0   22.230 -131.902     26.2   1016.7
     1     1    18    12    29    11     0     1   -67.0   22.339 -131.548     26.2   1017.0
     1     1    18    12    29    10     0     2   -68.0   22.453 -131.203     26.2   1017.5
     1     1    18    12    29     9     0     3   -69.0   22.570 -130.866     26.2   1018.2
     1     1    18    12    29     8     0     2   -70.0   22.694 -130.535     26.2   1018.5
     1     1    18    12    29     7     0     1   -71.0   22.825 -130.207     26.2   1018.9
     1     1    18    12    29     6     0     0   -72.0   22.967 -129.885     26.2   1019.3
     1     1    18    12    29     5     0     1   -73.0   23.119 -129.568     26.2   1018.9
     1     1    18    12    29     4     0     2   -74.0   23.284 -129.257     26.2   1018.0
     1     1    18    12    29     3     0     3   -75.0   23.459 -128.949     26.2   1017.2
     1     1    18    12    29     2     0     2   -76.0   23.640 -128.648     26.2   1017.5
     1     1    18    12    29     1     0     1   -77.0   23.817 -128.358     26.2   1017.0
     1     1    18    12    29     0     0     0   -78.0   23.992 -128.078     26.2   1015.7
     1     1    18    12    28    23     0     1   -79.0   24.165 -127.807     26.2   1016.8
     1     1    18    12    28    22     0     2   -80.0   24.344 -127.547     26.2   1017.8
     1     1    18    12    28    21     0     3   -81.0   24.527 -127.300     26.2   1018.4
     1     1    18    12    28    20     0     2   -82.0   24.721 -127.061     26.2   1018.3
     1     1    18    12    28    19     0     1   -83.0   24.932 -126.824     26.2   1018.3
     1     1    18    12    28    18     0     0   -84.0   25.157 -126.592     26.2   1018.2
     1     1    18    12    28    17     0     1   -85.0   25.391 -126.371     26.2   1018.0
     1     1    18    12    28    16     0     2   -86.0   25.629 -126.165     26.2   1017.9
     1     1    18    12    28    15     0     3   -87.0   25.872 -125.970     26.2   1017.7
     1     1    18    12    28    14     0     2   -88.0   26.124 -125.788     26.5   1017.6
     1     1    18    12    28    13     0     1   -89.0   26.388 -125.622     26.9   1017.5
     1     1    18    12    28    12     0     0   -90.0   26.665 -125.470     27.0   1017.4
     1     1    18    12    28    11     0     1   -91.0   26.952 -125.327     27.0   1017.2
     1     1    18    12    28    10     0     2   -92.0   27.251 -125.194     27.0   1017.2
     1     1    18    12    28     9     0     3   -93.0   27.566 -125.070     27.0   1017.1
     1     1    18    12    28     8     0     2   -94.0   27.892 -124.956     27.1   1017.0
     1     1    18    12    28     7     0     1   -95.0   28.220 -124.858     27.4   1017.6
     1     1    18    12    28     6     0     0   -96.0   28.549 -124.775     28.4   1018.4
     1     1    18    12    28     5     0     1   -97.0   28.888 -124.708     30.8   1018.9
     1     1    18    12    28     4     0     2   -98.0   29.244 -124.653     33.8   1018.7
     1     1    18    12    28     3     0     3   -99.0   29.614 -124.612     36.0   1018.3
     1     1    18    12    28     2     0     2  -100.0   29.991 -124.587     37.3   1017.7
     1     1    18    12    28     1     0     1  -101.0   30.376 -124.581     38.9   1017.1
     1     1    18    12    28     0     0     0  -102.0   30.776 -124.592     41.5   1016.3
     1     1    18    12    27    23     0     1  -103.0   31.186 -124.616     44.3   1016.3
     1     1    18    12    27    22     0     2  -104.0   31.595 -124.651     47.5   1016.3
     1     1    18    12    27    21     0     3  -105.0   32.000 -124.694     52.2   1016.2
     1     1    18    12    27    20     0     2  -106.0   32.406 -124.741     57.2   1016.5
     1     1    18    12    27    19     0     1  -107.0   32.811 -124.788     61.5   1017.0
     1     1    18    12    27    18     0     0  -108.0   33.215 -124.832     65.9   1017.4
     1     1    18    12    27    17     0     1  -109.0   33.626 -124.878     69.2   1016.2
     1     1    18    12    27    16     0     2  -110.0   34.052 -124.931     70.1   1015.6
     1     1    18    12    27    15     0     3  -111.0   34.492 -124.995     70.2   1015.1
     1     1    18    12    27    14     0     2  -112.0   34.934 -125.073     70.8   1015.5
     1     1    18    12    27    13     0     1  -113.0   35.371 -125.164     73.7   1015.6
     1     1    18    12    27    12     0     0  -114.0   35.798 -125.263     79.9   1014.9
     1     1    18    12    27    11     0     1  -115.0   36.217 -125.369     88.4   1013.8
     1     1    18    12    27    10     0     2  -116.0   36.634 -125.482     96.4   1012.9
     1     1    18    12    27     9     0     3  -117.0   37.054 -125.606    102.3   1012.4
     1     1    18    12    27     8     0     2  -118.0   37.466 -125.731    107.1   1012.2
     1     1    18    12    27     7     0     1  -119.0   37.858 -125.853    113.3   1011.7
     1     1    18    12    27     6     0     0  -120.0   38.233 -125.970    122.1   1011.0
     1     1    18    12    27     5     0     1  -121.0   38.605 -126.085    131.2   1009.7
     1     1    18    12    27     4     0     2  -122.0   38.984 -126.200    136.8   1009.2
     1     1    18    12    27     3     0     3  -123.0   39.365 -126.310    138.8   1008.9
     1     1    18    12    27     2     0     2  -124.0   39.732 -126.421    140.3   1008.9
     1     1    18    12    27     1     0     1  -125.0   40.081 -126.542    145.2   1008.1
     1     1    18    12    27     0     0     0  -126.0   40.411 -126.683    154.0   1006.7
     1     1    18    12    26    23     0     1  -127.0   40.725 -126.854    163.1   1005.1
     1     1    18    12    26    22     0     2  -128.0   41.026 -127.066    168.7   1004.4
     1     1    18    12    26    21     0     3  -129.0   41.309 -127.317    170.6   1004.0
     1     1    18    12    26    20     0     2  -130.0   41.567 -127.595    170.7   1004.2
     1     1    18    12    26    19     0     1  -131.0   41.803 -127.883    171.0   1004.1
     1     1    18    12    26    18     0     0  -132.0   42.020 -128.174    171.2   1004.1
     1     1    18    12    26    17     0     1  -133.0   42.228 -128.486    171.4   1003.3
     1     1    18    12    26    16     0     2  -134.0   42.440 -128.836    171.8   1002.5
     1     1    18    12    26    15     0     3  -135.0   42.658 -129.220    171.9   1001.8
     1     1    18    12    26    14     0     2  -136.0   42.871 -129.629    171.8   1001.4
     1     1    18    12    26    13     0     1  -137.0   43.066 -130.057    171.7   1001.0
     1     1    18    12    26    12     0     0  -138.0   43.238 -130.500    171.7   1000.5
     1     1    18    12    26    11     0     1  -139.0   43.395 -130.968    171.6   1000.2
     1     1    18    12    26    10     0     2  -140.0   43.552 -131.462    171.7    999.9
     1     1    18    12    26     9     0     3  -141.0   43.714 -131.976    172.2    999.5
     1     1    18    12    26     8     0     2  -142.0   43.862 -132.506    174.1    998.8
     1     1    18    12    26     7     0     1  -143.0   43.990 -133.043    178.5    997.7
     1     1    18    12    26     6     0     0  -144.0   44.107 -133.584    186.3    996.5
     1     1    18    12    26     5     0     1  -145.0   44.212 -134.160    195.2    994.7
     1     1    18    12    26     4     0     2  -146.0   44.307 -134.789    201.9    993.5
     1     1    18    12    26     3     0     3  -147.0   44.402 -135.454    206.2    992.7
     1     1    18    12    26     2     0     2  -148.0   44.483 -136.147    209.6    991.8
     1     1    18    12    26     1     0     1  -149.0   44.543 -136.859    216.3    990.6
     1     1    18    12    26     0     0     0  -150.0   44.598 -137.587    229.6    988.5
     1     1    18    12    25    23     0     1  -151.0   44.629 -138.344    244.3    986.0
     1     1    18    12    25    22     0     2  -152.0   44.630 -139.135    256.9    984.5
     1     1    18    12    25    21     0     3  -153.0   44.627 -139.940    269.2    982.8
     1     1    18    12    25    20     0     2  -154.0   44.605 -140.751    281.7    980.9
     1     1    18    12    25    19     0     1  -155.0   44.579 -141.558    298.4    978.1
     1     1    18    12    25    18     0     0  -156.0   44.577 -142.362    305.3    977.0
     1     1    18    12    25    17     0     1  -157.0   44.558 -143.159    303.6    976.4
     1     1    18    12    25    16     0     2  -158.0   44.540 -143.939    301.8    975.9
     1     1    18    12    25    15     0     3  -159.0   44.555 -144.702    306.3    974.5
     1     1    18    12    25    14     0     2  -160.0   44.552 -145.473    304.4    974.2
     1     1    18    12    25    13     0     1  -161.0   44.588 -146.218    334.7    970.3
     1     1    18    12    25    12     0     0  -162.0   44.633 -146.894    363.6    964.5
     1     1    18    12    25    11     0     1  -163.0   44.640 -147.512    353.7    966.0
     1     1    18    12    25    10     0     2  -164.0   44.645 -148.098    348.1    968.4
     1     1    18    12    25     9     0     3  -165.0   44.674 -148.641    355.4    966.3
     1     1    18    12    25     8     0     2  -166.0   44.703 -149.143    361.7    965.3
     1     1    18    12    25     7     0     1  -167.0   44.729 -149.614    367.4    965.1
     1     1    18    12    25     6     0     0  -168.0   44.759 -150.052    379.9    964.1
     1     1    18    12    25     5     0     1  -169.0   44.784 -150.477    391.4    961.4
     1     1    18    12    25     4     0     2  -170.0   44.799 -150.908    393.0    961.6
     1     1    18    12    25     3     0     3  -171.0   44.816 -151.341    392.9    961.8
     1     1    18    12    25     2     0     2  -172.0   44.825 -151.804    392.2    961.4
     1     1    18    12    25     1     0     1  -173.0   44.821 -152.307    392.8    961.7
     1     1    18    12    25     0     0     0  -174.0   44.815 -152.833    403.9    960.6
     1     1    18    12    24    23     0     1  -175.0   44.778 -153.383    421.2    957.8
     1     1    18    12    24    22     0     2  -176.0   44.706 -153.967    443.3    956.0
     1     1    18    12    24    21     0     3  -177.0   44.641 -154.583    480.4    951.7
     1     1    18    12    24    20     0     2  -178.0   44.550 -155.226    504.2    944.8
     1     1    18    12    24    19     0     1  -179.0   44.451 -155.891    521.5    946.4
     1     1    18    12    24    18     0     0  -180.0   44.402 -156.581    558.9    940.1
     1     1    18    12    24    17     0     1  -181.0   44.308 -157.271    571.2    934.6
     1     1    18    12    24    16     0     2  -182.0   44.145 -157.953    561.2    938.8
     1     1    18    12    24    15     0     3  -183.0   44.015 -158.669    574.0    937.2
     1     1    18    12    24    14     0     2  -184.0   43.861 -159.376    579.3    932.5
     1     1    18    12    24    13     0     1  -185.0   43.703 -160.089    570.7    936.5
     1     1    18    12    24    12     0     0  -186.0   43.636 -160.821    588.4    933.2
     1     1    18    12    24    11     0     1  -187.0   43.537 -161.473    584.1    929.1
     1     1    18    12    24    10     0     2  -188.0   43.347 -162.066    515.8    937.3
     1     1    18    12    24     9     0     3  -189.0   43.164 -162.687    446.5    951.3
     1     1    18    12    24     8     0     2  -190.0   42.971 -163.283    395.3    953.9
     1     1    18    12    24     7     0     1  -191.0   42.734 -163.819    350.2    961.3
     1     1    18    12    24     6     0     0  -192.0   42.517 -164.361    328.1    963.0
     1     1    18    12    24     5     0     1  -193.0   42.286 -164.873    292.1    963.5
     1     1    18    12    24     4     0     2  -194.0   42.000 -165.328    242.2    972.3
     1     1    18    12    24     3     0     3  -195.0   41.723 -165.787    209.4    977.2
     1     1    18    12    24     2     0     2  -196.0   41.422 -166.214    182.5    977.6
     1     1    18    12    24     1     0     1  -197.0   41.064 -166.565    148.1    983.5
     1     1    18    12    24     0     0     0  -198.0   40.746 -166.952    123.5    986.9
     1     1    18    12    23    23     0     1  -199.0   40.458 -167.358    109.4    987.8
     1     1    18    12    23    22     0     2  -200.0   40.067 -167.650     87.7    990.8
     1     1    18    12    23    21     0     3  -201.0   39.573 -167.872     61.7    995.2
     1     1    18    12    23    20     0     2  -202.0   39.033 -168.045     39.0    999.8
     1     1    18    12    23    19     0     1  -203.0   38.519 -168.173     24.0   1003.1
     1     1    18    12    23    18     0     0  -204.0   38.039 -168.266     15.3   1006.1
     1     1    18    12    23    17     0     1  -205.0   37.603 -168.336     10.4   1007.3
     1     1    18    12    23    16     0     2  -206.0   37.219 -168.392      8.0   1007.9
     1     1    18    12    23    15     0     3  -207.0   36.872 -168.432      6.6   1008.5
     1     1    18    12    23    14     0     2  -208.0   36.566 -168.470      5.5   1009.9
     1     1    18    12    23    13     0     1  -209.0   36.304 -168.515      4.3   1011.0
     1     1    18    12    23    12     0     0  -210.0   36.079 -168.562      2.7   1012.2
     1     1    18    12    23    11     0     1  -211.0   35.891 -168.616      1.2   1012.5
     1     1    18    12    23    10     0     2  -212.0   35.737 -168.684      0.3   1012.6
     1     1    18    12    23     9     0     3  -213.0   35.617 -168.760      0.0   1012.6
     1     1    18    12    23     8     0     2  -214.0   35.533 -168.854      0.3   1012.7
     1     1    18    12    23     7     0     1  -215.0   35.485 -168.976      1.3   1012.8
     1     1    18    12    23     6     0     0  -216.0   35.474 -169.125      2.8   1012.8
     1     1    18    12    23     5     0     1  -217.0   35.490 -169.308      4.7   1011.8
     1     1    18    12    23     4     0     2  -218.0   35.525 -169.532      6.6   1010.7
     1     1    18    12    23     3     0     3  -219.0   35.583 -169.797      8.6   1009.7
     1     1    18    12    23     2     0     2  -220.0   35.654 -170.095     10.4   1008.8
     1     1    18    12    23     1     0     1  -221.0   35.728 -170.416     11.9   1008.0
     1     1    18    12    23     0     0     0  -222.0   35.810 -170.765     12.7   1007.3
     1     1    18    12    22    23     0     1  -223.0   35.890 -171.129     13.2   1007.3
     1     1    18    12    22    22     0     2  -224.0   35.966 -171.501     13.9   1007.1
     1     1    18    12    22    21     0     3  -225.0   36.044 -171.895     14.5   1007.2
     1     1    18    12    22    20     0     2  -226.0   36.124 -172.315     15.3   1006.1
     1     1    18    12    22    19     0     1  -227.0   36.201 -172.761     16.5   1004.9
     1     1    18    12    22    18     0     0  -228.0   36.279 -173.238     17.1   1003.7
     1     1    18    12    22    17     0     1  -229.0   36.357 -173.728     17.0   1003.0
     1     1    18    12    22    16     0     2  -230.0   36.430 -174.220     17.0   1002.3
     1     1    18    12    22    15     0     3  -231.0   36.493 -174.717     17.0   1002.1
     1     1    18    12    22    14     0     2  -232.0   36.541 -175.215     16.3   1001.9
     1     1    18    12    22    13     0     1  -233.0   36.581 -175.713     14.1   1001.8
     1     1    18    12    22    12     0     0  -234.0   36.622 -176.207     10.7   1002.1
     1     1    18    12    22    11     0     1  -235.0   36.644 -176.692      7.6   1002.5
     1     1    18    12    22    10     0     2  -236.0   36.644 -177.158      5.5   1002.6
     1     1    18    12    22     9     0     3  -237.0   36.639 -177.596      3.8   1002.7
     1     1    18    12    22     8     0     2  -238.0   36.626 -177.992      4.0   1002.6
     1     1    18    12    22     7     0     1  -239.0   36.594 -178.352      6.2   1002.6
     1     1    18    12    22     6     0     0  -240.0   36.544 -178.693      9.3   1002.5
