     7     1
    GDAS    19     6     1     0     0
    GDAS    19     7     1     0     0
    GDAS    19     8     1     0     0
    GDAS    19     9     1     0     0
    GDAS    19    10     1     0     0
    GDAS    19    11     1     0     0
    GDAS    19    12     1     0     0
     1 BACKWARD OMEGA   
    19     8    12     0   21.319 -157.670    10.0
     1 PRESSURE
     1     1    19     8    12     0     0     0     0.0   21.319 -157.670     10.0   1010.5
     1     1    19     8    11    23     0     1    -1.0   21.311 -157.561     19.0   1009.6
     1     1    19     8    11    22     0     2    -2.0   21.305 -157.439     41.9   1007.2
     1     1    19     8    11    21     0     3    -3.0   21.301 -157.304     92.4   1001.4
     1     1    19     8    11    20     0     2    -4.0   21.302 -157.161    163.0    991.9
     1     1    19     8    11    19     0     1    -5.0   21.310 -157.021    250.9    981.5
     1     1    19     8    11    18     0     0    -6.0   21.314 -156.879    350.3    969.8
     1     1    19     8    11    17     0     1    -7.0   21.297 -156.728    442.2    959.4
     1     1    19     8    11    16     0     2    -8.0   21.254 -156.563    519.2    951.3
     1     1    19     8    11    15     0     3    -9.0   21.189 -156.388    587.2    945.2
     1     1    19     8    11    14     0     2   -10.0   21.104 -156.195    659.7    939.9
     1     1    19     8    11    13     0     1   -11.0   20.996 -155.972    748.2    932.0
     1     1    19     8    11    12     0     0   -12.0   20.885 -155.748    824.6    921.1
     1     1    19     8    11    11     0     1   -13.0   20.788 -155.544    869.7    917.4
     1     1    19     8    11    10     0     2   -14.0   20.700 -155.351    892.6    916.0
     1     1    19     8    11     9     0     3   -15.0   20.619 -155.161    906.5    915.9
     1     1    19     8    11     8     0     2   -16.0   20.541 -154.976    919.9    914.4
     1     1    19     8    11     7     0     1   -17.0   20.471 -154.802    934.3    912.7
     1     1    19     8    11     6     0     0   -18.0   20.415 -154.642    948.7    910.7
     1     1    19     8    11     5     0     1   -19.0   20.371 -154.488    958.4    909.0
     1     1    19     8    11     4     0     2   -20.0   20.339 -154.331    961.6    908.5
     1     1    19     8    11     3     0     3   -21.0   20.316 -154.168    962.0    908.3
     1     1    19     8    11     2     0     2   -22.0   20.299 -154.004    963.4    908.4
     1     1    19     8    11     1     0     1   -23.0   20.280 -153.847    963.0    907.9
     1     1    19     8    11     0     0     0   -24.0   20.250 -153.697    954.8    908.6
     1     1    19     8    10    23     0     1   -25.0   20.214 -153.543    950.7    911.0
     1     1    19     8    10    22     0     2   -26.0   20.182 -153.376    966.0    910.2
     1     1    19     8    10    21     0     3   -27.0   20.159 -153.196   1006.9    906.8
     1     1    19     8    10    20     0     2   -28.0   20.149 -153.012   1066.5    899.3
     1     1    19     8    10    19     0     1   -29.0   20.153 -152.829   1125.2    892.3
     1     1    19     8    10    18     0     0   -30.0   20.163 -152.643   1164.0    886.9
     1     1    19     8    10    17     0     1   -31.0   20.179 -152.450   1175.5    885.6
     1     1    19     8    10    16     0     2   -32.0   20.202 -152.253   1169.5    886.6
     1     1    19     8    10    15     0     3   -33.0   20.235 -152.052   1158.2    888.0
     1     1    19     8    10    14     0     2   -34.0   20.276 -151.850   1149.3    888.9
     1     1    19     8    10    13     0     1   -35.0   20.324 -151.647   1143.1    889.2
     1     1    19     8    10    12     0     0   -36.0   20.376 -151.448   1138.4    889.6
     1     1    19     8    10    11     0     1   -37.0   20.430 -151.258   1137.3    890.7
     1     1    19     8    10    10     0     2   -38.0   20.490 -151.083   1140.8    890.9
     1     1    19     8    10     9     0     3   -39.0   20.557 -150.922   1146.0    891.0
     1     1    19     8    10     8     0     2   -40.0   20.628 -150.775   1160.2    890.2
     1     1    19     8    10     7     0     1   -41.0   20.700 -150.646   1189.0    886.6
     1     1    19     8    10     6     0     0   -42.0   20.776 -150.536   1227.4    882.1
     1     1    19     8    10     5     0     1   -43.0   20.848 -150.450   1265.3    877.2
     1     1    19     8    10     4     0     2   -44.0   20.908 -150.390   1295.1    874.1
     1     1    19     8    10     3     0     3   -45.0   20.956 -150.353   1317.6    871.7
     1     1    19     8    10     2     0     2   -46.0   20.990 -150.331   1346.8    870.1
     1     1    19     8    10     1     0     1   -47.0   21.007 -150.320   1396.5    865.0
     1     1    19     8    10     0     0     0   -48.0   21.006 -150.323   1466.9    858.1
     1     1    19     8     9    23     0     1   -49.0   20.986 -150.335   1537.7    849.3
     1     1    19     8     9    22     0     2   -50.0   20.954 -150.340   1588.3    844.6
     1     1    19     8     9    21     0     3   -51.0   20.914 -150.335   1619.4    841.9
     1     1    19     8     9    20     0     2   -52.0   20.869 -150.324   1639.1    840.4
     1     1    19     8     9    19     0     1   -53.0   20.823 -150.314   1656.0    838.7
     1     1    19     8     9    18     0     0   -54.0   20.776 -150.304   1672.3    836.9
     1     1    19     8     9    17     0     1   -55.0   20.725 -150.292   1687.9    835.1
     1     1    19     8     9    16     0     2   -56.0   20.671 -150.277   1701.0    833.6
     1     1    19     8     9    15     0     3   -57.0   20.614 -150.258   1710.5    832.4
     1     1    19     8     9    14     0     2   -58.0   20.551 -150.237   1726.8    831.8
     1     1    19     8     9    13     0     1   -59.0   20.477 -150.215   1758.4    828.6
     1     1    19     8     9    12     0     0   -60.0   20.393 -150.197   1800.6    824.2
     1     1    19     8     9    11     0     1   -61.0   20.299 -150.186   1837.2    820.1
     1     1    19     8     9    10     0     2   -62.0   20.198 -150.181   1856.6    819.0
     1     1    19     8     9     9     0     3   -63.0   20.090 -150.180   1863.1    819.1
     1     1    19     8     9     8     0     2   -64.0   19.977 -150.177   1860.0    819.3
     1     1    19     8     9     7     0     1   -65.0   19.860 -150.163   1849.7    820.2
     1     1    19     8     9     6     0     0   -66.0   19.741 -150.131   1834.9    821.5
     1     1    19     8     9     5     0     1   -67.0   19.621 -150.081   1823.2    822.8
     1     1    19     8     9     4     0     2   -68.0   19.495 -150.014   1821.9    822.6
     1     1    19     8     9     3     0     3   -69.0   19.361 -149.936   1833.2    821.2
     1     1    19     8     9     2     0     2   -70.0   19.223 -149.852   1850.4    818.7
     1     1    19     8     9     1     0     1   -71.0   19.087 -149.757   1863.7    817.1
     1     1    19     8     9     0     0     0   -72.0   18.950 -149.649   1867.2    816.2
     1     1    19     8     8    23     0     1   -73.0   18.808 -149.523   1854.9    817.7
     1     1    19     8     8    22     0     2   -74.0   18.659 -149.375   1828.5    821.0
     1     1    19     8     8    21     0     3   -75.0   18.505 -149.202   1794.7    824.9
     1     1    19     8     8    20     0     2   -76.0   18.354 -149.006   1762.1    828.5
     1     1    19     8     8    19     0     1   -77.0   18.216 -148.797   1735.7    830.8
     1     1    19     8     8    18     0     0   -78.0   18.092 -148.584   1717.6    832.6
     1     1    19     8     8    17     0     1   -79.0   17.974 -148.369   1712.8    833.1
     1     1    19     8     8    16     0     2   -80.0   17.855 -148.153   1729.0    831.7
     1     1    19     8     8    15     0     3   -81.0   17.731 -147.935   1762.9    827.3
     1     1    19     8     8    14     0     2   -82.0   17.609 -147.714   1787.9    823.3
     1     1    19     8     8    13     0     1   -83.0   17.497 -147.491   1794.9    823.5
     1     1    19     8     8    12     0     0   -84.0   17.387 -147.264   1800.0    823.8
     1     1    19     8     8    11     0     1   -85.0   17.284 -147.033   1817.8    823.3
     1     1    19     8     8    10     0     2   -86.0   17.189 -146.798   1849.8    820.3
     1     1    19     8     8     9     0     3   -87.0   17.099 -146.559   1885.7    816.9
     1     1    19     8     8     8     0     2   -88.0   17.011 -146.317   1904.8    813.3
     1     1    19     8     8     7     0     1   -89.0   16.929 -146.076   1893.7    814.3
     1     1    19     8     8     6     0     0   -90.0   16.850 -145.833   1868.3    818.0
     1     1    19     8     8     5     0     1   -91.0   16.778 -145.579   1862.8    820.0
     1     1    19     8     8     4     0     2   -92.0   16.710 -145.317   1891.3    816.3
     1     1    19     8     8     3     0     3   -93.0   16.643 -145.061   1940.3    810.3
     1     1    19     8     8     2     0     2   -94.0   16.580 -144.807   1988.7    804.2
     1     1    19     8     8     1     0     1   -95.0   16.518 -144.547   2018.0    800.8
     1     1    19     8     8     0     0     0   -96.0   16.453 -144.274   2012.8    800.3
     1     1    19     8     7    23     0     1   -97.0   16.388 -143.983   1984.6    805.4
     1     1    19     8     7    22     0     2   -98.0   16.330 -143.681   1970.1    808.7
     1     1    19     8     7    21     0     3   -99.0   16.282 -143.369   1971.8    807.9
     1     1    19     8     7    20     0     2  -100.0   16.244 -143.052   1966.3    807.2
     1     1    19     8     7    19     0     1  -101.0   16.217 -142.736   1953.4    809.4
     1     1    19     8     7    18     0     0  -102.0   16.199 -142.419   1952.4    810.2
     1     1    19     8     7    17     0     1  -103.0   16.194 -142.101   1967.3    808.0
     1     1    19     8     7    16     0     2  -104.0   16.198 -141.793   1979.4    805.2
     1     1    19     8     7    15     0     3  -105.0   16.213 -141.500   1975.4    805.1
     1     1    19     8     7    14     0     2  -106.0   16.234 -141.211   1960.7    807.2
     1     1    19     8     7    13     0     1  -107.0   16.253 -140.918   1939.7    809.2
     1     1    19     8     7    12     0     0  -108.0   16.263 -140.621   1921.8    812.1
     1     1    19     8     7    11     0     1  -109.0   16.266 -140.324   1921.4    812.9
     1     1    19     8     7    10     0     2  -110.0   16.270 -140.023   1943.7    811.3
     1     1    19     8     7     9     0     3  -111.0   16.279 -139.717   1984.3    807.2
     1     1    19     8     7     8     0     2  -112.0   16.291 -139.416   2029.3    802.3
     1     1    19     8     7     7     0     1  -113.0   16.308 -139.119   2066.7    798.4
     1     1    19     8     7     6     0     0  -114.0   16.333 -138.821   2088.5    796.2
     1     1    19     8     7     5     0     1  -115.0   16.361 -138.530   2097.0    795.6
     1     1    19     8     7     4     0     2  -116.0   16.393 -138.254   2095.5    795.1
     1     1    19     8     7     3     0     3  -117.0   16.435 -137.986   2077.9    796.2
     1     1    19     8     7     2     0     2  -118.0   16.478 -137.724   2050.4    799.5
     1     1    19     8     7     1     0     1  -119.0   16.516 -137.468   2022.5    801.8
     1     1    19     8     7     0     0     0  -120.0   16.554 -137.216   1991.9    804.4
     1     1    19     8     6    23     0     1  -121.0   16.589 -136.962   1976.5    808.1
     1     1    19     8     6    22     0     2  -122.0   16.612 -136.705   1990.7    806.7
     1     1    19     8     6    21     0     3  -123.0   16.623 -136.448   2027.2    803.3
     1     1    19     8     6    20     0     2  -124.0   16.630 -136.191   2059.8    798.1
     1     1    19     8     6    19     0     1  -125.0   16.637 -135.929   2066.6    797.7
     1     1    19     8     6    18     0     0  -126.0   16.646 -135.658   2058.1    799.4
     1     1    19     8     6    17     0     1  -127.0   16.652 -135.384   2037.7    800.4
     1     1    19     8     6    16     0     2  -128.0   16.658 -135.110   1990.6    803.5
     1     1    19     8     6    15     0     3  -129.0   16.669 -134.833   1912.0    811.1
     1     1    19     8     6    14     0     2  -130.0   16.680 -134.550   1841.6    821.0
     1     1    19     8     6    13     0     1  -131.0   16.685 -134.263   1808.1    823.4
     1     1    19     8     6    12     0     0  -132.0   16.684 -133.970   1798.9    823.3
     1     1    19     8     6    11     0     1  -133.0   16.678 -133.673   1792.8    823.0
     1     1    19     8     6    10     0     2  -134.0   16.663 -133.365   1775.9    825.0
     1     1    19     8     6     9     0     3  -135.0   16.636 -133.039   1749.4    827.9
     1     1    19     8     6     8     0     2  -136.0   16.607 -132.704   1716.9    831.6
     1     1    19     8     6     7     0     1  -137.0   16.588 -132.369   1680.7    835.3
     1     1    19     8     6     6     0     0  -138.0   16.572 -132.028   1642.3    839.5
     1     1    19     8     6     5     0     1  -139.0   16.558 -131.691   1596.6    842.8
     1     1    19     8     6     4     0     2  -140.0   16.550 -131.372   1544.7    848.3
     1     1    19     8     6     3     0     3  -141.0   16.543 -131.061   1503.3    852.8
     1     1    19     8     6     2     0     2  -142.0   16.533 -130.759   1474.4    854.8
     1     1    19     8     6     1     0     1  -143.0   16.515 -130.467   1445.6    857.0
     1     1    19     8     6     0     0     0  -144.0   16.481 -130.182   1408.9    860.2
     1     1    19     8     5    23     0     1  -145.0   16.434 -129.900   1362.8    865.3
     1     1    19     8     5    22     0     2  -146.0   16.380 -129.614   1317.4    871.3
     1     1    19     8     5    21     0     3  -147.0   16.320 -129.321   1291.0    875.4
     1     1    19     8     5    20     0     2  -148.0   16.249 -129.030   1283.0    875.2
     1     1    19     8     5    19     0     1  -149.0   16.167 -128.744   1270.7    875.5
     1     1    19     8     5    18     0     0  -150.0   16.075 -128.460   1243.6    878.4
     1     1    19     8     5    17     0     1  -151.0   15.980 -128.177   1208.9    882.2
     1     1    19     8     5    16     0     2  -152.0   15.887 -127.902   1175.4    885.7
     1     1    19     8     5    15     0     3  -153.0   15.794 -127.642   1147.8    888.1
     1     1    19     8     5    14     0     2  -154.0   15.696 -127.397   1117.7    889.6
     1     1    19     8     5    13     0     1  -155.0   15.590 -127.170   1081.5    893.5
     1     1    19     8     5    12     0     0  -156.0   15.471 -126.965   1051.1    896.7
     1     1    19     8     5    11     0     1  -157.0   15.340 -126.773   1021.1    898.9
     1     1    19     8     5    10     0     2  -158.0   15.197 -126.581    986.8    903.3
     1     1    19     8     5     9     0     3  -159.0   15.044 -126.388    965.9    907.1
     1     1    19     8     5     8     0     2  -160.0   14.891 -126.202    948.2    906.7
     1     1    19     8     5     7     0     1  -161.0   14.744 -126.024    901.8    911.1
     1     1    19     8     5     6     0     0  -162.0   14.605 -125.850    834.2    919.8
     1     1    19     8     5     5     0     1  -163.0   14.469 -125.688    783.0    927.0
     1     1    19     8     5     4     0     2  -164.0   14.327 -125.544    765.1    927.7
     1     1    19     8     5     3     0     3  -165.0   14.174 -125.424    779.8    926.2
     1     1    19     8     5     2     0     2  -166.0   14.008 -125.323    814.0    920.4
     1     1    19     8     5     1     0     1  -167.0   13.840 -125.229    836.6    916.7
     1     1    19     8     5     0     0     0  -168.0   13.679 -125.137    837.4    916.5
     1     1    19     8     4    23     0     1  -169.0   13.526 -125.049    821.1    918.9
     1     1    19     8     4    22     0     2  -170.0   13.381 -124.972    793.5    922.5
     1     1    19     8     4    21     0     3  -171.0   13.241 -124.906    761.1    926.7
     1     1    19     8     4    20     0     2  -172.0   13.110 -124.850    736.2    930.5
     1     1    19     8     4    19     0     1  -173.0   12.990 -124.798    722.4    931.7
     1     1    19     8     4    18     0     0  -174.0   12.877 -124.751    717.0    932.7
     1     1    19     8     4    17     0     1  -175.0   12.775 -124.716    724.6    931.6
     1     1    19     8     4    16     0     2  -176.0   12.691 -124.700    743.7    928.6
     1     1    19     8     4    15     0     3  -177.0   12.621 -124.701    768.5    925.1
     1     1    19     8     4    14     0     2  -178.0   12.560 -124.716    790.7    922.0
     1     1    19     8     4    13     0     1  -179.0   12.508 -124.740    802.7    920.5
     1     1    19     8     4    12     0     0  -180.0   12.465 -124.772    802.2    920.2
     1     1    19     8     4    11     0     1  -181.0   12.430 -124.805    794.8    922.1
     1     1    19     8     4    10     0     2  -182.0   12.402 -124.831    789.0    923.3
     1     1    19     8     4     9     0     3  -183.0   12.380 -124.851    787.5    924.0
     1     1    19     8     4     8     0     2  -184.0   12.367 -124.860    786.2    924.0
     1     1    19     8     4     7     0     1  -185.0   12.371 -124.855    780.0    924.9
     1     1    19     8     4     6     0     0  -186.0   12.392 -124.840    768.1    926.5
     1     1    19     8     4     5     0     1  -187.0   12.429 -124.818    748.8    927.7
     1     1    19     8     4     4     0     2  -188.0   12.480 -124.791    720.0    929.9
     1     1    19     8     4     3     0     3  -189.0   12.551 -124.761    679.1    933.5
     1     1    19     8     4     2     0     2  -190.0   12.648 -124.736    627.1    939.3
     1     1    19     8     4     1     0     1  -191.0   12.769 -124.720    573.2    945.1
     1     1    19     8     4     0     0     0  -192.0   12.911 -124.717    527.1    950.1
     1     1    19     8     3    23     0     1  -193.0   13.075 -124.712    494.4    954.3
     1     1    19     8     3    22     0     2  -194.0   13.267 -124.688    478.4    956.7
     1     1    19     8     3    21     0     3  -195.0   13.484 -124.639    477.8    957.0
     1     1    19     8     3    20     0     2  -196.0   13.715 -124.564    483.4    956.0
     1     1    19     8     3    19     0     1  -197.0   13.955 -124.464    488.1    955.6
     1     1    19     8     3    18     0     0  -198.0   14.202 -124.339    491.5    955.5
     1     1    19     8     3    17     0     1  -199.0   14.460 -124.187    488.9    954.9
     1     1    19     8     3    16     0     2  -200.0   14.732 -124.013    472.0    956.4
     1     1    19     8     3    15     0     3  -201.0   15.024 -123.817    442.4    960.2
     1     1    19     8     3    14     0     2  -202.0   15.317 -123.611    425.7    963.9
     1     1    19     8     3    13     0     1  -203.0   15.600 -123.401    434.1    962.4
     1     1    19     8     3    12     0     0  -204.0   15.880 -123.185    471.2    958.9
     1     1    19     8     3    11     0     1  -205.0   16.141 -122.955    522.2    951.1
     1     1    19     8     3    10     0     2  -206.0   16.369 -122.705    544.0    947.7
     1     1    19     8     3     9     0     3  -207.0   16.573 -122.435    531.0    950.9
     1     1    19     8     3     8     0     2  -208.0   16.763 -122.152    509.8    955.2
     1     1    19     8     3     7     0     1  -209.0   16.940 -121.865    494.9    957.2
     1     1    19     8     3     6     0     0  -210.0   17.110 -121.579    491.8    958.5
     1     1    19     8     3     5     0     1  -211.0   17.274 -121.303    497.5    956.6
     1     1    19     8     3     4     0     2  -212.0   17.424 -121.042    496.7    955.8
     1     1    19     8     3     3     0     3  -213.0   17.558 -120.794    488.5    957.1
     1     1    19     8     3     2     0     2  -214.0   17.683 -120.558    483.5    957.9
     1     1    19     8     3     1     0     1  -215.0   17.804 -120.336    482.9    957.1
     1     1    19     8     3     0     0     0  -216.0   17.923 -120.131    481.0    956.8
     1     1    19     8     2    23     0     1  -217.0   18.036 -119.936    477.2    958.0
     1     1    19     8     2    22     0     2  -218.0   18.140 -119.743    475.3    959.2
     1     1    19     8     2    21     0     3  -219.0   18.239 -119.553    478.9    959.4
     1     1    19     8     2    20     0     2  -220.0   18.334 -119.368    494.4    958.5
     1     1    19     8     2    19     0     1  -221.0   18.428 -119.196    526.5    954.9
     1     1    19     8     2    18     0     0  -222.0   18.516 -119.037    575.3    950.0
     1     1    19     8     2    17     0     1  -223.0   18.598 -118.887    621.0    942.9
     1     1    19     8     2    16     0     2  -224.0   18.672 -118.743    643.0    940.3
     1     1    19     8     2    15     0     3  -225.0   18.738 -118.605    645.7    940.0
     1     1    19     8     2    14     0     2  -226.0   18.803 -118.478    642.3    941.3
     1     1    19     8     2    13     0     1  -227.0   18.871 -118.365    643.2    940.7
     1     1    19     8     2    12     0     0  -228.0   18.939 -118.265    648.3    939.8
     1     1    19     8     2    11     0     1  -229.0   19.003 -118.174    654.2    939.1
     1     1    19     8     2    10     0     2  -230.0   19.059 -118.086    658.6    939.0
     1     1    19     8     2     9     0     3  -231.0   19.108 -118.002    664.2    939.0
     1     1    19     8     2     8     0     2  -232.0   19.153 -117.919    670.2    938.4
     1     1    19     8     2     7     0     1  -233.0   19.198 -117.833    673.4    938.4
     1     1    19     8     2     6     0     0  -234.0   19.245 -117.743    673.4    938.8
     1     1    19     8     2     5     0     1  -235.0   19.299 -117.649    670.4    938.8
     1     1    19     8     2     4     0     2  -236.0   19.364 -117.551    664.6    939.2
     1     1    19     8     2     3     0     3  -237.0   19.438 -117.449    656.3    939.9
     1     1    19     8     2     2     0     2  -238.0   19.523 -117.349    651.0    940.7
     1     1    19     8     2     1     0     1  -239.0   19.621 -117.260    653.6    939.8
     1     1    19     8     2     0     0     0  -240.0   19.733 -117.180    662.8    938.3
