     7     1
    GDAS    19     6     1     0     0
    GDAS    19     7     1     0     0
    GDAS    19     8     1     0     0
    GDAS    19     9     1     0     0
    GDAS    19    10     1     0     0
    GDAS    19    11     1     0     0
    GDAS    19    12     1     0     0
     1 BACKWARD OMEGA   
    19    11    26     6   21.319 -157.670    10.0
     1 PRESSURE
     1     1    19    11    26     6     0     0     0.0   21.319 -157.670     10.0   1010.2
     1     1    19    11    26     5     0     1    -1.0   21.276 -157.515     20.2   1007.9
     1     1    19    11    26     4     0     2    -2.0   21.254 -157.361     46.7   1003.7
     1     1    19    11    26     3     0     3    -3.0   21.251 -157.200     92.1    996.4
     1     1    19    11    26     2     0     2    -4.0   21.264 -157.040    129.2    989.1
     1     1    19    11    26     1     0     1    -5.0   21.269 -156.880    142.4    987.8
     1     1    19    11    26     0     0     0    -6.0   21.245 -156.711    140.9    989.9
     1     1    19    11    25    23     0     1    -7.0   21.187 -156.520    141.3    993.3
     1     1    19    11    25    22     0     2    -8.0   21.085 -156.279    152.0    994.5
     1     1    19    11    25    21     0     3    -9.0   20.930 -155.958    173.4    995.3
     1     1    19    11    25    20     0     2   -10.0   20.767 -155.630    195.0    991.8
     1     1    19    11    25    19     0     1   -11.0   20.614 -155.337    207.7    990.3
     1     1    19    11    25    18     0     0   -12.0   20.447 -155.060    205.7    990.3
     1     1    19    11    25    17     0     1   -13.0   20.271 -154.808    195.9    992.2
     1     1    19    11    25    16     0     2   -14.0   20.109 -154.576    185.9    993.0
     1     1    19    11    25    15     0     3   -15.0   19.971 -154.339    170.3    994.0
     1     1    19    11    25    14     0     2   -16.0   19.864 -154.070    152.4    997.0
     1     1    19    11    25    13     0     1   -17.0   19.784 -153.772    141.2    998.5
     1     1    19    11    25    12     0     0   -18.0   19.720 -153.458    136.8    998.6
     1     1    19    11    25    11     0     1   -19.0   19.669 -153.125    133.8    999.0
     1     1    19    11    25    10     0     2   -20.0   19.623 -152.776    128.4    999.9
     1     1    19    11    25     9     0     3   -21.0   19.581 -152.413    121.3   1001.1
     1     1    19    11    25     8     0     2   -22.0   19.549 -152.040    116.6   1001.9
     1     1    19    11    25     7     0     1   -23.0   19.527 -151.661    116.2   1001.9
     1     1    19    11    25     6     0     0   -24.0   19.509 -151.273    118.0   1001.7
     1     1    19    11    25     5     0     1   -25.0   19.499 -150.879    119.3   1001.0
     1     1    19    11    25     4     0     2   -26.0   19.497 -150.486    120.4   1000.5
     1     1    19    11    25     3     0     3   -27.0   19.495 -150.082    121.1    999.8
     1     1    19    11    25     2     0     2   -28.0   19.499 -149.671    122.3    999.6
     1     1    19    11    25     1     0     1   -29.0   19.513 -149.263    124.7    999.0
     1     1    19    11    25     0     0     0   -30.0   19.526 -148.844    125.5    998.6
     1     1    19    11    24    23     0     1   -31.0   19.548 -148.419    123.7    999.4
     1     1    19    11    24    22     0     2   -32.0   19.584 -147.990    120.3   1000.4
     1     1    19    11    24    21     0     3   -33.0   19.622 -147.555    114.7   1001.4
     1     1    19    11    24    20     0     2   -34.0   19.670 -147.130    108.1   1002.5
     1     1    19    11    24    19     0     1   -35.0   19.727 -146.717    102.2   1003.4
     1     1    19    11    24    18     0     0   -36.0   19.799 -146.305     91.8   1004.7
     1     1    19    11    24    17     0     1   -37.0   19.883 -145.903     77.5   1006.8
     1     1    19    11    24    16     0     2   -38.0   19.963 -145.523     68.0   1008.2
     1     1    19    11    24    15     0     3   -39.0   20.027 -145.153     63.1   1007.3
     1     1    19    11    24    14     0     2   -40.0   20.082 -144.787     61.6   1008.0
     1     1    19    11    24    13     0     1   -41.0   20.139 -144.427     65.2   1007.3
     1     1    19    11    24    12     0     0   -42.0   20.186 -144.076     70.7   1006.5
     1     1    19    11    24    11     0     1   -43.0   20.229 -143.726     74.0   1006.0
     1     1    19    11    24    10     0     2   -44.0   20.284 -143.370     73.1   1006.5
     1     1    19    11    24     9     0     3   -45.0   20.351 -143.006     70.4   1007.3
     1     1    19    11    24     8     0     2   -46.0   20.436 -142.637     68.4   1007.8
     1     1    19    11    24     7     0     1   -47.0   20.537 -142.268     67.2   1007.9
     1     1    19    11    24     6     0     0   -48.0   20.641 -141.903     64.0   1008.3
     1     1    19    11    24     5     0     1   -49.0   20.746 -141.551     61.3   1008.9
     1     1    19    11    24     4     0     2   -50.0   20.850 -141.210     62.2   1008.6
     1     1    19    11    24     3     0     3   -51.0   20.947 -140.872     66.4   1007.6
     1     1    19    11    24     2     0     2   -52.0   21.046 -140.536     72.4   1006.7
     1     1    19    11    24     1     0     1   -53.0   21.168 -140.209     78.2   1005.9
     1     1    19    11    24     0     0     0   -54.0   21.316 -139.890     81.7   1005.4
     1     1    19    11    23    23     0     1   -55.0   21.468 -139.577     80.2   1005.7
     1     1    19    11    23    22     0     2   -56.0   21.604 -139.266     75.4   1006.9
     1     1    19    11    23    21     0     3   -57.0   21.716 -138.957     71.5   1007.9
     1     1    19    11    23    20     0     2   -58.0   21.826 -138.652     70.0   1008.4
     1     1    19    11    23    19     0     1   -59.0   21.953 -138.355     70.0   1008.6
     1     1    19    11    23    18     0     0   -60.0   22.095 -138.066     70.1   1008.8
     1     1    19    11    23    17     0     1   -61.0   22.253 -137.785     70.1   1008.7
     1     1    19    11    23    16     0     2   -62.0   22.419 -137.519     69.8   1008.6
     1     1    19    11    23    15     0     3   -63.0   22.575 -137.271     69.6   1008.6
     1     1    19    11    23    14     0     2   -64.0   22.717 -137.037     71.2   1008.6
     1     1    19    11    23    13     0     1   -65.0   22.851 -136.807     75.8   1008.0
     1     1    19    11    23    12     0     0   -66.0   22.989 -136.579     84.9   1007.2
     1     1    19    11    23    11     0     1   -67.0   23.141 -136.353     98.0   1005.4
     1     1    19    11    23    10     0     2   -68.0   23.310 -136.137    109.9   1004.0
     1     1    19    11    23     9     0     3   -69.0   23.479 -135.935    117.9   1003.2
     1     1    19    11    23     8     0     2   -70.0   23.644 -135.741    122.3   1003.5
     1     1    19    11    23     7     0     1   -71.0   23.811 -135.548    123.1   1004.0
     1     1    19    11    23     6     0     0   -72.0   23.983 -135.358    118.4   1005.1
     1     1    19    11    23     5     0     1   -73.0   24.168 -135.174    113.9   1005.6
     1     1    19    11    23     4     0     2   -74.0   24.361 -135.001    118.1   1004.6
     1     1    19    11    23     3     0     3   -75.0   24.550 -134.838    131.6   1002.3
     1     1    19    11    23     2     0     2   -76.0   24.734 -134.684    145.4    999.9
     1     1    19    11    23     1     0     1   -77.0   24.920 -134.538    155.5    999.1
     1     1    19    11    23     0     0     0   -78.0   25.113 -134.398    170.3    997.7
     1     1    19    11    22    23     0     1   -79.0   25.308 -134.269    188.8    995.2
     1     1    19    11    22    22     0     2   -80.0   25.498 -134.152    206.3    993.6
     1     1    19    11    22    21     0     3   -81.0   25.679 -134.040    225.5    992.1
     1     1    19    11    22    20     0     2   -82.0   25.864 -133.930    246.0    990.2
     1     1    19    11    22    19     0     1   -83.0   26.065 -133.828    262.1    988.8
     1     1    19    11    22    18     0     0   -84.0   26.276 -133.730    269.8    988.2
     1     1    19    11    22    17     0     1   -85.0   26.485 -133.632    271.4    988.0
     1     1    19    11    22    16     0     2   -86.0   26.681 -133.534    270.3    987.8
     1     1    19    11    22    15     0     3   -87.0   26.869 -133.436    269.2    988.0
     1     1    19    11    22    14     0     2   -88.0   27.056 -133.340    267.5    987.7
     1     1    19    11    22    13     0     1   -89.0   27.249 -133.249    262.6    988.3
     1     1    19    11    22    12     0     0   -90.0   27.450 -133.161    254.9    989.0
     1     1    19    11    22    11     0     1   -91.0   27.652 -133.072    254.2    990.1
     1     1    19    11    22    10     0     2   -92.0   27.853 -132.982    268.7    988.6
     1     1    19    11    22     9     0     3   -93.0   28.054 -132.889    295.7    984.9
     1     1    19    11    22     8     0     2   -94.0   28.261 -132.800    324.6    980.8
     1     1    19    11    22     7     0     1   -95.0   28.475 -132.721    349.4    978.6
     1     1    19    11    22     6     0     0   -96.0   28.697 -132.656    374.2    976.3
     1     1    19    11    22     5     0     1   -97.0   28.932 -132.609    391.2    973.0
     1     1    19    11    22     4     0     2   -98.0   29.186 -132.578    396.3    972.5
     1     1    19    11    22     3     0     3   -99.0   29.452 -132.554    402.5    972.0
     1     1    19    11    22     2     0     2  -100.0   29.715 -132.545    421.8    970.4
     1     1    19    11    22     1     0     1  -101.0   29.966 -132.558    451.7    966.1
     1     1    19    11    22     0     0     0  -102.0   30.214 -132.596    476.7    962.1
     1     1    19    11    21    23     0     1  -103.0   30.463 -132.641    496.0    960.8
     1     1    19    11    21    22     0     2  -104.0   30.706 -132.676    514.6    958.1
     1     1    19    11    21    21     0     3  -105.0   30.939 -132.702    525.0    956.4
     1     1    19    11    21    20     0     2  -106.0   31.174 -132.730    535.4    957.1
     1     1    19    11    21    19     0     1  -107.0   31.428 -132.771    550.6    955.2
     1     1    19    11    21    18     0     0  -108.0   31.699 -132.819    552.0    954.2
     1     1    19    11    21    17     0     1  -109.0   31.978 -132.876    550.3    956.5
     1     1    19    11    21    16     0     2  -110.0   32.256 -132.952    580.0    953.9
     1     1    19    11    21    15     0     3  -111.0   32.537 -133.048    638.6    945.6
     1     1    19    11    21    14     0     2  -112.0   32.822 -133.151    676.6    937.2
     1     1    19    11    21    13     0     1  -113.0   33.109 -133.256    679.6    938.9
     1     1    19    11    21    12     0     0  -114.0   33.400 -133.373    674.7    940.7
     1     1    19    11    21    11     0     1  -115.0   33.693 -133.504    675.6    941.1
     1     1    19    11    21    10     0     2  -116.0   33.986 -133.643    682.4    939.9
     1     1    19    11    21     9     0     3  -117.0   34.276 -133.786    689.5    938.9
     1     1    19    11    21     8     0     2  -118.0   34.560 -133.927    706.6    938.5
     1     1    19    11    21     7     0     1  -119.0   34.837 -134.057    749.4    934.3
     1     1    19    11    21     6     0     0  -120.0   35.096 -134.177    821.0    926.4
     1     1    19    11    21     5     0     1  -121.0   35.339 -134.302    892.7    915.3
     1     1    19    11    21     4     0     2  -122.0   35.569 -134.440    947.5    910.3
     1     1    19    11    21     3     0     3  -123.0   35.784 -134.584   1008.4    904.6
     1     1    19    11    21     2     0     2  -124.0   35.986 -134.725   1077.9    896.4
     1     1    19    11    21     1     0     1  -125.0   36.177 -134.850   1137.5    889.3
     1     1    19    11    21     0     0     0  -126.0   36.355 -134.953   1181.5    885.2
     1     1    19    11    20    23     0     1  -127.0   36.512 -135.046   1208.7    882.0
     1     1    19    11    20    22     0     2  -128.0   36.643 -135.146   1216.5    882.0
     1     1    19    11    20    21     0     3  -129.0   36.752 -135.254   1211.4    883.3
     1     1    19    11    20    20     0     2  -130.0   36.851 -135.350   1214.7    885.6
     1     1    19    11    20    19     0     1  -131.0   36.946 -135.414   1239.7    883.1
     1     1    19    11    20    18     0     0  -132.0   37.036 -135.439   1280.6    879.1
     1     1    19    11    20    17     0     1  -133.0   37.123 -135.428   1316.7    872.9
     1     1    19    11    20    16     0     2  -134.0   37.210 -135.388   1327.0    871.4
     1     1    19    11    20    15     0     3  -135.0   37.306 -135.320   1308.5    872.9
     1     1    19    11    20    14     0     2  -136.0   37.414 -135.234   1275.6    878.3
     1     1    19    11    20    13     0     1  -137.0   37.531 -135.137   1242.9    881.8
     1     1    19    11    20    12     0     0  -138.0   37.655 -135.027   1212.5    885.4
     1     1    19    11    20    11     0     1  -139.0   37.790 -134.903   1182.7    888.6
     1     1    19    11    20    10     0     2  -140.0   37.943 -134.760   1151.1    892.3
     1     1    19    11    20     9     0     3  -141.0   38.117 -134.594   1115.8    896.1
     1     1    19    11    20     8     0     2  -142.0   38.305 -134.420   1099.6    900.5
     1     1    19    11    20     7     0     1  -143.0   38.502 -134.252   1113.9    898.0
     1     1    19    11    20     6     0     0  -144.0   38.713 -134.096   1135.8    894.7
     1     1    19    11    20     5     0     1  -145.0   38.952 -133.933   1152.2    892.5
     1     1    19    11    20     4     0     2  -146.0   39.227 -133.742   1168.5    891.2
     1     1    19    11    20     3     0     3  -147.0   39.531 -133.539   1214.3    888.0
     1     1    19    11    20     2     0     2  -148.0   39.864 -133.373   1303.8    877.4
     1     1    19    11    20     1     0     1  -149.0   40.223 -133.264   1394.4    864.7
     1     1    19    11    20     0     0     0  -150.0   40.599 -133.206   1438.5    858.3
     1     1    19    11    19    23     0     1  -151.0   40.981 -133.169   1457.9    860.1
     1     1    19    11    19    22     0     2  -152.0   41.365 -133.141   1498.1    856.7
     1     1    19    11    19    21     0     3  -153.0   41.739 -133.132   1556.0    849.1
     1     1    19    11    19    20     0     2  -154.0   42.112 -133.135   1615.2    842.5
     1     1    19    11    19    19     0     1  -155.0   42.498 -133.145   1672.0    836.8
     1     1    19    11    19    18     0     0  -156.0   42.897 -133.158   1715.5    831.4
     1     1    19    11    19    17     0     1  -157.0   43.312 -133.177   1749.0    828.6
     1     1    19    11    19    16     0     2  -158.0   43.745 -133.207   1795.5    823.6
     1     1    19    11    19    15     0     3  -159.0   44.200 -133.253   1862.9    816.1
     1     1    19    11    19    14     0     2  -160.0   44.674 -133.334   1939.7    806.8
     1     1    19    11    19    13     0     1  -161.0   45.152 -133.464   2018.2    799.3
     1     1    19    11    19    12     0     0  -162.0   45.635 -133.641   2086.7    790.6
     1     1    19    11    19    11     0     1  -163.0   46.113 -133.838   2134.6    786.0
     1     1    19    11    19    10     0     2  -164.0   46.575 -134.047   2183.0    781.7
     1     1    19    11    19     9     0     3  -165.0   47.023 -134.291   2228.8    775.2
     1     1    19    11    19     8     0     2  -166.0   47.463 -134.562   2264.4    772.1
     1     1    19    11    19     7     0     1  -167.0   47.887 -134.843   2316.8    768.9
     1     1    19    11    19     6     0     0  -168.0   48.281 -135.140   2434.0    759.5
     1     1    19    11    19     5     0     1  -169.0   48.657 -135.458   2584.5    739.1
     1     1    19    11    19     4     0     2  -170.0   49.023 -135.778   2690.9    726.7
     1     1    19    11    19     3     0     3  -171.0   49.378 -136.093   2740.5    721.8
     1     1    19    11    19     2     0     2  -172.0   49.714 -136.401   2766.4    721.6
     1     1    19    11    19     1     0     1  -173.0   50.030 -136.710   2785.5    718.6
     1     1    19    11    19     0     0     0  -174.0   50.334 -137.022   2777.6    718.1
     1     1    19    11    18    23     0     1  -175.0   50.610 -137.322   2769.8    721.6
     1     1    19    11    18    22     0     2  -176.0   50.851 -137.615   2804.4    717.8
     1     1    19    11    18    21     0     3  -177.0   51.073 -137.935   2893.8    710.2
     1     1    19    11    18    20     0     2  -178.0   51.276 -138.289   3018.1    695.6
     1     1    19    11    18    19     0     1  -179.0   51.456 -138.632   3144.7    684.8
     1     1    19    11    18    18     0     0  -180.0   51.615 -138.974   3282.2    672.8
     1     1    19    11    18    17     0     1  -181.0   51.740 -139.362   3387.2    659.0
     1     1    19    11    18    16     0     2  -182.0   51.823 -139.803   3428.7    656.1
     1     1    19    11    18    15     0     3  -183.0   51.869 -140.264   3442.0    656.2
     1     1    19    11    18    14     0     2  -184.0   51.868 -140.718   3428.5    655.9
     1     1    19    11    18    13     0     1  -185.0   51.825 -141.135   3367.2    661.1
     1     1    19    11    18    12     0     0  -186.0   51.764 -141.492   3281.8    670.4
     1     1    19    11    18    11     0     1  -187.0   51.689 -141.780   3186.7    677.7
     1     1    19    11    18    10     0     2  -188.0   51.591 -141.986   3081.8    687.2
     1     1    19    11    18     9     0     3  -189.0   51.475 -142.111   2996.0    696.2
     1     1    19    11    18     8     0     2  -190.0   51.347 -142.191   2967.4    701.0
     1     1    19    11    18     7     0     1  -191.0   51.210 -142.262   2992.6    696.9
     1     1    19    11    18     6     0     0  -192.0   51.069 -142.320   3045.1    691.5
     1     1    19    11    18     5     0     1  -193.0   50.905 -142.408   3064.4    685.2
     1     1    19    11    18     4     0     2  -194.0   50.685 -142.537   2970.5    693.7
     1     1    19    11    18     3     0     3  -195.0   50.424 -142.661   2909.4    711.0
     1     1    19    11    18     2     0     2  -196.0   50.137 -142.824   2924.7    701.9
     1     1    19    11    18     1     0     1  -197.0   49.831 -143.076   2877.3    700.8
     1     1    19    11    18     0     0     0  -198.0   49.519 -143.362   2794.6    716.5
     1     1    19    11    17    23     0     1  -199.0   49.190 -143.629   2708.8    720.1
     1     1    19    11    17    22     0     2  -200.0   48.812 -143.904   2558.3    733.3
     1     1    19    11    17    21     0     3  -201.0   48.398 -144.223   2438.9    756.9
     1     1    19    11    17    20     0     2  -202.0   47.981 -144.575   2428.8    751.4
     1     1    19    11    17    19     0     1  -203.0   47.556 -144.922   2432.5    749.8
     1     1    19    11    17    18     0     0  -204.0   47.125 -145.306   2462.6    750.6
     1     1    19    11    17    17     0     1  -205.0   46.683 -145.746   2465.6    742.9
     1     1    19    11    17    16     0     2  -206.0   46.235 -146.169   2403.3    751.5
     1     1    19    11    17    15     0     3  -207.0   45.792 -146.578   2358.7    760.8
     1     1    19    11    17    14     0     2  -208.0   45.346 -147.010   2365.2    758.3
     1     1    19    11    17    13     0     1  -209.0   44.887 -147.463   2389.1    755.2
     1     1    19    11    17    12     0     0  -210.0   44.438 -147.931   2406.5    752.5
     1     1    19    11    17    11     0     1  -211.0   44.000 -148.419   2403.4    752.8
     1     1    19    11    17    10     0     2  -212.0   43.565 -148.907   2383.7    755.2
     1     1    19    11    17     9     0     3  -213.0   43.140 -149.390   2375.7    758.1
     1     1    19    11    17     8     0     2  -214.0   42.721 -149.882   2393.5    756.0
     1     1    19    11    17     7     0     1  -215.0   42.314 -150.375   2424.5    752.5
     1     1    19    11    17     6     0     0  -216.0   41.935 -150.863   2475.0    749.2
     1     1    19    11    17     5     0     1  -217.0   41.574 -151.368   2518.2    741.0
     1     1    19    11    17     4     0     2  -218.0   41.229 -151.902   2514.5    741.4
     1     1    19    11    17     3     0     3  -219.0   40.910 -152.454   2470.6    745.4
     1     1    19    11    17     2     0     2  -220.0   40.618 -153.027   2415.6    753.0
     1     1    19    11    17     1     0     1  -221.0   40.342 -153.631   2384.9    756.6
     1     1    19    11    17     0     0     0  -222.0   40.075 -154.257   2376.6    756.3
     1     1    19    11    16    23     0     1  -223.0   39.812 -154.892   2391.3    756.1
     1     1    19    11    16    22     0     2  -224.0   39.568 -155.539   2423.0    751.9
     1     1    19    11    16    21     0     3  -225.0   39.353 -156.199   2449.2    748.9
     1     1    19    11    16    20     0     2  -226.0   39.158 -156.866   2471.5    747.5
     1     1    19    11    16    19     0     1  -227.0   38.990 -157.538   2492.3    744.6
     1     1    19    11    16    18     0     0  -228.0   38.862 -158.207   2500.5    743.4
     1     1    19    11    16    17     0     1  -229.0   38.762 -158.872   2499.3    743.5
     1     1    19    11    16    16     0     2  -230.0   38.697 -159.539   2496.8    743.2
     1     1    19    11    16    15     0     3  -231.0   38.680 -160.210   2511.0    742.9
     1     1    19    11    16    14     0     2  -232.0   38.690 -160.885   2543.9    738.1
     1     1    19    11    16    13     0     1  -233.0   38.713 -161.576   2579.3    734.7
     1     1    19    11    16    12     0     0  -234.0   38.755 -162.300   2610.1    731.2
     1     1    19    11    16    11     0     1  -235.0   38.820 -163.029   2641.2    729.3
     1     1    19    11    16    10     0     2  -236.0   38.917 -163.761   2690.0    725.1
     1     1    19    11    16     9     0     3  -237.0   39.061 -164.510   2736.1    718.6
     1     1    19    11    16     8     0     2  -238.0   39.245 -165.264   2766.6    716.4
     1     1    19    11    16     7     0     1  -239.0   39.438 -166.040   2781.5    714.5
     1     1    19    11    16     6     0     0  -240.0   39.636 -166.819   2790.8    713.8
