     7     1
    GDAS    18    12     1     0     0
    GDAS    19     1     1     0     0
    GDAS    19     2     1     0     0
    GDAS    19     3     1     0     0
    GDAS    19     4     1     0     0
    GDAS    19     5     1     0     0
    GDAS    19     6     1     0     0
     1 BACKWARD OMEGA   
    19     1    28    18   21.319 -157.670    10.0
     1 PRESSURE
     1     1    19     1    28    18     0     0     0.0   21.319 -157.670     10.0   1012.3
     1     1    19     1    28    17     0     1    -1.0   21.562 -157.537      5.7   1012.7
     1     1    19     1    28    16     0     2    -2.0   21.833 -157.406      2.7   1013.8
     1     1    19     1    28    15     0     3    -3.0   22.127 -157.278      1.8   1015.0
     1     1    19     1    28    14     0     2    -4.0   22.430 -157.160      1.8   1014.9
     1     1    19     1    28    13     0     1    -5.0   22.732 -157.057      1.9   1014.4
     1     1    19     1    28    12     0     0    -6.0   23.034 -156.967      1.9   1013.4
     1     1    19     1    28    11     0     1    -7.0   23.342 -156.878      2.1   1015.1
     1     1    19     1    28    10     0     2    -8.0   23.663 -156.779      2.5   1016.1
     1     1    19     1    28     9     0     3    -9.0   23.995 -156.673      2.6   1016.6
     1     1    19     1    28     8     0     2   -10.0   24.332 -156.564      2.9   1016.4
     1     1    19     1    28     7     0     1   -11.0   24.667 -156.452      3.7   1016.3
     1     1    19     1    28     6     0     0   -12.0   24.998 -156.334      5.1   1016.2
     1     1    19     1    28     5     0     1   -13.0   25.333 -156.226      6.6   1015.9
     1     1    19     1    28     4     0     2   -14.0   25.681 -156.143      8.0   1015.5
     1     1    19     1    28     3     0     3   -15.0   26.048 -156.085      9.2   1015.2
     1     1    19     1    28     2     0     2   -16.0   26.424 -156.037     10.0   1015.1
     1     1    19     1    28     1     0     1   -17.0   26.795 -155.983     10.3   1015.0
     1     1    19     1    28     0     0     0   -18.0   27.157 -155.924     10.4   1014.9
     1     1    19     1    27    23     0     1   -19.0   27.517 -155.858     10.4   1015.8
     1     1    19     1    27    22     0     2   -20.0   27.881 -155.785     10.4   1016.5
     1     1    19     1    27    21     0     3   -21.0   28.246 -155.702     10.4   1017.3
     1     1    19     1    27    20     0     2   -22.0   28.610 -155.623     10.4   1017.6
     1     1    19     1    27    19     0     1   -23.0   28.974 -155.561     10.4   1018.1
     1     1    19     1    27    18     0     0   -24.0   29.335 -155.512     10.4   1018.1
     1     1    19     1    27    17     0     1   -25.0   29.689 -155.466     10.4   1017.3
     1     1    19     1    27    16     0     2   -26.0   30.035 -155.418     10.4   1016.5
     1     1    19     1    27    15     0     3   -27.0   30.377 -155.368     10.4   1016.3
     1     1    19     1    27    14     0     2   -28.0   30.711 -155.320     10.4   1017.1
     1     1    19     1    27    13     0     1   -29.0   31.036 -155.277     10.4   1017.9
     1     1    19     1    27    12     0     0   -30.0   31.353 -155.239     10.4   1017.9
     1     1    19     1    27    11     0     1   -31.0   31.663 -155.198     10.4   1018.0
     1     1    19     1    27    10     0     2   -32.0   31.968 -155.146     10.4   1018.1
     1     1    19     1    27     9     0     3   -33.0   32.269 -155.088     10.4   1018.2
     1     1    19     1    27     8     0     2   -34.0   32.564 -155.027     10.4   1018.3
     1     1    19     1    27     7     0     1   -35.0   32.853 -154.962     10.4   1018.5
     1     1    19     1    27     6     0     0   -36.0   33.137 -154.895     10.4   1018.7
     1     1    19     1    27     5     0     1   -37.0   33.416 -154.835     10.4   1018.6
     1     1    19     1    27     4     0     2   -38.0   33.689 -154.787     10.4   1018.6
     1     1    19     1    27     3     0     3   -39.0   33.958 -154.749     10.4   1018.8
     1     1    19     1    27     2     0     2   -40.0   34.226 -154.709     10.4   1018.8
     1     1    19     1    27     1     0     1   -41.0   34.496 -154.655     10.4   1018.6
     1     1    19     1    27     0     0     0   -42.0   34.769 -154.584     10.4   1018.2
     1     1    19     1    26    23     0     1   -43.0   35.047 -154.507     10.4   1018.7
     1     1    19     1    26    22     0     2   -44.0   35.333 -154.437     10.4   1019.5
     1     1    19     1    26    21     0     3   -45.0   35.630 -154.373     10.4   1020.1
     1     1    19     1    26    20     0     2   -46.0   35.938 -154.316     10.4   1020.2
     1     1    19     1    26    19     0     1   -47.0   36.256 -154.265     10.7   1020.2
     1     1    19     1    26    18     0     0   -48.0   36.583 -154.219     11.0   1020.1
     1     1    19     1    26    17     0     1   -49.0   36.912 -154.176     11.3   1020.2
     1     1    19     1    26    16     0     2   -50.0   37.231 -154.137     11.4   1020.2
     1     1    19     1    26    15     0     3   -51.0   37.536 -154.106     11.5   1020.3
     1     1    19     1    26    14     0     2   -52.0   37.830 -154.076     11.6   1020.3
     1     1    19     1    26    13     0     1   -53.0   38.118 -154.038     11.7   1020.2
     1     1    19     1    26    12     0     0   -54.0   38.404 -153.994     12.2   1020.2
     1     1    19     1    26    11     0     1   -55.0   38.694 -153.951     13.0   1019.9
     1     1    19     1    26    10     0     2   -56.0   38.992 -153.915     13.8   1019.6
     1     1    19     1    26     9     0     3   -57.0   39.297 -153.886     14.5   1020.3
     1     1    19     1    26     8     0     2   -58.0   39.611 -153.866     15.2   1021.6
     1     1    19     1    26     7     0     1   -59.0   39.939 -153.862     16.0   1022.0
     1     1    19     1    26     6     0     0   -60.0   40.277 -153.871     16.3   1022.0
     1     1    19     1    26     5     0     1   -61.0   40.618 -153.898     16.8   1020.8
     1     1    19     1    26     4     0     2   -62.0   40.959 -153.953     18.3   1019.2
     1     1    19     1    26     3     0     3   -63.0   41.304 -154.035     21.2   1017.4
     1     1    19     1    26     2     0     2   -64.0   41.651 -154.145     24.6   1016.6
     1     1    19     1    26     1     0     1   -65.0   41.996 -154.277     27.3   1016.1
     1     1    19     1    26     0     0     0   -66.0   42.339 -154.433     29.8   1015.7
     1     1    19     1    25    23     0     1   -67.0   42.678 -154.608     32.8   1014.3
     1     1    19     1    25    22     0     2   -68.0   43.022 -154.799     37.3   1013.1
     1     1    19     1    25    21     0     3   -69.0   43.376 -155.009     44.1   1012.0
     1     1    19     1    25    20     0     2   -70.0   43.730 -155.242     52.8   1009.7
     1     1    19     1    25    19     0     1   -71.0   44.077 -155.498     63.2   1007.0
     1     1    19     1    25    18     0     0   -72.0   44.422 -155.780     75.7   1004.0
     1     1    19     1    25    17     0     1   -73.0   44.762 -156.074     90.9   1000.7
     1     1    19     1    25    16     0     2   -74.0   45.090 -156.370    108.6    997.2
     1     1    19     1    25    15     0     3   -75.0   45.400 -156.680    127.2    993.9
     1     1    19     1    25    14     0     2   -76.0   45.683 -156.992    143.7    991.2
     1     1    19     1    25    13     0     1   -77.0   45.934 -157.284    154.7    988.8
     1     1    19     1    25    12     0     0   -78.0   46.156 -157.558    158.4    987.6
     1     1    19     1    25    11     0     1   -79.0   46.352 -157.819    158.9    987.3
     1     1    19     1    25    10     0     2   -80.0   46.520 -158.080    161.5    986.2
     1     1    19     1    25     9     0     3   -81.0   46.666 -158.352    169.1    984.4
     1     1    19     1    25     8     0     2   -82.0   46.785 -158.647    181.7    981.9
     1     1    19     1    25     7     0     1   -83.0   46.876 -158.966    194.6    979.3
     1     1    19     1    25     6     0     0   -84.0   46.946 -159.305    205.2    977.5
     1     1    19     1    25     5     0     1   -85.0   46.996 -159.679    216.2    975.0
     1     1    19     1    25     4     0     2   -86.0   47.020 -160.108    226.6    972.0
     1     1    19     1    25     3     0     3   -87.0   47.026 -160.597    230.7    969.9
     1     1    19     1    25     2     0     2   -88.0   47.019 -161.131    232.6    969.4
     1     1    19     1    25     1     0     1   -89.0   46.996 -161.689    243.1    967.9
     1     1    19     1    25     0     0     0   -90.0   46.963 -162.266    262.3    964.4
     1     1    19     1    24    23     0     1   -91.0   46.927 -162.848    284.1    960.7
     1     1    19     1    24    22     0     2   -92.0   46.894 -163.429    306.1    956.8
     1     1    19     1    24    21     0     3   -93.0   46.883 -164.027    327.1    953.4
     1     1    19     1    24    20     0     2   -94.0   46.895 -164.635    349.2    950.0
     1     1    19     1    24    19     0     1   -95.0   46.921 -165.246    372.5    946.1
     1     1    19     1    24    18     0     0   -96.0   46.977 -165.883    395.7    942.6
     1     1    19     1    24    17     0     1   -97.0   47.048 -166.519    415.2    939.2
     1     1    19     1    24    16     0     2   -98.0   47.107 -167.125    425.7    937.0
     1     1    19     1    24    15     0     3   -99.0   47.179 -167.723    429.9    936.0
     1     1    19     1    24    14     0     2  -100.0   47.259 -168.286    434.9    935.6
     1     1    19     1    24    13     0     1  -101.0   47.337 -168.791    441.9    934.0
     1     1    19     1    24    12     0     0  -102.0   47.434 -169.244    446.6    932.9
     1     1    19     1    24    11     0     1  -103.0   47.523 -169.629    450.3    932.8
     1     1    19     1    24    10     0     2  -104.0   47.586 -169.946    454.1    931.7
     1     1    19     1    24     9     0     3  -105.0   47.633 -170.198    456.1    931.1
     1     1    19     1    24     8     0     2  -106.0   47.661 -170.405    452.4    930.9
     1     1    19     1    24     7     0     1  -107.0   47.676 -170.579    441.9    932.2
     1     1    19     1    24     6     0     0  -108.0   47.690 -170.718    429.2    933.7
     1     1    19     1    24     5     0     1  -109.0   47.684 -170.841    419.8    934.6
     1     1    19     1    24     4     0     2  -110.0   47.633 -170.977    417.2    934.2
     1     1    19     1    24     3     0     3  -111.0   47.522 -171.136    415.7    933.3
     1     1    19     1    24     2     0     2  -112.0   47.369 -171.310    403.5    933.9
     1     1    19     1    24     1     0     1  -113.0   47.200 -171.474    375.7    937.1
     1     1    19     1    24     0     0     0  -114.0   47.011 -171.610    335.2    942.0
     1     1    19     1    23    23     0     1  -115.0   46.809 -171.738    297.3    948.4
     1     1    19     1    23    22     0     2  -116.0   46.607 -171.894    270.5    951.4
     1     1    19     1    23    21     0     3  -117.0   46.397 -172.087    247.8    953.8
     1     1    19     1    23    20     0     2  -118.0   46.186 -172.316    224.6    955.8
     1     1    19     1    23    19     0     1  -119.0   45.985 -172.561    196.5    958.6
     1     1    19     1    23    18     0     0  -120.0   45.795 -172.807    167.3    962.8
     1     1    19     1    23    17     0     1  -121.0   45.612 -173.064    147.4    966.0
     1     1    19     1    23    16     0     2  -122.0   45.425 -173.347    139.1    966.2
     1     1    19     1    23    15     0     3  -123.0   45.223 -173.668    134.7    965.9
     1     1    19     1    23    14     0     2  -124.0   45.007 -174.021    128.3    966.4
     1     1    19     1    23    13     0     1  -125.0   44.799 -174.373    120.1    967.6
     1     1    19     1    23    12     0     0  -126.0   44.610 -174.709    111.9    968.7
     1     1    19     1    23    11     0     1  -127.0   44.437 -175.050    105.8    969.7
     1     1    19     1    23    10     0     2  -128.0   44.279 -175.409    102.8    970.0
     1     1    19     1    23     9     0     3  -129.0   44.134 -175.785    101.8    970.1
     1     1    19     1    23     8     0     2  -130.0   44.003 -176.180    102.5    969.7
     1     1    19     1    23     7     0     1  -131.0   43.895 -176.587    103.9    969.3
     1     1    19     1    23     6     0     0  -132.0   43.807 -176.995    104.5    969.0
     1     1    19     1    23     5     0     1  -133.0   43.739 -177.413    102.6    968.5
     1     1    19     1    23     4     0     2  -134.0   43.687 -177.839     97.4    968.8
     1     1    19     1    23     3     0     3  -135.0   43.645 -178.252     90.8    969.4
     1     1    19     1    23     2     0     2  -136.0   43.614 -178.651     83.8    970.1
     1     1    19     1    23     1     0     1  -137.0   43.589 -179.035     75.6    971.1
     1     1    19     1    23     0     0     0  -138.0   43.570 -179.396     67.2    972.4
     1     1    19     1    22    23     0     1  -139.0   43.556 -179.714     61.9    973.6
     1     1    19     1    22    22     0     2  -140.0   43.543 -179.982     59.9    973.9
     1     1    19     1    22    21     0     3  -141.0   43.533  179.793     59.1    974.0
     1     1    19     1    22    20     0     2  -142.0   43.531  179.596     58.4    974.0
     1     1    19     1    22    19     0     1  -143.0   43.544  179.426     57.9    973.9
     1     1    19     1    22    18     0     0  -144.0   43.575  179.292     57.4    973.9
     1     1    19     1    22    17     0     1  -145.0   43.610  179.178     56.7    974.4
     1     1    19     1    22    16     0     2  -146.0   43.638  179.064     55.9    974.9
     1     1    19     1    22    15     0     3  -147.0   43.664  178.950     55.6    975.3
     1     1    19     1    22    14     0     2  -148.0   43.683  178.820     55.6    975.8
     1     1    19     1    22    13     0     1  -149.0   43.689  178.658     55.6    976.4
     1     1    19     1    22    12     0     0  -150.0   43.685  178.467     55.6    976.9
     1     1    19     1    22    11     0     1  -151.0   43.678  178.245     55.6    977.3
     1     1    19     1    22    10     0     2  -152.0   43.676  177.988     55.6    977.7
     1     1    19     1    22     9     0     3  -153.0   43.675  177.698     55.6    978.1
     1     1    19     1    22     8     0     2  -154.0   43.674  177.387     56.5    978.3
     1     1    19     1    22     7     0     1  -155.0   43.677  177.068     58.7    978.1
     1     1    19     1    22     6     0     0  -156.0   43.684  176.741     61.8    977.8
     1     1    19     1    22     5     0     1  -157.0   43.694  176.416     65.2    977.2
     1     1    19     1    22     4     0     2  -158.0   43.710  176.102     67.6    977.0
     1     1    19     1    22     3     0     3  -159.0   43.730  175.795     69.1    976.9
     1     1    19     1    22     2     0     2  -160.0   43.756  175.504     70.2    977.1
     1     1    19     1    22     1     0     1  -161.0   43.792  175.234     71.1    977.3
     1     1    19     1    22     0     0     0  -162.0   43.841  174.984     71.4    977.5
     1     1    19     1    21    23     0     1  -163.0   43.898  174.754     71.4    977.5
     1     1    19     1    21    22     0     2  -164.0   43.960  174.540     71.3    977.4
     1     1    19     1    21    21     0     3  -165.0   44.029  174.340     71.3    977.3
     1     1    19     1    21    20     0     2  -166.0   44.100  174.149     71.3    977.3
     1     1    19     1    21    19     0     1  -167.0   44.167  173.965     71.3    977.3
     1     1    19     1    21    18     0     0  -168.0   44.233  173.791     71.3    977.2
     1     1    19     1    21    17     0     1  -169.0   44.283  173.622     71.3    977.3
     1     1    19     1    21    16     0     2  -170.0   44.303  173.459     71.3    977.3
     1     1    19     1    21    15     0     3  -171.0   44.299  173.304     71.3    977.3
     1     1    19     1    21    14     0     2  -172.0   44.274  173.153     71.3    978.0
     1     1    19     1    21    13     0     1  -173.0   44.233  173.000     71.3    978.7
     1     1    19     1    21    12     0     0  -174.0   44.173  172.842     71.3    979.3
     1     1    19     1    21    11     0     1  -175.0   44.098  172.668     71.4    979.2
     1     1    19     1    21    10     0     2  -176.0   44.016  172.461     71.5    979.2
     1     1    19     1    21     9     0     3  -177.0   43.930  172.229     71.9    979.0
     1     1    19     1    21     8     0     2  -178.0   43.852  171.967     72.5    978.9
     1     1    19     1    21     7     0     1  -179.0   43.789  171.663     73.4    979.0
     1     1    19     1    21     6     0     0  -180.0   43.736  171.313     73.9    978.9
     1     1    19     1    21     5     0     1  -181.0   43.686  170.916     72.6    978.9
     1     1    19     1    21     4     0     2  -182.0   43.632  170.463     70.4    979.1
     1     1    19     1    21     3     0     3  -183.0   43.580  169.943     69.4    979.4
     1     1    19     1    21     2     0     2  -184.0   43.530  169.380     69.7    979.4
     1     1    19     1    21     1     0     1  -185.0   43.484  168.795     71.7    979.4
     1     1    19     1    21     0     0     0  -186.0   43.442  168.183     75.2    978.9
     1     1    19     1    20    23     0     1  -187.0   43.407  167.538     78.6    978.1
     1     1    19     1    20    22     0     2  -188.0   43.389  166.855     80.5    977.4
     1     1    19     1    20    21     0     3  -189.0   43.391  166.138     80.7    977.1
     1     1    19     1    20    20     0     2  -190.0   43.415  165.389     79.7    976.7
     1     1    19     1    20    19     0     1  -191.0   43.465  164.610     77.0    976.9
     1     1    19     1    20    18     0     0  -192.0   43.546  163.811     75.2    977.2
     1     1    19     1    20    17     0     1  -193.0   43.661  162.982     73.2    977.1
     1     1    19     1    20    16     0     2  -194.0   43.803  162.135     68.6    977.6
     1     1    19     1    20    15     0     3  -195.0   43.971  161.282     60.9    978.6
     1     1    19     1    20    14     0     2  -196.0   44.166  160.426     53.6    980.2
     1     1    19     1    20    13     0     1  -197.0   44.390  159.567     49.7    980.8
     1     1    19     1    20    12     0     0  -198.0   44.638  158.699     49.1    981.2
     1     1    19     1    20    11     0     1  -199.0   44.904  157.845     49.3    981.0
     1     1    19     1    20    10     0     2  -200.0   45.181  157.023     46.8    981.4
     1     1    19     1    20     9     0     3  -201.0   45.474  156.241     43.6    982.2
     1     1    19     1    20     8     0     2  -202.0   45.784  155.495     39.6    983.0
     1     1    19     1    20     7     0     1  -203.0   46.107  154.779     36.4    983.6
     1     1    19     1    20     6     0     0  -204.0   46.453  154.093     34.2    984.1
     1     1    19     1    20     5     0     1  -205.0   46.821  153.451     32.6    985.0
     1     1    19     1    20     4     0     2  -206.0   47.204  152.862     30.9    985.8
     1     1    19     1    20     3     0     3  -207.0   47.601  152.323     30.1    986.2
     1     1    19     1    20     2     0     2  -208.0   48.023  151.822     30.1    986.9
     1     1    19     1    20     1     0     1  -209.0   48.479  151.345     30.1    988.2
     1     1    19     1    20     0     0     0  -210.0   48.971  150.895     30.1    989.6
     1     1    19     1    19    23     0     1  -211.0   49.484  150.474     30.1    989.0
     1     1    19     1    19    22     0     2  -212.0   49.997  150.085     30.1    989.2
     1     1    19     1    19    21     0     3  -213.0   50.511  149.728     30.1    990.0
     1     1    19     1    19    20     0     2  -214.0   51.032  149.397     30.1    990.9
     1     1    19     1    19    19     0     1  -215.0   51.572  149.092     30.1    991.8
     1     1    19     1    19    18     0     0  -216.0   52.129  148.810     30.1    992.0
     1     1    19     1    19    17     0     1  -217.0   52.677  148.561     30.1    992.4
     1     1    19     1    19    16     0     2  -218.0   53.194  148.364     30.1    993.5
     1     1    19     1    19    15     0     3  -219.0   53.678  148.225     30.1    994.8
     1     1    19     1    19    14     0     2  -220.0   54.143  148.155     29.4    995.1
     1     1    19     1    19    13     0     1  -221.0   54.605  148.168     27.6    995.9
     1     1    19     1    19    12     0     0  -222.0   55.069  148.269     25.1    997.0
     1     1    19     1    19    11     0     1  -223.0   55.516  148.452     23.0    997.8
     1     1    19     1    19    10     0     2  -224.0   55.937  148.704     21.8    998.6
     1     1    19     1    19     9     0     3  -225.0   56.341  149.001     20.6    999.7
     1     1    19     1    19     8     0     2  -226.0   56.724  149.311     19.5    999.9
     1     1    19     1    19     7     0     1  -227.0   57.082  149.653     18.5   1000.5
     1     1    19     1    19     6     0     0  -228.0   57.423  149.995     17.9   1001.5
     1     1    19     1    19     5     0     1  -229.0   57.734  150.272     16.5   1001.4
     1     1    19     1    19     4     0     2  -230.0   57.997  150.539     13.7   1001.9
     1     1    19     1    19     3     0     3  -231.0   58.236  150.902     16.2   1001.8
     1     1    19     1    19     2     0     2  -232.0   58.479  151.354     50.0    991.2
     1     1    19     1    19     1     0     1  -233.0   58.725  151.756    158.5    962.0
     1     1    19     1    19     0     0     0  -234.0   58.952  152.156    280.6    926.6
     1     1    19     1    18    23     0     1  -235.0   59.178  152.599    426.0    922.9
     1     1    19     1    18    22     0     2  -236.0   59.398  153.154    603.7    908.8
     1     1    19     1    18    21     0     3  -237.0   59.592  153.784    744.9    889.6
     1     1    19     1    18    20     0     2  -238.0   59.789  154.457    812.9    889.3
     1     1    19     1    18    19     0     1  -239.0   60.045  155.174    794.1    898.4
     1     1    19     1    18    18     0     0  -240.0   60.317  155.817    738.9    900.6
