     7     1
    GDAS    19     6     1     0     0
    GDAS    19     7     1     0     0
    GDAS    19     8     1     0     0
    GDAS    19     9     1     0     0
    GDAS    19    10     1     0     0
    GDAS    19    11     1     0     0
    GDAS    19    12     1     0     0
     1 BACKWARD OMEGA   
    19    10    31     6   21.319 -157.670    10.0
     1 PRESSURE
     1     1    19    10    31     6     0     0     0.0   21.319 -157.670     10.0   1007.2
     1     1    19    10    31     5     0     1    -1.0   21.375 -157.682     10.3   1006.7
     1     1    19    10    31     4     0     2    -2.0   21.427 -157.717     10.3   1006.3
     1     1    19    10    31     3     0     3    -3.0   21.475 -157.774     10.0   1006.0
     1     1    19    10    31     2     0     2    -4.0   21.520 -157.849      9.7   1006.6
     1     1    19    10    31     1     0     1    -5.0   21.566 -157.936      9.5   1007.1
     1     1    19    10    31     0     0     0    -6.0   21.612 -158.034      9.4   1007.5
     1     1    19    10    30    23     0     1    -7.0   21.651 -158.132      9.2   1008.2
     1     1    19    10    30    22     0     2    -8.0   21.673 -158.223      9.0   1009.0
     1     1    19    10    30    21     0     3    -9.0   21.681 -158.313      9.0   1009.7
     1     1    19    10    30    20     0     2   -10.0   21.677 -158.403      9.2   1009.7
     1     1    19    10    30    19     0     1   -11.0   21.661 -158.495      9.5   1009.8
     1     1    19    10    30    18     0     0   -12.0   21.632 -158.593     10.0   1009.8
     1     1    19    10    30    17     0     1   -13.0   21.593 -158.690     10.8   1009.3
     1     1    19    10    30    16     0     2   -14.0   21.550 -158.773     11.9   1008.7
     1     1    19    10    30    15     0     3   -15.0   21.505 -158.841     13.2   1008.0
     1     1    19    10    30    14     0     2   -16.0   21.468 -158.892     14.5   1007.9
     1     1    19    10    30    13     0     1   -17.0   21.445 -158.925     15.4   1007.9
     1     1    19    10    30    12     0     0   -18.0   21.437 -158.943     15.7   1008.0
     1     1    19    10    30    11     0     1   -19.0   21.442 -158.947     15.7   1009.0
     1     1    19    10    30    10     0     2   -20.0   21.456 -158.940     15.7   1010.1
     1     1    19    10    30     9     0     3   -21.0   21.481 -158.921     15.7   1011.1
     1     1    19    10    30     8     0     2   -22.0   21.513 -158.900     15.7   1010.1
     1     1    19    10    30     7     0     1   -23.0   21.555 -158.884     15.7   1009.0
     1     1    19    10    30     6     0     0   -24.0   21.605 -158.875     15.7   1008.0
     1     1    19    10    30     5     0     1   -25.0   21.656 -158.866     15.9   1007.8
     1     1    19    10    30     4     0     2   -26.0   21.701 -158.852     16.5   1007.6
     1     1    19    10    30     3     0     3   -27.0   21.739 -158.832     17.4   1007.3
     1     1    19    10    30     2     0     2   -28.0   21.771 -158.805     18.5   1007.3
     1     1    19    10    30     1     0     1   -29.0   21.798 -158.766     19.8   1007.4
     1     1    19    10    30     0     0     0   -30.0   21.821 -158.715     21.6   1007.5
     1     1    19    10    29    23     0     1   -31.0   21.838 -158.652     23.7   1008.1
     1     1    19    10    29    22     0     2   -32.0   21.848 -158.577     25.3   1008.9
     1     1    19    10    29    21     0     3   -33.0   21.845 -158.493     26.0   1009.7
     1     1    19    10    29    20     0     2   -34.0   21.830 -158.397     25.8   1009.0
     1     1    19    10    29    19     0     1   -35.0   21.806 -158.287     25.2   1008.3
     1     1    19    10    29    18     0     0   -36.0   21.773 -158.163     23.9   1007.7
     1     1    19    10    29    17     0     1   -37.0   21.734 -158.032     22.0   1007.8
     1     1    19    10    29    16     0     2   -38.0   21.702 -157.897     20.2   1007.7
     1     1    19    10    29    15     0     3   -39.0   21.681 -157.757     18.9   1007.4
     1     1    19    10    29    14     0     2   -40.0   21.669 -157.614     18.1   1007.4
     1     1    19    10    29    13     0     1   -41.0   21.663 -157.471     18.2   1007.3
     1     1    19    10    29    12     0     0   -42.0   21.665 -157.325     19.2   1007.0
     1     1    19    10    29    11     0     1   -43.0   21.665 -157.172     23.3   1007.1
     1     1    19    10    29    10     0     2   -44.0   21.655 -157.005     35.5   1005.9
     1     1    19    10    29     9     0     3   -45.0   21.629 -156.824     58.2   1004.3
     1     1    19    10    29     8     0     2   -46.0   21.590 -156.628     88.9    999.8
     1     1    19    10    29     7     0     1   -47.0   21.543 -156.415    122.5    996.1
     1     1    19    10    29     6     0     0   -48.0   21.482 -156.178    150.8    993.0
     1     1    19    10    29     5     0     1   -49.0   21.408 -155.928    164.7    991.7
     1     1    19    10    29     4     0     2   -50.0   21.337 -155.685    169.8    991.8
     1     1    19    10    29     3     0     3   -51.0   21.278 -155.450    175.0    991.1
     1     1    19    10    29     2     0     2   -52.0   21.231 -155.214    179.4    990.2
     1     1    19    10    29     1     0     1   -53.0   21.202 -154.969    179.6    989.7
     1     1    19    10    29     0     0     0   -54.0   21.196 -154.722    175.1    990.2
     1     1    19    10    28    23     0     1   -55.0   21.201 -154.470    168.3    992.1
     1     1    19    10    28    22     0     2   -56.0   21.207 -154.206    156.3    994.1
     1     1    19    10    28    21     0     3   -57.0   21.209 -153.928    135.0    997.6
     1     1    19    10    28    20     0     2   -58.0   21.220 -153.650    114.4   1001.0
     1     1    19    10    28    19     0     1   -59.0   21.244 -153.377    102.1   1002.3
     1     1    19    10    28    18     0     0   -60.0   21.268 -153.100     94.5   1003.1
     1     1    19    10    28    17     0     1   -61.0   21.285 -152.827     89.7   1003.2
     1     1    19    10    28    16     0     2   -62.0   21.299 -152.565     87.0   1003.1
     1     1    19    10    28    15     0     3   -63.0   21.312 -152.305     86.2   1002.7
     1     1    19    10    28    14     0     2   -64.0   21.327 -152.039     88.5   1002.3
     1     1    19    10    28    13     0     1   -65.0   21.347 -151.773     95.4   1001.1
     1     1    19    10    28    12     0     0   -66.0   21.369 -151.511    106.4    999.5
     1     1    19    10    28    11     0     1   -67.0   21.393 -151.246    118.4    998.8
     1     1    19    10    28    10     0     2   -68.0   21.422 -150.972    129.1    998.5
     1     1    19    10    28     9     0     3   -69.0   21.462 -150.692    138.1    998.3
     1     1    19    10    28     8     0     2   -70.0   21.513 -150.409    144.4    997.7
     1     1    19    10    28     7     0     1   -71.0   21.575 -150.124    151.1    997.3
     1     1    19    10    28     6     0     0   -72.0   21.647 -149.833    160.3    996.2
     1     1    19    10    28     5     0     1   -73.0   21.722 -149.544    164.6    994.4
     1     1    19    10    28     4     0     2   -74.0   21.797 -149.260    160.8    994.8
     1     1    19    10    28     3     0     3   -75.0   21.874 -148.978    158.7    995.3
     1     1    19    10    28     2     0     2   -76.0   21.949 -148.700    157.4    994.5
     1     1    19    10    28     1     0     1   -77.0   22.018 -148.429    151.3    995.4
     1     1    19    10    28     0     0     0   -78.0   22.086 -148.161    144.8    996.5
     1     1    19    10    27    23     0     1   -79.0   22.154 -147.893    142.5    997.8
     1     1    19    10    27    22     0     2   -80.0   22.226 -147.624    144.4    998.1
     1     1    19    10    27    21     0     3   -81.0   22.305 -147.354    145.9    998.4
     1     1    19    10    27    20     0     2   -82.0   22.391 -147.087    146.1    998.8
     1     1    19    10    27    19     0     1   -83.0   22.479 -146.825    147.7    999.0
     1     1    19    10    27    18     0     0   -84.0   22.568 -146.568    153.4    998.5
     1     1    19    10    27    17     0     1   -85.0   22.664 -146.322    162.0    996.7
     1     1    19    10    27    16     0     2   -86.0   22.773 -146.092    168.1    995.3
     1     1    19    10    27    15     0     3   -87.0   22.890 -145.877    171.3    994.8
     1     1    19    10    27    14     0     2   -88.0   23.006 -145.671    172.2    994.4
     1     1    19    10    27    13     0     1   -89.0   23.111 -145.470    168.8    994.5
     1     1    19    10    27    12     0     0   -90.0   23.206 -145.274    161.6    995.4
     1     1    19    10    27    11     0     1   -91.0   23.289 -145.076    154.0    997.1
     1     1    19    10    27    10     0     2   -92.0   23.364 -144.869    146.8    998.4
     1     1    19    10    27     9     0     3   -93.0   23.429 -144.652    138.8    999.9
     1     1    19    10    27     8     0     2   -94.0   23.494 -144.426    132.8   1000.7
     1     1    19    10    27     7     0     1   -95.0   23.571 -144.189    130.3   1000.9
     1     1    19    10    27     6     0     0   -96.0   23.662 -143.939    129.6   1000.9
     1     1    19    10    27     5     0     1   -97.0   23.765 -143.691    129.1   1000.6
     1     1    19    10    27     4     0     2   -98.0   23.874 -143.460    126.5   1000.5
     1     1    19    10    27     3     0     3   -99.0   23.986 -143.244    119.7   1000.9
     1     1    19    10    27     2     0     2  -100.0   24.099 -143.035    109.6   1002.0
     1     1    19    10    27     1     0     1  -101.0   24.217 -142.831    100.0   1003.2
     1     1    19    10    27     0     0     0  -102.0   24.338 -142.634     93.6   1004.0
     1     1    19    10    26    23     0     1  -103.0   24.460 -142.447     90.5   1005.3
     1     1    19    10    26    22     0     2  -104.0   24.576 -142.271     89.5   1006.3
     1     1    19    10    26    21     0     3  -105.0   24.683 -142.101     89.2   1007.3
     1     1    19    10    26    20     0     2  -106.0   24.783 -141.931     88.9   1007.4
     1     1    19    10    26    19     0     1  -107.0   24.880 -141.756     88.0   1007.8
     1     1    19    10    26    18     0     0  -108.0   24.977 -141.577     87.3   1008.4
     1     1    19    10    26    17     0     1  -109.0   25.076 -141.397     87.6   1007.5
     1     1    19    10    26    16     0     2  -110.0   25.177 -141.219     89.1   1006.6
     1     1    19    10    26    15     0     3  -111.0   25.279 -141.041     93.5   1005.4
     1     1    19    10    26    14     0     2  -112.0   25.382 -140.862     98.2   1004.7
     1     1    19    10    26    13     0     1  -113.0   25.482 -140.684    100.2   1004.7
     1     1    19    10    26    12     0     0  -114.0   25.581 -140.508    100.4   1004.8
     1     1    19    10    26    11     0     1  -115.0   25.679 -140.335    100.5   1005.2
     1     1    19    10    26    10     0     2  -116.0   25.774 -140.164    101.0   1005.3
     1     1    19    10    26     9     0     3  -117.0   25.866 -139.991    101.1   1005.6
     1     1    19    10    26     8     0     2  -118.0   25.962 -139.817    100.0   1005.9
     1     1    19    10    26     7     0     1  -119.0   26.067 -139.641     97.1   1006.7
     1     1    19    10    26     6     0     0  -120.0   26.181 -139.466     93.8   1007.5
     1     1    19    10    26     5     0     1  -121.0   26.300 -139.299     91.7   1007.6
     1     1    19    10    26     4     0     2  -122.0   26.417 -139.145     91.0   1007.3
     1     1    19    10    26     3     0     3  -123.0   26.530 -139.004     90.9   1007.0
     1     1    19    10    26     2     0     2  -124.0   26.636 -138.868     89.9   1006.7
     1     1    19    10    26     1     0     1  -125.0   26.735 -138.726     87.8   1006.8
     1     1    19    10    26     0     0     0  -126.0   26.823 -138.581     85.8   1006.7
     1     1    19    10    25    23     0     1  -127.0   26.904 -138.427     84.6   1007.7
     1     1    19    10    25    22     0     2  -128.0   26.984 -138.261     84.4   1008.5
     1     1    19    10    25    21     0     3  -129.0   27.064 -138.083     84.4   1009.2
     1     1    19    10    25    20     0     2  -130.0   27.150 -137.900     84.6   1009.5
     1     1    19    10    25    19     0     1  -131.0   27.242 -137.717     86.0   1009.8
     1     1    19    10    25    18     0     0  -132.0   27.341 -137.534     89.8   1009.7
     1     1    19    10    25    17     0     1  -133.0   27.445 -137.356     94.6   1008.6
     1     1    19    10    25    16     0     2  -134.0   27.555 -137.185     97.9   1008.0
     1     1    19    10    25    15     0     3  -135.0   27.667 -137.023     99.0   1007.6
     1     1    19    10    25    14     0     2  -136.0   27.775 -136.870     99.0   1007.2
     1     1    19    10    25    13     0     1  -137.0   27.872 -136.729     99.0   1006.6
     1     1    19    10    25    12     0     0  -138.0   27.958 -136.599     99.0   1006.1
     1     1    19    10    25    11     0     1  -139.0   28.036 -136.464     99.0   1006.5
     1     1    19    10    25    10     0     2  -140.0   28.114 -136.310     99.0   1006.7
     1     1    19    10    25     9     0     3  -141.0   28.195 -136.139     99.0   1006.8
     1     1    19    10    25     8     0     2  -142.0   28.283 -135.952     99.0   1007.1
     1     1    19    10    25     7     0     1  -143.0   28.380 -135.754     99.5   1007.4
     1     1    19    10    25     6     0     0  -144.0   28.482 -135.546    101.8   1007.4
     1     1    19    10    25     5     0     1  -145.0   28.596 -135.334    106.4   1006.1
     1     1    19    10    25     4     0     2  -146.0   28.726 -135.122    112.1   1004.7
     1     1    19    10    25     3     0     3  -147.0   28.869 -134.906    115.6   1003.5
     1     1    19    10    25     2     0     2  -148.0   29.014 -134.693    116.2   1003.7
     1     1    19    10    25     1     0     1  -149.0   29.152 -134.489    116.2   1003.9
     1     1    19    10    25     0     0     0  -150.0   29.288 -134.292    116.2   1003.9
     1     1    19    10    24    23     0     1  -151.0   29.426 -134.101    116.2   1004.3
     1     1    19    10    24    22     0     2  -152.0   29.568 -133.917    116.3   1004.8
     1     1    19    10    24    21     0     3  -153.0   29.712 -133.744    116.4   1005.2
     1     1    19    10    24    20     0     2  -154.0   29.857 -133.572    116.4   1006.0
     1     1    19    10    24    19     0     1  -155.0   30.002 -133.390    116.4   1006.7
     1     1    19    10    24    18     0     0  -156.0   30.145 -133.197    116.4   1007.3
     1     1    19    10    24    17     0     1  -157.0   30.293 -132.998    116.4   1006.9
     1     1    19    10    24    16     0     2  -158.0   30.455 -132.793    116.4   1006.4
     1     1    19    10    24    15     0     3  -159.0   30.632 -132.583    116.4   1006.1
     1     1    19    10    24    14     0     2  -160.0   30.820 -132.366    116.1   1006.0
     1     1    19    10    24    13     0     1  -161.0   31.018 -132.137    115.9   1006.2
     1     1    19    10    24    12     0     0  -162.0   31.223 -131.899    115.8   1006.2
     1     1    19    10    24    11     0     1  -163.0   31.438 -131.663    116.7   1006.2
     1     1    19    10    24    10     0     2  -164.0   31.669 -131.434    119.3   1006.0
     1     1    19    10    24     9     0     3  -165.0   31.915 -131.202    124.6   1005.5
     1     1    19    10    24     8     0     2  -166.0   32.177 -130.968    130.8   1004.9
     1     1    19    10    24     7     0     1  -167.0   32.451 -130.742    134.6   1004.9
     1     1    19    10    24     6     0     0  -168.0   32.737 -130.515    135.8   1005.2
     1     1    19    10    24     5     0     1  -169.0   33.035 -130.287    135.8   1005.2
     1     1    19    10    24     4     0     2  -170.0   33.347 -130.067    134.6   1005.0
     1     1    19    10    24     3     0     3  -171.0   33.670 -129.861    130.3   1005.1
     1     1    19    10    24     2     0     2  -172.0   34.012 -129.668    124.8   1006.2
     1     1    19    10    24     1     0     1  -173.0   34.381 -129.489    123.0   1006.9
     1     1    19    10    24     0     0     0  -174.0   34.777 -129.319    126.9   1006.7
     1     1    19    10    23    23     0     1  -175.0   35.188 -129.167    132.9   1006.2
     1     1    19    10    23    22     0     2  -176.0   35.605 -129.039    136.1   1006.5
     1     1    19    10    23    21     0     3  -177.0   36.028 -128.924    136.8   1007.5
     1     1    19    10    23    20     0     2  -178.0   36.454 -128.825    139.5   1008.1
     1     1    19    10    23    19     0     1  -179.0   36.881 -128.742    145.9   1007.7
     1     1    19    10    23    18     0     0  -180.0   37.307 -128.673    153.7   1007.0
     1     1    19    10    23    17     0     1  -181.0   37.733 -128.614    163.6   1005.9
     1     1    19    10    23    16     0     2  -182.0   38.166 -128.560    174.7   1004.1
     1     1    19    10    23    15     0     3  -183.0   38.601 -128.504    184.1   1002.9
     1     1    19    10    23    14     0     2  -184.0   39.028 -128.451    193.4   1002.5
     1     1    19    10    23    13     0     1  -185.0   39.443 -128.405    205.6   1001.4
     1     1    19    10    23    12     0     0  -186.0   39.852 -128.369    217.9   1000.0
     1     1    19    10    23    11     0     1  -187.0   40.245 -128.337    228.3    999.4
     1     1    19    10    23    10     0     2  -188.0   40.608 -128.300    238.1    998.7
     1     1    19    10    23     9     0     3  -189.0   40.946 -128.259    245.1    998.1
     1     1    19    10    23     8     0     2  -190.0   41.257 -128.199    254.3    998.3
     1     1    19    10    23     7     0     1  -191.0   41.544 -128.106    276.7    996.6
     1     1    19    10    23     6     0     0  -192.0   41.808 -127.990    317.8    991.9
     1     1    19    10    23     5     0     1  -193.0   42.055 -127.852    359.0    984.6
     1     1    19    10    23     4     0     2  -194.0   42.295 -127.688    378.8    982.0
     1     1    19    10    23     3     0     3  -195.0   42.531 -127.498    380.0    982.3
     1     1    19    10    23     2     0     2  -196.0   42.759 -127.294    371.3    983.8
     1     1    19    10    23     1     0     1  -197.0   42.974 -127.086    350.2    985.6
     1     1    19    10    23     0     0     0  -198.0   43.181 -126.881    324.8    990.6
     1     1    19    10    22    23     0     1  -199.0   43.379 -126.698    319.0    992.7
     1     1    19    10    22    22     0     2  -200.0   43.566 -126.547    334.3    989.8
     1     1    19    10    22    21     0     3  -201.0   43.742 -126.424    352.1    986.7
     1     1    19    10    22    20     0     2  -202.0   43.919 -126.301    365.6    985.6
     1     1    19    10    22    19     0     1  -203.0   44.104 -126.155    377.9    984.8
     1     1    19    10    22    18     0     0  -204.0   44.296 -125.992    403.8    983.4
     1     1    19    10    22    17     0     1  -205.0   44.500 -125.860    451.5    976.6
     1     1    19    10    22    16     0     2  -206.0   44.723 -125.793    508.4    968.5
     1     1    19    10    22    15     0     3  -207.0   44.967 -125.772    573.3    960.7
     1     1    19    10    22    14     0     2  -208.0   45.206 -125.811    644.9    951.6
     1     1    19    10    22    13     0     1  -209.0   45.413 -125.935    722.9    942.0
     1     1    19    10    22    12     0     0  -210.0   45.594 -126.134    801.4    931.3
     1     1    19    10    22    11     0     1  -211.0   45.764 -126.406    832.5    924.6
     1     1    19    10    22    10     0     2  -212.0   45.943 -126.734    806.6    928.9
     1     1    19    10    22     9     0     3  -213.0   46.132 -127.087    778.9    935.1
     1     1    19    10    22     8     0     2  -214.0   46.320 -127.479    779.7    934.1
     1     1    19    10    22     7     0     1  -215.0   46.499 -127.924    805.3    930.6
     1     1    19    10    22     6     0     0  -216.0   46.666 -128.426    843.0    924.4
     1     1    19    10    22     5     0     1  -217.0   46.835 -128.986    875.2    920.1
     1     1    19    10    22     4     0     2  -218.0   46.997 -129.605    883.4    916.0
     1     1    19    10    22     3     0     3  -219.0   47.149 -130.284    847.9    919.4
     1     1    19    10    22     2     0     2  -220.0   47.285 -131.041    799.0    926.6
     1     1    19    10    22     1     0     1  -221.0   47.396 -131.876    792.4    926.4
     1     1    19    10    22     0     0     0  -222.0   47.482 -132.770    835.7    920.1
     1     1    19    10    21    23     0     1  -223.0   47.554 -133.702    870.8    914.9
     1     1    19    10    21    22     0     2  -224.0   47.604 -134.662    878.3    914.5
     1     1    19    10    21    21     0     3  -225.0   47.649 -135.659    916.3    909.7
     1     1    19    10    21    20     0     2  -226.0   47.692 -136.689    964.7    902.4
     1     1    19    10    21    19     0     1  -227.0   47.735 -137.733   1009.9    897.0
     1     1    19    10    21    18     0     0  -228.0   47.774 -138.783   1072.7    889.7
     1     1    19    10    21    17     0     1  -229.0   47.809 -139.829   1161.1    880.1
     1     1    19    10    21    16     0     2  -230.0   47.826 -140.858   1249.1    867.4
     1     1    19    10    21    15     0     3  -231.0   47.825 -141.875   1300.8    863.2
     1     1    19    10    21    14     0     2  -232.0   47.819 -142.900   1366.5    854.6
     1     1    19    10    21    13     0     1  -233.0   47.852 -143.910   1447.6    847.1
     1     1    19    10    21    12     0     0  -234.0   47.912 -144.876   1569.7    832.2
     1     1    19    10    21    11     0     1  -235.0   47.997 -145.852   1664.4    821.0
     1     1    19    10    21    10     0     2  -236.0   48.122 -146.873   1728.1    813.9
     1     1    19    10    21     9     0     3  -237.0   48.277 -147.892   1791.3    807.1
     1     1    19    10    21     8     0     2  -238.0   48.431 -148.847   1980.1    789.7
     1     1    19    10    21     7     0     1  -239.0   48.556 -149.769   2278.8    756.7
     1     1    19    10    21     6     0     0  -240.0   48.632 -150.623   2478.3    735.9
