     7     1
    GDAS    19     6     1     0     0
    GDAS    19     7     1     0     0
    GDAS    19     8     1     0     0
    GDAS    19     9     1     0     0
    GDAS    19    10     1     0     0
    GDAS    19    11     1     0     0
    GDAS    19    12     1     0     0
     1 BACKWARD OMEGA   
    19     7    18     6   21.319 -157.670    10.0
     1 PRESSURE
     1     1    19     7    18     6     0     0     0.0   21.319 -157.670     10.0   1013.1
     1     1    19     7    18     5     0     1    -1.0   21.394 -157.411     50.2   1009.2
     1     1    19     7    18     4     0     2    -2.0   21.458 -157.077    208.3    991.0
     1     1    19     7    18     3     0     3    -3.0   21.489 -156.671    406.7    963.5
     1     1    19     7    18     2     0     2    -4.0   21.478 -156.225    516.4    948.6
     1     1    19     7    18     1     0     1    -5.0   21.441 -155.761    535.6    952.4
     1     1    19     7    18     0     0     0    -6.0   21.405 -155.292    539.2    956.0
     1     1    19     7    17    23     0     1    -7.0   21.380 -154.837    558.0    954.0
     1     1    19     7    17    22     0     2    -8.0   21.362 -154.407    582.3    951.0
     1     1    19     7    17    21     0     3    -9.0   21.349 -153.995    607.2    949.0
     1     1    19     7    17    20     0     2   -10.0   21.345 -153.590    634.8    946.1
     1     1    19     7    17    19     0     1   -11.0   21.352 -153.188    659.7    942.6
     1     1    19     7    17    18     0     0   -12.0   21.366 -152.794    675.1    940.7
     1     1    19     7    17    17     0     1   -13.0   21.384 -152.402    681.8    939.9
     1     1    19     7    17    16     0     2   -14.0   21.404 -152.007    678.7    939.6
     1     1    19     7    17    15     0     3   -15.0   21.424 -151.609    669.1    941.1
     1     1    19     7    17    14     0     2   -16.0   21.450 -151.208    668.6    942.1
     1     1    19     7    17    13     0     1   -17.0   21.484 -150.806    681.7    940.0
     1     1    19     7    17    12     0     0   -18.0   21.524 -150.404    695.6    937.5
     1     1    19     7    17    11     0     1   -19.0   21.574 -149.999    709.9    937.2
     1     1    19     7    17    10     0     2   -20.0   21.634 -149.586    732.0    935.2
     1     1    19     7    17     9     0     3   -21.0   21.702 -149.162    754.1    932.4
     1     1    19     7    17     8     0     2   -22.0   21.783 -148.731    768.1    930.6
     1     1    19     7    17     7     0     1   -23.0   21.880 -148.306    774.3    930.0
     1     1    19     7    17     6     0     0   -24.0   21.994 -147.893    768.9    930.1
     1     1    19     7    17     5     0     1   -25.0   22.112 -147.494    775.8    932.3
     1     1    19     7    17     4     0     2   -26.0   22.226 -147.115    811.7    926.7
     1     1    19     7    17     3     0     3   -27.0   22.336 -146.752    844.0    921.2
     1     1    19     7    17     2     0     2   -28.0   22.444 -146.396    857.2    920.3
     1     1    19     7    17     1     0     1   -29.0   22.549 -146.040    854.5    920.6
     1     1    19     7    17     0     0     0   -30.0   22.655 -145.689    835.4    922.6
     1     1    19     7    16    23     0     1   -31.0   22.759 -145.337    807.9    926.8
     1     1    19     7    16    22     0     2   -32.0   22.862 -144.977    778.7    930.2
     1     1    19     7    16    21     0     3   -33.0   22.962 -144.606    757.2    934.1
     1     1    19     7    16    20     0     2   -34.0   23.061 -144.229    749.3    934.6
     1     1    19     7    16    19     0     1   -35.0   23.163 -143.855    747.0    934.5
     1     1    19     7    16    18     0     0   -36.0   23.264 -143.490    750.3    934.8
     1     1    19     7    16    17     0     1   -37.0   23.364 -143.139    757.3    932.8
     1     1    19     7    16    16     0     2   -38.0   23.464 -142.802    747.2    932.0
     1     1    19     7    16    15     0     3   -39.0   23.568 -142.471    710.1    936.0
     1     1    19     7    16    14     0     2   -40.0   23.674 -142.146    668.0    943.0
     1     1    19     7    16    13     0     1   -41.0   23.778 -141.824    639.5    946.4
     1     1    19     7    16    12     0     0   -42.0   23.881 -141.502    624.5    948.0
     1     1    19     7    16    11     0     1   -43.0   23.991 -141.171    618.5    948.4
     1     1    19     7    16    10     0     2   -44.0   24.113 -140.830    614.3    948.8
     1     1    19     7    16     9     0     3   -45.0   24.243 -140.483    615.7    949.7
     1     1    19     7    16     8     0     2   -46.0   24.382 -140.139    625.7    948.5
     1     1    19     7    16     7     0     1   -47.0   24.531 -139.803    632.6    946.9
     1     1    19     7    16     6     0     0   -48.0   24.690 -139.474    628.9    947.6
     1     1    19     7    16     5     0     1   -49.0   24.855 -139.155    629.6    948.7
     1     1    19     7    16     4     0     2   -50.0   25.023 -138.850    645.0    946.5
     1     1    19     7    16     3     0     3   -51.0   25.191 -138.559    662.4    943.3
     1     1    19     7    16     2     0     2   -52.0   25.354 -138.284    673.9    942.0
     1     1    19     7    16     1     0     1   -53.0   25.512 -138.024    683.3    941.2
     1     1    19     7    16     0     0     0   -54.0   25.670 -137.779    695.4    939.9
     1     1    19     7    15    23     0     1   -55.0   25.824 -137.538    710.5    938.6
     1     1    19     7    15    22     0     2   -56.0   25.971 -137.290    723.4    937.2
     1     1    19     7    15    21     0     3   -57.0   26.107 -137.038    729.3    936.9
     1     1    19     7    15    20     0     2   -58.0   26.238 -136.782    734.1    937.2
     1     1    19     7    15    19     0     1   -59.0   26.371 -136.523    746.0    935.9
     1     1    19     7    15    18     0     0   -60.0   26.508 -136.268    763.4    933.9
     1     1    19     7    15    17     0     1   -61.0   26.646 -136.018    778.5    931.3
     1     1    19     7    15    16     0     2   -62.0   26.786 -135.772    788.2    930.3
     1     1    19     7    15    15     0     3   -63.0   26.928 -135.528    796.8    929.3
     1     1    19     7    15    14     0     2   -64.0   27.065 -135.290    801.9    928.0
     1     1    19     7    15    13     0     1   -65.0   27.192 -135.061    801.2    928.0
     1     1    19     7    15    12     0     0   -66.0   27.307 -134.842    795.2    928.0
     1     1    19     7    15    11     0     1   -67.0   27.410 -134.618    785.3    929.9
     1     1    19     7    15    10     0     2   -68.0   27.503 -134.372    775.6    931.6
     1     1    19     7    15     9     0     3   -69.0   27.584 -134.103    770.7    932.9
     1     1    19     7    15     8     0     2   -70.0   27.664 -133.824    772.4    932.6
     1     1    19     7    15     7     0     1   -71.0   27.755 -133.550    780.2    931.9
     1     1    19     7    15     6     0     0   -72.0   27.855 -133.273    796.1    930.2
     1     1    19     7    15     5     0     1   -73.0   27.958 -132.986    817.7    927.2
     1     1    19     7    15     4     0     2   -74.0   28.062 -132.689    828.5    924.5
     1     1    19     7    15     3     0     3   -75.0   28.176 -132.388    826.4    925.6
     1     1    19     7    15     2     0     2   -76.0   28.295 -132.096    825.6    925.8
     1     1    19     7    15     1     0     1   -77.0   28.416 -131.822    830.4    925.3
     1     1    19     7    15     0     0     0   -78.0   28.542 -131.567    846.9    924.0
     1     1    19     7    14    23     0     1   -79.0   28.662 -131.320    878.2    921.0
     1     1    19     7    14    22     0     2   -80.0   28.768 -131.074    913.9    916.5
     1     1    19     7    14    21     0     3   -81.0   28.859 -130.830    931.7    913.4
     1     1    19     7    14    20     0     2   -82.0   28.945 -130.589    933.3    914.9
     1     1    19     7    14    19     0     1   -83.0   29.030 -130.353    942.6    914.8
     1     1    19     7    14    18     0     0   -84.0   29.109 -130.122    972.8    911.9
     1     1    19     7    14    17     0     1   -85.0   29.181 -129.885   1001.4    905.8
     1     1    19     7    14    16     0     2   -86.0   29.255 -129.630   1003.1    905.3
     1     1    19     7    14    15     0     3   -87.0   29.335 -129.357    984.3    907.8
     1     1    19     7    14    14     0     2   -88.0   29.427 -129.078    962.1    910.8
     1     1    19     7    14    13     0     1   -89.0   29.534 -128.810    947.9    912.0
     1     1    19     7    14    12     0     0   -90.0   29.657 -128.558    946.4    912.1
     1     1    19     7    14    11     0     1   -91.0   29.790 -128.312    949.4    910.6
     1     1    19     7    14    10     0     2   -92.0   29.932 -128.066    938.6    911.1
     1     1    19     7    14     9     0     3   -93.0   30.088 -127.822    907.0    914.6
     1     1    19     7    14     8     0     2   -94.0   30.261 -127.579    873.7    920.4
     1     1    19     7    14     7     0     1   -95.0   30.456 -127.339    854.1    922.3
     1     1    19     7    14     6     0     0   -96.0   30.679 -127.106    845.9    923.4
     1     1    19     7    14     5     0     1   -97.0   30.928 -126.885    843.1    922.5
     1     1    19     7    14     4     0     2   -98.0   31.199 -126.690    841.6    922.4
     1     1    19     7    14     3     0     3   -99.0   31.488 -126.519    840.4    921.8
     1     1    19     7    14     2     0     2  -100.0   31.790 -126.367    842.5    922.2
     1     1    19     7    14     1     0     1  -101.0   32.097 -126.239    858.0    921.0
     1     1    19     7    14     0     0     0  -102.0   32.410 -126.135    885.3    917.6
     1     1    19     7    13    23     0     1  -103.0   32.733 -126.044    902.9    914.0
     1     1    19     7    13    22     0     2  -104.0   33.078 -125.959    905.8    914.8
     1     1    19     7    13    21     0     3  -105.0   33.444 -125.885    906.1    914.9
     1     1    19     7    13    20     0     2  -106.0   33.825 -125.829    913.3    915.0
     1     1    19     7    13    19     0     1  -107.0   34.208 -125.800    941.2    912.5
     1     1    19     7    13    18     0     0  -108.0   34.587 -125.804    985.6    906.7
     1     1    19     7    13    17     0     1  -109.0   34.961 -125.840   1028.2    900.9
     1     1    19     7    13    16     0     2  -110.0   35.327 -125.902   1061.3    897.2
     1     1    19     7    13    15     0     3  -111.0   35.681 -125.986   1081.5    894.4
     1     1    19     7    13    14     0     2  -112.0   36.035 -126.089   1099.4    893.9
     1     1    19     7    13    13     0     1  -113.0   36.386 -126.213   1131.3    890.7
     1     1    19     7    13    12     0     0  -114.0   36.731 -126.356   1178.9    885.5
     1     1    19     7    13    11     0     1  -115.0   37.052 -126.511   1234.6    879.1
     1     1    19     7    13    10     0     2  -116.0   37.338 -126.669   1293.9    873.4
     1     1    19     7    13     9     0     3  -117.0   37.591 -126.828   1359.8    867.0
     1     1    19     7    13     8     0     2  -118.0   37.820 -126.992   1437.1    859.9
     1     1    19     7    13     7     0     1  -119.0   38.028 -127.159   1527.5    850.8
     1     1    19     7    13     6     0     0  -120.0   38.220 -127.329   1618.4    840.8
     1     1    19     7    13     5     0     1  -121.0   38.400 -127.511   1694.1    832.6
     1     1    19     7    13     4     0     2  -122.0   38.564 -127.717   1753.4    827.3
     1     1    19     7    13     3     0     3  -123.0   38.708 -127.941   1811.2    822.4
     1     1    19     7    13     2     0     2  -124.0   38.828 -128.190   1863.4    816.1
     1     1    19     7    13     1     0     1  -125.0   38.923 -128.459   1894.1    813.0
     1     1    19     7    13     0     0     0  -126.0   38.995 -128.734   1898.5    812.3
     1     1    19     7    12    23     0     1  -127.0   39.048 -128.994   1882.5    814.9
     1     1    19     7    12    22     0     2  -128.0   39.079 -129.232   1867.0    817.9
     1     1    19     7    12    21     0     3  -129.0   39.083 -129.460   1865.8    818.2
     1     1    19     7    12    20     0     2  -130.0   39.074 -129.686   1882.3    816.9
     1     1    19     7    12    19     0     1  -131.0   39.065 -129.911   1906.8    813.3
     1     1    19     7    12    18     0     0  -132.0   39.059 -130.124   1912.5    811.4
     1     1    19     7    12    17     0     1  -133.0   39.053 -130.327   1905.1    814.0
     1     1    19     7    12    16     0     2  -134.0   39.047 -130.529   1904.4    814.0
     1     1    19     7    12    15     0     3  -135.0   39.048 -130.729   1911.0    813.2
     1     1    19     7    12    14     0     2  -136.0   39.058 -130.926   1924.4    811.5
     1     1    19     7    12    13     0     1  -137.0   39.069 -131.126   1950.1    809.3
     1     1    19     7    12    12     0     0  -138.0   39.072 -131.333   1984.0    804.7
     1     1    19     7    12    11     0     1  -139.0   39.059 -131.548   2012.2    801.9
     1     1    19     7    12    10     0     2  -140.0   39.035 -131.765   2037.3    800.4
     1     1    19     7    12     9     0     3  -141.0   39.008 -131.970   2074.9    797.8
     1     1    19     7    12     8     0     2  -142.0   38.985 -132.179   2118.6    792.2
     1     1    19     7    12     7     0     1  -143.0   38.962 -132.412   2146.3    789.4
     1     1    19     7    12     6     0     0  -144.0   38.944 -132.662   2147.1    788.9
     1     1    19     7    12     5     0     1  -145.0   38.927 -132.925   2132.1    791.8
     1     1    19     7    12     4     0     2  -146.0   38.908 -133.207   2133.9    792.4
     1     1    19     7    12     3     0     3  -147.0   38.889 -133.507   2170.8    789.2
     1     1    19     7    12     2     0     2  -148.0   38.863 -133.812   2237.7    781.9
     1     1    19     7    12     1     0     1  -149.0   38.817 -134.118   2312.6    774.2
     1     1    19     7    12     0     0     0  -150.0   38.751 -134.426   2384.3    767.2
     1     1    19     7    11    23     0     1  -151.0   38.672 -134.716   2461.1    761.0
     1     1    19     7    11    22     0     2  -152.0   38.585 -134.974   2540.7    752.4
     1     1    19     7    11    21     0     3  -153.0   38.483 -135.206   2602.0    746.0
     1     1    19     7    11    20     0     2  -154.0   38.382 -135.439   2636.2    743.0
     1     1    19     7    11    19     0     1  -155.0   38.299 -135.688   2652.5    742.4
     1     1    19     7    11    18     0     0  -156.0   38.231 -135.942   2663.4    741.9
     1     1    19     7    11    17     0     1  -157.0   38.172 -136.214   2661.5    740.7
     1     1    19     7    11    16     0     2  -158.0   38.123 -136.512   2640.2    742.8
     1     1    19     7    11    15     0     3  -159.0   38.082 -136.815   2610.1    745.6
     1     1    19     7    11    14     0     2  -160.0   38.041 -137.132   2590.5    748.4
     1     1    19     7    11    13     0     1  -161.0   37.988 -137.485   2588.5    747.8
     1     1    19     7    11    12     0     0  -162.0   37.919 -137.873   2594.2    746.7
     1     1    19     7    11    11     0     1  -163.0   37.839 -138.271   2596.3    746.1
     1     1    19     7    11    10     0     2  -164.0   37.760 -138.657   2591.8    747.2
     1     1    19     7    11     9     0     3  -165.0   37.681 -139.025   2591.1    748.1
     1     1    19     7    11     8     0     2  -166.0   37.604 -139.392   2583.2    747.2
     1     1    19     7    11     7     0     1  -167.0   37.537 -139.772   2564.5    750.1
     1     1    19     7    11     6     0     0  -168.0   37.480 -140.152   2553.5    751.5
     1     1    19     7    11     5     0     1  -169.0   37.434 -140.522   2547.2    751.0
     1     1    19     7    11     4     0     2  -170.0   37.407 -140.879   2528.9    751.6
     1     1    19     7    11     3     0     3  -171.0   37.398 -141.223   2495.7    754.8
     1     1    19     7    11     2     0     2  -172.0   37.403 -141.564   2471.5    758.8
     1     1    19     7    11     1     0     1  -173.0   37.420 -141.917   2470.3    758.4
     1     1    19     7    11     0     0     0  -174.0   37.449 -142.288   2481.4    756.7
     1     1    19     7    10    23     0     1  -175.0   37.495 -142.668   2490.3    755.1
     1     1    19     7    10    22     0     2  -176.0   37.558 -143.043   2494.1    755.3
     1     1    19     7    10    21     0     3  -177.0   37.635 -143.413   2494.0    754.9
     1     1    19     7    10    20     0     2  -178.0   37.721 -143.784   2489.3    755.4
     1     1    19     7    10    19     0     1  -179.0   37.816 -144.165   2478.8    755.8
     1     1    19     7    10    18     0     0  -180.0   37.921 -144.557   2456.8    757.5
     1     1    19     7    10    17     0     1  -181.0   38.031 -144.957   2421.0    760.5
     1     1    19     7    10    16     0     2  -182.0   38.148 -145.366   2387.2    765.0
     1     1    19     7    10    15     0     3  -183.0   38.275 -145.787   2373.9    766.2
     1     1    19     7    10    14     0     2  -184.0   38.405 -146.216   2366.6    765.4
     1     1    19     7    10    13     0     1  -185.0   38.539 -146.648   2351.6    766.7
     1     1    19     7    10    12     0     0  -186.0   38.674 -147.075   2326.7    768.6
     1     1    19     7    10    11     0     1  -187.0   38.804 -147.489   2309.9    772.3
     1     1    19     7    10    10     0     2  -188.0   38.924 -147.907   2340.6    771.5
     1     1    19     7    10     9     0     3  -189.0   39.036 -148.336   2412.8    762.5
     1     1    19     7    10     8     0     2  -190.0   39.158 -148.764   2470.6    754.2
     1     1    19     7    10     7     0     1  -191.0   39.296 -149.182   2503.6    753.2
     1     1    19     7    10     6     0     0  -192.0   39.453 -149.599   2533.6    750.5
     1     1    19     7    10     5     0     1  -193.0   39.630 -150.036   2546.7    748.1
     1     1    19     7    10     4     0     2  -194.0   39.806 -150.493   2546.5    749.7
     1     1    19     7    10     3     0     3  -195.0   39.961 -150.945   2563.7    749.3
     1     1    19     7    10     2     0     2  -196.0   40.103 -151.392   2588.8    745.1
     1     1    19     7    10     1     0     1  -197.0   40.236 -151.849   2591.1    744.0
     1     1    19     7    10     0     0     0  -198.0   40.359 -152.324   2576.1    746.7
     1     1    19     7     9    23     0     1  -199.0   40.478 -152.823   2579.1    748.2
     1     1    19     7     9    22     0     2  -200.0   40.585 -153.337   2596.0    744.8
     1     1    19     7     9    21     0     3  -201.0   40.663 -153.851   2608.9    744.4
     1     1    19     7     9    20     0     2  -202.0   40.724 -154.372   2611.7    743.0
     1     1    19     7     9    19     0     1  -203.0   40.787 -154.883   2583.2    745.1
     1     1    19     7     9    18     0     0  -204.0   40.850 -155.367   2533.3    751.0
     1     1    19     7     9    17     0     1  -205.0   40.903 -155.846   2468.1    756.0
     1     1    19     7     9    16     0     2  -206.0   40.946 -156.330   2371.3    764.2
     1     1    19     7     9    15     0     3  -207.0   40.991 -156.804   2251.5    776.7
     1     1    19     7     9    14     0     2  -208.0   41.032 -157.285   2163.4    789.0
     1     1    19     7     9    13     0     1  -209.0   41.055 -157.793   2144.6    790.6
     1     1    19     7     9    12     0     0  -210.0   41.069 -158.311   2181.4    786.5
     1     1    19     7     9    11     0     1  -211.0   41.072 -158.837   2247.6    779.0
     1     1    19     7     9    10     0     2  -212.0   41.067 -159.372   2296.8    771.5
     1     1    19     7     9     9     0     3  -213.0   41.066 -159.898   2305.4    771.7
     1     1    19     7     9     8     0     2  -214.0   41.055 -160.430   2305.8    773.9
     1     1    19     7     9     7     0     1  -215.0   41.026 -160.978   2314.3    772.5
     1     1    19     7     9     6     0     0  -216.0   40.989 -161.533   2310.7    771.9
     1     1    19     7     9     5     0     1  -217.0   40.922 -162.099   2294.5    774.5
     1     1    19     7     9     4     0     2  -218.0   40.821 -162.680   2293.9    775.9
     1     1    19     7     9     3     0     3  -219.0   40.707 -163.265   2312.4    773.0
     1     1    19     7     9     2     0     2  -220.0   40.582 -163.842   2321.7    770.9
     1     1    19     7     9     1     0     1  -221.0   40.449 -164.417   2320.6    772.5
     1     1    19     7     9     0     0     0  -222.0   40.329 -164.997   2351.4    772.5
     1     1    19     7     8    23     0     1  -223.0   40.206 -165.587   2391.5    763.8
     1     1    19     7     8    22     0     2  -224.0   40.073 -166.161   2408.5    764.1
     1     1    19     7     8    21     0     3  -225.0   39.952 -166.713   2451.9    762.8
     1     1    19     7     8    20     0     2  -226.0   39.827 -167.271   2503.3    753.3
     1     1    19     7     8    19     0     1  -227.0   39.681 -167.841   2522.4    753.0
     1     1    19     7     8    18     0     0  -228.0   39.533 -168.422   2540.9    752.6
     1     1    19     7     8    17     0     1  -229.0   39.390 -169.006   2565.9    749.5
     1     1    19     7     8    16     0     2  -230.0   39.242 -169.579   2573.2    747.3
     1     1    19     7     8    15     0     3  -231.0   39.087 -170.144   2564.7    749.5
     1     1    19     7     8    14     0     2  -232.0   38.930 -170.710   2583.2    750.3
     1     1    19     7     8    13     0     1  -233.0   38.777 -171.289   2637.7    743.9
     1     1    19     7     8    12     0     0  -234.0   38.622 -171.882   2680.6    737.9
     1     1    19     7     8    11     0     1  -235.0   38.470 -172.476   2705.1    737.6
     1     1    19     7     8    10     0     2  -236.0   38.330 -173.069   2724.9    735.2
     1     1    19     7     8     9     0     3  -237.0   38.202 -173.675   2739.4    734.6
     1     1    19     7     8     8     0     2  -238.0   38.076 -174.301   2753.7    733.0
     1     1    19     7     8     7     0     1  -239.0   37.946 -174.949   2749.5    731.7
     1     1    19     7     8     6     0     0  -240.0   37.811 -175.617   2716.9    735.0
